logs/db-2025-05-26.ecsv
# %ECSV 1.0
# ---
# datatype:
# - {name: filename, datatype: string}
# - {name: extension, datatype: string}
# - {name: expnum, datatype: int64}
# - {name: exptime, datatype: float32}
# - {name: mjd_obs, datatype: float64}
# - {name: airmass, datatype: float32}
# - {name: racenter, datatype: float64}
# - {name: deccenter, datatype: float64}
# - {name: rabore, datatype: float64}
# - {name: decbore, datatype: float64}
# - {name: band, datatype: string}
# - {name: ebv, datatype: float32}
# - {name: zeropoint, datatype: float32}
# - {name: transparency, datatype: float32}
# - {name: seeing, datatype: float32}
# - {name: sky, datatype: float32}
# - {name: expfactor, datatype: float32}
# - {name: camera, datatype: string}
# - {name: dx, datatype: float32}
# - {name: dy, datatype: float32}
# - {name: nmatched, datatype: int64}
# - {name: obstype, datatype: string}
# - {name: object, datatype: string}
# - {name: tileid, datatype: int64}
# - {name: tileebv, datatype: float32}
# - {name: affine_x0, datatype: float32}
# - {name: affine_y0, datatype: float32}
# - {name: affine_dx, datatype: float32}
# - {name: affine_dxx, datatype: float32}
# - {name: affine_dxy, datatype: float32}
# - {name: affine_dy, datatype: float32}
# - {name: affine_dyx, datatype: float32}
# - {name: affine_dyy, datatype: float32}
# - {name: checksum, datatype: string}
# - {name: efftime, datatype: float32}
# schema: astropy-2.0
filename extension expnum exptime mjd_obs airmass racenter deccenter rabore decbore band ebv zeropoint transparency seeing sky expfactor camera dx dy nmatched obstype object tileid tileebv affine_x0 affine_y0 affine_dx affine_dxx affine_dxy affine_dy affine_dyx affine_dyy checksum efftime
rawdata/DECam_01390701.fits.fz N4 1390701 0.0 60822.1128691 0.0 0.0 0.0 198.02041666666668 -4.484221944444444 r 0.0 0.0 0.0 0.0 0.0 0.0 decam 0.0 0.0 -1 zero "" 0 0.0 0.0 0.0 0.0 0.0 0.0 0.0 0.0 0.0 "" 0.0
rawdata/DECam_01390700.fits.fz N4 1390700 0.0 60822.11259015 0.0 0.0 0.0 198.02050416666668 -4.48425 r 0.0 0.0 0.0 0.0 0.0 0.0 decam 0.0 0.0 -1 zero "" 0 0.0 0.0 0.0 0.0 0.0 0.0 0.0 0.0 0.0 "" 0.0
rawdata/DECam_01390703.fits.fz N4 1390703 60.0 60822.11634987 1.16 198.01274277359394 -4.559103817646996 198.02027916666668 -4.484 r 0.03194717 26.151276 0.5491748 2.4986317 20.333815 26.31763 decam 29.649824 30.6634 133 object "" 0 0.0 924.0 1948.0 -0.49578306 1.0009022 0.0006771202 0.24862547 -0.00052704127 1.0001327 18802311227 2.2798405
rawdata/DECam_01390709.fits.fz N4 1390709 5.0 60822.13359655 1.21 198.01274277359394 -4.559103817646996 198.02027916666668 -4.484 r 0.03194717 25.796713 0.39800224 2.5894613 20.289198 56.59079 decam 39.165726 27.363749 48 object pointing 0 0.0 924.0 1948.0 -0.7847696 1.000789 0.0005736588 -0.16213392 8.793327e-05 1.0002061 15667808646 0.0883536
rawdata/DECam_01390713.fits.fz N4 1390713 60.0 60822.13864495 1.22 198.01274277359394 -4.559103817646996 198.02027916666668 -4.484 r 0.03194717 25.981926 0.4724656 1.9424366 20.342909 21.552273 decam 10.280343 31.325056 141 object "" 0 0.0 924.0 1948.0 -0.031156454 1.0001333 0.0005157407 0.19773841 -0.00019605114 0.99987257 18769282082 2.783929
rawdata/DECam_01390704.fits.fz N4 1390704 60.0 60822.11738848 1.16 198.01274277359394 -4.559103817646996 198.02027916666668 -4.484 r 0.03194717 26.117197 0.5322052 2.2526884 20.34256 22.596941 decam 16.060629 31.430943 137 object "" 0 0.0 924.0 1948.0 -0.049613107 1.0003107 0.00041035857 0.14509921 -0.00032807107 0.99996996 18774111172 2.6552267
rawdata/DECam_01390710.fits.fz N4 1390710 30.0 60822.13415509 1.21 198.01274277359394 -4.559103817646996 198.02027916666668 -4.484 r 0.03194717 25.874996 0.42775857 2.1750612 20.298828 34.265694 decam 40.20973 26.714432 103 object pointing 0 0.0 924.0 1948.0 -0.00358336 1.000166 0.0005522329 0.26745266 -0.00041336578 1.0000354 17132710638 0.8755112
rawdata/DECam_01390712.fits.fz N4 1390712 60.0 60822.13719941 1.22 198.01274277359394 -4.559103817646996 198.02027916666668 -4.484 r 0.03194717 25.441137 0.28711447 2.3095212 20.215635 92.74673 decam 17.589235 32.13934 95 object "" 0 0.0 924.0 1948.0 -0.3781429 1.0006835 0.000744337 -0.10082703 -6.0338713e-05 1.000106 19174445066 0.6469231
rawdata/DECam_01390706.fits.fz N4 1390706 0.0 60822.13194906 0.0 0.0 0.0 198.02045833333332 -4.484221944444444 solid 0.0 0.0 0.0 0.0 0.0 0.0 decam 0.0 0.0 -1 zero "" 0 0.0 0.0 0.0 0.0 0.0 0.0 0.0 0.0 0.0 "" 0.0
rawdata/DECam_01390711.fits.fz N4 1390711 60.0 60822.13499384 1.21 198.01274277359394 -4.559103817646996 198.02027916666668 -4.484 r 0.03194717 25.872614 0.4268207 3.1699562 20.35914 69.13251 decam 27.090296 39.40213 100 object "" 0 0.0 924.0 1948.0 -0.3554002 1.0006387 0.0006733001 0.089178555 -0.00013223177 1.0000525 18716700528 0.8678985
rawdata/DECam_01390702.fits.fz N4 1390702 60.0 60822.11501413 1.16 198.01274277359394 -4.559103817646996 198.02027916666668 -4.484 r 0.03194717 26.066517 0.5079335 2.7453895 20.302853 38.213085 decam 34.480446 32.495487 109 object "" 0 0.0 924.0 1948.0 -0.28048345 1.0006973 0.00068419916 -0.002801654 -5.710078e-05 0.99999315 18920966082 1.5701427
rawdata/DECam_01390717.fits.fz N4 1390717 500.0 60822.14844482 1.16 209.4767371183931 -4.296103819921318 209.48427083333334 -4.221 M464 0.038348567 24.429052 0.63546723 2.9427955 21.73601 25.475084 decam 28.333801 38.90115 117 object IBIS_wide_M464_331270 331270 0.034261 924.0 1948.0 -0.20347723 1.0002195 0.00086700957 0.26355785 -0.000713456 0.99997896 16795198227 19.62702
rawdata/DECam_01390719.fits.fz N4 1390719 500.0 60822.19676562 1.22 219.15573191847892 -5.157103812469373 219.163275 -5.082 M464 0.07561465 23.74289 0.34196377 1.9959052 21.4839 68.30798 decam 19.939531 30.583899 139 object IBIS_wide_M464_339940 339940 0.073448 924.0 1948.0 0.094040245 0.9999269 0.0011504737 0.5292153 -0.0014490454 1.000072 17303701651 7.3197885
rawdata/DECam_01390720.fits.fz N4 1390720 500.0 60822.20294314 1.22 221.28573876399406 -4.5441038177767545 221.293275 -4.469 M464 0.08115929 23.427345 0.2557186 2.0960944 21.442852 145.56369 decam 23.374126 17.500158 119 object IBIS_wide_M464_339942 339942 0.081149 924.0 1948.0 0.11865291 1.0002252 0.0010905532 0.25437447 -0.001283038 1.0001813 17230504866 3.4349225
rawdata/DECam_01390721.fits.fz N4 1390721 500.0 60822.20912534 1.23 222.7477426265263 -4.573103817525885 222.75527916666667 -4.498 M464 0.084769025 23.2818 0.22409688 2.0694041 21.425377 193.44604 decam 16.577639 32.220413 112 object IBIS_wide_M464_340426 340426 0.08663 924.0 1948.0 -0.4978642 1.0005376 0.0013880208 0.06970167 -0.0012021463 1.0001882 17245667163 2.5847
rawdata/DECam_01390722.fits.fz N4 1390722 500.0 60822.25228856 1.45 221.9657119388539 -6.348103802127189 221.97327083333332 -6.273 M464 0.065729246 24.845861 0.9901124 1.9797435 21.682285 6.8390956 decam 19.222044 11.598796 196 object IBIS_wide_M464_339923 339923 0.068287 924.0 1948.0 -0.16446078 1.0000396 0.0012427337 0.1805081 -0.0010820761 1.0002286 16869748524 73.109085
rawdata/DECam_01390723.fits.fz N4 1390723 500.0 60822.2589181 1.35 240.24774643727238 3.2158961154066956 240.25527083333336 3.291 M464 0.11637845 24.874567 0.99597085 1.8756334 21.797268 7.5225763 decam 18.651495 35.8813 290 object IBIS_wide_M464_340647 340647 0.1183 924.0 1948.0 -0.6333174 1.000052 0.0018150379 0.28767654 -0.0016337027 1.0000856 16757467233 66.46659
rawdata/DECam_01390724.fits.fz N4 1390724 500.0 60822.26510468 1.33 241.01476480885773 1.2578961322650977 241.02227916666666 1.333 M464 0.13897516 24.765434 0.8970357 1.8064735 21.78044 10.184398 decam 22.359318 42.791748 352 object IBIS_wide_M464_340317 340317 0.12153 924.0 1948.0 -0.11419503 1.0001473 0.0017715958 0.04628931 -0.0015986065 1.0000578 16824421831 49.094704
rawdata/DECam_01390725.fits.fz N4 1390725 500.0 60822.27127017 1.33 244.91276496992575 2.253896123695165 244.92028333333332 2.3289999999999997 M464 0.06525378 24.111923 0.49136612 1.8106792 21.68345 22.015406 decam 21.388607 46.11767 337 object IBIS_wide_M464_337339 337339 0.070493 924.0 1948.0 -0.35847023 1.0001483 0.0018379181 0.2706404 -0.001589523 0.99998856 16907204325 22.711369
