logs/db-2026-02-15.ecsv
# %ECSV 1.0
# ---
# datatype:
# - {name: filename, datatype: string}
# - {name: extension, datatype: string}
# - {name: expnum, datatype: int64}
# - {name: exptime, datatype: float32}
# - {name: mjd_obs, datatype: float64}
# - {name: airmass, datatype: float32}
# - {name: racenter, datatype: float64}
# - {name: deccenter, datatype: float64}
# - {name: rabore, datatype: float64}
# - {name: decbore, datatype: float64}
# - {name: band, datatype: string}
# - {name: ebv, datatype: float32}
# - {name: zeropoint, datatype: float32}
# - {name: transparency, datatype: float32}
# - {name: seeing, datatype: float32}
# - {name: sky, datatype: float32}
# - {name: expfactor, datatype: float32}
# - {name: camera, datatype: string}
# - {name: dx, datatype: float32}
# - {name: dy, datatype: float32}
# - {name: nmatched, datatype: int64}
# - {name: obstype, datatype: string}
# - {name: object, datatype: string}
# - {name: tileid, datatype: int64}
# - {name: tileebv, datatype: float32}
# - {name: affine_x0, datatype: float32}
# - {name: affine_y0, datatype: float32}
# - {name: affine_dx, datatype: float32}
# - {name: affine_dxx, datatype: float32}
# - {name: affine_dxy, datatype: float32}
# - {name: affine_dy, datatype: float32}
# - {name: affine_dyx, datatype: float32}
# - {name: affine_dyy, datatype: float32}
# - {name: checksum, datatype: string}
# - {name: efftime, datatype: float32}
# schema: astropy-2.0
filename extension expnum exptime mjd_obs airmass racenter deccenter rabore decbore band ebv zeropoint transparency seeing sky expfactor camera dx dy nmatched obstype object tileid tileebv affine_x0 affine_y0 affine_dx affine_dxx affine_dxy affine_dy affine_dyx affine_dyy checksum efftime
[from data line 81]
/home/declsp/obsbot/rawdata/DECam_01457165.fits.fz N4 1457165 150.0 61087.38684204 1.64 242.84462889182382 14.821407123865244 242.8524 14.896511111111112 M464 0.035022706 24.825178 1.0100884 1.1654181 20.470642 6.0416994 decam 4.662649 5.382598 204 object "Pal14 position 5" 0 0.0 924.0 1948.0 -0.24742794 1.0002812 0.0024074481 0.40764433 -0.002692275 1.0002407 16725124339 24.827452
/home/declsp/obsbot/rawdata/DECam_01457166.fits.fz N4 1457166 15.0 61087.39061836 1.13 189.70078795747543 -49.79143632983654 189.712425 -49.71633305555556 M464 0.12849489 24.899837 0.9743858 1.3652911 20.172504 18.539341 decam -43.35388 30.208382 789 object "LTT4861 N4" 0 0.0 924.0 1948.0 0.0014986088 1.0001345 0.0005710567 0.36584634 -0.0008590204 1.0000683 15543804806 0.80909026
/home/declsp/obsbot/rawdata/DECam_01457167.fits.fz N4 1457167 15.0 61087.39111323 1.13 189.21964629080875 -49.79143632983654 189.23128333333335 -49.71633305555556 M464 0.123391315 24.90696 0.9807977 1.0284598 20.070372 11.00977 decam -35.81532 19.113152 852 object "LTT4861 N5" 0 0.0 924.0 1948.0 -0.27358434 1.0001177 0.0005542395 -0.07264103 -0.0011229753 1.0002148 15562498814 1.3624263
/home/declsp/obsbot/rawdata/DECam_01457168.fits.fz N4 1457168 15.0 61087.39159654 1.13 190.1818893914288 -49.95810327083149 190.19356666666667 -49.883 M464 0.13002166 24.901997 0.976325 1.0151398 19.962904 12.532001 decam -42.74773 7.604158 855 object "LTT4861 S3" 0 0.0 924.0 1948.0 -0.06631442 1.000185 0.0007082485 0.04100258 -0.0008635912 1.0000657 15582582192 1.1969358
/home/declsp/obsbot/rawdata/DECam_01457169.fits.fz N4 1457169 15.0 61087.39208426 1.13 189.70074772476212 -49.95810327083149 189.712425 -49.883 M464 0.11683266 24.901848 0.9761915 0.94137484 19.846832 10.921306 decam -30.589758 3.5430818 915 object "LTT4861 S4" 0 0.0 924.0 1948.0 -0.19801044 1.0000733 0.00080592034 -0.14673463 -0.0007292579 1.0002142 15605339031 1.3734622
/home/declsp/obsbot/rawdata/DECam_01457170.fits.fz N4 1457170 15.0 61087.3925606 1.14 189.21960605809545 -49.95810327083149 189.23128333333335 -49.883 M464 0.12251485 24.900068 0.97659624 0.9984592 19.726568 14.336437 decam -40.399513 1.5098896 846 object "LTT4861 S5" 0 0.0 924.0 1948.0 -0.27102447 1.0000154 0.00069356983 0.15869527 -0.00068388035 1.0002459 15630005005 1.046285
/home/declsp/obsbot/rawdata/DECam_01457171.fits.fz N4 1457171 15.0 61087.39424599 1.04 234.74177384719718 -28.584297477454864 234.7503291666667 -28.509193888888888 M464 0.11373475 24.917612 0.97232884 0.9660711 19.310469 17.907019 decam -13.347934 -29.937096 517 object "LTT6248 N4" 0 0.0 924.0 1948.0 -0.25092524 1.0000849 0.0021019666 0.021492336 -0.0019310471 1.0001198 15762560821 0.8376604
/home/declsp/obsbot/rawdata/DECam_01457172.fits.fz N4 1457172 15.0 61087.39474089 1.04 234.38807384719718 -28.584297477454868 234.39662916666666 -28.509193888888888 M464 0.22622195 24.896152 0.9532985 0.9954594 19.192871 49.24387 decam -6.5082974 -47.078075 340 object "LTT6248 N5" 0 0.0 924.0 1948.0 -0.44951826 1.0002242 0.002079972 0.21412608 -0.0019484919 1.0002005 15796035301 0.30460644
/home/declsp/obsbot/rawdata/DECam_01457173.fits.fz N4 1457173 15.0 61087.39522819 1.04 235.09544772966674 -28.750964697816126 235.10401666666667 -28.67586111111111 M464 0.13145722 24.91749 0.97221816 0.94143975 19.067926 24.142256 decam 3.187247 -35.74744 493 object "LTT6248 S3" 0 0.0 924.0 1948.0 -0.12018021 0.99999726 0.0021506029 0.15525158 -0.0021293648 1.0001332 15851745581 0.62131727
/home/declsp/obsbot/rawdata/DECam_01457174.fits.fz N4 1457174 15.0 61087.39570408 1.04 234.74176022966677 -28.750964697816126 234.7503291666667 -28.67586111111111 M464 0.12067507 24.938023 0.9907803 0.9681616 18.954746 25.257998 decam 3.51449 -45.526867 430 object "LTT6248 S4" 0 0.0 924.0 1948.0 0.11341001 1.0000736 0.0022025243 0.0030245965 -0.001999857 1.0001734 15904974057 0.5938713
/home/declsp/obsbot/rawdata/DECam_01457175.fits.fz N4 1457175 15.0 61087.39618028 1.03 234.38806022966676 -28.750964697816126 234.39662916666666 -28.67586111111111 M464 0.33074725 24.892221 0.9479041 1.0554997 18.833242 163.88626 decam -2.097373 -53.682594 306 object "LTT6248 S5" 0 0.0 924.0 1948.0 -0.44418573 1.0000027 0.0022131437 0.5931679 -0.0022213184 0.99990505 15969826460 0.09152689
