logs/db-2025-09-23.ecsv
# %ECSV 1.0
# ---
# datatype:
# - {name: filename, datatype: string}
# - {name: extension, datatype: string}
# - {name: expnum, datatype: int64}
# - {name: exptime, datatype: float32}
# - {name: mjd_obs, datatype: float64}
# - {name: airmass, datatype: float32}
# - {name: racenter, datatype: float64}
# - {name: deccenter, datatype: float64}
# - {name: rabore, datatype: float64}
# - {name: decbore, datatype: float64}
# - {name: band, datatype: string}
# - {name: ebv, datatype: float32}
# - {name: zeropoint, datatype: float32}
# - {name: transparency, datatype: float32}
# - {name: seeing, datatype: float32}
# - {name: sky, datatype: float32}
# - {name: expfactor, datatype: float32}
# - {name: camera, datatype: string}
# - {name: dx, datatype: float32}
# - {name: dy, datatype: float32}
# - {name: nmatched, datatype: int64}
# - {name: obstype, datatype: string}
# - {name: object, datatype: string}
# - {name: tileid, datatype: int64}
# - {name: tileebv, datatype: float32}
# - {name: affine_x0, datatype: float32}
# - {name: affine_y0, datatype: float32}
# - {name: affine_dx, datatype: float32}
# - {name: affine_dxx, datatype: float32}
# - {name: affine_dxy, datatype: float32}
# - {name: affine_dy, datatype: float32}
# - {name: affine_dyx, datatype: float32}
# - {name: affine_dyy, datatype: float32}
# - {name: checksum, datatype: string}
# - {name: efftime, datatype: float32}
# schema: astropy-2.0
filename extension expnum exptime mjd_obs airmass racenter deccenter rabore decbore band ebv zeropoint transparency seeing sky expfactor camera dx dy nmatched obstype object tileid tileebv affine_x0 affine_y0 affine_dx affine_dxx affine_dxy affine_dy affine_dyx affine_dyy checksum efftime
rawdata/DECam_01419683.fits.fz N4 1419683 5.0 60941.97574364 1.0 283.1648238922063 -30.809269674323897 283.1735708333333 -30.73416611111111 r 0.14255895 26.908794 1.087221 1.4270717 17.657587 38.917995 decam 23.583302 -67.91168 3130 object pointing 0 0.0 924.0 1948.0 -0.24552923 0.99986476 0.0018168348 0.40367612 -0.0018600366 0.99998903 18824590692 0.12847526
rawdata/DECam_01419684.fits.fz N4 1419684 30.0 60941.97709047 1.0 283.1648238922063 -30.809269674323897 283.1735708333333 -30.73416611111111 r 0.14255895 26.929256 1.1079043 1.4430046 18.152685 24.287066 decam -1.1360247 9.3582115 5132 object pointing 0 0.0 924.0 1948.0 -0.36830348 1.0000899 0.0018535638 -0.2929143 -0.0017824121 0.99995935 28695842479 1.2352254
rawdata/DECam_01419685.fits.fz N4 1419685 15.0 60941.98198038 1.03 279.0992446105669 -44.30093643183224 279.10974166666665 -44.225833055555555 M464 0.050970625 24.945238 0.99533963 1.33168 19.569868 16.239454 decam -13.750287 8.98719 1262 object "LTT7379 N4" 0 0.0 924.0 1948.0 -0.13826382 0.9998917 0.002871123 -0.17336115 -0.0030603409 0.99998105 15728402672 0.9236764
rawdata/DECam_01419686.fits.fz N4 1419686 15.0 60941.98246888 1.04 278.66524877723356 -44.30093643183225 278.67574583333334 -44.225833055555555 M464 0.07475387 24.939842 0.9924422 1.1726503 19.694506 13.445328 decam -16.357931 23.478321 1427 object "LTT7379 N5" 0 0.0 924.0 1948.0 -0.44188383 1.0001858 0.0029242896 0.13420889 -0.0025738587 0.9999664 15686851866 1.1156292
rawdata/DECam_01419687.fits.fz N4 1419687 15.0 60941.98295553 1.04 279.53320634919174 -44.467603373471604 279.54373333333336 -44.3925 M464 0.06628882 24.94476 0.9969462 1.2106919 19.825235 11.850924 decam -8.272765 34.71189 1247 object "LTT7379 S3" 0 0.0 924.0 1948.0 -0.114427656 0.9998637 0.0028593598 -0.061953884 -0.0028331813 0.9999882 15660702944 1.2657242
rawdata/DECam_01419688.fits.fz N4 1419688 15.0 60941.98344881 1.04 279.09921468252503 -44.467603373471604 279.10974166666665 -44.3925 M464 0.06489883 24.9174 0.9721389 1.7483218 19.904295 23.905014 decam -16.287264 46.144833 1023 object "LTT7379 S4" 0 0.0 924.0 1948.0 -0.39664164 0.9999531 0.0029893962 0.2899934 -0.0029974652 0.99997747 15652952423 0.6274834
rawdata/DECam_01419689.fits.fz N4 1419689 15.0 60941.98394069 1.04 278.6652188491917 -44.467603373471604 278.67574583333334 -44.3925 M464 0.057193663 24.937056 0.9898983 1.3825951 20.013287 12.3484335 decam -4.0827117 32.3442 1336 object "LTT7379 S5" 0 0.0 924.0 1948.0 0.042482063 1.0000151 0.0026663204 0.17135587 -0.0030262012 1.0000017 15629469729 1.214729
rawdata/DECam_01419690.fits.fz N4 1419690 150.0 60941.98859399 1.79 347.1044708676797 -15.60240371938456 347.11227083333335 -15.5273 M464 0.03634075 24.820774 1.0374742 1.7123245 20.688538 10.849106 decam -14.503952 78.49997 461 object "NGC7492 M464" 0 0.0 924.0 1948.0 0.5941185 0.9998218 2.9689634e-05 -0.27920452 -0.0003438613 1.0002278 16487723742 13.826024
rawdata/DECam_01419691.fits.fz N4 1419691 150.0 60941.9906665 1.75 347.08846032942307 -15.769003717839515 347.0962666666667 -15.6939 M464 0.03546531 24.81504 1.0235665 1.5326715 21.052582 6.2440176 decam -16.45791 79.69958 92 object "NGC7492 M464" 0 0.0 924.0 1948.0 0.072852306 1.0000209 0.0003152627 -0.009791043 -0.000495881 1.0003294 16188806590 24.022995
rawdata/DECam_01419692.fits.fz N4 1419692 150.0 60941.99275968 1.72 346.8214612481695 -15.745103718061324 346.8292666666667 -15.67 M464 0.03494858 24.82248 1.0242735 1.4730699 21.285706 4.573465 decam -1.8349459 67.79355 105 object "NGC7492 M464" 0 0.0 924.0 1948.0 -0.007305819 1.000206 0.00038123134 0.01981918 -0.00062095566 1.0002781 16031170415 32.79789
rawdata/DECam_01419693.fits.fz N4 1419693 150.0 60941.9948303 1.71 347.3084701943705 -15.620103719220527 347.31627083333336 -15.545 M464 0.034631554 24.839848 1.0386548 1.4752455 21.42774 3.8889637 decam 4.8354626 59.279377 130 object "NGC7492 M464" 0 0.0 924.0 1948.0 -0.19836359 0.9998276 0.00022343174 -0.10228756 -0.00067512016 1.0002912 15952795266 38.570686
rawdata/DECam_01419694.fits.fz N4 1419694 60.0 60941.99824234 1.08 308.71251483281503 -14.273103731625248 308.72026666666665 -14.198 M464 0.03193621 24.949417 1.0094912 1.2659569 21.690868 1.8023952 decam 15.691979 10.701576 477 object Test 0 0.0 924.0 1948.0 -0.06820543 1.0000795 0.0018256804 0.3020598 -0.0018820522 1.000004 15590658676 33.289036
rawdata/DECam_01419695.fits.fz N4 1419695 500.0 60942.00031588 1.13 312.30764288328385 -9.979103770261277 312.31527083333333 -9.904 M464 0.070603244 24.930294 1.0021054 1.2576605 21.708008 2.3911834 decam 5.9918094 24.074266 572 object IBIS_wide_M464_352051 352051 0.075792 924.0 1948.0 -0.052447427 1.0000376 0.0017181613 0.13865052 -0.0015988986 1.0000197 16983470085 209.10149
rawdata/DECam_01419696.fits.fz N4 1419696 500.0 60942.00646598 1.12 311.568665048078 -9.3691037756573 311.57627916666667 -9.294 M464 0.063131705 24.938677 1.0078006 1.246892 21.718098 2.17381 decam 13.448882 0.61496174 556 object IBIS_wide_M464_352053 352053 0.06557 924.0 1948.0 -0.24340083 1.0000007 0.0015909619 0.26352292 -0.001635525 0.99992543 17012973721 230.0109
rawdata/DECam_01419697.fits.fz N4 1419697 500.0 60942.01262523 1.1 314.46359736570236 -11.604103755784113 314.4712666666667 -11.529 M464 0.06351373 24.940533 1.0053864 1.2476141 21.773895 2.065885 decam 0.7276535 7.7771997 426 object IBIS_wide_M464_352021 352021 0.065606 924.0 1948.0 -0.027922757 1.0001076 0.0015716486 0.25926998 -0.0016592478 0.99994963 16892584362 242.02702
rawdata/DECam_01419698.fits.fz N4 1419698 500.0 60942.0190647 1.18 325.38564362738884 -10.124103768975687 325.393275 -10.049 M464 0.039998442 24.939133 1.0207251 1.2431281 21.776596 1.733925 decam -2.6267347 11.457402 255 object IBIS_wide_M464_354893 354893 0.041922 924.0 1948.0 -0.41486883 0.9998719 0.0012900707 0.15102734 -0.0011813673 1.0000391 17213498767 288.3631
rawdata/DECam_01419699.fits.fz N4 1419699 500.0 60942.02518053 1.16 324.6446682585363 -9.02610377868306 324.652275 -8.951 M464 0.0336498 24.929726 1.0077727 1.2159771 21.802279 1.5755298 decam -2.418836 16.49775 298 object IBIS_wide_M464_357903 357903 0.035375 924.0 1948.0 -0.08278095 1.0001159 0.0012893681 0.16878489 -0.00126568 0.9999913 17226343746 317.35358
rawdata/DECam_01419700.fits.fz N4 1419700 500.0 60942.03129569 1.15 326.1176560881942 -9.585103773748807 326.125275 -9.51 M464 0.043440893 24.936987 1.0124526 1.2023817 21.81096 1.6172912 decam -5.8051987 14.380741 247 object IBIS_wide_M464_354894 354894 0.040898 924.0 1948.0 -0.07859698 1.000094 0.0011366594 -0.017822359 -0.0013835684 1.0000019 16760950515 309.1589
rawdata/DECam_01419701.fits.fz N4 1419701 500.0 60942.03741186 1.14 327.3606591064394 -9.63610377329784 327.36827916666664 -9.561 M464 0.03996704 24.936357 1.0097897 1.2378405 21.836084 1.6355406 decam -2.2560148 23.356468 256 object IBIS_wide_M464_354891 354891 0.042431 924.0 1948.0 -0.23803297 1.0001122 0.00116639 0.09582135 -0.0014320315 0.99997944 16721515556 305.70932
rawdata/DECam_01419702.fits.fz N4 1419702 500.0 60942.04354519 1.13 328.19764583553 -10.206103768248148 328.2052791666667 -10.131 M464 0.034114942 24.9405 1.01157 1.2177014 21.827414 1.5185409 decam 11.471836 6.942447 212 object IBIS_wide_M464_354889 354889 0.037201 924.0 1948.0 0.16607977 1.0000374 0.0010965903 0.26808226 -0.0015462774 0.9999586 17119224882 329.26346
rawdata/DECam_01419704.fits.fz N4 1419704 500.0 60942.05265808 1.12 329.5336343630897 -10.336103767093965 329.54127083333333 -10.261 M464 0.037854284 24.935635 1.0049808 1.2909803 21.844177 1.7413934 decam -1.2612214 21.997 205 object IBIS_wide_M464_354868 354868 0.037722 924.0 1948.0 -0.36583632 1.0000378 0.0011404636 0.08037188 -0.0010871458 1.0000576 16799933137 287.12637
rawdata/DECam_01419705.fits.fz N4 1419705 500.0 60942.05980751 1.11 327.41168489701755 -8.413103784076448 327.4192791666666 -8.338 M464 0.038345292 24.951792 1.0179554 1.3428357 21.868666 1.7941408 decam 7.7485485 13.400065 236 object IBIS_wide_M464_354898 354898 0.04341 924.0 1948.0 -0.052928988 1.0004236 0.0011092662 0.24112679 -0.0010975847 0.999878 16738466309 278.68494
rawdata/DECam_01419706.fits.fz N4 1419706 500.0 60942.06594479 1.1 330.65362941605076 -10.704103763821514 330.661275 -10.629 M464 0.038890406 24.949715 1.013925 1.2786245 21.858137 1.6554831 decam -4.8507147 23.470633 201 object IBIS_wide_M464_357852 357852 0.040973 924.0 1948.0 -0.06107071 1.0000367 0.0011506849 0.061189093 -0.001122803 1.0000454 16781069836 302.02664
rawdata/DECam_01419707.fits.fz N4 1419707 500.0 60942.07208034 1.09 329.2776647189066 -9.384103775524842 329.28527916666667 -9.309 M464 0.041082177 24.946907 1.0092319 1.1989362 21.876696 1.4613289 decam -1.8133593 10.876855 233 object IBIS_wide_M464_357876 357876 0.038314 924.0 1948.0 -0.17404091 1.0001507 0.0010242512 0.2653307 -0.0012820362 1.000023 16680665351 342.15433
rawdata/DECam_01419709.fits.fz N4 1419709 481.477 60942.07879185 1.08 332.7746201996019 -11.063103760621434 332.782275 -10.988 M464 0.03966173 24.958424 1.0179015 1.1937094 21.836067 1.4574307 decam -9.991149 10.75665 190 object IBIS_wide_M464_357855 357855 0.039177 924.0 1948.0 -0.007056216 1.000213 0.0010210449 0.10497234 -0.0010467301 1.0000477 17137525102 330.3601
rawdata/DECam_01419710.fits.fz N4 1419710 500.0 60942.08467537 1.08 333.1416291303117 -10.87910376226255 333.14927916666664 -10.804 M464 0.03851028 24.966639 1.0256324 1.2658021 21.834053 1.6036059 decam -6.9391727 8.239018 188 object IBIS_wide_M464_354870 354870 0.041713 924.0 1948.0 0.030924601 0.99999046 0.00092587527 0.0294345 -0.001061313 1.0000513 16858166254 311.7973
rawdata/DECam_01419711.fits.fz N4 1419711 500.0 60942.09082152 1.07 334.3486051656703 -11.471103756975031 334.3562708333333 -11.396 M464 0.044537947 24.967257 1.0241098 1.2735299 21.83104 1.6974522 decam -8.006615 0.423682 185 object IBIS_wide_M464_357798 357798 0.045431 924.0 1948.0 -0.23793906 1.0001904 0.00089966896 0.15610845 -0.0009654619 0.9999999 16743602386 294.5591
rawdata/DECam_01419712.fits.fz N4 1419712 500.0 60942.09694103 1.07 333.6376214377234 -10.854103762485371 333.6452708333333 -10.779 M464 0.042136982 24.967667 1.0244969 1.2563589 21.828733 1.626172 decam -15.63867 6.3698435 186 object IBIS_wide_M464_357856 357856 0.046244 924.0 1948.0 0.0034291572 1.000139 0.00093329325 0.062480062 -0.0009123868 1.0000228 16734626603 307.47055
rawdata/DECam_01419713.fits.fz N4 1419713 500.0 60942.10309764 1.06 337.19757910804293 -12.24910374999223 337.20526666666666 -12.174 M464 0.05509981 24.960262 1.0154461 1.3067605 21.794968 2.018115 decam -9.702989 0.40753627 154 object IBIS_wide_M464_354806 354806 0.052389 924.0 1948.0 -0.3838971 1.0001284 0.0008441412 0.08431023 -0.00071028696 0.9999776 16944269327 247.75595
rawdata/DECam_01419714.fits.fz N4 1419714 500.0 60942.10920637 1.06 335.6676201810771 -11.222103759201637 335.67527916666666 -11.147 M464 0.04333024 24.968077 1.0227802 1.3008469 21.77708 1.8423977 decam -12.12298 6.9288793 172 object IBIS_wide_M464_357799 357799 0.042826 924.0 1948.0 0.032182924 1.0002253 0.0008013118 0.20130353 -0.00075650716 1.0000039 17052182552 271.3855
rawdata/DECam_01419715.fits.fz N4 1419715 500.0 60942.11533034 1.06 337.6555998989871 -11.81310375391037 337.663275 -11.738 M464 0.056238417 24.948812 1.004794 1.4789218 21.774132 2.712265 decam -8.910697 15.042794 147 object IBIS_wide_M464_357792 357792 0.052159 924.0 1948.0 -0.1751446 1.0002483 0.0007367284 -0.05626284 -0.0008115443 1.0000589 16752679088 184.34776
rawdata/DECam_01419716.fits.fz N4 1419716 500.0 60942.12143743 1.05 338.6855837072989 -12.090103751422566 338.69326666666666 -12.015 M464 0.060286887 24.961521 1.0145388 1.3751016 21.776505 2.3530958 decam -10.407391 19.967562 154 object IBIS_wide_M464_355091 355091 0.060247 924.0 1948.0 0.061788075 1.0000637 0.0005831584 0.013262482 -0.00043645524 0.9999102 16852848853 212.48604
rawdata/DECam_01419717.fits.fz N4 1419717 500.0 60942.12756063 1.06 338.422600761757 -11.632103755533247 338.43027083333334 -11.557 M464 0.05021469 24.954622 1.010185 1.39978 21.797308 2.254259 decam -12.555872 40.389713 164 object IBIS_wide_M464_355113 355113 0.057926 924.0 1948.0 -0.00026338495 1.0001001 0.0007140927 0.061191157 -0.0007260664 0.99998635 16806894059 221.80237
rawdata/DECam_01419718.fits.fz N4 1419718 500.0 60942.13370095 1.05 341.47258293085156 -12.117103751179805 341.4802666666667 -12.042 M464 0.05569715 24.963886 1.016751 1.4255579 21.796524 2.3919582 decam -17.535864 40.597206 136 object IBIS_wide_M464_355087 355087 0.052611 924.0 1948.0 0.052247386 1.0000802 0.00059722946 0.20774773 -0.0009571347 0.9998547 17306300030 209.03375
rawdata/DECam_01419719.fits.fz N4 1419719 500.0 60942.1398325 1.05 343.87057796021895 -12.430103748361887 343.8782708333333 -12.355 M464 0.038356096 24.965416 1.0181836 1.380712 21.808178 1.9557554 decam -20.820858 51.5559 149 object IBIS_wide_M464_357986 357986 0.039489 924.0 1948.0 -0.020347869 1.0000559 0.0004894391 0.02524832 -0.00020805781 1.0001384 16798691646 255.6557
rawdata/DECam_01419720.fits.fz N4 1419720 500.0 60942.14596034 1.05 343.3225954689858 -11.97010375250094 343.330275 -11.895 M464 0.039569557 24.96481 1.017616 1.2386277 21.755375 1.669169 decam -21.187458 61.575348 142 object IBIS_wide_M464_358072 358072 0.04085 924.0 1948.0 -0.16502203 1.0000639 0.00052607624 -0.09865534 -0.0002872688 0.99997836 16855643695 299.55026
rawdata/DECam_01419721.fits.fz N4 1419721 500.0 60942.15357164 1.05 346.15159975887127 -11.818103753865508 346.159275 -11.743 M464 0.038989954 24.978695 1.0307137 1.2754505 21.756065 1.71681 decam -8.5767145 10.572478 133 object IBIS_wide_M464_357996 357996 0.038626 924.0 1948.0 -0.16576909 0.9998934 0.0003794537 0.088005744 -0.0004496183 0.9999588 16789377401 291.23782
rawdata/DECam_01419722.fits.fz N4 1419722 500.0 60942.15971006 1.06 345.3036205256487 -11.209103759317781 345.3112791666667 -11.134 M464 0.043261934 24.967157 1.0219163 1.2838322 21.718315 1.8966751 decam 4.8010015 9.893401 145 object IBIS_wide_M464_357998 357998 0.040854 924.0 1948.0 -0.010227643 1.0000842 0.0003778636 -0.1680611 -0.0005784446 0.9999783 17203964099 263.6192
rawdata/DECam_01419723.fits.fz N4 1419723 500.0 60942.16581995 1.07 347.49563344476286 -10.543103765254175 347.50327500000003 -10.468 M464 0.030634586 24.966276 1.0231864 1.3085965 21.680723 1.8668497 decam -0.7750058 13.991572 137 object IBIS_wide_M464_358000 358000 0.033989 924.0 1948.0 0.009032142 1.0000256 0.00027290362 -0.10406039 -9.800855e-05 0.9999741 17333224071 267.83087
rawdata/DECam_01419724.fits.fz N4 1419724 500.0 60942.17198783 1.07 350.81863931797943 -10.130103768922464 350.8262708333333 -10.055 M464 0.02739385 24.963787 1.0208424 1.3941467 21.716555 2.012054 decam -2.296714 20.39339 134 object IBIS_wide_M464_355053 355053 0.030217 924.0 1948.0 -0.10426722 1.0004023 8.294188e-05 -0.048244435 -1.1998494e-05 1.0000215 16875039726 248.50227
rawdata/DECam_01419725.fits.fz N4 1419725 500.0 60942.17810899 1.07 351.41864991326844 -9.674103772961738 351.4262708333334 -9.599 M464 0.033479776 24.969652 1.0263715 1.2136623 21.715357 1.5778848 decam -1.0836345 16.251602 115 object IBIS_wide_M464_355054 355054 0.031506 924.0 1948.0 -0.12427612 1.0002036 6.336373e-05 -0.14270638 0.00021621991 0.9999648 16891220891 316.8799
rawdata/DECam_01419726.fits.fz N4 1419726 500.0 60942.18425709 1.08 353.54566258837446 -9.097103778057216 353.5532708333334 -9.022 M464 0.031917386 24.964367 1.0234873 1.2980101 21.704262 1.8203679 decam -11.217063 23.42961 119 object IBIS_wide_M464_355044 355044 0.028396 924.0 1948.0 -0.17087711 0.9999931 0.00010890307 -0.028456887 0.00023359283 0.9999373 16866853369 274.66974
