logs/db-2026-03-25.ecsv
# %ECSV 1.0
# ---
# datatype:
# - {name: filename, datatype: string}
# - {name: extension, datatype: string}
# - {name: expnum, datatype: int64}
# - {name: exptime, datatype: float32}
# - {name: mjd_obs, datatype: float64}
# - {name: airmass, datatype: float32}
# - {name: racenter, datatype: float64}
# - {name: deccenter, datatype: float64}
# - {name: rabore, datatype: float64}
# - {name: decbore, datatype: float64}
# - {name: band, datatype: string}
# - {name: ebv, datatype: float32}
# - {name: zeropoint, datatype: float32}
# - {name: transparency, datatype: float32}
# - {name: seeing, datatype: float32}
# - {name: sky, datatype: float32}
# - {name: expfactor, datatype: float32}
# - {name: camera, datatype: string}
# - {name: dx, datatype: float32}
# - {name: dy, datatype: float32}
# - {name: nmatched, datatype: int64}
# - {name: obstype, datatype: string}
# - {name: object, datatype: string}
# - {name: tileid, datatype: int64}
# - {name: tileebv, datatype: float32}
# - {name: affine_x0, datatype: float32}
# - {name: affine_y0, datatype: float32}
# - {name: affine_dx, datatype: float32}
# - {name: affine_dxx, datatype: float32}
# - {name: affine_dxy, datatype: float32}
# - {name: affine_dy, datatype: float32}
# - {name: affine_dyx, datatype: float32}
# - {name: affine_dyy, datatype: float32}
# - {name: checksum, datatype: string}
# - {name: efftime, datatype: float32}
# schema: astropy-2.0
filename extension expnum exptime mjd_obs airmass racenter deccenter rabore decbore band ebv zeropoint transparency seeing sky expfactor camera dx dy nmatched obstype object tileid tileebv affine_x0 affine_y0 affine_dx affine_dxx affine_dxy affine_dy affine_dyx affine_dyy checksum efftime
[from data line 40]
/home/declsp/obsbot/rawdata/DECam_01466469.fits.fz N4 1466469 150.0 61125.4021271 1.19 220.15209109876386 -26.582575554917522 220.16049166666667 -26.507471944444443 M490 0.10568706 24.980797 1.0358346 0.98102045 21.284895 1.2341726 decam -40.878685 8.079516 503 object "NGC5694 position 21" 0 0.0 924.0 1948.0 -0.32690573 1.0001383 0.0015754513 0.018684968 -0.00147923 1.0001547 16103126529 121.53892
/home/declsp/obsbot/rawdata/DECam_01466470.fits.fz N4 1466470 150.0 61125.4041935 1.2 219.67374881404714 -26.47712166716105 219.68214166666667 -26.402018055555555 M490 0.09820092 24.973553 1.0308166 1.1298585 21.100931 1.9641235 decam -34.52117 8.944505 445 object "NGC5694 position 22" 0 0.0 924.0 1948.0 -0.38347065 1.0000342 0.0015207632 0.1558821 -0.0016847134 1.0002153 16212503578 76.36994
/home/declsp/obsbot/rawdata/DECam_01466471.fits.fz N4 1466471 150.0 61125.40625266 1.21 219.9532461368341 -26.85274971867338 219.96166666666667 -26.77764611111111 M490 0.102471665 24.975346 1.034395 1.0860686 20.828104 2.3259635 decam -35.91639 6.7041316 496 object "NGC5694 position 23" 0 0.0 924.0 1948.0 -0.07689921 1.0000478 0.0016265293 0.016501015 -0.0016185626 1.0002277 16384469734 64.4894
/home/declsp/obsbot/rawdata/DECam_01466472.fits.fz N4 1466472 150.0 61125.40831585 1.22 220.0317879797759 -26.39701472357545 220.040175 -26.32191111111111 M490 0.09824884 24.976967 1.0378225 1.0599437 20.448914 3.1324096 decam -31.570253 4.854709 455 object "NGC5694 position 24" 0 0.0 924.0 1948.0 0.16766779 1.0001302 0.0015548805 0.1402063 -0.0015328923 1.0002 16808023199 47.88646
/home/declsp/obsbot/rawdata/DECam_01466473.fits.fz N4 1466473 15.0 61125.4112669 1.76 189.70078795747543 -49.79143632983654 189.712425 -49.71633305555556 M490 0.12849489 24.878954 1.0458513 1.3998978 19.65183 13.624948 decam -42.12065 1.5340611 775 object "LTT4861 N4" 0 0.0 924.0 1948.0 -0.074950606 1.0000365 0.0007952326 0.14601453 -0.0009335186 1.0002942 15660527193 1.1009216
/home/declsp/obsbot/rawdata/DECam_01466474.fits.fz N4 1466474 15.0 61125.41173687 1.78 189.21964629080875 -49.79143632983654 189.23128333333335 -49.71633305555556 M490 0.123391315 24.88175 1.0523586 1.2157412 19.536867 11.369866 decam -47.864845 0.2889852 784 object "LTT4861 N5" 0 0.0 924.0 1948.0 -0.098873414 1.0000306 0.00081217417 0.32829124 -0.00105243 1.0004125 15694300489 1.3192767
/home/declsp/obsbot/rawdata/DECam_01466475.fits.fz N4 1466475 15.0 61125.41223649 1.76 190.1818893914288 -49.95810327083149 190.19356666666667 -49.883 M490 0.13002166 24.888645 1.0552275 1.1551244 19.407497 11.419349 decam -41.640327 -14.1947365 804 object "LTT4861 S3" 0 0.0 924.0 1948.0 -0.27136028 1.000118 0.00094943924 0.18487617 -0.0010068 1.0003282 15735823265 1.31356
/home/declsp/obsbot/rawdata/DECam_01466476.fits.fz N4 1466476 15.0 61125.41271904 1.78 189.70074772476212 -49.95810327083149 189.712425 -49.883 M490 0.11683266 24.88373 1.05428 1.1093527 19.266666 12.10198 decam -51.248257 -17.495192 858 object "LTT4861 S4" 0 0.0 924.0 1948.0 -0.06843998 0.9999758 0.0009245624 -0.04655849 -0.00096151605 1.0005591 15786271082 1.2394665
/home/declsp/obsbot/rawdata/DECam_01466477.fits.fz N4 1466477 15.0 61125.41320119 1.8 189.21960605809545 -49.95810327083149 189.23128333333335 -49.883 M490 0.12251485 24.88035 1.0548235 1.077758 19.123646 13.113701 decam -55.758762 -27.201736 810 object "LTT4861 S5" 0 0.0 924.0 1948.0 -0.32234585 0.9999169 0.00092047785 -0.1233682 -0.0008439083 1.0004755 15840745951 1.1438419
/home/declsp/obsbot/rawdata/DECam_01466478.fits.fz N4 1466478 15.0 61125.41550405 1.09 234.74177384719718 -28.584297477454864 234.7503291666667 -28.509193888888888 M490 0.11373475 24.996174 1.0317196 1.119687 19.029755 12.46533 decam -53.180695 -0.5606837 525 object "LTT6248 N4" 0 0.0 924.0 1948.0 -0.3425315 1.0000201 0.0020284343 0.021351298 -0.0020001933 1.0001012 15901017824 1.2033376
/home/declsp/obsbot/rawdata/DECam_01466479.fits.fz N4 1466479 15.0 61125.41598711 1.1 234.38807384719718 -28.584297477454868 234.39662916666666 -28.509193888888888 M490 0.22622195 25.00036 1.0375869 0.99662596 18.874346 11.314009 decam -44.20079 -9.383355 360 object "LTT6248 N5" 0 0.0 924.0 1948.0 -0.36167693 1.0002245 0.0020754058 0.12170011 -0.0019291835 1.0002218 15959788617 1.32579
/home/declsp/obsbot/rawdata/DECam_01466480.fits.fz N4 1466480 15.0 61125.41646501 1.09 235.09544772966674 -28.750964697816126 235.10401666666667 -28.67586111111111 M490 0.13145722 24.99565 1.0312219 0.8625392 18.753454 9.563192 decam -38.303932 -3.1662447 512 object "LTT6248 S3" 0 0.0 924.0 1948.0 -0.13115087 1.0000637 0.002094317 0.13282238 -0.0018340937 1.0001158 16035789720 1.5685139
/home/declsp/obsbot/rawdata/DECam_01466481.fits.fz N4 1466481 15.0 61125.4169399 1.1 234.74176022966677 -28.750964697816126 234.7503291666667 -28.67586111111111 M490 0.12067507 24.993986 1.0315129 0.9553484 18.612263 13.393847 decam -35.863506 2.432277 452 object "LTT6248 S4" 0 0.0 924.0 1948.0 -0.14617349 1.0001143 0.0020747245 0.05686533 -0.001873173 1.0001298 16125131825 1.1199172
/home/declsp/obsbot/rawdata/DECam_01466482.fits.fz N4 1466482 15.0 61125.4174046 1.1 234.38806022966676 -28.750964697816126 234.39662916666666 -28.67586111111111 M490 0.33074725 24.999651 1.036908 0.8640743 18.466646 12.406943 decam -35.90267 0.33317557 341 object "LTT6248 S5" 0 0.0 924.0 1948.0 -0.5854178 1.0000631 0.0021138554 0.4784642 -0.0019238705 1.0000734 16234212004 1.2090005
