logs/db-2025-03-03.ecsv
# %ECSV 1.0
# ---
# datatype:
# - {name: filename, datatype: string}
# - {name: extension, datatype: string}
# - {name: expnum, datatype: int64}
# - {name: exptime, datatype: float32}
# - {name: mjd_obs, datatype: float64}
# - {name: airmass, datatype: float32}
# - {name: racenter, datatype: float64}
# - {name: deccenter, datatype: float64}
# - {name: rabore, datatype: float64}
# - {name: decbore, datatype: float64}
# - {name: band, datatype: string}
# - {name: ebv, datatype: float32}
# - {name: zeropoint, datatype: float32}
# - {name: transparency, datatype: float32}
# - {name: seeing, datatype: float32}
# - {name: sky, datatype: float32}
# - {name: expfactor, datatype: float32}
# - {name: camera, datatype: string}
# - {name: dx, datatype: float32}
# - {name: dy, datatype: float32}
# - {name: nmatched, datatype: int64}
# - {name: obstype, datatype: string}
# - {name: object, datatype: string}
# - {name: tileid, datatype: int64}
# - {name: tileebv, datatype: float32}
# - {name: affine_x0, datatype: float32}
# - {name: affine_y0, datatype: float32}
# - {name: affine_dx, datatype: float32}
# - {name: affine_dxx, datatype: float32}
# - {name: affine_dxy, datatype: float32}
# - {name: affine_dy, datatype: float32}
# - {name: affine_dyx, datatype: float32}
# - {name: affine_dyy, datatype: float32}
# - {name: checksum, datatype: string}
# - {name: efftime, datatype: float32}
# schema: astropy-2.0
filename extension expnum exptime mjd_obs airmass racenter deccenter rabore decbore band ebv zeropoint transparency seeing sky expfactor camera dx dy nmatched obstype object tileid tileebv affine_x0 affine_y0 affine_dx affine_dxx affine_dxy affine_dy affine_dyx affine_dyy checksum efftime
[from data line 89]
rawdata/DECam_01370541.fits.fz N4 1370541 313.5381 60738.26467444 1.45 151.25476054743604 2.3028961232732925 151.26227916666667 2.378 M517 0.03004282 24.994652 1.0403534 1.0357928 21.497107 1.4587454 decam -16.882183 -7.154128 110 object IBIS_deep_cosmos_M517_33 0 0.0 924.0 1948.0 -0.04848793 0.99994904 -0.001656251 -0.18827836 0.0016859354 1.0000321 16673703534 214.93681
rawdata/DECam_01370542.fits.fz N4 1370542 384.5776 60738.26866743 1.49 151.21375044375563 2.6168961205691437 151.22127083333334 2.692 M490 0.03002012 24.95797 1.0710249 1.0725309 21.588177 1.4221654 decam -17.49474 -11.963045 97 object IBIS_deep_cosmos_M490_34 0 0.0 924.0 1948.0 0.62560326 1.000353 -0.0015920168 -0.1358921 0.002001899 1.0001253 16665066128 270.41693
rawdata/DECam_01370543.fits.fz N4 1370543 60.0 60738.27438696 1.09 185.23437605280586 -7.050103796009429 185.24194583333332 -6.975 g 0.035557173 26.67631 1.0780619 1.1163086 21.716602 1.1739837 decam -45.10477 -0.9006436 118 object wide 0 0.0 924.0 1948.0 -0.09370912 1.0000455 6.7625886e-05 0.22885665 0.00010425553 0.9999833 16189441435 51.108036
rawdata/DECam_01370544.fits.fz N4 1370544 500.0 60738.27635692 1.09 185.23670105280587 -7.050103796009429 185.24427083333333 -6.975 M517 0.035431266 25.045025 1.0286647 1.0566463 21.683718 1.2048393 decam 13.226337 -16.245617 119 object IBIS_wide_M517_533928 533928 0.028931 924.0 1948.0 -0.022081034 1.0002241 -8.515698e-05 0.19915582 0.00021367539 1.000017 17021392268 414.99307
rawdata/DECam_01370545.fits.fz N4 1370545 10.5098 60738.28251691 1.09 186.66570650286278 -6.971103796698784 186.673275 -6.896 M517 0.022120109 25.03726 1.0213349 0.9589408 21.545034 1.0530198 decam 24.520943 -16.87071 45 object IBIS_wide_M517_533925 533925 0.023867 924.0 1948.0 -0.145526 0.99972767 -0.0001397794 -0.1208905 2.5052948e-05 0.99992126 15414543466 9.980629
rawdata/DECam_01370546.fits.fz N4 1370546 248.7786 60738.28300308 1.1 187.63272395226033 -6.0921038043539255 187.6402791666667 -6.017 M517 0.025737017 25.037752 1.0234357 1.0601964 21.659199 1.1834857 decam 19.118643 -15.847758 124 object IBIS_wide_M517_531440 531440 0.030489 924.0 1948.0 -0.05481919 0.9999827 -0.00016050076 0.000868094 -7.577673e-05 1.000237 16564113860 210.20836
rawdata/DECam_01370547.fits.fz N4 1370547 213.9987 60738.28624268 1.1 185.9657119388539 -6.348103802127189 185.97327083333332 -6.273 M517 0.023679154 25.038412 1.0240581 1.0331962 21.679226 1.0881443 decam 28.203709 -18.408785 133 object IBIS_wide_M517_533931 533931 0.027758 924.0 1948.0 -0.24004835 1.0002476 -0.00020905287 -0.10163241 0.0002908759 1.0003322 16097982685 196.6639
rawdata/DECam_01370548.fits.fz N4 1370548 209.0988 60738.28909084 1.1 188.49470487430798 -6.812103798085526 188.50227083333334 -6.737 M517 0.033497144 25.041119 1.0266142 1.0042952 21.632113 1.1361014 decam 29.387863 -30.358732 122 object IBIS_wide_M517_531438 531438 0.026029 924.0 1948.0 -0.015174203 1.0000322 0.00017986252 0.14250301 5.6399385e-05 1.0002854 16386230345 184.04942
rawdata/DECam_01370549.fits.fz N4 1370549 217.1388 60738.29188566 1.1 188.7457210030915 -6.298103802562267 188.75327916666666 -6.223 M517 0.028127935 25.036219 1.0219913 0.9495168 21.673037 0.9545812 decam 32.448315 -16.76515 109 object IBIS_wide_M517_534424 534424 0.030523 924.0 1948.0 -0.08014975 0.99989504 -7.047236e-05 -0.012998968 -0.00031935 0.99997896 16106222792 227.47021
rawdata/DECam_01370550.fits.fz N4 1370550 263.9185 60738.29475747 1.1 189.45470420969173 -6.854103797719305 189.46227083333335 -6.779 M517 0.023208717 25.033941 1.0198499 1.0240192 21.68544 1.0684892 decam 36.0283 -27.714327 136 object IBIS_wide_M517_534402 534402 0.025234 924.0 1948.0 -0.060996972 1.0001214 1.0583381e-05 0.21469551 0.00010259126 1.000246 16240043443 247.00156
rawdata/DECam_01370551.fits.fz N4 1370551 235.8587 60738.29817226 1.1 190.00571570122096 -6.652103799480058 190.01327916666665 -6.577 M517 0.021419395 25.040524 1.0260519 1.0211536 21.683214 1.0401891 decam 27.459965 -21.939152 114 object IBIS_wide_M517_531417 531417 0.02471 924.0 1948.0 -0.12377124 1.0002273 0.00015880796 0.01632488 0.00034254708 1.000023 16160713119 226.74597
rawdata/DECam_01370552.fits.fz N4 1370552 226.2686 60738.30126931 1.11 190.19671535392112 -6.399103801683318 190.204275 -6.324 M517 0.022469632 25.040653 1.0278196 1.0413449 21.6641 1.1078228 decam 36.066124 -26.580868 123 object IBIS_wide_M517_534403 534403 0.024328 924.0 1948.0 -0.071991086 1.0002583 -5.68124e-05 0.19714531 -0.00010647591 0.99999297 16224764157 204.2462
rawdata/DECam_01370553.fits.fz N4 1370553 248.3785 60738.304252 1.1 190.9757024653332 -6.963103796768579 190.98327083333334 -6.888 M517 0.02647117 25.036049 1.0218327 1.0527501 21.678652 1.1551199 decam 25.417585 -23.352247 123 object IBIS_wide_M517_534401 534401 0.026252 924.0 1948.0 -0.2088072 1.0001427 0.0001892143 0.11299797 9.956287e-05 1.0001798 16201449279 215.024
rawdata/DECam_01370554.fits.fz N4 1370554 236.8887 60738.30748941 1.11 191.2447156704254 -6.654103799462632 191.25227916666668 -6.579 M517 0.026280183 25.032248 1.0198935 1.0488448 21.67714 1.1548761 decam 21.811481 -13.721307 109 object IBIS_wide_M517_531418 531418 0.026141 924.0 1948.0 -0.08969213 1.0001886 5.3140408e-05 0.16856758 0.00017048094 1.0004182 16205015914 205.12044
rawdata/DECam_01370555.fits.fz N4 1370555 231.6086 60738.31058793 1.11 192.7047145514172 -6.453103801213244 192.712275 -6.378 M517 0.032138094 25.044302 1.0312804 1.0763549 21.662706 1.2502425 decam 15.7354 -12.054598 91 object IBIS_wide_M517_531413 531413 0.030811 924.0 1948.0 -0.10068679 1.0000633 -4.8859332e-05 -0.012799502 0.0001930866 1.0000681 16281260361 185.25095
rawdata/DECam_01370556.fits.fz N4 1370556 258.0285 60738.31362066 1.11 193.37671892271476 -6.153103803823528 193.384275 -6.078 M517 0.038602028 25.037344 1.0246928 1.0684568 21.670841 1.289612 decam 20.109037 -6.5412245 133 object IBIS_wide_M517_531424 531424 0.032576 924.0 1948.0 0.079585485 1.000278 0.0002853445 -0.059129633 -3.904019e-05 0.99999386 16269222832 200.08226
rawdata/DECam_01370557.fits.fz N4 1370557 297.4483 60738.31695466 1.12 193.13971862363053 -6.174103803640907 193.147275 -6.099 M517 0.031960763 25.034653 1.0237955 1.157927 21.67414 1.4553986 decam 19.21053 -7.438825 127 object IBIS_wide_M517_534399 534399 0.03213 924.0 1948.0 -0.07482124 1.0000268 7.884363e-05 0.027851619 0.00022699831 1.0000408 16410784971 204.37584
rawdata/DECam_01370558.fits.fz N4 1370558 346.388 60738.32075431 1.11 195.11670653516134 -6.969103796716234 195.124275 -6.894 M517 0.040842213 25.030087 1.0178657 1.2254934 21.687675 1.7158846 decam 28.864021 -11.372704 130 object IBIS_wide_M517_534157 534157 0.040336 924.0 1948.0 -0.063182876 1.0003697 0.00016566785 0.13199571 -0.00026911343 1.0002786 16516025415 201.87138
rawdata/DECam_01370559.fits.fz N4 1370559 303.0382 60738.3251141 1.12 194.48671088585817 -6.694103799114081 194.494275 -6.619 M517 0.04030189 25.039734 1.028598 1.1683288 21.684153 1.5321227 decam 31.767756 -12.272372 119 object IBIS_wide_M517_534408 534408 0.036679 924.0 1948.0 -0.07269547 1.0001173 0.00021509078 0.1566199 -0.00027242306 1.0001298 16378180058 197.78978
rawdata/DECam_01370560.fits.fz N4 1370560 425.0376 60738.3289717 1.12 195.3967166511905 -6.590103800020194 195.40427916666667 -6.515 M517 0.03829882 25.023014 1.0128787 1.3573955 21.67198 2.1290247 decam 28.578505 -15.9994955 129 object IBIS_wide_M517_531172 531172 0.03795 924.0 1948.0 -0.22658077 1.0000215 0.00016407487 0.039654687 -0.0004720764 0.99985987 16818866814 199.63957
rawdata/DECam_01370561.fits.fz N4 1370561 490.8972 60738.33425841 1.12 196.5867082810717 -6.860103797666984 196.59427499999998 -6.785 M517 0.03449613 25.012846 1.0034375 1.5151211 21.680168 2.618718 decam 30.585587 -16.062948 129 object IBIS_wide_M517_534156 534156 0.041287 924.0 1948.0 -0.11450583 1.000253 0.0004494243 0.09574738 -7.2040275e-05 0.9999816 16995742153 187.45708
rawdata/DECam_01370562.fits.fz N4 1370562 366.5779 60738.34032578 1.13 197.89170629269094 -6.984103796585361 197.899275 -6.909 M517 0.045101326 25.032703 1.0235976 1.2385728 21.67592 1.8107414 decam 18.129879 -29.362846 121 object IBIS_wide_M517_534153 534153 0.045146 924.0 1948.0 -0.015424436 1.0003041 0.00044991806 0.108776174 -0.00022862355 1.0001584 16834732728 202.4463
rawdata/DECam_01370563.fits.fz N4 1370563 369.5179 60738.34494721 1.12 201.0437075370943 -6.641103799575897 201.05127083333332 -6.566 M517 0.03338202 25.029139 1.0186088 1.3381702 21.675713 1.9773192 decam 29.10423 -13.903558 115 object IBIS_wide_M517_531188 531188 0.036216 924.0 1948.0 -0.16017914 1.000289 0.00057562516 0.106122956 -0.00055286114 0.9999952 16622616518 186.87822
rawdata/DECam_01370564.fits.fz N4 1370564 324.9781 60738.34961656 1.14 199.71371523829268 -6.682103799218653 199.72127916666665 -6.607 M517 0.049255487 25.039335 1.0315208 1.1534104 21.685282 1.5787346 decam 13.331472 -26.878195 132 object IBIS_wide_M517_531209 531209 0.044926 924.0 1948.0 -0.12957712 1.0003028 0.00026607863 0.16380481 -0.00090666604 0.99991775 16507006640 205.84718
rawdata/DECam_01370565.fits.fz N4 1370565 364.2679 60738.35375024 1.15 199.99670974079396 -6.4961038008388545 200.00427083333335 -6.421 M517 0.041532613 25.035494 1.0295258 1.2525755 21.674671 1.8038131 decam 25.678383 -21.322765 127 object IBIS_wide_M517_534195 534195 0.041018 924.0 1948.0 -0.21058604 1.0000482 0.00036628952 0.05379389 -0.00034857742 1.0000453 17054406614 201.94327
rawdata/DECam_01370566.fits.fz N4 1370566 318.5482 60738.35832594 1.14 202.5767090622072 -6.54110380044698 202.58427083333333 -6.466 M517 0.030887438 25.026403 1.0193079 1.1881669 21.604074 1.6483443 decam 16.189129 -15.12587 112 object IBIS_wide_M517_531189 531189 0.032595 924.0 1948.0 0.08606118 1.0001854 0.00085360114 -0.15781905 -0.00010113802 1.0000665 16501436470 193.25343
rawdata/DECam_01370567.fits.fz N4 1370567 256.6885 60738.36237301 1.15 202.85270966563172 -6.501103800795315 202.86027083333332 -6.426 M517 0.032417607 25.038296 1.0321863 1.0579853 21.650091 1.2378987 decam 22.436142 -14.750206 146 object IBIS_wide_M517_534175 534175 0.031744 924.0 1948.0 -0.13274767 1.000087 0.00049165345 0.035507377 -0.000727519 1.0000663 16242068496 207.35825
rawdata/DECam_01370568.fits.fz N4 1370568 208.9489 60738.36572183 1.15 204.12371811919624 -6.493103800864976 204.13127916666667 -6.418 M517 0.029440364 25.033382 1.0275271 0.9644625 21.671364 0.99962854 decam 20.892405 -3.8196278 139 object IBIS_wide_M517_531184 531184 0.029033 924.0 1948.0 -0.1183105 1.0002862 0.0005183142 0.042810507 -0.00048674952 0.99985474 16162435804 209.02654
rawdata/DECam_01370569.fits.fz N4 1370569 235.2987 60738.3684931 1.14 205.337708740833 -6.831103797919862 205.34527500000002 -6.756 M517 0.033952948 25.030678 1.0233293 1.009431 21.678417 1.124354 decam 24.690416 -5.4637017 174 object IBIS_wide_M517_531193 531193 0.032618 924.0 1948.0 0.034872107 1.0000118 0.0005635104 0.14416932 -0.00084077957 1.0001295 16195664998 209.27458
rawdata/DECam_01370570.fits.fz N4 1370570 246.0587 60738.37157251 1.14 206.72971162688432 -6.646103799532334 206.73727499999998 -6.571 M517 0.032082465 25.032782 1.0253141 0.9954308 21.672564 1.0823967 decam 27.892326 -2.2136638 127 object IBIS_wide_M517_531108 531108 0.028345 924.0 1948.0 -0.14473 1.0001673 0.0006014237 -0.024682652 -0.00070326944 1.0002763 17037633467 227.32764
rawdata/DECam_01370571.fits.fz N4 1370571 207.7488 60738.37477544 1.15 207.35271679281954 -6.008103805084103 207.36027083333335 -5.933 M517 0.024898034 25.037287 1.0312277 0.96032023 21.673626 0.95446527 decam 27.11394 -10.254237 162 object IBIS_wide_M517_531111 531111 0.027152 924.0 1948.0 -0.12167163 1.0002518 0.00066148076 0.076284066 -0.0007882556 1.0000857 16080227957 217.65988
rawdata/DECam_01370572.fits.fz N4 1370572 206.7388 60738.37752477 1.17 206.29371822321778 -5.904103805987823 206.30127083333332 -5.829 M517 0.027821707 25.033718 1.0311445 0.97545004 21.668324 1.014398 decam 32.88827 -4.568479 167 object IBIS_wide_M517_534180 534180 0.026962 924.0 1948.0 -0.14627747 1.0002573 0.0006901163 0.21389724 -0.00052014657 1.0000002 16063318577 203.80443
rawdata/DECam_01370573.fits.fz N4 1370573 182.729 60738.38027607 1.16 208.8177193906059 -6.120103804110478 208.825275 -6.045 M517 0.025659002 25.031834 1.0277069 0.9243604 21.677273 0.89468896 decam 23.196152 1.4764284 136 object IBIS_wide_M517_531110 531110 0.028618 924.0 1948.0 -0.04286223 1.0002265 0.0006775614 0.034401473 -0.000562388 1.000094 15985727656 204.23746
rawdata/DECam_01370574.fits.fz N4 1370574 189.7789 60738.38275916 1.16 208.36571984556005 -6.377103801874804 208.37327916666666 -6.302 M517 0.024306085 25.040709 1.0361425 0.9442067 21.668331 0.9180723 decam 34.73202 -7.673155 145 object IBIS_wide_M517_534095 534095 0.028587 924.0 1948.0 -0.22758973 1.0003675 0.00059938454 0.14520712 -0.00090413814 1.0002842 16008253561 206.71455
rawdata/DECam_01370575.fits.fz N4 1370575 266.9885 60738.38531238 1.16 209.0397087250123 -6.8321037979111425 209.04727499999998 -6.757 M517 0.035946283 25.0215 1.0179716 1.0641441 21.659054 1.3096046 decam 31.980963 -7.2704034 145 object IBIS_wide_M517_534089 534089 0.03042 924.0 1948.0 -0.1259969 1.0001463 0.00084405503 0.08466072 -0.0005960422 1.0000755 16273186763 203.86954
rawdata/DECam_01370576.fits.fz N4 1370576 289.9084 60738.38878203 1.17 209.5497104043798 -6.725103798843918 209.557275 -6.65 M517 0.032794554 25.03387 1.0312886 1.099964 21.6105 1.4021963 decam 20.80186 -6.135404 154 object IBIS_wide_M517_531104 531104 0.031325 924.0 1948.0 0.07897051 1.0002394 0.0007279405 0.13196051 -0.0006183249 0.9999335 16427224406 206.75307
rawdata/DECam_01370577.fits.fz N4 1370577 150.0 60738.39361079 1.02 219.89284295781863 -26.61400361013519 219.90124583333332 -26.5389 M517 0.099192224 25.069841 1.0407076 1.0531825 21.506477 2.0049164 decam 5.831988 -25.32627 417 object "NGC5694 M517" 0 0.0 924.0 1948.0 0.18216214 1.0001647 0.001430686 0.17716797 -0.0011460803 1.0001628 16075775752 74.816086
rawdata/DECam_01370578.fits.fz N4 1370578 150.0 60738.3957209 1.02 219.8268405012535 -26.647403609775893 219.83524583333335 -26.5723 M517 0.09794536 25.06814 1.0390774 0.9964477 21.361212 2.0426724 decam -7.2475753 -25.744747 421 object "NGC5694 M517" 0 0.0 924.0 1948.0 0.24086347 1.0004054 0.0014537964 0.051278073 -0.0013098154 1.0002028 16709155823 73.43321
rawdata/DECam_01370579.fits.fz N4 1370579 150.0 60738.3978201 1.03 219.94285739917788 -26.53070361103037 219.95125416666667 -26.4556 M517 0.10139887 25.076042 1.0483474 1.0100988 21.107954 2.66893 decam -3.1320276 -17.063576 455 object "NGC5694 M517" 0 0.0 924.0 1948.0 0.19918801 1.0002425 0.001378184 0.040483847 -0.0013215583 1.0002469 16293637394 56.202297
rawdata/DECam_01370580.fits.fz N4 1370580 150.0 60738.39990842 1.03 219.87685617677386 -26.54740361085101 219.88525416666667 -26.4723 M517 0.09957841 25.079897 1.0520751 0.9225659 20.720045 3.1257763 decam -5.127793 -24.247139 413 object "NGC5694 M517" 0 0.0 924.0 1948.0 -0.28323236 1.0002126 0.0014392918 0.09968835 -0.0011556591 1.0002432 16577154749 47.98808
rawdata/DECam_01370581.fits.fz N4 1370581 150.0 60738.4020256 1.03 219.9018380477679 -26.68070360941746 219.91024583333333 -26.6056 M517 0.09986266 25.069723 1.0422633 0.93981355 20.339222 4.701533 decam -6.747155 -16.295988 354 object "NGC5694 M517" 0 0.0 924.0 1948.0 0.10364213 1.0002397 0.0014046237 0.096692346 -0.0013329564 1.0000641 17705732001 31.904488
