logs/db-2026-03-24.ecsv
# %ECSV 1.0
# ---
# datatype:
# - {name: filename, datatype: string}
# - {name: extension, datatype: string}
# - {name: expnum, datatype: int64}
# - {name: exptime, datatype: float32}
# - {name: mjd_obs, datatype: float64}
# - {name: airmass, datatype: float32}
# - {name: racenter, datatype: float64}
# - {name: deccenter, datatype: float64}
# - {name: rabore, datatype: float64}
# - {name: decbore, datatype: float64}
# - {name: band, datatype: string}
# - {name: ebv, datatype: float32}
# - {name: zeropoint, datatype: float32}
# - {name: transparency, datatype: float32}
# - {name: seeing, datatype: float32}
# - {name: sky, datatype: float32}
# - {name: expfactor, datatype: float32}
# - {name: camera, datatype: string}
# - {name: dx, datatype: float32}
# - {name: dy, datatype: float32}
# - {name: nmatched, datatype: int64}
# - {name: obstype, datatype: string}
# - {name: object, datatype: string}
# - {name: tileid, datatype: int64}
# - {name: tileebv, datatype: float32}
# - {name: affine_x0, datatype: float32}
# - {name: affine_y0, datatype: float32}
# - {name: affine_dx, datatype: float32}
# - {name: affine_dxx, datatype: float32}
# - {name: affine_dxy, datatype: float32}
# - {name: affine_dy, datatype: float32}
# - {name: affine_dyx, datatype: float32}
# - {name: affine_dyy, datatype: float32}
# - {name: checksum, datatype: string}
# - {name: efftime, datatype: float32}
# schema: astropy-2.0
filename extension expnum exptime mjd_obs airmass racenter deccenter rabore decbore band ebv zeropoint transparency seeing sky expfactor camera dx dy nmatched obstype object tileid tileebv affine_x0 affine_y0 affine_dx affine_dxx affine_dxy affine_dy affine_dyx affine_dyy checksum efftime
/home/declsp/obsbot/rawdata/DECam_01466035.fits.fz N4 1466035 35.0 61124.19935364 1.09 188.49470487430798 -6.812103798085526 188.50227083333334 -6.737 M464 0.033497144 24.896114 0.96310604 1.9360433 21.704996 3.650162 decam -4.4371753 -59.116135 76 object "pointing test" 0 0.0 924.0 1948.0 0.162499 0.9999504 0.00014380272 0.19358529 -8.510712e-05 0.9998655 15502587802 9.588615
/home/declsp/obsbot/rawdata/DECam_01466036.fits.fz N4 1466036 224.7886 61124.20105241 1.09 188.49470487430798 -6.812103798085526 188.50227083333334 -6.737 M464 0.033497144 24.89713 0.96400595 1.2892542 21.700287 1.6240416 decam 5.244667 -11.752086 125 object IBIS_wide_M464_331438 331438 0.026029 924.0 1948.0 0.053825345 1.0000405 0.00017774521 0.08907061 -0.00013900359 0.99998105 16283863648 138.41309
/home/declsp/obsbot/rawdata/DECam_01466037.fits.fz N4 1466037 378.4676 61124.20399943 1.09 189.45470420969173 -6.854103797719305 189.46227083333335 -6.779 M464 0.023208717 24.909626 0.975165 1.2603288 21.737747 1.4653369 decam -8.488586 -18.44907 171 object IBIS_wide_M464_334402 334402 0.025234 924.0 1948.0 -0.054391254 1.0001302 0.00026102483 0.24209869 -0.00034990805 1.0001591 16440034824 258.28024
/home/declsp/obsbot/rawdata/DECam_01466038.fits.fz N4 1466038 641.8359 61124.20874911 1.1 193.13971862363053 -6.174103803640907 193.147275 -6.099 M464 0.031960763 24.909815 0.977341 1.0936943 21.716381 1.1255913 decam -8.7431 -17.534414 162 object IBIS_wide_M464_334399 334399 0.03213 924.0 1948.0 -0.19976021 1.0003287 0.00050327624 0.06963137 -0.00036052603 1.0000505 17321425141 570.22107
/home/declsp/obsbot/rawdata/DECam_01466039.fits.fz N4 1466039 176.9489 61124.21650655 1.1 195.83871139418716 -6.385103801805175 195.84627083333334 -6.31 M464 0.037157126 24.887314 0.95729476 1.0064766 21.698822 1.0101495 decam -19.762445 -24.245737 150 object IBIS_wide_M464_334158 334158 0.037334 924.0 1948.0 0.044872276 1.0000483 0.0005607676 0.13319209 -0.0005318443 1.0001564 16060536882 175.171
/home/declsp/obsbot/rawdata/DECam_01466040.fits.fz N4 1466040 437.0672 61124.21887165 1.1 194.61072442940738 -6.058103804649498 194.61827916666667 -5.983 M464 0.029857067 24.896254 0.9652095 0.9877236 21.677696 0.975862 decam -10.012295 -20.577206 164 object IBIS_wide_M464_331423 331423 0.033067 924.0 1948.0 -0.12053349 0.99999464 0.0005143281 0.079511315 -0.00044422667 0.9998575 17905490944 447.87808
/home/declsp/obsbot/rawdata/DECam_01466041.fits.fz N4 1466041 180.8188 61124.22425317 1.1 193.69672009531848 -5.765103807195152 193.70427083333334 -5.6899999999999995 M464 0.033527233 24.910778 0.9782075 1.0495423 21.702345 1.0483639 decam -19.657354 -7.8436346 129 object IBIS_wide_M464_334410 334410 0.031087 924.0 1948.0 -0.01578174 1.000114 0.00047701158 0.21357912 -0.00052887364 0.9999299 15886222533 172.47713
/home/declsp/obsbot/rawdata/DECam_01466042.fits.fz N4 1466042 566.3564 61124.22675091 1.1 198.56671336497408 -6.532103800525359 198.574275 -6.457 M464 0.056075633 24.899672 0.96825224 1.1407589 21.736427 1.224615 decam -11.043997 -21.272589 171 object IBIS_wide_M464_334154 334154 0.044655 924.0 1948.0 -0.15866615 1.0002922 0.000543878 0.01970323 -0.0006661433 0.99999106 17025572016 462.4771
/home/declsp/obsbot/rawdata/DECam_01466043.fits.fz N4 1466043 154.009 61124.23364183 1.1 198.942724177139 -6.076103804493021 198.95027916666666 -6.001 M464 0.037907198 24.915518 0.9824882 1.0606626 21.744831 1.0206064 decam -12.821932 -12.2792015 143 object IBIS_wide_M464_331211 331211 0.041492 924.0 1948.0 0.018891754 1.0001501 0.00064220745 0.17612825 -0.00065600465 0.9999986 15798447507 150.8995
/home/declsp/obsbot/rawdata/DECam_01466044.fits.fz N4 1466044 496.3569 61124.23583797 1.1 194.05273242800266 -5.456103809876974 194.06027916666665 -5.381 M464 0.030872224 24.908083 0.9757833 1.0729282 21.723469 1.079733 decam -10.533445 8.93225 159 object IBIS_wide_M464_331425 331425 0.028435 924.0 1948.0 -0.19010592 0.9999827 0.0004812397 0.0293487 -0.00030961673 1.0000018 16905444245 459.70337
/home/declsp/obsbot/rawdata/DECam_01466045.fits.fz N4 1466045 437.6372 61124.24214633 1.09 201.3637202281454 -6.351103802101081 201.37127916666668 -6.276 M464 0.038001493 24.914812 0.9798346 1.0531018 21.754934 0.99812007 decam -6.0741982 -13.602301 172 object IBIS_wide_M464_334174 334174 0.034897 924.0 1948.0 -0.28485435 1.0002666 0.0006136478 0.049722098 -0.00077715464 1.0000271 16616171310 438.4615
/home/declsp/obsbot/rawdata/DECam_01466046.fits.fz N4 1466046 171.2089 61124.24751492 1.11 199.32473546723702 -4.460103818503299 199.33227083333333 -4.385 M464 0.032632995 24.915327 0.98433393 0.94764405 21.741877 0.81766415 decam -9.53051 -1.1247596 141 object IBIS_wide_M464_334204 334204 0.035792 924.0 1948.0 -0.016271982 1.0001382 0.000612213 0.15356848 -0.00075922924 0.9999594 15858529115 209.3878
/home/declsp/obsbot/rawdata/DECam_01466047.fits.fz N4 1466047 325.7179 61124.24984524 1.11 201.07274586454093 -4.254103820284368 201.08027916666666 -4.179 M464 0.054777544 24.905678 0.9756253 0.9270018 21.71863 0.81379974 decam 5.627815 -7.322434 139 object IBIS_wide_M464_331216 331216 0.038779 924.0 1948.0 -0.09328024 1.0000149 0.0005627202 -0.047997784 -0.00066000136 1.0001442 17243093519 400.24332
/home/declsp/obsbot/rawdata/DECam_01466048.fits.fz N4 1466048 255.8083 61124.25399452 1.1 205.56673225164045 -5.470103809755528 205.57427916666666 -5.395 M464 0.026246222 24.907574 0.9753249 0.901237 21.767931 0.7326063 decam 4.1150856 -5.987869 179 object IBIS_wide_M464_331196 331196 0.027443 924.0 1948.0 -0.02491467 1.0000787 0.00090085395 0.14682387 -0.00092859333 1.0001147 16099522127 349.1757
/home/declsp/obsbot/rawdata/DECam_01466049.fits.fz N4 1466049 127.3192 61124.25728128 1.09 205.337708740833 -6.831103797919862 205.34527500000002 -6.756 M464 0.033952948 24.918285 0.9829746 0.8793147 21.766708 0.6846496 decam 4.9020925 -10.229555 179 object IBIS_wide_M464_331193 331193 0.032618 924.0 1948.0 -0.06915806 1.0001531 0.0008780869 0.19602661 -0.001011804 1.0001558 15724218166 185.96257
/home/declsp/obsbot/rawdata/DECam_01466050.fits.fz N4 1466050 344.3677 61124.25911344 1.1 208.22872468338724 -5.409103810284642 208.23627083333335 -5.334 M464 0.03260009 24.925644 0.99169314 0.89850956 21.79462 0.68725014 decam 8.70142 -19.583193 172 object IBIS_wide_M464_331112 331112 0.027725 924.0 1948.0 0.080057174 1.0001637 0.00092918385 0.22988859 -0.0009735099 1.0001159 16310112372 501.0806
/home/declsp/obsbot/rawdata/DECam_01466051.fits.fz N4 1466051 117.0592 61124.26341852 1.09 208.36571984556005 -6.377103801874804 208.37327916666666 -6.302 M464 0.024306085 24.925053 0.9891196 0.87320805 21.785027 0.65568405 decam 4.101258 -17.251574 166 object IBIS_wide_M464_334095 334095 0.028587 924.0 1948.0 0.0014902401 1.0000188 0.00090270286 0.015489889 -0.001034718 1.0001853 15673339246 178.52988
/home/declsp/obsbot/rawdata/DECam_01466052.fits.fz N4 1466052 196.1687 61124.2650836 1.1 206.79572853754968 -5.434103810067806 206.80327499999999 -5.359 M464 0.029609388 24.916029 0.9829506 0.9450061 21.78744 0.7787047 decam -1.152046 -14.7347765 182 object IBIS_wide_M464_331197 331197 0.026402 924.0 1948.0 0.032891344 1.0001047 0.0008626621 0.120780006 -0.0011506007 1.0000879 15966869946 251.91667
/home/declsp/obsbot/rawdata/DECam_01466053.fits.fz N4 1466053 146.7991 61124.26772087 1.1 210.57072743764192 -5.839103806552477 210.57827916666668 -5.764 M464 0.026596528 24.925194 0.9912827 0.9678299 21.794245 0.7979775 decam 3.6754112 -13.321047 174 object IBIS_wide_M464_334247 334247 0.02855 924.0 1948.0 -0.260851 0.9999802 0.0010990618 0.056195784 -0.0012688695 1.0000496 15757595649 183.96396
/home/declsp/obsbot/rawdata/DECam_01466054.fits.fz N4 1466054 365.5276 61124.26975154 1.1 210.93373241542062 -5.4571038098683 210.94127916666667 -5.382 M464 0.028126407 24.91796 0.98470026 0.94980335 21.79646 0.77733076 decam -6.6717834 -14.01757 214 object IBIS_wide_M464_331262 331262 0.027547 924.0 1948.0 -0.30977458 1.000303 0.0011435932 0.043208744 -0.0011227644 1.0000775 16414407630 470.2343
/home/declsp/obsbot/rawdata/DECam_01466055.fits.fz N4 1466055 200.8687 61124.27430859 1.12 210.31474694683652 -3.6781038252595386 210.322275 -3.6029999999999998 M464 0.050765593 24.911623 0.9829986 0.97235656 21.814667 0.8104416 decam -3.7979753 -5.572011 191 object IBIS_wide_M464_331273 331273 0.0503 924.0 1948.0 0.043584563 1.0002944 0.0010374816 0.18360929 -0.0012087281 1.000159 15911070125 247.85092
/home/declsp/obsbot/rawdata/DECam_01466056.fits.fz N4 1466056 341.3579 61124.27700905 1.09 212.40271153455433 -6.652103799480058 212.410275 -6.577 M464 0.033610657 24.919704 0.98425967 0.9643459 21.814934 0.7852045 decam -5.2451696 -11.617863 231 object IBIS_wide_M464_331251 331251 0.029577 924.0 1948.0 0.16055003 1.0002209 0.0012552645 0.122506015 -0.0011809556 1.0000371 16298886888 434.73758
/home/declsp/obsbot/rawdata/DECam_01466057.fits.fz N4 1466057 356.6678 61124.28128082 1.1 212.65072758523735 -5.171103812348046 212.65827083333332 -5.096 M464 0.032816425 24.914007 0.9811209 0.93982315 21.812 0.75579417 decam -7.872968 -12.285508 200 object IBIS_wide_M464_334249 334249 0.032114 924.0 1948.0 -0.06563968 0.9999255 0.0011219605 0.11049584 -0.0011233843 1.0000422 16405565654 471.9113
/home/declsp/obsbot/rawdata/DECam_01466058.fits.fz N4 1466058 155.239 61124.28573012 1.1 213.9277293279782 -5.697103807785572 213.93527916666667 -5.622 M464 0.03454715 24.920643 0.98713577 0.95550495 21.760159 0.8094026 decam -11.552738 -11.243777 200 object IBIS_wide_M464_331255 331255 0.036821 924.0 1948.0 -0.13196202 1.0002218 0.0012437883 0.060865864 -0.0012866274 1.0000509 15823490882 191.79454
/home/declsp/obsbot/rawdata/DECam_01466059.fits.fz N4 1466059 502.907 61124.28784364 1.12 213.68274722637975 -3.1071038301851766 213.69027083333333 -3.032 M464 0.06883932 24.9117 0.98306787 1.0035286 21.798784 0.8756913 decam -20.432987 5.5029716 181 object IBIS_wide_M464_331278 331278 0.059391 924.0 1948.0 -0.19102131 1.0004723 0.0011634408 0.26628065 -0.0013406022 1.0001011 17099929413 574.2971
/home/declsp/obsbot/rawdata/DECam_01466060.fits.fz N4 1466060 174.0789 61124.2940034 1.1 214.90071903688468 -5.844103806509046 214.90827083333332 -5.769 M464 0.04372916 24.917429 0.9842192 1.0313041 21.804504 0.9101958 decam -13.689388 1.8030479 182 object IBIS_wide_M464_334239 334239 0.042415 924.0 1948.0 -0.08098035 1.0000376 0.0012124623 0.09032606 -0.0012936059 0.9999882 15855561471 191.25433
/home/declsp/obsbot/rawdata/DECam_01466061.fits.fz N4 1466061 285.7282 61124.29633733 1.1 216.44673177572847 -5.16910381236538 216.454275 -5.094 M464 0.05786268 24.91112 0.97851634 1.0098448 21.820974 0.8697105 decam -19.640598 7.6136794 190 object IBIS_wide_M464_339936 339936 0.05545 924.0 1948.0 -0.20175199 1.0000818 0.0013194373 0.2634003 -0.0012290316 1.0001117 16119381083 328.53256
/home/declsp/obsbot/rawdata/DECam_01466062.fits.fz N4 1466062 333.488 61124.29997232 1.11 215.79873581236527 -4.81810381540564 215.806275 -4.743 M464 0.05689399 24.914728 0.98379254 1.007298 21.829397 0.8529636 decam -12.464112 11.519 189 object IBIS_wide_M464_330958 330958 0.053926 924.0 1948.0 -0.2714408 1.0002347 0.0012559774 0.17791727 -0.0012763191 1.0001189 16239085489 390.97565
/home/declsp/obsbot/rawdata/DECam_01466063.fits.fz N4 1466063 210.8687 61124.30419213 1.09 219.08471996344852 -6.369103801944429 219.09227916666669 -6.294 M464 0.06403735 24.910713 0.9761424 1.0814736 21.842472 0.97833425 decam -19.179451 4.3984346 199 object IBIS_wide_M464_339937 339937 0.065608 924.0 1948.0 0.014356912 1.0004121 0.0013621239 0.034554716 -0.0013595918 1.000072 15912836735 215.5385
/home/declsp/obsbot/rawdata/DECam_01466064.fits.fz N4 1466064 552.1866 61124.30695948 1.1 218.09672077889815 -6.021103804971114 218.104275 -5.946 M464 0.059689805 24.897001 0.9658741 1.0763543 21.824087 1.0108763 decam -22.181433 -2.6084256 215 object IBIS_wide_M464_336953 336953 0.060449 924.0 1948.0 -0.16993901 1.0001986 0.001295207 0.009131927 -0.001107467 0.9999887 16923075299 546.2455
/home/declsp/obsbot/rawdata/DECam_01466065.fits.fz N4 1466065 470.9872 61124.31368262 1.09 218.79071402470626 -6.760103798538849 218.79827916666667 -6.6850000000000005 M464 0.067581825 24.900368 0.96688604 1.1289338 21.832815 1.0961097 decam -16.038223 -2.3495219 212 object IBIS_wide_M464_336951 336951 0.065815 924.0 1948.0 -0.04458933 1.0001905 0.0013046918 0.31296334 -0.0014443788 1.0001583 16600901925 429.68982
/home/declsp/obsbot/rawdata/DECam_01466066.fits.fz N4 1466066 312.8381 61124.31947886 1.09 221.59770946601972 -6.785103798320916 221.605275 -6.71 M464 0.08092535 24.904802 0.9708432 1.1709138 21.810112 1.1940984 decam -11.367585 -1.796515 208 object IBIS_wide_M464_336937 336937 0.076246 924.0 1948.0 -0.31191826 1.0001818 0.0015094955 0.23053797 -0.0015341319 1.000107 16226213180 261.98688
/home/declsp/obsbot/rawdata/DECam_01466067.fits.fz N4 1466067 653.1061 61124.3233993 1.09 221.23670105280587 -7.050103796009427 221.24427083333333 -6.975 M464 0.08110027 24.897142 0.96401757 1.067328 21.808552 1.0080925 decam -14.635373 -1.3228105 253 object IBIS_wide_M464_339920 339920 0.077544 924.0 1948.0 -0.11134521 1.000189 0.0013878278 0.21426609 -0.0013837367 1.0001696 17121450228 647.8632
/home/declsp/obsbot/rawdata/DECam_01466068.fits.fz N4 1466068 305.2681 61124.33143462 1.11 220.89072456922702 -6.048103804736427 220.89827916666667 -5.973 M464 0.06456464 24.91361 0.9827794 0.9811154 21.76428 0.8611014 decam 1.6689235 9.929902 215 object IBIS_wide_M464_336939 336939 0.063568 924.0 1948.0 -0.41096392 1.0001483 0.001350901 0.14795204 -0.0013019928 1.000107 16234815322 354.50888
/home/declsp/obsbot/rawdata/DECam_01466069.fits.fz N4 1466069 201.9788 61124.33529415 1.12 221.26672157078198 -5.653103808167534 221.27427083333333 -5.578 M464 0.055215523 24.910553 0.9820316 0.9374083 21.792702 0.77029455 decam -7.8784733 11.084264 201 object IBIS_wide_M464_339925 339925 0.064252 924.0 1948.0 -0.32388574 0.99988985 0.0012338456 0.073279254 -0.0012819296 1.0000985 15938607017 262.20984
/home/declsp/obsbot/rawdata/DECam_01466070.fits.fz N4 1466070 723.1057 61124.33798245 1.12 224.44174172720443 -4.251103820310301 224.449275 -4.176 M464 0.10213074 24.898838 0.97149235 1.069494 21.741884 1.0729212 decam -14.146979 6.5777836 230 object IBIS_wide_M464_337442 337442 0.1044 924.0 1948.0 -0.393881 1.0001507 0.0015103735 0.06773173 -0.0016104738 1.0000998 17557896450 673.9598
/home/declsp/obsbot/rawdata/DECam_01466071.fits.fz N4 1466071 800.0 61124.34667062 1.14 225.12574711529697 -3.658103825432166 225.133275 -3.583 M464 0.14105535 24.874472 0.95384324 1.0325418 21.79463 0.99652904 decam -6.604266 8.993808 206 object IBIS_wide_M464_337443 337443 0.136 924.0 1948.0 -0.64280015 0.99990255 0.0014474387 0.009473365 -0.0015506828 1.0001521 17611586133 802.78644
/home/declsp/obsbot/rawdata/DECam_01466072.fits.fz N4 1466072 800.0 61124.35626704 1.15 225.54174543389308 -3.3491038280983108 225.54927083333334 -3.274 M464 0.1441894 24.891825 0.9712028 1.0266349 21.7781 0.96883327 decam -11.47119 5.5434284 210 object IBIS_wide_M464_340429 340429 0.13881 924.0 1948.0 0.21031626 1.0001165 0.0014960081 0.31215763 -0.0015251939 1.0000808 17580280442 825.7355
/home/declsp/obsbot/rawdata/DECam_01466073.fits.fz N4 1466073 724.0057 61124.3658748 1.18 225.83075173954705 -3.0581038306076045 225.838275 -2.983 M464 0.12842089 24.87377 0.9610903 1.0062613 21.769924 0.9696028 decam -23.241837 19.298666 233 object IBIS_wide_M464_337454 337454 0.12833 924.0 1948.0 -0.14305535 1.0003134 0.0013904731 0.09054699 -0.0013803596 1.0000048 17529414812 746.70337
/home/declsp/obsbot/rawdata/DECam_01466074.fits.fz N4 1466074 271.2383 61124.3745818 1.2 226.18275784368035 -2.768103833106921 226.19027916666667 -2.693 M464 0.10632953 24.876625 0.96758777 0.96842265 21.778145 0.8867795 decam -16.596025 22.322306 248 object IBIS_wide_M464_340440 340440 0.10633 924.0 1948.0 -0.25457644 1.0002201 0.001568615 0.06561126 -0.001444875 1.0001814 16116645947 305.86896
