logs/db-2024-07-03.ecsv
# %ECSV 1.0
# ---
# datatype:
# - {name: filename, datatype: string}
# - {name: extension, datatype: string}
# - {name: expnum, datatype: int64}
# - {name: exptime, datatype: float32}
# - {name: mjd_obs, datatype: float64}
# - {name: airmass, datatype: float32}
# - {name: racenter, datatype: float64}
# - {name: deccenter, datatype: float64}
# - {name: rabore, datatype: float64}
# - {name: decbore, datatype: float64}
# - {name: band, datatype: string}
# - {name: ebv, datatype: float32}
# - {name: zeropoint, datatype: float32}
# - {name: transparency, datatype: float32}
# - {name: seeing, datatype: float32}
# - {name: sky, datatype: float32}
# - {name: expfactor, datatype: float32}
# - {name: camera, datatype: string}
# - {name: dx, datatype: float32}
# - {name: dy, datatype: float32}
# - {name: nmatched, datatype: int64}
# - {name: obstype, datatype: string}
# - {name: object, datatype: string}
# - {name: tileid, datatype: int64}
# - {name: tileebv, datatype: float32}
# - {name: affine_x0, datatype: float32}
# - {name: affine_y0, datatype: float32}
# - {name: affine_dx, datatype: float32}
# - {name: affine_dxx, datatype: float32}
# - {name: affine_dxy, datatype: float32}
# - {name: affine_dy, datatype: float32}
# - {name: affine_dyx, datatype: float32}
# - {name: affine_dyy, datatype: float32}
# - {name: checksum, datatype: string}
# - {name: efftime, datatype: float32}
# schema: astropy-2.0
filename extension expnum exptime mjd_obs airmass racenter deccenter rabore decbore band ebv zeropoint transparency seeing sky expfactor camera dx dy nmatched obstype object tileid tileebv affine_x0 affine_y0 affine_dx affine_dxx affine_dxy affine_dy affine_dyx affine_dyy checksum efftime
[from data line 44]
rawdata/DECam_01308462.fits.fz N4 1308462 500.0 60495.21014739 1.13 309.44658615719 -12.293103749596114 309.454275 -12.218 M464 0.048696212 24.787806 0.8795944 2.1312327 21.783075 6.7037296 decam 30.972889 -30.566555 456 object IBIS_wide_M464_352003 352003 0.048059 924.0 1948.0 0.1762551 1.0001175 0.0015673896 0.1297482 -0.0015453921 1.0000693 17006100408 74.58535
rawdata/DECam_01308463.fits.fz N4 1308463 500.0 60495.21630553 1.11 308.41661801097877 -10.987103761299537 308.42427083333337 -10.912 M464 0.046157315 24.779362 0.86908966 1.8927722 21.807833 5.1717906 decam 47.626137 -31.751608 518 object IBIS_wide_M464_349106 349106 0.052344 924.0 1948.0 -0.19294594 1.0001991 0.0016080036 0.1521 -0.0013796425 1.0001574 16904546359 96.678314
rawdata/DECam_01308464.fits.fz N4 1308464 500.0 60495.22245839 1.1 311.10053860115283 -13.563103738103344 311.1082666666666 -13.488 M464 0.049940955 24.777061 0.8654155 1.8538059 21.82615 5.0098677 decam 50.29415 -46.111332 443 object IBIS_wide_M464_351995 351995 0.045019 924.0 1948.0 -0.16116959 1.0000824 0.0014098373 0.2224434 -0.0014965674 1.0000948 16751880554 99.80303
rawdata/DECam_01308465.fits.fz N4 1308465 500.0 60495.22936962 1.09 311.77053258753085 -13.872103735288887 311.77827083333335 -13.797 M464 0.06214765 24.568617 0.7127334 1.9713708 21.76571 9.451813 decam 9.815177 -16.832663 350 object IBIS_wide_M464_348988 348988 0.05094 924.0 1948.0 -0.13895679 0.9999533 0.0014380733 0.21500924 -0.0015670694 1.0002502 16839207691 52.899906
rawdata/DECam_01308466.fits.fz N4 1308466 500.0 60495.23551482 1.08 310.91356415488104 -13.02210374301342 310.921275 -12.947 M464 0.0419494 24.747913 0.83892906 2.015211 21.832216 5.9242687 decam 12.038653 -19.529335 401 object IBIS_wide_M464_349010 349010 0.043022 924.0 1948.0 -0.0077025453 1.0001174 0.0016004913 0.36357012 -0.0017299663 1.0000651 16816055031 84.398605
rawdata/DECam_01308467.fits.fz N4 1308467 500.0 60495.24165554 1.07 311.41955673715927 -13.12610374207122 311.4272708333333 -13.051 M464 0.04130904 24.827843 0.90110797 1.8551995 21.844997 4.2669835 decam 14.754582 -22.246737 425 object IBIS_wide_M464_351996 351996 0.046626 924.0 1948.0 -0.0769821 1.0001836 0.0015290416 0.33215493 -0.001777435 0.9999314 16840637183 117.178795
rawdata/DECam_01308468.fits.fz N4 1308468 500.0 60495.24779721 1.07 310.8465776049028 -12.442103748253718 310.8542708333333 -12.367 M464 0.035128284 24.793081 0.87271553 1.7454853 21.818386 3.9790032 decam 17.644861 -25.529192 440 object IBIS_wide_M464_351998 351998 0.041461 924.0 1948.0 -0.07953931 1.0000219 0.0015766922 0.12899156 -0.0015145087 1.0000201 17066459893 125.659615
rawdata/DECam_01308469.fits.fz N4 1308469 500.0 60495.25394786 1.06 312.82155300543724 -13.37510373981211 312.829275 -13.3 M464 0.051789977 24.841412 0.9105098 1.7164048 21.854813 3.7566407 decam 15.574633 -20.291182 405 object IBIS_wide_M464_351977 351977 0.054315 924.0 1948.0 -0.07105837 1.0002115 0.0014733371 0.15978765 -0.0014814922 0.9999861 16746222864 133.09764
rawdata/DECam_01308470.fits.fz N4 1308470 500.0 60495.26008895 1.06 315.7355115510015 -14.368103730755404 315.74326666666667 -14.293 M464 0.04381825 24.789415 0.8679332 1.7032833 21.801338 4.079708 decam 10.262381 -14.448095 288 object IBIS_wide_M464_351968 351968 0.046009 924.0 1948.0 0.38980484 0.9999525 0.0013674058 0.32826573 -0.0017639378 1.0001092 16942796913 122.557785
rawdata/DECam_01308471.fits.fz N4 1308471 500.0 60495.26623148 1.06 317.9355410722358 -13.615103737630228 317.9432708333333 -13.54 M464 0.048097435 24.79544 0.87276286 1.6806456 21.828743 3.9286125 decam 8.274225 -17.788578 279 object IBIS_wide_M464_353905 353905 0.058329 924.0 1948.0 -0.1910678 1.0002519 0.0012824059 0.09447185 -0.00139833 1.0001295 16729551476 127.2714
rawdata/DECam_01308472.fits.fz N4 1308472 500.0 60495.27240071 1.06 321.72153041395296 -13.937103734695903 321.7292708333333 -13.862 M464 0.06437996 24.779678 0.86018384 1.6922486 21.802376 4.6262803 decam 2.5866642 -14.517268 229 object IBIS_wide_M464_350901 350901 0.070708 924.0 1948.0 -0.04782209 1.0001336 0.0011812878 0.27886868 -0.0011911923 1.0000335 16779772569 108.078186
rawdata/DECam_01308473.fits.fz N4 1308473 500.0 60495.27854799 1.06 322.91150995324926 -14.414103730333956 322.91926666666666 -14.339 M464 0.083162 24.599247 0.7284825 1.6278671 21.753937 6.9756517 decam 11.8297615 -18.866224 203 object IBIS_wide_M464_353892 353892 0.069672 924.0 1948.0 -0.039056864 1.0003276 0.0012456377 0.11808031 -0.0014283812 1.0000602 16837880706 71.67789
rawdata/DECam_01308474.fits.fz N4 1308474 500.0 60495.28469568 1.05 323.4085146183245 -14.519103729371288 323.416275 -14.444 M464 0.063428916 24.381397 0.594783 1.6891017 21.712227 10.371855 decam 4.4536777 -13.784419 184 object IBIS_wide_M464_353891 353891 0.064377 924.0 1948.0 -0.030708125 1.0003252 0.0012635716 0.1135516 -0.0013882847 1.0001118 16897290107 48.207386
rawdata/DECam_01308475.fits.fz N4 1308475 500.0 60495.29084852 1.05 325.3995304139531 -13.937103734695901 325.40727083333337 -13.862 M464 0.05289264 24.672787 0.77788347 1.542823 21.615913 5.1948805 decam 7.907684 -11.605502 153 object IBIS_wide_M464_354838 354838 0.048642 924.0 1948.0 -0.017984822 0.99979585 0.0010727429 -0.07132714 -0.0010873725 1.0002129 17162373060 96.248604
rawdata/DECam_01308476.fits.fz N4 1308476 500.0 60495.29700902 1.05 325.7035535498388 -13.358103739966491 325.711275 -13.283 M464 0.044458985 24.807549 0.8806833 1.4955262 21.808483 3.0341544 decam 9.384955 5.0191827 185 object IBIS_wide_M464_357824 357824 0.042203 924.0 1948.0 0.050289474 1.0001656 0.0011921772 0.24132445 -0.0008818192 1.0001562 16748738128 164.79056
rawdata/DECam_01308477.fits.fz N4 1308477 500.0 60495.30328187 1.05 326.74153941403245 -13.79210373601826 326.749275 -13.717 M464 0.040760167 24.777687 0.8567904 1.4412127 21.81164 2.9044278 decam 7.761558 -0.97297555 181 object IBIS_wide_M464_354839 354839 0.04155 924.0 1948.0 0.14303496 1.0000548 0.001122303 -0.004040682 -0.0011581932 1.0000448 16785549812 172.15096
rawdata/DECam_01308478.fits.fz N4 1308478 500.0 60495.30943917 1.05 329.2765269360759 -14.16310373263152 329.284275 -14.088 M464 0.052726626 24.673557 0.7784365 1.3828782 21.758572 3.6518755 decam 15.18858 7.3797183 156 object IBIS_wide_M464_357818 357818 0.047394 924.0 1948.0 -0.22680616 1.0003439 0.0011637486 0.1744305 -0.0009227627 0.9999654 16871589988 136.91595
rawdata/DECam_01308479.fits.fz N4 1308479 500.0 60495.31559314 1.05 329.61753041395303 -13.937103734695903 329.62527083333333 -13.862 M464 0.03780964 24.555677 0.69834685 1.4790318 21.73414 4.859071 decam 12.0147915 14.79262 143 object IBIS_wide_M464_354853 354853 0.044696 924.0 1948.0 0.13884164 1.000242 0.0010313453 -0.19337772 -0.0011208365 1.0002087 16873138793 102.90033
rawdata/DECam_01308480.fits.fz N4 1308480 500.0 60495.3217456 1.04 331.9015234070134 -14.266103731689315 331.909275 -14.191 M464 0.03454198 24.800701 0.87329453 1.5096102 21.733913 3.1621156 decam 9.293894 16.662333 138 object IBIS_wide_M464_357780 357780 0.037017 924.0 1948.0 -0.24250835 1.0001491 0.0009618453 0.3044804 -0.0012747995 0.99999684 16870083272 158.122
rawdata/DECam_01308481.fits.fz N4 1308481 500.0 60495.32789676 1.04 333.6975194123134 -14.261103731735075 333.7052708333334 -14.186 M464 0.039221615 24.784096 0.8600393 1.717549 21.774904 4.1771297 decam 8.349421 21.265017 127 object IBIS_wide_M464_357777 357777 0.038876 924.0 1948.0 0.008910462 1.0001678 0.000811087 0.11790319 -0.0008779326 0.99980736 16793984662 119.69942
rawdata/DECam_01308482.fits.fz N4 1308482 500.0 60495.33404725 1.04 334.83852033484834 -14.355103730874479 334.846275 -14.28 M464 0.031727422 24.8043 0.8761933 1.8345011 21.770565 4.4091406 decam 5.634512 22.027792 106 object IBIS_wide_M464_357776 357776 0.034339 924.0 1948.0 -0.15255333 1.0000135 0.0010688303 0.09453329 -0.0009526434 1.0001692 17027321179 113.40079
rawdata/DECam_01308483.fits.fz N4 1308483 500.0 60495.34018899 1.04 336.5105138335528 -14.302103731359797 336.5182666666667 -14.227 M464 0.040144145 24.69333 0.79106486 1.982188 21.749664 6.766094 decam 4.2651987 27.060463 105 object IBIS_wide_M464_357765 357765 0.039683 924.0 1948.0 -0.4057959 1.0001553 0.00093176303 0.16690359 -0.0003973111 1.0000577 16890702679 73.89788
rawdata/DECam_01308484.fits.fz N4 1308484 60.0 60495.34859655 2.15 37.49273765165082 -4.241770764835414 37.50027083333333 -4.166666944444445 g 0.025163064 25.669844 0.50365996 3.0838885 21.248596 82.63801 decam -11.325147 72.36289 29 object Pointing 0 0.0 924.0 1948.0 -0.45499933 1.0004715 -0.0019758302 0.12328006 0.0012091069 1.0007316 16624453441 0.7260582
rawdata/DECam_01308485.fits.fz N4 1308485 500.0 60495.35113484 1.94 34.62374119581646 -4.7071038163664225 34.631279166666666 -4.632 M464 0.021382116 23.939419 0.47802123 2.375887 21.434437 46.622475 decam 1.1723613 -7.2523236 38 object IBIS_deep_xmm_M464_78 0 0.0 924.0 1948.0 0.7505594 1.0004027 -0.0015481184 -0.2631891 0.000765444 1.0005101 17264782607 10.724442
rawdata/DECam_01308486.fits.fz N4 1308486 500.0 60495.35728798 1.85 34.480737462689476 -4.2611038202238625 34.48827083333333 -4.186 M464 0.022151582 24.22252 0.6087069 2.099041 21.453608 21.323956 decam 3.6915078 -4.263503 45 object IBIS_deep_xmm_M464_60 0 0.0 924.0 1948.0 0.15750194 1.0003198 -0.0018515397 -0.4769495 0.0016440676 1.0002433 17377609051 23.447807
rawdata/DECam_01308487.fits.fz N4 1308487 500.0 60495.36343241 1.76 34.30774451850398 -3.9551038228678297 34.315275 -3.88 M464 0.02304132 24.661367 0.89467806 1.7908276 21.498892 6.669963 decam 4.9194975 -7.476385 62 object IBIS_deep_xmm_M464_44 0 0.0 924.0 1948.0 -0.010823353 1.0009499 -0.001638758 0.04356391 0.001395991 1.0001551 17157844893 74.96294
rawdata/DECam_01308488.fits.fz N4 1308488 500.0 60495.36957902 1.69 35.21572800081647 -5.136103812651355 35.22327083333333 -5.061 M464 0.0217977 24.823349 1.02334 1.5978523 21.542303 3.758612 decam 3.234516 -9.585279 66 object IBIS_deep_xmm_M464_25 0 0.0 924.0 1948.0 0.77655363 1.0004618 -0.0018236961 -0.2699328 0.0013874986 1.0004828 17146850653 133.02783
rawdata/DECam_01308489.fits.fz N4 1308489 500.0 60495.37573623 1.62 34.96173713736164 -4.697103816452966 34.969274999999996 -4.622 M464 0.02246037 24.775446 0.96475786 1.5573325 21.533886 3.9457855 decam 7.971151 -2.28003 65 object IBIS_deep_xmm_M464_4 0 0.0 924.0 1948.0 0.12411663 1.000031 -0.0015518559 -0.05113466 0.0013112713 1.0003157 17098932821 126.71748
rawdata/DECam_01308490.fits.fz N4 1308490 500.0 60495.38188284 1.56 35.6147222199733 -5.60310380860151 35.62227083333333 -5.5280000000000005 M464 0.025249422 24.768269 0.94629633 1.4518343 21.588615 3.359651 decam 9.450187 -14.358203 64 object IBIS_deep_xmm_M464_27 0 0.0 924.0 1948.0 -0.050778303 1.0005362 -0.0017333602 -0.19127919 0.0012904214 1.0002387 17142091526 148.82498
rawdata/DECam_01308491.fits.fz N4 1308491 500.0 60495.38802547 1.51 34.68274395988089 -4.0161038223409244 34.690275 -3.941 M464 0.021579113 24.669626 0.8550087 1.4422116 21.547215 4.0416765 decam 11.767845 -12.879217 63 object IBIS_deep_xmm_M464_59 0 0.0 924.0 1948.0 -0.7114583 1.0002006 -0.0017931572 -0.18119939 0.0009959409 1.0002267 17476051509 123.71104
rawdata/DECam_01308492.fits.fz N4 1308492 500.0 60495.39417141 1.46 35.92472550230495 -5.671103808011282 35.932275 -5.596 M464 0.025048792 24.801105 0.95490944 1.5296435 21.619015 3.4091294 decam 15.376168 -18.516325 67 object IBIS_deep_xmm_M464_28 0 0.0 924.0 1948.0 0.20687503 1.0003487 -0.0018763008 -0.20898788 0.0013167448 1.0003711 16993390710 146.66501
rawdata/DECam_01308493.fits.fz N4 1308493 500.0 60495.4003195 1.42 35.74172988935768 -5.325103811013083 35.749275 -5.25 M464 0.023660546 24.815521 0.9595077 1.5866958 21.63532 3.4897442 decam 24.088518 -26.335407 57 object IBIS_deep_xmm_M464_47 0 0.0 924.0 1948.0 -0.39240465 1.0004079 -0.0017479802 -0.09774954 0.001220428 1.0004972 16999662825 143.27698
rawdata/DECam_01308494.fits.fz N4 1308494 500.0 60495.40646319 1.38 36.25572599568031 -5.9451038056315895 36.26327916666666 -5.87 M464 0.027104508 24.817095 0.9527911 1.4465752 21.648035 2.918012 decam 21.441998 -34.499928 71 object IBIS_deep_xmm_M464_11 0 0.0 924.0 1948.0 -0.15346044 0.9999727 -0.0015644267 -0.15844487 0.0015447462 1.000244 17068929755 171.34955
rawdata/DECam_01308495.fits.fz N4 1308495 500.0 60495.41261542 1.34 35.14874397462863 -4.443103818650318 35.15627916666667 -4.368 M464 0.020384904 24.8802 1.0012889 1.467393 21.628134 2.6162736 decam 35.192287 -41.806866 58 object IBIS_deep_xmm_M464_3 0 0.0 924.0 1948.0 0.14214492 1.0002573 -0.0017261193 -0.56207633 0.001144121 1.0000845 17074507763 191.11151
rawdata/DECam_01308496.fits.fz N4 1308496 500.0 60495.41876449 1.31 36.23872201286969 -5.619103808462646 36.246270833333334 -5.5440000000000005 M464 0.026346546 24.809435 0.9321672 1.4280442 21.643057 2.8845086 decam 32.6686 -42.323135 72 object IBIS_deep_xmm_M464_29 0 0.0 924.0 1948.0 -0.2538533 1.0007392 -0.0014218068 -0.35183728 0.0013354068 1.0000958 16974101913 173.33975
rawdata/DECam_01308497.fits.fz N4 1308497 500.0 60495.42491254 1.28 36.699723769102704 -6.105103804240898 36.707279166666666 -6.03 M464 0.033667758 24.64157 0.79357463 1.4356464 21.533913 4.5861917 decam 24.294136 -44.886917 55 object IBIS_deep_xmm_M464_88 0 0.0 924.0 1948.0 0.14085148 1.00078 -0.0015200007 -0.39528358 0.0025425525 1.0002719 17445963942 109.02292
rawdata/DECam_01308498.fits.fz N4 1308498 500.0 60495.43105173 1.25 36.55071931967042 -5.823103806691448 36.55827083333333 -5.748 M464 0.03065804 24.72026 0.847821 1.4537108 21.295286 4.9780507 decam 24.325706 -40.834213 61 object IBIS_deep_xmm_M464_12 0 0.0 924.0 1948.0 0.19234474 1.0005611 -0.0017027567 -0.41258234 0.0016279409 1.0002347 17532443171 100.44092
