logs/db-2026-02-18.ecsv
# %ECSV 1.0
# ---
# datatype:
# - {name: filename, datatype: string}
# - {name: extension, datatype: string}
# - {name: expnum, datatype: int64}
# - {name: exptime, datatype: float32}
# - {name: mjd_obs, datatype: float64}
# - {name: airmass, datatype: float32}
# - {name: racenter, datatype: float64}
# - {name: deccenter, datatype: float64}
# - {name: rabore, datatype: float64}
# - {name: decbore, datatype: float64}
# - {name: band, datatype: string}
# - {name: ebv, datatype: float32}
# - {name: zeropoint, datatype: float32}
# - {name: transparency, datatype: float32}
# - {name: seeing, datatype: float32}
# - {name: sky, datatype: float32}
# - {name: expfactor, datatype: float32}
# - {name: camera, datatype: string}
# - {name: dx, datatype: float32}
# - {name: dy, datatype: float32}
# - {name: nmatched, datatype: int64}
# - {name: obstype, datatype: string}
# - {name: object, datatype: string}
# - {name: tileid, datatype: int64}
# - {name: tileebv, datatype: float32}
# - {name: affine_x0, datatype: float32}
# - {name: affine_y0, datatype: float32}
# - {name: affine_dx, datatype: float32}
# - {name: affine_dxx, datatype: float32}
# - {name: affine_dxy, datatype: float32}
# - {name: affine_dy, datatype: float32}
# - {name: affine_dyx, datatype: float32}
# - {name: affine_dyy, datatype: float32}
# - {name: checksum, datatype: string}
# - {name: efftime, datatype: float32}
# schema: astropy-2.0
filename extension expnum exptime mjd_obs airmass racenter deccenter rabore decbore band ebv zeropoint transparency seeing sky expfactor camera dx dy nmatched obstype object tileid tileebv affine_x0 affine_y0 affine_dx affine_dxx affine_dxy affine_dy affine_dyx affine_dyy checksum efftime
/home/declsp/obsbot/rawdata/DECam_01457831.fits.fz N4 1457831 15.0 61090.01593215 1.09 57.082910562594094 -39.134436511725795 57.092595833333334 -39.059333055555555 M490 0.01304523 25.006649 1.0417223 1.3999487 19.073536 20.020967 decam -10.490127 68.74313 45 object "LTT1788 N4" 0 0.0 924.0 1948.0 0.7754727 0.9994549 -0.002330933 0.061547443 0.0027318322 0.9995932 15859607506 0.74921453
/home/declsp/obsbot/rawdata/DECam_01457832.fits.fz N4 1457832 15.0 61090.01641727 1.09 56.6824855625941 -39.1344365117258 56.692170833333336 -39.059333055555555 M490 0.011692572 24.995522 1.0310993 1.3351215 19.191183 16.529732 decam -15.323552 58.29405 36 object "LTT1788 N5" 0 0.0 924.0 1948.0 0.4533647 1.0003732 -0.002627026 -0.48894012 0.0025097835 0.99991727 15801524162 0.90745574
/home/declsp/obsbot/rawdata/DECam_01457833.fits.fz N4 1457833 15.0 61090.01705643 1.09 57.48329587640457 -39.30110345378338 57.493004166666665 -39.226 M490 0.0115917595 24.996029 1.0315812 1.530274 19.364769 18.470709 decam -12.184956 55.056828 44 object "LTT1788 S3" 0 0.0 924.0 1948.0 1.6752381 1.000459 -0.002732968 -0.22068207 0.0019932685 1.0000182 15734671816 0.8120966
/home/declsp/obsbot/rawdata/DECam_01457834.fits.fz N4 1457834 15.0 61090.0175329 1.09 57.08288754307122 -39.30110345378338 57.092595833333334 -39.226 M490 0.0186828 24.996819 1.0323323 1.355942 19.477293 13.694451 decam -16.322212 61.95528 44 object "LTT1788 S4" 0 0.0 924.0 1948.0 -0.44501442 0.99984294 -0.0026334021 -0.6818294 0.0027695473 0.9999498 15701746775 1.0953342
/home/declsp/obsbot/rawdata/DECam_01457835.fits.fz N4 1457835 15.0 61090.01802566 1.1 56.682462543071225 -39.30110345378338 56.692170833333336 -39.226 M490 0.016055398 25.001356 1.0385373 1.2925694 19.58977 10.933653 decam -3.9604018 51.603462 49 object "LTT1788 S5" 0 0.0 924.0 1948.0 -0.88302916 1.000428 -0.002775028 -0.11705575 0.002759587 1.0001563 15666070834 1.3719112
/home/declsp/obsbot/rawdata/DECam_01457836.fits.fz N4 1457836 15.0 61090.02002577 1.0 89.0930033306711 -27.849770541142576 89.1015 -27.774666944444444 M490 0.038579706 25.000662 1.0192122 1.5905635 20.38501 9.262614 decam 4.543581 31.662779 160 object "LTT2415 N4" 0 0.0 924.0 1948.0 0.73429966 0.9997369 -0.0027761308 -0.18168017 0.0025424038 1.0000015 15516032692 1.6194133
/home/declsp/obsbot/rawdata/DECam_01457837.fits.fz N4 1457837 15.0 61090.02050784 1.0 88.74173249733775 -27.849770541142576 88.75022916666667 -27.774666944444444 M490 0.03469151 25.006554 1.0247585 1.4061575 20.483467 6.373974 decam -6.361818 30.554033 146 object "LTT2415 N5" 0 0.0 924.0 1948.0 0.76723254 0.99994975 -0.0026861741 -0.45873263 0.0027173206 0.99990845 15501007104 2.35332
/home/declsp/obsbot/rawdata/DECam_01457838.fits.fz N4 1457838 15.0 61090.02114761 1.0 89.4442443826225 -28.016436650418257 89.45275416666667 -27.941333055555557 M490 0.029162224 25.002632 1.0210631 1.458769 20.611475 5.9172883 decam -2.8025084 21.683344 199 object "LTT2415 S3" 0 0.0 924.0 1948.0 0.8553398 1.0003564 -0.002528757 -0.26437593 0.0027747964 0.99991846 15504649814 2.534945
/home/declsp/obsbot/rawdata/DECam_01457839.fits.fz N4 1457839 15.0 61090.0216236 1.0 89.09299021595584 -28.016436650418257 89.1015 -27.941333055555557 M490 0.035507463 25.00984 1.0278641 1.3728528 20.721113 4.878705 decam 2.093786 27.168688 165 object "LTT2415 S4" 0 0.0 924.0 1948.0 0.5019157 1.0002692 -0.0029085071 0.09173932 0.002873778 1.000018 15473121389 3.0745864
/home/declsp/obsbot/rawdata/DECam_01457840.fits.fz N4 1457840 15.0 61090.02211515 1.0 88.7417193826225 -28.016436650418257 88.75022916666667 -27.941333055555557 M490 0.034228936 25.003803 1.0221657 1.3983039 20.834127 4.572374 decam 6.3397408 13.714471 170 object "LTT2415 S5" 0 0.0 924.0 1948.0 -0.10795113 1.0003114 -0.0026864794 -0.47986236 0.0028926085 0.999956 15464227012 3.2805717
/home/declsp/obsbot/rawdata/DECam_01457841.fits.fz N4 1457841 150.0 61090.02356877 1.07 66.17760956937195 -21.262047554160247 66.18567083333333 -21.186943888888887 M490 0.02082129 24.98328 1.0158457 1.6839386 21.088678 4.9774427 decam -12.121226 60.087135 112 object "Eridanus position 0" 0 0.0 924.0 1948.0 0.35660586 1.0000293 -0.0025752983 -0.0748447 0.002552536 0.9999227 16319197693 30.135958
/home/declsp/obsbot/rawdata/DECam_01457842.fits.fz N4 1457842 150.0 61090.02564091 1.07 66.13727395494 -21.22757172116806 66.14533333333333 -21.152468055555556 M490 0.021679644 24.997622 1.0293546 1.4761884 21.391876 2.8346303 decam -9.161689 48.873 175 object "Eridanus position 1" 0 0.0 924.0 1948.0 0.90544903 0.9999076 -0.0024701841 0.34243998 0.002636309 0.9998943 16114146052 52.916954
/home/declsp/obsbot/rawdata/DECam_01457843.fits.fz N4 1457843 150.0 61090.02772708 1.07 66.18438479183928 -21.33393977567057 66.19245 -21.258836111111112 M490 0.018834848 25.004065 1.0354797 1.4530966 21.611488 2.1754172 decam -13.264303 59.576298 117 object "Eridanus position 2" 0 0.0 924.0 1948.0 -0.010446313 0.99993145 -0.002568449 -0.19058017 0.0026554363 1.0000129 15847661762 68.95229
/home/declsp/obsbot/rawdata/DECam_01457844.fits.fz N4 1457844 150.0 61090.02981175 1.08 66.235271735655 -21.19189255485429 66.24332916666667 -21.116788888888887 M490 0.023466978 25.002216 1.035597 1.2954899 21.713177 1.6301793 decam -14.446628 53.959 171 object "Eridanus position 3" 0 0.0 924.0 1948.0 -1.0805902 1.0000448 -0.0025036884 -0.16206266 0.0025071013 0.9999104 15973597975 92.01442
/home/declsp/obsbot/rawdata/DECam_01457845.fits.fz N4 1457845 35.0 61090.03226558 1.26 52.086502905290274 -14.615103728490338 52.09426666666667 -14.54 M490 0.068574354 24.968498 1.0372593 1.447489 21.605272 3.2348158 decam -12.845648 68.227974 67 object "pointing test" 0 0.0 924.0 1948.0 0.49730432 1.0000439 -0.0021142424 -0.2393356 0.0024380637 1.0000062 15468608732 10.819781
/home/declsp/obsbot/rawdata/DECam_01457846.fits.fz N4 1457846 500.0 61090.03405955 1.28 53.47258293085154 -12.117103751179801 53.480266666666665 -12.042 M490 0.07663366 24.948534 1.0220633 1.7432342 21.650145 4.9276557 decam -5.4122896 -4.311333 119 object IBIS_wide_M490_407151 407151 0.059297 924.0 1948.0 0.2662058 1.0000216 -0.002222058 0.085076414 0.002535503 0.99989676 17323241519 101.46813
/home/declsp/obsbot/rawdata/DECam_01457847.fits.fz N4 1457847 500.0 61090.04020781 1.32 52.12656508845766 -12.857103744506643 52.13427083333333 -12.782 M490 0.065109625 24.933441 1.015295 2.1036515 21.633478 6.9338684 decam 7.4237747 -15.626077 102 object IBIS_wide_M490_407154 407154 0.06734 924.0 1948.0 0.619683 0.99997705 -0.0021910225 -0.49154428 0.002467987 0.9999314 17177756626 72.10982
/home/declsp/obsbot/rawdata/DECam_01457848.fits.fz N4 1457848 800.0 61090.04841385 1.36 132.11973204903813 -5.146103812564697 132.127275 -5.071 M490 0.019981273 24.954721 1.042933 1.973887 21.75323 3.885753 decam 10.735195 -51.851124 337 object IBIS_wide_M490_422203 422203 0.020616 924.0 1948.0 -0.043645814 1.0001414 -0.001897273 -0.32069418 0.0015443783 1.0000292 17908837334 205.88031
/home/declsp/obsbot/rawdata/DECam_01457849.fits.fz N4 1457849 800.0 61090.05803363 1.31 131.53673563107517 -4.444103818641671 131.54427083333334 -4.369 M490 0.023478225 24.957726 1.0363786 1.8906596 21.786903 3.5187151 decam 5.542711 -49.046 330 object IBIS_wide_M490_422205 422205 0.020638 924.0 1948.0 0.11923216 0.99992 -0.00172945 -0.2003925 0.001637103 1.0000042 18088773819 227.35571
/home/declsp/obsbot/rawdata/DECam_01457850.fits.fz N4 1457850 800.0 61090.0689991 1.27 132.60173122254898 -4.85610381507665 132.60927083333334 -4.781 M490 0.01840186 24.964417 1.0352429 1.8357347 21.802004 3.1234407 decam -5.8822145 8.251977 335 object IBIS_wide_M490_419218 419218 0.019204 924.0 1948.0 -0.024097737 1.000079 -0.0018026761 -0.19629169 0.0018270473 1.0000668 18167216838 256.1278
/home/declsp/obsbot/rawdata/DECam_01457875.fits.fz N4 1457875 800.0 61090.11659348 1.17 141.55070707494713 -6.671103799314505 141.55827083333335 -6.596 M490 0.033046875 24.980103 1.031423 1.7299353 21.763744 3.079498 decam 14.231482 -32.766582 217 object IBIS_wide_M490_419268 419268 0.034814 924.0 1948.0 0.121775635 1.0003309 -0.0014906381 -0.028642925 0.0015250449 0.9999908 17951478681 259.7826
/home/declsp/obsbot/rawdata/DECam_01457876.fits.fz N4 1457876 800.0 61090.12619957 1.15 142.77470238464036 -6.96810379672496 142.78227083333334 -6.893 M490 0.03602416 24.990185 1.0372752 1.7794359 21.763193 3.264236 decam 7.4683137 -17.11145 223 object IBIS_wide_M490_422248 422248 0.036476 924.0 1948.0 0.098369956 1.0002341 -0.0014961977 -0.24822092 0.0013157092 0.99996656 17752876658 245.08032
/home/declsp/obsbot/rawdata/DECam_01457877.fits.fz N4 1457877 800.0 61090.1357908 1.13 140.6507275852374 -5.171103812348045 140.65827083333335 -5.096 M490 0.03378549 24.992252 1.0354872 1.8213166 21.735712 3.4418983 decam 8.26068 -11.845496 240 object IBIS_wide_M490_422265 422265 0.032406 924.0 1948.0 0.2725971 1.0000207 -0.0014218639 -0.41245744 0.0014981618 1.0000151 17766352622 232.42987
/home/declsp/obsbot/rawdata/DECam_01457878.fits.fz N4 1457878 800.0 61090.1456769 1.15 146.1147343622067 -4.9471038142886545 146.122275 -4.872 M490 0.05312677 24.950739 1.0002654 1.991392 21.69207 5.26296 decam -1.7460899 7.3190823 174 object IBIS_wide_M490_424976 424976 0.052138 924.0 1948.0 0.19973642 1.0001205 -0.0012046939 -0.12846687 0.0012027018 1.0000936 17931089149 152.00572
/home/declsp/obsbot/rawdata/DECam_01457879.fits.fz N4 1457879 800.0 61090.15525227 1.13 147.8347263381448 -5.920103805848812 147.84227916666669 -5.845 M490 0.05682185 24.986902 1.0303986 1.7912966 21.715654 3.9967031 decam 2.3569705 8.338079 160 object IBIS_wide_M490_427954 427954 0.056057 924.0 1948.0 0.012466823 1.00018 -0.0013245083 -0.11502683 0.0016274086 0.9998969 17979499800 200.16498
/home/declsp/obsbot/rawdata/DECam_01457880.fits.fz N4 1457880 800.0 61090.16486804 1.12 147.60973945516992 -4.865103814998726 147.61727916666666 -4.79 M490 0.03957014 24.995152 1.0363737 1.6679313 21.728645 3.004588 decam 1.9981548 26.074512 171 object IBIS_wide_M490_424973 424973 0.043508 924.0 1948.0 0.23422487 1.0000867 -0.0012758579 -0.10238579 0.0013973044 1.0000836 17895282459 266.2595
/home/declsp/obsbot/rawdata/DECam_01457881.fits.fz N4 1457881 721.3152 61090.17448828 1.11 150.64872700511452 -5.87110380627451 150.65627916666668 -5.796 M490 0.03949365 25.001703 1.0407578 1.5364836 21.738712 2.4949508 decam -1.2701651 37.715282 155 object IBIS_wide_M490_427940 427940 0.037019 924.0 1948.0 0.20301168 0.9999737 -0.0012249305 -0.18021864 0.000853163 0.99986595 18114047836 289.11
/home/declsp/obsbot/rawdata/DECam_01457882.fits.fz N4 1457882 685.4255 61090.18317106 1.11 153.49372016181505 -5.76010380723857 153.50127083333334 -5.6850000000000005 M490 0.038592003 25.009855 1.0486002 1.5184871 21.720652 2.426164 decam -4.87535 47.216515 187 object IBIS_wide_M490_428433 428433 0.041339 924.0 1948.0 0.042494327 1.000197 -0.001096627 -0.023787942 0.0015221927 0.99994427 17623056118 282.5141
/home/declsp/obsbot/rawdata/DECam_01457883.fits.fz N4 1457883 800.0 61090.191441 1.11 155.93972036063917 -6.051103804710349 155.947275 -5.976 M490 0.03947859 24.986168 1.0259703 1.6407818 21.74155 2.9194553 decam -5.2027617 57.17918 148 object IBIS_wide_M490_425427 425427 0.041081 924.0 1948.0 0.22959064 0.9999145 -0.0010488359 -0.22531581 0.0010205627 1.0000803 17768365218 274.0237
/home/declsp/obsbot/rawdata/DECam_01457884.fits.fz N4 1457884 642.6257 61090.20219816 1.1 157.6967200953185 -5.765103807195152 157.70427083333334 -5.6899999999999995 M490 0.03805412 25.010588 1.0474069 1.4466498 21.76121 2.111047 decam -1.7022192 10.508754 151 object IBIS_wide_M490_428418 428418 0.039774 924.0 1948.0 -0.1293041 1.0001788 -0.0009905706 -0.024516089 0.000836912 0.9999802 17233382864 304.4109
/home/declsp/obsbot/rawdata/DECam_01457885.fits.fz N4 1457885 692.0253 61090.20996351 1.1 160.256720903963 -6.012103805049337 160.264275 -5.937 M490 0.047203433 24.991308 1.0289723 1.3468101 21.765732 2.0076997 decam 6.213168 19.568804 168 object IBIS_wide_M490_425183 425183 0.047209 924.0 1948.0 0.06872626 1.0001521 -0.00084355887 -0.19425945 0.0010098278 1.000177 17352269621 344.68567
/home/declsp/obsbot/rawdata/DECam_01457886.fits.fz N4 1457886 443.817 61090.21834189 1.11 164.61072869428585 -5.74510380736882 164.61827916666667 -5.67 M490 0.03288892 24.966114 1.0071948 1.2200923 21.779173 1.5492934 decam 0.53705204 10.362291 141 object IBIS_wide_M490_428204 428204 0.031546 924.0 1948.0 0.14376312 1.0000494 -0.00069291383 -0.20524788 0.00082599936 1.0000942 16636560381 286.46414
/home/declsp/obsbot/rawdata/DECam_01457887.fits.fz N4 1457887 408.6273 61090.22381141 1.1 165.77972207573617 -5.927103805787992 165.78727500000002 -5.852 M490 0.04599427 25.01248 1.0492326 1.1736395 21.80322 1.4057115 decam 11.683434 1.2866249 137 object IBIS_wide_M490_425199 425199 0.041607 924.0 1948.0 -0.01585501 1.0002606 -0.0006822238 -0.10571427 0.0006202645 1.0000949 16528418711 290.6907
/home/declsp/obsbot/rawdata/DECam_01457888.fits.fz N4 1457888 527.8865 61090.22887341 1.1 166.15072175314629 -5.639103808289054 166.15827083333332 -5.564 M490 0.055939674 24.996689 1.0340837 1.189837 21.796598 1.5995517 decam 17.069815 -6.2602897 140 object IBIS_wide_M490_428185 428185 0.050362 924.0 1948.0 0.19784778 1.000261 -0.000558571 0.07845059 0.0003638959 1.0000453 16937903866 330.0215
/home/declsp/obsbot/rawdata/DECam_01457889.fits.fz N4 1457889 362.8776 61090.23531245 1.1 168.80172816207906 -5.785103807021473 168.80927916666667 -5.71 M490 0.034995854 25.02108 1.0575761 1.1052631 21.789719 1.1544614 decam 24.559326 -17.09816 157 object IBIS_wide_M490_428189 428189 0.039277 924.0 1948.0 -0.16362353 1.000242 -0.0005560397 0.0020375673 0.00044096992 1.0001224 16400822806 314.32632
/home/declsp/obsbot/rawdata/DECam_01457890.fits.fz N4 1457890 423.2871 61090.23984519 1.1 171.3527167928195 -6.008103805084104 171.36027083333332 -5.933 M490 0.041006174 25.000757 1.0379654 1.128167 21.749832 1.3485222 decam 20.062586 -23.131042 152 object IBIS_wide_M490_425119 425119 0.041236 924.0 1948.0 0.10275456 1.0000672 -0.0003625176 0.02490812 0.00058108475 1.0000956 16780706349 313.88962
/home/declsp/obsbot/rawdata/DECam_01457891.fits.fz N4 1457891 579.9761 61090.24507051 1.1 171.68172930168228 -5.699103807768207 171.68927916666667 -5.624 M490 0.051709875 24.992712 1.0303029 1.2108843 21.781757 1.6444219 decam 16.497677 -29.986038 158 object IBIS_wide_M490_428105 428105 0.04279 924.0 1948.0 0.0026480902 1.0000948 -0.0003402966 -0.051784795 0.00039624 0.99998754 17154100906 352.693
/home/declsp/obsbot/rawdata/DECam_01457892.fits.fz N4 1457892 463.4667 61090.25213213 1.1 174.57072743764195 -5.839103806552476 174.57827916666668 -5.764 M490 0.042334914 24.993298 1.0308577 1.2722757 21.803432 1.6691128 decam 12.520642 -17.870317 128 object IBIS_wide_M490_428255 428255 0.045617 924.0 1948.0 -0.10970921 1.0001149 -0.00023246746 0.026192604 0.000357693 0.99994934 16654561260 277.6725
/home/declsp/obsbot/rawdata/DECam_01457893.fits.fz N4 1457893 353.2476 61090.25781732 1.1 173.18272224581906 -5.601103808618866 173.19027083333333 -5.526 M490 0.039630707 25.021278 1.0577694 1.0274885 21.79172 1.0272322 decam 7.1955957 4.1775823 145 object IBIS_wide_M490_428104 428104 0.041805 924.0 1948.0 -0.07759474 1.0000272 -0.00040490433 -0.05786633 0.00035093335 1.0000676 17016603663 343.8829
/home/declsp/obsbot/rawdata/DECam_01457894.fits.fz N4 1457894 473.4867 61090.26237051 1.1 178.4477157735959 -6.081103804449555 178.45527083333334 -6.006 M490 0.03348752 25.01833 1.0549018 1.2283741 21.793053 1.4138925 decam 1.395639 -26.046467 155 object IBIS_wide_M490_425261 425261 0.031954 924.0 1948.0 -0.042160198 1.0001764 -0.00013907127 -0.010498212 0.00013806197 1.000027 16734996656 334.88168
