logs/db-2024-11-28.ecsv
# %ECSV 1.0
# ---
# datatype:
# - {name: filename, datatype: string}
# - {name: extension, datatype: string}
# - {name: expnum, datatype: int64}
# - {name: exptime, datatype: float32}
# - {name: mjd_obs, datatype: float64}
# - {name: airmass, datatype: float32}
# - {name: racenter, datatype: float64}
# - {name: deccenter, datatype: float64}
# - {name: rabore, datatype: float64}
# - {name: decbore, datatype: float64}
# - {name: band, datatype: string}
# - {name: ebv, datatype: float32}
# - {name: zeropoint, datatype: float32}
# - {name: transparency, datatype: float32}
# - {name: seeing, datatype: float32}
# - {name: sky, datatype: float32}
# - {name: expfactor, datatype: float32}
# - {name: camera, datatype: string}
# - {name: dx, datatype: float32}
# - {name: dy, datatype: float32}
# - {name: nmatched, datatype: int64}
# - {name: obstype, datatype: string}
# - {name: object, datatype: string}
# - {name: tileid, datatype: int64}
# - {name: tileebv, datatype: float32}
# - {name: affine_x0, datatype: float32}
# - {name: affine_y0, datatype: float32}
# - {name: affine_dx, datatype: float32}
# - {name: affine_dxx, datatype: float32}
# - {name: affine_dxy, datatype: float32}
# - {name: affine_dy, datatype: float32}
# - {name: affine_dyx, datatype: float32}
# - {name: affine_dyy, datatype: float32}
# - {name: checksum, datatype: string}
# - {name: efftime, datatype: float32}
# schema: astropy-2.0
filename extension expnum exptime mjd_obs airmass racenter deccenter rabore decbore band ebv zeropoint transparency seeing sky expfactor camera dx dy nmatched obstype object tileid tileebv affine_x0 affine_y0 affine_dx affine_dxx affine_dxy affine_dy affine_dyx affine_dyy checksum efftime
rawdata/DECam_01343952.fits.fz N4 1343952 60.0 60643.19174687 1.06 53.144497362580864 -15.002103724931139 53.152275 -14.927 g 0.071563 26.703512 1.1002334 1.1964905 21.721302 1.5802824 decam -35.684093 57.73188 75 object wide 0 0.0 924.0 1948.0 0.1699314 0.99958014 -0.0018847637 -0.11693012 0.0020015219 1.0000099 16149681318 37.967896
rawdata/DECam_01343953.fits.fz N4 1343953 500.0 60643.19375191 1.06 53.144497362580864 -15.002103724931139 53.152275 -14.927 M438 0.071563 24.806343 1.0305973 1.2250142 21.876858 1.8602544 decam -0.77237695 -0.6237013 71 object IBIS_wide_M438_209738 209738 0.077409 924.0 1948.0 0.0036378612 1.0003595 -0.0022185696 0.0058888644 0.0017066465 1.0001743 16434233508 268.78043
rawdata/DECam_01343954.fits.fz N4 1343954 476.0 60643.19989424 1.07 54.41552947419541 -13.965103734440358 54.42327083333333 -13.89 M438 0.04554478 24.788668 1.0165081 1.2736715 21.828928 1.7834485 decam 3.5006511 -5.2707214 69 object IBIS_wide_M438_207060 207060 0.052944 924.0 1948.0 -0.14566293 0.9998888 -0.002078891 -0.21964943 0.0021158173 0.99994314 16955764162 266.89865
rawdata/DECam_01343955.fits.fz N4 1343955 500.0 60643.2057618 1.08 53.54051384599396 -14.541103729169475 53.548275000000004 -14.466 M438 0.07104866 24.795713 1.025703 1.2423948 21.876505 1.9442176 decam 1.1129268 -10.517076 59 object IBIS_wide_M438_207059 207059 0.0644 924.0 1948.0 0.31639975 1.000028 -0.002158828 0.18752447 0.0025510762 0.9999457 16436425564 257.17285
rawdata/DECam_01343956.fits.fz N4 1343956 500.0 60643.21192798 1.1 53.81052309730576 -14.275103731606942 53.818275 -14.2 M438 0.045433108 24.783457 1.0193012 1.2874274 21.882761 1.7492261 decam 0.09167046 -13.843384 74 object IBIS_wide_M438_210045 210045 0.051731 924.0 1948.0 0.8935055 1.0002022 -0.0023010792 -0.070488416 0.0022738897 0.9998241 16395341830 285.8407
rawdata/DECam_01343957.fits.fz N4 1343957 500.0 60643.21806954 1.11 54.63854923813597 -13.49210373874899 54.646275 -13.417 M438 0.054424066 24.781506 1.0200326 1.1689713 21.855556 1.5889229 decam -2.3358402 -12.546661 71 object IBIS_wide_M438_210046 210046 0.0557 924.0 1948.0 -0.24123606 1.0000887 -0.0024297987 0.016448269 0.0024378821 0.9997992 16423534314 314.6786
rawdata/DECam_01343958.fits.fz N4 1343958 500.0 60643.22423592 1.13 55.09255347986779 -13.097103742334026 55.10026666666667 -13.022 M438 0.049914107 24.786377 1.0297858 1.087507 21.8447 1.3308365 decam 2.6523132 -20.28386 78 object IBIS_wide_M438_207063 207063 0.062797 924.0 1948.0 -0.1967023 1.0002149 -0.0023023295 -0.25196236 0.00268085 1.0001596 16468476473 375.70355
rawdata/DECam_01343959.fits.fz N4 1343959 500.0 60643.23038489 1.14 55.139568425373675 -12.88410374426243 55.147275 -12.809 M438 0.05251776 24.768848 1.0158443 1.0825082 21.846874 1.3862159 decam 4.2885065 -12.8073845 66 object IBIS_wide_M438_210049 210049 0.064251 924.0 1948.0 0.70851046 0.9998005 -0.0023603723 -0.46587032 0.0025946677 1.0000697 16493815107 360.69418
rawdata/DECam_01343960.fits.fz N4 1343960 422.0 60643.23654876 1.17 54.08153706891506 -13.610103737675734 54.08926666666667 -13.535 M438 0.046246115 24.76983 1.0244633 1.1694273 21.84146 1.5473037 decam 3.4972715 -23.46713 58 object IBIS_wide_M438_207146 207146 0.050663 924.0 1948.0 -0.099496506 1.0002408 -0.0022547254 -0.39349815 0.0023451985 0.9999885 16406405037 272.7325
rawdata/DECam_01343961.fits.fz N4 1343961 500.0 60643.24182005 1.19 55.32259546898586 -11.970103752500938 55.330275 -11.895 M438 0.07273579 24.766659 1.0266246 1.1838455 21.791695 2.0398254 decam 4.8867517 -19.15454 64 object IBIS_wide_M438_210136 210136 0.071208 924.0 1948.0 -0.3887286 1.0003195 -0.001959268 0.22475724 0.0023737173 1.0000398 16514726435 245.11902
rawdata/DECam_01343962.fits.fz N4 1343962 500.0 60643.24796144 1.22 52.54851314309889 -14.322103731176686 52.556266666666666 -14.247 M438 0.080356315 24.754608 1.0229805 1.1030363 21.798687 1.9061528 decam 0.2064492 -22.519836 64 object IBIS_wide_M438_209824 209824 0.071047 924.0 1948.0 0.55266106 0.99978024 -0.0019087307 -0.29399619 0.0022636796 0.9999926 16534173222 262.30844
rawdata/DECam_01343963.fits.fz N4 1343963 500.0 60643.25410912 1.25 52.85353548484821 -13.910103734942261 52.861275 -13.835 M438 0.055868607 24.761665 1.0374479 1.1970345 21.781576 1.8701494 decam 8.89937 -21.427017 60 object IBIS_wide_M438_207145 207145 0.061471 924.0 1948.0 -0.21224937 0.99981993 -0.0022295178 -0.05317789 0.0019340881 0.9997323 16503958551 267.35834
rawdata/DECam_01343964.fits.fz N4 1343964 500.0 60643.26026458 1.29 52.086502905290274 -14.615103728490338 52.09426666666667 -14.54 M438 0.068574354 24.744728 1.031713 1.2353399 21.762129 2.3026326 decam 2.0740502 -25.457405 84 object IBIS_wide_M438_206838 206838 0.071554 924.0 1948.0 0.4369923 0.999955 -0.0022448646 -0.25035456 0.002195239 1.0001204 16521985920 217.14276
rawdata/DECam_01343965.fits.fz N4 1343965 500.0 60643.26642957 1.32 53.1415647147072 -13.004103743176413 53.149275 -12.929 M438 0.041385137 24.731493 1.026931 1.236159 21.765871 1.917098 decam 6.695293 -31.694077 71 object IBIS_wide_M438_207149 207149 0.053457 924.0 1948.0 0.19136986 1.0001618 -0.002267635 -0.055693056 0.001967634 1.0000602 16549970992 260.81085
rawdata/DECam_01343966.fits.fz N4 1343966 500.0 60643.27259094 1.36 53.916591341438 -11.82110375383859 53.92426666666667 -11.746 M438 0.083943 24.726923 1.0329539 1.1418531 21.752275 2.3047597 decam 4.114967 -39.502712 65 object IBIS_wide_M438_210137 210137 0.064879 924.0 1948.0 -0.6101499 1.0001465 -0.0019142436 -0.80777305 0.0022696918 1.0001998 16531026355 216.94235
rawdata/DECam_01343967.fits.fz N4 1343967 500.0 60643.27874243 1.41 54.092611280578076 -11.399103757619267 54.100275 -11.324 M438 0.06478401 24.71362 1.0332848 1.1495968 21.728094 2.117928 decam 7.5755033 -41.67649 77 object IBIS_wide_M438_207152 207152 0.064598 924.0 1948.0 -0.3279965 1.0001471 -0.0021222949 -0.33602622 0.002565348 0.99997467 16575722866 236.07979
rawdata/DECam_01343968.fits.fz N4 1343968 500.0 60643.28547434 1.46 53.47258293085154 -12.117103751179801 53.480266666666665 -12.042 M438 0.07663366 24.706522 1.0395397 1.1201451 21.728222 2.2281022 decam 11.636931 -5.9791484 78 object IBIS_wide_M438_207151 207151 0.059297 924.0 1948.0 0.089271024 0.99984086 -0.0021965322 -0.11411053 0.0024111418 1.0001339 16777594160 224.40622
rawdata/DECam_01343969.fits.fz N4 1343969 60.0 60643.29411869 1.69 148.3687599530443 2.412896122326123 148.37627916666665 2.488 g 0.037144516 26.58305 1.0867766 1.6465863 21.473011 3.8274891 decam -17.790892 24.556402 85 object cosmos 0 0.0 924.0 1948.0 -0.23713206 1.0003659 -0.001164645 -0.14283471 0.00081235205 1.0002053 16365049694 15.676073
rawdata/DECam_01343970.fits.fz N4 1343970 500.0 60643.29615394 1.67 148.3687599530443 2.412896122326123 148.37627916666665 2.488 M438 0.037144516 24.684168 1.0735711 1.2230902 21.648165 2.2103024 decam 1.6009674 10.609179 79 object IBIS_deep_cosmos_M438_46 0 0.0 924.0 1948.0 -0.09474375 1.000502 -0.0012549383 -0.10720361 0.0011036478 1.0001284 16683915549 226.2134
rawdata/DECam_01343971.fits.fz N4 1343971 500.0 60643.30232091 1.64 149.4997595261277 2.488896121671626 149.50727916666665 2.564 M438 0.020213213 24.696358 1.077535 1.2381651 21.666899 1.9153674 decam 4.2055116 -6.0810685 87 object IBIS_deep_cosmos_M438_3 0 0.0 924.0 1948.0 0.021360932 1.0004035 -0.0012146042 -0.11367385 0.0011106709 1.0001869 16686459213 261.04654
rawdata/DECam_01343972.fits.fz N4 1343972 500.0 60643.3084819 1.6 150.09375883696464 2.606896120655282 150.10127916666667 2.682 M438 0.019469626 24.68601 1.0566325 1.3410991 21.683357 2.2426767 decam 4.4829354 -3.273058 80 object IBIS_deep_cosmos_M438_1 0 0.0 924.0 1948.0 0.16678444 1.0001813 -0.0011955189 -0.08669625 0.00082673656 1.0002002 16728835077 222.94788
rawdata/DECam_01343973.fits.fz N4 1343973 500.0 60643.31463862 1.54 149.78075452620993 2.6308961204485457 149.788275 2.706 M438 0.019724825 24.69976 1.0540769 1.2561061 21.707058 1.8807822 decam 9.939883 -1.7078154 94 object IBIS_deep_cosmos_M438_2 0 0.0 924.0 1948.0 -0.029983668 1.0003288 -0.0011471754 -0.13263464 0.0008452799 1.0003296 16616922315 265.84683
rawdata/DECam_01343974.fits.fz N4 1343974 500.0 60643.32080032 1.48 149.31376090609155 2.233896123867351 149.32127916666667 2.309 M438 0.021011224 24.713251 1.0512754 1.4056342 21.716816 2.298361 decam 8.3168 -9.288255 92 object IBIS_deep_cosmos_M438_4 0 0.0 924.0 1948.0 0.049064063 1.0005192 -0.0014521963 -0.06070932 0.0009581531 1.0001936 16590443556 217.54633
rawdata/DECam_01343975.fits.fz N4 1343975 500.0 60643.32695798 1.43 149.2467582114563 1.9248961265270395 149.25427499999998 2.0 M438 0.022061344 24.714035 1.0388916 1.2969697 21.730381 1.945464 decam 3.7840278 -14.5877 101 object IBIS_deep_cosmos_M438_5 0 0.0 924.0 1948.0 -0.36856914 1.0000486 -0.0011728647 0.10609836 0.0007265444 1.0002714 16617803675 257.0081
rawdata/DECam_01343976.fits.fz N4 1343976 500.0 60643.33310423 1.39 149.29775947545477 1.6128961292115729 149.305275 1.6880000000000002 M438 0.020448064 24.7337 1.0472925 1.2616991 21.664358 1.8642079 decam 6.9810853 -14.469689 99 object IBIS_deep_cosmos_M438_6 0 0.0 924.0 1948.0 0.1438692 1.0002041 -0.001258914 -0.10805617 0.001051816 1.0002246 16803286010 268.21042
rawdata/DECam_01343977.fits.fz N4 1343977 500.0 60643.33924066 1.35 149.45276874087074 1.3368961315856607 149.46028333333334 1.412 M438 0.017505977 24.730963 1.0342009 1.2181975 21.420172 2.139318 decam 5.3213453 -15.995178 71 object IBIS_deep_cosmos_M438_7 0 0.0 924.0 1948.0 -0.011441422 1.0001556 -0.0008112251 -0.07285993 0.0010334781 1.0003277 16959380907 233.71935
rawdata/DECam_01343978.fits.fz N4 1343978 3.0 60643.34994951 1.01 130.36853730509753 -33.00830159252962 130.37749583333334 -32.93319805555556 g 0.3303814 0.0 0.0 0.0 20.656174 0.0 decam 0.0 0.0 0 object "LTT3218 N4 g" 0 0.0 0.0 0.0 0.0 0.0 0.0 0.0 0.0 0.0 15431949000 0.0
rawdata/DECam_01343979.fits.fz N4 1343979 15.0 60643.35034721 1.01 130.36853730509753 -33.00830159252962 130.37749583333334 -32.93319805555556 M438 0.3303814 0.0 0.0 0.0 20.6114 0.0 decam 0.0 0.0 0 object "LTT3218 N4 M438" 0 0.0 0.0 0.0 0.0 0.0 0.0 0.0 0.0 0.0 15422667004 0.0
rawdata/DECam_01343980.fits.fz N4 1343980 15.0 60643.35085276 1.01 130.36853730509753 -33.00830159252962 130.37749583333334 -32.93319805555556 M490 0.3303814 0.0 0.0 0.0 20.52208 0.0 decam 0.0 0.0 0 object "LTT3218 N4 M490" 0 0.0 0.0 0.0 0.0 0.0 0.0 0.0 0.0 0.0 15458196273 0.0
rawdata/DECam_01343981.fits.fz N4 1343981 15.0 60643.35136757 1.01 130.36853730509753 -33.00830159252962 130.37749583333334 -32.93319805555556 M464 0.3303814 0.0 0.0 0.0 20.420523 0.0 decam 0.0 0.0 0 object "LTT3218 N4 N464" 0 0.0 0.0 0.0 0.0 0.0 0.0 0.0 0.0 0.0 15465923539 0.0
rawdata/DECam_01343982.fits.fz N4 1343982 3.0 60643.35189281 1.01 130.36853730509753 -33.00830159252962 130.37749583333334 -32.93319805555556 g 0.3303814 0.0 0.0 0.0 20.397333 0.0 decam 0.0 0.0 0 object "LTT3218 N4 g" 0 0.0 0.0 0.0 0.0 0.0 0.0 0.0 0.0 0.0 15463345240 0.0
rawdata/DECam_01343983.fits.fz N4 1343983 360.0 60643.35371111 1.42 84.65397260773918 -69.17510256205365 84.67510416666667 -69.1 g 30.034056 0.0 0.0 0.0 18.810595 0.0 decam 0.0 0.0 0 object "NGC2070 g" 0 0.0 0.0 0.0 0.0 0.0 0.0 0.0 0.0 0.0 80308576147 0.0
rawdata/DECam_01343984.fits.fz N4 1343984 180.0 60643.35825009 1.43 84.65397260773918 -69.17510256205365 84.67510416666667 -69.1 r 30.034056 0.0 0.0 0.0 18.076954 0.0 decam 0.0 0.0 0 object "NGC2070 r" 0 0.0 0.0 0.0 0.0 0.0 0.0 0.0 0.0 0.0 93887633957 0.0
