logs/db-2026-05-13.ecsv
# %ECSV 1.0
# ---
# datatype:
# - {name: filename, datatype: string}
# - {name: extension, datatype: string}
# - {name: expnum, datatype: int64}
# - {name: exptime, datatype: float32}
# - {name: mjd_obs, datatype: float64}
# - {name: airmass, datatype: float32}
# - {name: racenter, datatype: float64}
# - {name: deccenter, datatype: float64}
# - {name: rabore, datatype: float64}
# - {name: decbore, datatype: float64}
# - {name: band, datatype: string}
# - {name: ebv, datatype: float32}
# - {name: zeropoint, datatype: float32}
# - {name: transparency, datatype: float32}
# - {name: seeing, datatype: float32}
# - {name: sky, datatype: float32}
# - {name: expfactor, datatype: float32}
# - {name: camera, datatype: string}
# - {name: dx, datatype: float32}
# - {name: dy, datatype: float32}
# - {name: nmatched, datatype: int64}
# - {name: obstype, datatype: string}
# - {name: object, datatype: string}
# - {name: tileid, datatype: int64}
# - {name: tileebv, datatype: float32}
# - {name: affine_x0, datatype: float32}
# - {name: affine_y0, datatype: float32}
# - {name: affine_dx, datatype: float32}
# - {name: affine_dxx, datatype: float32}
# - {name: affine_dxy, datatype: float32}
# - {name: affine_dy, datatype: float32}
# - {name: affine_dyx, datatype: float32}
# - {name: affine_dyy, datatype: float32}
# - {name: checksum, datatype: string}
# - {name: efftime, datatype: float32}
# schema: astropy-2.0
filename extension expnum exptime mjd_obs airmass racenter deccenter rabore decbore band ebv zeropoint transparency seeing sky expfactor camera dx dy nmatched obstype object tileid tileebv affine_x0 affine_y0 affine_dx affine_dxx affine_dxy affine_dy affine_dyx affine_dyy checksum efftime
[from data line 41]
/home/declsp/obsbot/rawdata/DECam_01479696.fits.fz N4 1479696 287.1985 61174.06913179 1.11 192.63172519272834 -5.368103810640217 192.6392708333333 -5.293 M464 0.035339616 24.910385 0.97986484 1.0292962 22.046791 0.7347959 decam -11.39995 1.2205489 143 object IBIS_wide_M464_331430 331430 0.030118 924.0 1948.0 -0.028383277 0.99996847 0.00043576065 0.13405414 -0.00058379566 1.0000277 15977214696 390.85477
/home/declsp/obsbot/rawdata/DECam_01479697.fits.fz N4 1479697 322.3683 61174.07284483 1.11 188.07974200173356 -4.63210381701543 188.08727916666666 -4.557 M464 0.051568136 24.911646 0.9810023 1.0207857 22.042912 0.72363085 decam -8.600771 23.096594 167 object IBIS_wide_M464_334433 334433 0.041699 924.0 1948.0 -0.12844115 1.0001744 0.00030425866 0.057286907 -0.0004509774 0.99998355 16067456722 445.4872
/home/declsp/obsbot/rawdata/DECam_01479698.fits.fz N4 1479698 383.3482 61174.0768903 1.11 188.4417417272044 -4.251103820310299 188.449275 -4.176 M464 0.04756264 24.886606 0.958638 1.1701368 22.059082 0.9804691 decam -8.754265 23.081656 171 object IBIS_wide_M464_331450 331450 0.038957 924.0 1948.0 0.005036174 0.99988884 0.00021528677 0.024614863 -0.00016320146 1.0000563 16217287405 390.98447
/home/declsp/obsbot/rawdata/DECam_01479699.fits.fz N4 1479699 187.6791 61174.08180019 1.09 194.48671088585817 -6.694103799114081 194.494275 -6.619 M464 0.04030189 24.908197 0.97388285 1.2566493 22.072756 1.0728544 decam -15.554 -1.5511041 131 object IBIS_wide_M464_334408 334408 0.036679 924.0 1948.0 0.025509972 1.0000967 0.0004211188 0.19088203 -0.0007451284 1.0000778 15759083816 174.93436
/home/declsp/obsbot/rawdata/DECam_01479700.fits.fz N4 1479700 165.7492 61174.08428849 1.11 196.49774267910277 -4.568103817569139 196.50527916666667 -4.493 M464 0.03210813 24.903774 0.9739157 1.1595387 22.071999 0.9218188 decam -10.169851 4.4209433 174 object IBIS_wide_M464_334413 334413 0.032554 924.0 1948.0 0.027068248 1.0001138 0.0006081294 -0.018430797 -0.00039727328 1.000012 15711081362 179.80672
/home/declsp/obsbot/rawdata/DECam_01479701.fits.fz N4 1479701 151.4891 61174.08650708 1.12 196.1437498996069 -3.8191038240422914 196.15127916666665 -3.7439999999999998 M464 0.031857368 24.91447 0.98558134 1.0875632 22.062414 0.80236226 decam -8.362144 5.6663885 149 object IBIS_wide_M464_331472 331472 0.028791 924.0 1948.0 0.0051783626 1.0000868 0.0005344591 0.1644055 -0.00036799192 0.9999333 15689646841 188.80388
/home/declsp/obsbot/rawdata/DECam_01479702.fits.fz N4 1479702 383.2078 61174.08856638 1.12 195.12975459130635 -3.2401038290383855 195.13727916666664 -3.165 M464 0.028940849 24.888866 0.9626111 1.1648155 22.052147 0.97375095 decam -5.1703057 9.097934 154 object IBIS_wide_M464_334421 334421 0.026163 924.0 1948.0 -0.02331517 0.99990106 0.0003548231 0.07395025 -0.0006741285 0.9999863 16197625103 393.53778
/home/declsp/obsbot/rawdata/DECam_01479703.fits.fz N4 1479703 333.2579 61174.09337062 1.13 198.6097571843091 -2.870103832227997 198.61727916666666 -2.795 M464 0.03368818 24.906082 0.9800069 1.1603985 22.088253 0.9056051 decam -14.986898 -1.2997768 163 object IBIS_wide_M464_334460 334460 0.029344 924.0 1948.0 -0.42375925 1.0003196 0.000866494 -0.02267773 -0.00076961826 0.9999399 16257989581 367.99475
/home/declsp/obsbot/rawdata/DECam_01479704.fits.fz N4 1479704 380.2076 61174.09757966 1.12 195.45875176758847 -3.054103830642087 195.466275 -2.979 M464 0.026858445 24.904537 0.97660446 1.0985004 22.070423 0.82753634 decam -11.964761 20.795193 164 object IBIS_wide_M464_331478 331478 0.026179 924.0 1948.0 -0.20818594 0.99988574 0.00060759066 0.29652157 -0.0006301083 0.99991906 16212714381 459.44522
/home/declsp/obsbot/rawdata/DECam_01479705.fits.fz N4 1479705 119.0592 61174.10234991 1.11 199.04573107701492 -4.869103814964093 199.05327083333336 -4.7940000000000005 M464 0.03421007 24.90589 0.97581565 1.0878174 22.06676 0.81227005 decam -11.07676 15.41236 135 object IBIS_wide_M464_331218 331218 0.036212 924.0 1948.0 -0.085752845 1.0002673 0.0006683419 0.106424555 -0.0006738653 0.99999255 15623941355 146.57588
/home/declsp/obsbot/rawdata/DECam_01479706.fits.fz N4 1479706 296.2583 61174.10405355 1.12 199.72074761492868 -3.0521038306593278 199.72827083333334 -2.977 M464 0.03464182 24.9029 0.9751346 1.1028051 22.07943 0.82962734 decam -15.912087 15.784247 162 object IBIS_wide_M464_331224 331224 0.032465 924.0 1948.0 -0.2551424 1.0001283 0.0006231779 -0.025051223 -0.00055515114 0.9999347 15995302169 357.09805
/home/declsp/obsbot/rawdata/DECam_01479707.fits.fz N4 1479707 394.3077 61174.10779496 1.13 199.92774952303648 -2.7661038331241525 199.93527083333333 -2.691 M464 0.03081008 24.839163 0.92142797 1.1279988 22.075487 0.9795599 decam -12.516598 20.704079 150 object IBIS_wide_M464_334210 334210 0.031213 924.0 1948.0 -0.18503448 1.0002011 0.0006333288 0.19848324 -0.00073175057 0.99995816 16202469511 402.53558
/home/declsp/obsbot/rawdata/DECam_01479708.fits.fz N4 1479708 356.0479 61174.11265877 1.13 201.8447640797928 -2.4201038361044973 201.85228333333333 -2.3449999999999998 M464 0.03847438 24.895933 0.9708879 1.0814434 22.100697 0.7924967 decam -16.457533 18.166742 155 object IBIS_wide_M464_331234 331234 0.037456 924.0 1948.0 -0.022756245 1.0000637 0.0007892311 0.14681001 -0.000856754 0.9999156 16169695293 449.27368
/home/declsp/obsbot/rawdata/DECam_01479709.fits.fz N4 1479709 114.5893 61174.11709962 1.12 203.36674709849254 -3.660103825414904 203.37427499999998 -3.585 M464 0.037676986 24.900982 0.9734127 1.0761343 22.09263 0.783282 decam -14.917433 17.733799 130 object IBIS_wide_M464_331226 331226 0.035653 924.0 1948.0 -0.18743232 1.0002037 0.0008603411 0.16238074 -0.0009279778 0.9999352 15605032365 146.29381
/home/declsp/obsbot/rawdata/DECam_01479710.fits.fz N4 1479710 373.638 61174.11873691 1.13 204.2417495166929 -2.7671038331155375 204.24927083333333 -2.692 M464 0.05335612 24.868158 0.94636625 1.1741817 22.07529 1.006239 decam -10.40109 27.588408 157 object IBIS_wide_M464_334215 334215 0.038918 924.0 1948.0 -0.13806827 1.0000218 0.0008844819 0.14518754 -0.0010340312 1.0000606 16149424669 371.32132
/home/declsp/obsbot/rawdata/DECam_01479711.fits.fz N4 1479711 374.1879 61174.12342535 1.13 204.47475954204782 -2.4861038355361167 204.48227916666667 -2.411 M464 0.0668368 24.812681 0.8992247 1.0987388 22.069397 0.9814553 decam -12.53041 20.037107 148 object IBIS_wide_M464_331230 331230 0.041622 924.0 1948.0 0.024565402 0.99991155 0.00088175765 0.12794155 -0.0008058662 1.0001631 16182458786 381.2582
/home/declsp/obsbot/rawdata/DECam_01479712.fits.fz N4 1479712 408.8177 61174.12812523 1.13 207.89476159439823 -2.0951038389025647 207.90227916666666 -2.02 M464 0.049888138 24.864393 0.9430903 1.1867146 22.112415 1.0001564 decam -16.737217 20.694538 152 object IBIS_wide_M464_334288 334288 0.048071 924.0 1948.0 -0.1633416 0.9999958 0.00093027763 0.23822753 -0.0011706761 0.9999298 16215622193 408.75375
/home/declsp/obsbot/rawdata/DECam_01479713.fits.fz N4 1479713 451.2175 61174.13317729 1.13 209.18276544422102 -2.1601038383430495 209.19028333333333 -2.085 M464 0.054136433 24.803991 0.8920561 1.0620865 22.09233 0.91252196 decam -12.688441 15.950151 157 object IBIS_wide_M464_334285 334285 0.051518 924.0 1948.0 -0.13989127 0.9999344 0.0009761899 0.25332677 -0.0009942817 1.0000193 16303808148 494.47302
/home/declsp/obsbot/rawdata/DECam_01479714.fits.fz N4 1479714 420.8376 61174.13871673 1.13 209.5877660542454 -2.0331038394362118 209.59528333333333 -1.958 M464 0.051336106 24.894335 0.9694601 1.1598091 22.107248 0.9084441 decam -17.52632 16.039642 179 object IBIS_wide_M464_331300 331300 0.054618 924.0 1948.0 -0.016656643 1.0000111 0.0010447494 0.12990214 -0.0011637044 1.0000286 16270691482 463.25095
/home/declsp/obsbot/rawdata/DECam_01479715.fits.fz N4 1479715 623.1166 61174.14390185 1.13 210.70576127755433 -2.16010383834305 210.71327916666667 -2.085 M464 0.072237656 24.894955 0.9700134 1.2626636 22.106943 1.0754763 decam -15.338562 16.119976 179 object IBIS_wide_M464_334284 334284 0.06469 924.0 1948.0 0.1396554 1.0001357 0.0011625349 0.039813455 -0.0010995753 1.0000558 17197139643 579.3866
/home/declsp/obsbot/rawdata/DECam_01479716.fits.fz N4 1479716 800.0 61174.15144449 1.13 212.54475791335827 -2.7571038332016973 212.55227916666666 -2.682 M464 0.062948026 24.882534 0.9589802 1.5141512 22.093956 1.6006129 decam -11.51378 27.40455 181 object IBIS_wide_M464_334268 334268 0.06247 924.0 1948.0 -0.07172055 1.0001776 0.0010832072 0.24502608 -0.001200526 1.0000187 17024247871 499.80856
/home/declsp/obsbot/rawdata/DECam_01479717.fits.fz N4 1479717 640.7164 61174.16102681 1.14 213.4967654886704 -2.151103838420523 213.50428333333335 -2.076 M464 0.06668299 24.893192 0.9704315 1.3855451 22.10548 1.3006046 decam -21.511778 33.08586 188 object IBIS_wide_M464_334269 334269 0.061081 924.0 1948.0 -0.35532776 1.0003244 0.0010925769 -0.11829988 -0.001424424 1.0001222 16810102541 492.62964
/home/declsp/obsbot/rawdata/DECam_01479718.fits.fz N4 1479718 582.4367 61174.16878139 1.15 214.13075960257143 -1.578103843351324 214.13827500000002 -1.5030000000000001 M464 0.05057245 24.887444 0.96729195 1.3686352 22.118591 1.2672086 decam -14.204971 39.178898 176 object IBIS_wide_M464_334272 334272 0.056162 924.0 1948.0 -0.2253063 1.0001253 0.0012311231 0.0742556 -0.0012592799 1.0001451 16671674369 459.62183
/home/declsp/obsbot/rawdata/DECam_01479719.fits.fz N4 1479719 639.1162 61174.17585235 1.13 215.44974419066685 -3.5071038267352597 215.45727083333333 -3.432 M464 0.049085923 24.884544 0.9607578 1.4884646 22.117798 1.507635 decam -14.17058 42.085075 198 object IBIS_wide_M464_334244 334244 0.057649 924.0 1948.0 0.022769878 0.9999924 0.0011671142 -0.025317298 -0.0012824081 0.99996465 16730280545 423.9197
/home/declsp/obsbot/rawdata/DECam_01479720.fits.fz N4 1479720 431.4773 61174.18354951 1.14 216.26475548116656 -3.11810383009034 216.27227916666666 -3.043 M464 0.066179335 24.884933 0.96307814 1.1693721 22.108856 0.9381994 decam -22.101797 45.913002 200 object IBIS_wide_M464_340257 340257 0.06358 924.0 1948.0 0.22226647 1.0000628 0.0012937555 0.17081428 -0.0010988902 1.000082 16232815928 459.89935
/home/declsp/obsbot/rawdata/DECam_01479721.fits.fz N4 1479721 238.7685 61174.19383717 1.11 219.83472633814475 -5.920103805848812 219.84227916666666 -5.845 M464 0.06209751 24.896547 0.9674558 1.1136072 22.077566 0.85735476 decam 1.1078179 2.852985 239 object IBIS_wide_M464_339938 339938 0.065033 924.0 1948.0 -0.07758768 1.0001476 0.0014074597 0.012087997 -0.0012728539 1.0000318 15890535218 278.4944
/home/declsp/obsbot/rawdata/DECam_01479722.fits.fz N4 1479722 157.999 61174.19693529 1.13 218.80273436215447 -5.300103811229842 218.81027916666667 -5.225 M464 0.068429984 24.896648 0.97152853 1.1169202 22.084587 0.8567345 decam -5.695068 -4.9036593 200 object IBIS_wide_M464_336954 336954 0.071112 924.0 1948.0 -0.39498934 1.0002402 0.0014068707 0.18989396 -0.0013505357 0.99998045 15931092183 184.42001
/home/declsp/obsbot/rawdata/DECam_01479723.fits.fz N4 1479723 580.5063 61174.19907383 1.14 220.21673733513975 -4.27410382011149 220.22427083333332 -4.199 M464 0.09130145 24.893568 0.9707669 1.1544052 22.077568 0.9262662 decam -6.180143 0.8741072 245 object IBIS_wide_M464_336958 336958 0.094489 924.0 1948.0 -0.18844704 1.0001357 0.0014007235 0.2086105 -0.0014103634 0.9999465 16711060748 626.7165
/home/declsp/obsbot/rawdata/DECam_01479724.fits.fz N4 1479724 466.3871 61174.20615398 1.15 223.7437596668533 -2.464103835725583 223.75127916666665 -2.3890000000000002 M464 0.08471052 24.877474 0.95845073 1.0850632 22.080809 0.8406495 decam -10.396632 -12.597687 252 object IBIS_wide_M464_337531 337531 0.084172 924.0 1948.0 0.06345767 1.0001222 0.0015141871 0.15261397 -0.0015642104 1.0000212 16332850334 554.79376
/home/declsp/obsbot/rawdata/DECam_01479725.fits.fz N4 1479725 460.037 61174.21187613 1.16 224.4167667011343 -1.889103840675496 224.42428333333334 -1.814 M464 0.062455226 24.89112 0.9725694 1.0419176 22.07932 0.75705445 decam 2.3326483 -16.35134 237 object IBIS_wide_M464_337542 337542 0.067099 924.0 1948.0 -0.26497784 1.0001359 0.0015348325 0.13470604 -0.0015791919 1.0000018 16373458819 607.667
/home/declsp/obsbot/rawdata/DECam_01479726.fits.fz N4 1479726 332.9479 61174.21752165 1.17 225.15076444928337 -1.3771038450802826 225.15827916666666 -1.302 M464 0.065468326 24.88306 0.9673597 1.0561761 22.088186 0.7830859 decam 1.1771996 -19.746359 207 object IBIS_wide_M464_337543 337543 0.065079 924.0 1948.0 -0.04509836 1.0001007 0.001491163 0.056326225 -0.0013845037 0.99990547 16131714875 425.1742
/home/declsp/obsbot/rawdata/DECam_01479727.fits.fz N4 1479727 374.4876 61174.22170676 1.18 224.80076824162015 -1.491103844099718 224.80828333333332 -1.416 M464 0.06622095 24.888006 0.97377455 1.0138955 22.068308 0.7284518 decam 5.8992167 -21.613945 214 object IBIS_wide_M464_340528 340528 0.063499 924.0 1948.0 0.14143993 0.99995565 0.0015181141 0.117361315 -0.0014346248 1.0001078 16196445931 514.08704
/home/declsp/obsbot/rawdata/DECam_01479728.fits.fz N4 1479728 290.2481 61174.22655259 1.2 231.32176429924044 1.4238961308373697 231.32927916666665 1.499 M464 0.056745935 24.89419 0.9833678 0.9564327 22.101198 0.6219445 decam 3.8121924 -16.326656 261 object IBIS_wide_M464_340493 340493 0.053455 924.0 1948.0 0.096322104 1.0001357 0.0017673454 0.20906456 -0.001687382 1.0000075 16022468288 466.67847
/home/declsp/obsbot/rawdata/DECam_01479729.fits.fz N4 1479729 284.7182 61174.23024516 1.2 232.8107674787773 1.6998961284630905 232.81828333333334 1.775 M464 0.04288019 24.894135 0.98331773 0.953533 22.111877 0.61220056 decam 2.688501 -22.704674 282 object IBIS_wide_M464_337513 337513 0.047912 924.0 1948.0 0.13592732 1.0000588 0.0017418232 0.16671036 -0.0017634991 1.0000712 16025016494 465.0734
/home/declsp/obsbot/rawdata/DECam_01479730.fits.fz N4 1479730 136.6191 61174.23385544 1.2 233.53276476248777 1.2738961321274935 233.54027916666666 1.349 M464 0.050477993 24.889149 0.9788122 0.92354906 22.10486 0.5834679 decam 3.2747617 -14.556492 250 object IBIS_wide_M464_337511 337511 0.054714 924.0 1948.0 -0.118507385 1.0001197 0.0018169163 0.37802544 -0.0018472364 1.0001358 15645340716 234.15015
/home/declsp/obsbot/rawdata/DECam_01479731.fits.fz N4 1479731 564.5666 61174.23587631 1.22 238.21074170814836 3.802896110341789 238.21827083333332 3.878 M464 0.15310816 24.825188 0.92661446 0.9738024 22.073162 0.75120425 decam 10.117201 -15.330015 326 object IBIS_wide_M464_340654 340654 0.11268 924.0 1948.0 -0.18431285 1.000039 0.0019282834 0.14294662 -0.002048039 1.0000955 16590506577 751.5487
/home/declsp/obsbot/rawdata/DECam_01479732.fits.fz N4 1479732 553.6863 61174.24274762 1.2 237.83075692220763 2.197896124177272 237.838275 2.273 M464 0.11839361 24.847855 0.9422844 0.9726812 22.060442 0.72730154 decam 3.5838392 -19.30496 313 object IBIS_wide_M464_337663 337663 0.11273 924.0 1948.0 -0.4097901 1.0001575 0.001834265 0.23019624 -0.0018839798 1.0000793 16747304862 761.28845
/home/declsp/obsbot/rawdata/DECam_01479733.fits.fz N4 1479733 581.3962 61174.2494902 1.21 238.8607619720015 2.0148961257524793 238.86827916666667 2.09 M464 0.09115931 24.690075 0.8165106 0.9873005 22.037148 1.0237187 decam -0.78781986 -18.625801 319 object IBIS_wide_M464_340643 340643 0.09608 924.0 1948.0 0.11498319 0.99999297 0.0019728397 0.4634706 -0.0020015978 1.0000787 16637142076 567.9257
/home/declsp/obsbot/rawdata/DECam_01479734.fits.fz N4 1479734 384.4875 61174.25654839 1.22 241.57374728480602 3.0988961164154953 241.58127083333335 3.174 M464 0.10224712 24.804688 0.9092827 0.9257585 22.07556 0.70368093 decam 2.661163 -19.500227 408 object IBIS_wide_M464_340656 340656 0.087869 924.0 1948.0 -0.1851938 1.0001208 0.001956528 0.30137742 -0.0019507455 0.9999925 16195050715 546.39465
