logs/db-2025-03-27.ecsv
# %ECSV 1.0
# ---
# datatype:
# - {name: filename, datatype: string}
# - {name: extension, datatype: string}
# - {name: expnum, datatype: int64}
# - {name: exptime, datatype: float32}
# - {name: mjd_obs, datatype: float64}
# - {name: airmass, datatype: float32}
# - {name: racenter, datatype: float64}
# - {name: deccenter, datatype: float64}
# - {name: rabore, datatype: float64}
# - {name: decbore, datatype: float64}
# - {name: band, datatype: string}
# - {name: ebv, datatype: float32}
# - {name: zeropoint, datatype: float32}
# - {name: transparency, datatype: float32}
# - {name: seeing, datatype: float32}
# - {name: sky, datatype: float32}
# - {name: expfactor, datatype: float32}
# - {name: camera, datatype: string}
# - {name: dx, datatype: float32}
# - {name: dy, datatype: float32}
# - {name: nmatched, datatype: int64}
# - {name: obstype, datatype: string}
# - {name: object, datatype: string}
# - {name: tileid, datatype: int64}
# - {name: tileebv, datatype: float32}
# - {name: affine_x0, datatype: float32}
# - {name: affine_y0, datatype: float32}
# - {name: affine_dx, datatype: float32}
# - {name: affine_dxx, datatype: float32}
# - {name: affine_dxy, datatype: float32}
# - {name: affine_dy, datatype: float32}
# - {name: affine_dyx, datatype: float32}
# - {name: affine_dyy, datatype: float32}
# - {name: checksum, datatype: string}
# - {name: efftime, datatype: float32}
# schema: astropy-2.0
filename extension expnum exptime mjd_obs airmass racenter deccenter rabore decbore band ebv zeropoint transparency seeing sky expfactor camera dx dy nmatched obstype object tileid tileebv affine_x0 affine_y0 affine_dx affine_dxx affine_dxy affine_dy affine_dyx affine_dyy checksum efftime
[from data line 44]
rawdata/DECam_01374786.fits.fz N4 1374786 500.0 60762.22338118 1.11 188.41672256810014 -5.576103808835827 188.42427083333334 -5.501 M517 0.05848242 25.02939 1.017214 1.3550556 21.431053 2.0608962 decam -19.819233 21.6741 157 object IBIS_wide_M517_534426 534426 0.036778 924.0 1948.0 -0.00071465847 1.0002971 -6.222737e-05 0.06317938 0.00019908758 1.0000389 17507192972 242.61292
rawdata/DECam_01374787.fits.fz N4 1374787 500.0 60762.22954682 1.11 190.9337293692813 -5.019103813665034 190.94127083333333 -4.944 M517 0.021681162 25.040056 1.0272564 1.3639039 21.445919 2.0194018 decam -4.427552 12.061147 170 object IBIS_wide_M517_531421 531421 0.027079 924.0 1948.0 -0.010408881 1.0004478 -7.6107746e-05 0.045422576 8.286601e-05 0.99990815 17910336544 247.59807
rawdata/DECam_01374788.fits.fz N4 1374788 500.0 60762.23568174 1.12 190.23172783492805 -5.150103812530036 190.23927083333334 -5.075 M517 0.023845643 25.02163 1.0115885 1.6280272 21.436464 3.001425 decam 5.813583 5.977419 156 object IBIS_wide_M517_534428 534428 0.025313 924.0 1948.0 -0.06952334 0.9998305 3.9648417e-05 0.15068455 0.00017119745 1.000013 17495401866 166.58754
rawdata/DECam_01374789.fits.fz N4 1374789 500.0 60762.24183082 1.13 190.5007406622139 -4.756103815942332 190.50827916666668 -4.681 M517 0.028645627 25.04549 1.035725 1.5425782 21.430845 2.5924084 decam 4.5908823 4.713519 172 object IBIS_wide_M517_531443 531443 0.026983 924.0 1948.0 -0.07478521 1.0001601 -9.430615e-06 0.06777851 0.00013891586 1.0000086 17488837880 192.87085
rawdata/DECam_01374790.fits.fz N4 1374790 482.0975 60762.24797956 1.13 193.70774287836326 -4.549103817733502 193.71527916666668 -4.474 M517 0.021930167 25.0441 1.0343982 1.3521222 21.439894 1.9809507 decam 7.5931897 6.8257914 148 object IBIS_wide_M517_534417 534417 0.022967 924.0 1948.0 -0.13834271 1.000246 4.0551615e-05 -0.0064302078 7.7356315e-05 0.9999908 18454303075 243.36673
rawdata/DECam_01374791.fits.fz N4 1374791 500.0 60762.25391287 1.13 192.04072030790078 -5.7491038073340865 192.04827083333333 -5.6739999999999995 M517 0.03221895 25.03461 1.0253979 1.3712113 21.433233 2.0858765 decam 11.969509 2.771628 153 object IBIS_wide_M517_534405 534405 0.029078 924.0 1948.0 0.110582136 1.000103 -0.000109812514 -0.009402977 7.4986e-05 1.0001053 17690256902 239.7074
rawdata/DECam_01374792.fits.fz N4 1374792 500.0 60762.26006271 1.13 193.69672009531848 -5.765103807195152 193.70427083333334 -5.6899999999999995 M517 0.033527233 25.031689 1.0226411 1.5297871 21.459755 2.5465822 decam 8.501395 12.699413 145 object IBIS_wide_M517_534410 534410 0.031087 924.0 1948.0 -0.22582208 1.0000052 0.00036600642 0.12820578 -6.8297784e-05 0.99997187 17403622188 196.34158
rawdata/DECam_01374793.fits.fz N4 1374793 500.0 60762.26619781 1.14 195.18872446129868 -5.750103807325405 195.196275 -5.675 M517 0.03240866 25.035322 1.0277154 1.5518514 21.444096 2.6408231 decam 7.080497 8.126985 167 object IBIS_wide_M517_534409 534409 0.03345 924.0 1948.0 -0.13956758 1.000223 0.00015496122 0.005984865 0.00016765019 0.9999711 17482440144 189.3349
rawdata/DECam_01374794.fits.fz N4 1374794 500.0 60762.27234994 1.13 198.35773240283618 -5.458103809859626 198.36527916666668 -5.383 M517 0.04092491 25.029345 1.0204357 1.5815858 21.450405 2.7571871 decam 3.3792558 12.415871 149 object IBIS_wide_M517_531217 531217 0.03807 924.0 1948.0 -0.02542691 1.0000741 0.00034834727 0.10689578 -0.00025190966 1.0000803 17514973697 181.34424
rawdata/DECam_01374795.fits.fz N4 1374795 500.0 60762.27851261 1.14 199.38972620133524 -5.9301038057619255 199.39727916666666 -5.855 M517 0.037821397 25.030767 1.0234127 1.5729239 21.446096 2.730777 decam 6.472899 13.507714 193 object IBIS_wide_M517_534197 534197 0.039737 924.0 1948.0 -0.070935845 1.0001545 0.00040212006 0.078280404 -0.00022683603 1.0001199 17406585555 183.09807
rawdata/DECam_01374796.fits.fz N4 1374796 500.0 60762.2846508 1.14 200.61072869428585 -5.74510380736882 200.61827916666667 -5.67 M517 0.03348011 25.038591 1.0308149 1.4759662 21.44259 2.3780768 decam 1.1046708 11.888541 175 object IBIS_wide_M517_534196 534196 0.036798 924.0 1948.0 -0.14998557 0.99989754 0.0003131715 0.059885893 -0.00026537594 1.0000242 17400944917 210.25392
rawdata/DECam_01374797.fits.fz N4 1374797 500.0 60762.29080393 1.16 201.42573163264169 -5.181103812261379 201.43327499999998 -5.106 M517 0.035259545 25.026812 1.0229648 1.6118239 21.430696 2.929607 decam -2.3258765 15.254863 159 object IBIS_wide_M517_534199 534199 0.035102 924.0 1948.0 -0.16128439 1.0004911 0.00056272664 0.2212889 -0.00049887755 0.9999699 17421083652 170.67137
rawdata/DECam_01374798.fits.fz N4 1374798 500.0 60762.29696561 1.15 203.92972260667548 -5.57310380886186 203.93727083333334 -5.498 M517 0.026010333 25.028671 1.0230771 1.428344 21.438063 2.2778263 decam -4.0683703 15.593804 158 object IBIS_wide_M517_531201 531201 0.028347 924.0 1948.0 -0.084503844 1.0001656 0.0005406324 0.08717763 -0.0007119313 1.0000527 17430710880 219.5075
rawdata/DECam_01374799.fits.fz N4 1374799 500.0 60762.30313121 1.17 204.11973204903813 -5.146103812564698 204.127275 -5.071 M517 0.028891226 25.027918 1.0256491 1.6247051 21.413548 3.0178106 decam -0.71617883 20.184912 181 object IBIS_wide_M517_534187 534187 0.028045 924.0 1948.0 -0.28259215 1.000233 0.00044114335 0.17630768 -0.0005026108 0.9999994 17428379790 165.68303
rawdata/DECam_01374800.fits.fz N4 1374800 500.0 60762.30928061 1.17 205.56673225164045 -5.470103809755528 205.57427916666666 -5.395 M517 0.026246222 25.023186 1.0211895 1.7290695 21.411797 3.453061 decam -8.067965 20.39392 171 object IBIS_wide_M517_531196 531196 0.027443 924.0 1948.0 -0.09730164 1.0000184 0.0006382411 0.03960129 -0.0005955899 1.0001227 17537852923 144.79906
rawdata/DECam_01374801.fits.fz N4 1374801 500.0 60762.31542031 1.18 208.2487456193111 -4.27910382006827 208.25627916666667 -4.204 M517 0.028054979 25.02277 1.022435 1.4017278 21.418032 2.2591066 decam -8.030521 18.698017 185 object IBIS_wide_M517_531293 531293 0.030763 924.0 1948.0 -0.08907003 1.000609 0.0006639428 0.1284323 -0.0006997008 1.0000936 17434203580 221.32642
rawdata/DECam_01374802.fits.fz N4 1374802 500.0 60762.32157736 1.18 208.22872468338724 -5.409103810284642 208.23627083333335 -5.334 M517 0.03260009 25.023134 1.0227779 1.34563 21.404264 2.1072843 decam -5.4796734 18.945686 173 object IBIS_wide_M517_531112 531112 0.027725 924.0 1948.0 0.0115542365 1.000453 0.0006800632 -0.00587453 -0.0005819421 1.0000225 17498254925 237.2722
rawdata/DECam_01374803.fits.fz N4 1374803 500.0 60762.32772718 1.19 208.11770843977152 -6.582103800089879 208.12527083333333 -6.507 M517 0.024916114 25.010798 1.0128442 1.3969039 21.379757 2.375933 decam -10.11186 15.858693 179 object IBIS_wide_M517_531109 531109 0.028444 924.0 1948.0 -0.16661534 1.0001377 0.0005936076 -0.08484862 -0.000633855 1.0000684 17510457359 210.44365
rawdata/DECam_01374804.fits.fz N4 1374804 500.0 60762.3338798 1.2 209.88571587038547 -6.3641038019879455 209.893275 -6.289 M517 0.0373841 25.002155 1.0064267 1.5727276 21.391794 3.0254369 decam -6.111313 13.344601 176 object IBIS_wide_M517_534090 534090 0.029808 924.0 1948.0 -0.24810576 1.0000246 0.0008293985 0.05433681 -0.00068734225 1.0001519 17510457758 165.26538
rawdata/DECam_01374805.fits.fz N4 1374805 500.0 60762.34003111 1.21 211.5187245273058 -6.051103804710349 211.52627916666665 -5.976 M517 0.022022488 25.010103 1.0154476 1.4663546 21.390759 2.5946603 decam -1.7304155 11.29532 209 object IBIS_wide_M517_531260 531260 0.026742 924.0 1948.0 -0.060065314 1.0001917 0.0007841363 0.15288754 -0.0007921986 1.0000387 17709941606 192.70345
rawdata/DECam_01374806.fits.fz N4 1374806 500.0 60762.34617204 1.21 212.40271153455433 -6.652103799480058 212.410275 -6.577 M517 0.033610657 24.986532 0.99363923 1.3114742 21.362082 2.2262704 decam -7.168499 11.789214 233 object IBIS_wide_M517_531251 531251 0.029577 924.0 1948.0 0.0630075 1.000184 0.0009253236 0.031648375 -0.00074064126 1.0000855 17599196427 224.59087
rawdata/DECam_01374807.fits.fz N4 1374807 489.1375 60762.35233743 1.22 214.01071727213707 -6.268103802823276 214.018275 -6.193 M517 0.03566059 24.968904 0.9792061 1.233238 21.295988 2.1615894 decam -1.9492891 12.819218 214 object IBIS_wide_M517_534238 534238 0.037386 924.0 1948.0 -0.18995419 1.0002339 0.00081174215 -0.002194845 -0.00078222586 1.0000854 17678018690 226.28603
rawdata/DECam_01374808.fits.fz N4 1374808 500.0 60762.35834856 1.23 215.99472643377158 -5.913103805909631 216.00227916666665 -5.838 M517 0.04497378 24.981422 0.9921493 1.2474945 21.372095 2.0150425 decam -6.1744957 16.217285 237 object IBIS_wide_M517_539935 539935 0.046132 924.0 1948.0 -0.08193929 1.0000614 0.0009933274 0.14456902 -0.00086224783 1.0000508 17526759586 248.13373
rawdata/DECam_01374809.fits.fz N4 1374809 500.0 60762.36448853 1.24 217.2477260887398 -5.62610380840189 217.25527499999998 -5.551 M517 0.050454468 25.008186 1.0185415 1.2230215 21.361767 1.8613291 decam 1.7242634 12.039121 210 object IBIS_wide_M517_536959 536959 0.054035 924.0 1948.0 -0.0105726095 1.0001366 0.0009723767 0.02490987 -0.00092049676 1.0001801 17693230319 268.62524
rawdata/DECam_01374810.fits.fz N4 1374810 500.0 60762.37065405 1.25 218.4537244612987 -5.750103807325404 218.461275 -5.675 M517 0.05934856 25.01079 1.022624 1.14342 21.365639 1.6137636 decam 2.4785903 11.174436 242 object IBIS_wide_M517_539939 539939 0.063807 924.0 1948.0 -0.014094716 1.0002786 0.0010258515 0.12196884 -0.00074849563 1.0000682 17540459360 309.83475
rawdata/DECam_01374811.fits.fz N4 1374811 500.0 60762.37680157 1.26 218.79071402470626 -6.760103798538849 218.79827916666667 -6.6850000000000005 M517 0.067581825 25.000153 1.0142778 1.4085516 21.359808 2.509182 decam 1.6394414 11.444034 220 object IBIS_wide_M517_536951 536951 0.065815 924.0 1948.0 -0.104589164 1.000258 0.0011016456 0.2978162 -0.0009973668 1.0002732 17555272572 199.26813
rawdata/DECam_01374812.fits.fz N4 1374812 500.0 60762.38295792 1.28 220.89072456922702 -6.048103804736427 220.89827916666667 -5.973 M517 0.06456464 25.009848 1.0266608 1.3666061 21.32632 2.3930202 decam -0.14855976 5.3355494 218 object IBIS_wide_M517_536939 536939 0.063568 924.0 1948.0 -0.37380514 1.0001061 0.0010538126 0.10556215 -0.0010345075 1.0001858 17656224970 208.94098
rawdata/DECam_01374813.fits.fz N4 1374813 500.0 60762.3891201 1.3 222.7477426265263 -4.573103817525885 222.75527916666667 -4.498 M517 0.084769025 24.97841 1.0005629 1.2151942 21.351997 1.958772 decam 0.9003857 7.3781824 232 object IBIS_wide_M517_540426 540426 0.08663 924.0 1948.0 -0.2781597 1.0003074 0.0012239115 -0.013923201 -0.0011721274 1.000264 17580371890 255.26198
rawdata/DECam_01374814.fits.fz N4 1374814 150.0 60762.39583869 1.19 219.89283683787406 -26.697103609240866 219.90124583333332 -26.622 M517 0.09969779 24.900404 0.9149246 1.1573938 21.237555 2.2798893 decam -28.641335 -2.4042149 447 object "NGC5694 M517" 0 0.0 924.0 1948.0 0.050249882 1.0001128 0.00125504 -0.028595446 -0.0011273734 1.0001597 16677528136 65.79266
rawdata/DECam_01374815.fits.fz N4 1374815 150.0 60762.39796248 1.2 220.1978439159541 -26.71410360905774 220.20625416666667 -26.639 M517 0.10213117 24.855627 0.87936854 1.2153028 21.28329 2.6168036 decam -20.57002 -13.049721 467 object "NGC5694 M517" 0 0.0 924.0 1948.0 -0.25242573 1.0000778 0.0012770793 0.09314005 -0.0013937553 1.0001769 16159489652 57.32184
rawdata/DECam_01374816.fits.fz N4 1374816 150.0 60762.40005602 1.21 219.89283683787406 -26.697103609240866 219.90124583333332 -26.622 M438 0.09969779 24.744022 1.0105102 1.2096174 21.459185 1.7403314 decam -23.747122 -15.955491 379 object "NGC5694 M438" 0 0.0 924.0 1948.0 0.0011623282 1.0000854 0.0012747445 -0.003592383 -0.0013138413 1.0000625 16259201480 86.19048
rawdata/DECam_01374818.fits.fz N4 1374818 150.0 60762.40291339 1.22 220.1978439159541 -26.71410360905774 220.20625416666667 -26.639 M438 0.10213117 24.721035 0.99183124 1.2338063 21.39132 2.0106514 decam -21.273275 -23.082052 392 object "NGC5694 M438" 0 0.0 924.0 1948.0 -0.3269607 1.0000038 0.0013324649 0.13004361 -0.0013483334 1.0002431 15930673181 74.60269
rawdata/DECam_01374819.fits.fz N4 1374819 150.0 60762.40503216 1.23 220.1378605855672 -26.487103611498394 220.14625416666667 -26.412 M438 0.105431914 24.74556 1.017045 1.2647074 21.231628 2.339075 decam -26.798033 -33.184246 372 object "NGC5694 M438" 0 0.0 924.0 1948.0 -0.16971079 1.0001366 0.0012421984 0.27297965 -0.0013770901 1.00016 16193799816 64.12791
rawdata/DECam_01374820.fits.fz N4 1374820 150.0 60762.40714599 1.24 219.89283683787406 -26.697103609240866 219.90124583333332 -26.622 M490 0.09969779 24.991098 1.0552403 1.2131041 20.892933 2.6544046 decam -21.51142 -32.859375 427 object "NGC5694 M490" 0 0.0 924.0 1948.0 0.0058863168 1.0000315 0.0013022852 0.029635178 -0.001185894 1.0001547 16935271037 56.509846
rawdata/DECam_01374821.fits.fz N4 1374821 150.0 60762.4092276 1.25 220.1978439159541 -26.71410360905774 220.20625416666667 -26.639 M490 0.10213117 24.916355 0.98682904 1.3581784 20.56834 5.14715 decam -22.363617 -36.99899 422 object "NGC5694 M490" 0 0.0 924.0 1948.0 -0.30519113 1.0000691 0.0013331916 0.10559778 -0.0014537473 1.0001553 16735229748 29.14234
rawdata/DECam_01374822.fits.fz N4 1374822 150.0 60762.41131904 1.26 219.89283683787406 -26.697103609240866 219.90124583333332 -26.622 M464 0.09969779 24.443645 0.6574307 1.3351108 19.923616 20.623657 decam -25.290092 -43.67627 303 object "NGC5694 M464" 0 0.0 924.0 1948.0 -0.11079089 1.0001235 0.001330265 0.022111611 -0.001149792 1.0001748 17952054038 7.273201
rawdata/DECam_01374823.fits.fz N4 1374823 150.0 60762.41341547 1.27 220.1978439159541 -26.71410360905774 220.20625416666667 -26.639 M464 0.10213117 24.013412 0.44324988 1.3582629 19.33741 80.899826 decam -17.273859 -41.832523 237 object "NGC5694 M464" 0 0.0 924.0 1948.0 -0.5123942 1.0001493 0.0013329615 -0.030192174 -0.0012954153 1.0001615 19262661922 1.8541448
rawdata/DECam_01374824.fits.fz N4 1374824 10.0 60762.41713551 1.12 234.74059043331735 -28.58528747744383 234.74914583333333 -28.51018388888889 M464 0.11379964 24.148464 0.486732 1.39198 18.728807 116.0422 decam -31.610422 -31.469421 212 object "LTT6248 M464 N4" 0 0.0 924.0 1948.0 -0.35015061 1.0002862 0.0016802065 0.011508266 -0.0014581303 1.0001235 15829025718 0.086175546
rawdata/DECam_01374825.fits.fz N4 1374825 10.0 60762.41759746 1.12 234.7405770094025 -28.749586642275986 234.74914583333333 -28.674483055555555 M464 0.12067735 24.112577 0.47090682 1.4724461 18.593344 157.132 decam -26.924 -22.505808 170 object "LTT6248 M464 S4" 0 0.0 924.0 1948.0 -0.25494307 0.9995965 0.0017746505 0.13590969 -0.001507908 1.0002006 15884780559 0.063640766
rawdata/DECam_01374826.fits.fz N4 1374826 30.0 60762.41803962 1.12 234.7405770094025 -28.749586642275986 234.74914583333333 -28.674483055555555 M464 0.12067735 23.752563 0.33800995 1.578227 18.347473 439.3581 decam -30.44937 -29.512882 183 object "LTT6248 M464 S4" 0 0.0 924.0 1948.0 -0.2889181 0.9996472 0.0015869668 0.33515763 -0.0012583255 1.0002002 17294917540 0.06828143
rawdata/DECam_01374827.fits.fz N4 1374827 4.0 60762.41875347 1.12 234.74059043331735 -28.58528747744383 234.74914583333333 -28.51018388888889 g 0.11379964 25.27627 0.29831013 1.7376198 18.153982 1583.966 decam -40.967 -25.030853 142 object "LTT6248 g N4" 0 0.0 924.0 1948.0 -0.6245423 1.0006511 0.0016879016 0.14958592 -0.0013155366 1.000065 16772347613 0.0025253068
rawdata/DECam_01374828.fits.fz N4 1374828 4.0 60762.41913174 1.12 234.7405770094025 -28.749586642275986 234.74914583333333 -28.674483055555555 r 0.12067735 25.615461 0.3340294 1.3424219 17.334885 460.20886 decam -35.342224 -29.701368 216 object "LTT6248 r S4" 0 0.0 924.0 1948.0 -0.3903593 0.9998957 0.0016176351 0.30817658 -0.0011786073 1.0000352 18964020230 0.008691706
