logs/db-2026-02-19.ecsv
# %ECSV 1.0
# ---
# datatype:
# - {name: filename, datatype: string}
# - {name: extension, datatype: string}
# - {name: expnum, datatype: int64}
# - {name: exptime, datatype: float32}
# - {name: mjd_obs, datatype: float64}
# - {name: airmass, datatype: float32}
# - {name: racenter, datatype: float64}
# - {name: deccenter, datatype: float64}
# - {name: rabore, datatype: float64}
# - {name: decbore, datatype: float64}
# - {name: band, datatype: string}
# - {name: ebv, datatype: float32}
# - {name: zeropoint, datatype: float32}
# - {name: transparency, datatype: float32}
# - {name: seeing, datatype: float32}
# - {name: sky, datatype: float32}
# - {name: expfactor, datatype: float32}
# - {name: camera, datatype: string}
# - {name: dx, datatype: float32}
# - {name: dy, datatype: float32}
# - {name: nmatched, datatype: int64}
# - {name: obstype, datatype: string}
# - {name: object, datatype: string}
# - {name: tileid, datatype: int64}
# - {name: tileebv, datatype: float32}
# - {name: affine_x0, datatype: float32}
# - {name: affine_y0, datatype: float32}
# - {name: affine_dx, datatype: float32}
# - {name: affine_dxx, datatype: float32}
# - {name: affine_dxy, datatype: float32}
# - {name: affine_dy, datatype: float32}
# - {name: affine_dyx, datatype: float32}
# - {name: affine_dyy, datatype: float32}
# - {name: checksum, datatype: string}
# - {name: efftime, datatype: float32}
# schema: astropy-2.0
filename extension expnum exptime mjd_obs airmass racenter deccenter rabore decbore band ebv zeropoint transparency seeing sky expfactor camera dx dy nmatched obstype object tileid tileebv affine_x0 affine_y0 affine_dx affine_dxx affine_dxy affine_dy affine_dyx affine_dyy checksum efftime
/home/declsp/obsbot/rawdata/DECam_01458217.fits.fz N4 1458217 35.0 61091.20854884 1.09 159.11670653516134 -6.969103796716235 159.124275 -6.894 M464 0.057808295 24.69282 0.798649 1.1265553 21.637527 2.8947873 decam -20.800598 38.414703 67 object "pointing test" 0 0.0 924.0 1948.0 0.535865 1.0001711 -0.000915671 0.07367348 0.0008645735 0.9998678 15464910415 12.090698
/home/declsp/obsbot/rawdata/DECam_01458218.fits.fz N4 1458218 800.0 61091.21058526 1.1 161.16971941694794 -6.40610380162239 161.17727916666666 -6.331 M464 0.03941899 24.583618 0.723715 1.0559183 21.671112 2.6444607 decam 8.873799 -16.728825 132 object IBIS_wide_M464_328167 328167 0.040907 924.0 1948.0 0.0005465898 1.0003014 -0.00085773197 -0.06405817 0.00070176343 1.0000851 17771656917 302.51917
/home/declsp/obsbot/rawdata/DECam_01458219.fits.fz N4 1458219 800.0 61091.22019058 1.09 162.5667133649741 -6.532103800525359 162.574275 -6.457 M464 0.02396943 24.527174 0.68564254 0.9626948 21.65405 2.2196116 decam 22.424429 -25.925928 149 object IBIS_wide_M464_328162 328162 0.028719 924.0 1948.0 0.070529684 1.0003628 -0.00082548836 -0.23939326 0.000820744 1.0001277 17811809142 360.4234
/home/declsp/obsbot/rawdata/DECam_01458220.fits.fz N4 1458220 601.7059 61091.2297797 1.09 163.71371523829274 -6.682103799218653 163.72127916666668 -6.607 M464 0.025596201 24.688675 0.7956063 0.9673356 21.691813 1.6262461 decam 25.452415 -22.065132 168 object IBIS_wide_M464_325217 325217 0.027846 924.0 1948.0 0.012507076 1.0001585 -0.0008052636 -0.11928629 0.00094900787 1.0000662 17191661780 369.99683
/home/declsp/obsbot/rawdata/DECam_01458221.fits.fz N4 1458221 573.9861 61091.23720673 1.1 168.81672392410815 -6.094103804336536 168.82427916666666 -6.019 M464 0.034062598 24.817009 0.89727104 0.98584604 21.725893 1.3727374 decam 24.784033 -30.473711 135 object IBIS_wide_M464_325203 325203 0.038966 924.0 1948.0 -0.09431918 1.0000924 -0.0005321892 -0.087230794 0.0004821165 1.0000763 17337771924 418.13248
/home/declsp/obsbot/rawdata/DECam_01458222.fits.fz N4 1458222 800.0 61091.24414938 1.1 169.99971623589374 -6.048103804736426 170.00727083333334 -5.973 M464 0.035959356 24.492588 0.6655104 0.994817 21.665787 2.722095 decam 22.708294 -24.504515 126 object IBIS_wide_M464_325202 325202 0.04057 924.0 1948.0 0.07172384 1.0002817 -0.00051587186 -0.010431885 0.00069839886 0.99995536 17814610453 293.8913
/home/declsp/obsbot/rawdata/DECam_01458223.fits.fz N4 1458223 800.0 61091.25389641 1.1 176.40271153455436 -6.6521037994800585 176.410275 -6.577 M464 0.03139409 24.320446 0.5679349 2.4331675 21.662615 21.65981 decam 16.031624 -25.327188 117 object IBIS_wide_M464_325259 325259 0.035685 924.0 1948.0 -0.019009704 1.0002229 -0.00026701204 -0.76320475 0.00019424727 1.0000806 18108520384 36.93477
/home/declsp/obsbot/rawdata/DECam_01458224.fits.fz N4 1458224 800.0 61091.26349475 1.09 176.80171575259143 -6.372103801918321 176.809275 -6.297 M464 0.03330256 24.091545 0.45903563 1.095838 21.672924 6.7367067 decam 21.667288 -26.677227 150 object IBIS_wide_M464_328245 328245 0.031458 924.0 1948.0 1.5465007 1.0001382 -0.00030155762 1.3404962 0.00015707553 0.9999299 17750588912 118.75239
/home/declsp/obsbot/rawdata/DECam_01458225.fits.fz N4 1458225 800.0 61091.27307009 1.1 174.57072743764195 -5.839103806552476 174.57827916666668 -5.764 M464 0.042334914 24.42636 0.62612915 1.0881366 21.683771 3.786005 decam 15.638325 -11.4344845 124 object IBIS_wide_M464_328255 328255 0.045617 924.0 1948.0 0.009903048 1.0001382 -0.00028800484 -0.10541316 0.00044147312 1.0000105 17755417639 211.30452
/home/declsp/obsbot/rawdata/DECam_01458226.fits.fz N4 1458226 800.0 61091.28338036 1.09 183.0847199634485 -6.369103801944428 183.09227916666666 -6.294 M464 0.05514307 24.5155 0.67830944 1.5284369 21.665604 7.056136 decam 22.123726 -24.159145 112 object IBIS_wide_M464_333945 333945 0.045203 924.0 1948.0 0.109997176 1.0002296 5.492202e-05 -0.057023246 0.00017419946 1.0000751 17853632697 113.376495
/home/declsp/obsbot/rawdata/DECam_01458227.fits.fz N4 1458227 620.7057 61091.29299994 1.09 185.9657119388539 -6.348103802127189 185.97327083333332 -6.273 M464 0.023679154 24.71421 0.814539 0.95750463 21.777203 1.3861308 decam 18.163595 -26.680565 171 object IBIS_wide_M464_333931 333931 0.027758 924.0 1948.0 -0.08428174 1.0001861 0.00012910791 -0.12361826 -7.264159e-05 1.0000645 17104374169 447.79733
/home/declsp/obsbot/rawdata/DECam_01458228.fits.fz N4 1458228 633.5657 61091.30051277 1.1 186.6487270051145 -5.87110380627451 186.65627916666668 -5.796 M464 0.03011672 24.570337 0.7149161 0.95893264 21.772095 1.9064182 decam 12.353764 -13.523486 158 object IBIS_wide_M464_333932 333932 0.032099 924.0 1948.0 -0.17691588 0.9999431 7.905363e-05 0.25125217 8.673376e-05 1.0002974 17123130173 332.333
/home/declsp/obsbot/rawdata/DECam_01458229.fits.fz N4 1458229 426.497 61091.30816335 1.1 187.02373245315982 -5.454103809894322 187.03127916666665 -5.379 M464 0.030007754 24.735142 0.83210266 0.9364921 21.787937 1.32187 decam 1.5704095 -9.561579 147 object IBIS_wide_M464_331446 331446 0.038672 924.0 1948.0 -0.15512185 1.0002459 0.00021409913 0.07031644 -0.00017464654 1.0000799 16537867918 322.64673
/home/declsp/obsbot/rawdata/DECam_01458230.fits.fz N4 1458230 486.2667 61091.31342553 1.11 187.41472789422644 -5.145103812573365 187.42227083333333 -5.07 M464 0.044895183 24.742805 0.83972013 0.9431514 21.788286 1.469823 decam 6.4614596 -3.2895496 160 object IBIS_wide_M464_334432 334432 0.04177 924.0 1948.0 -0.03581084 1.0001765 0.00017284813 0.095428765 -0.00022253089 1.0000715 16698814025 330.8335
/home/declsp/obsbot/rawdata/DECam_01458231.fits.fz N4 1458231 800.0 61091.31952399 1.11 192.6517456193111 -4.279103820068271 192.65927916666666 -4.204 M464 0.025208868 24.32448 0.571221 1.0408479 21.729761 3.5450532 decam 8.882815 -3.4283276 170 object IBIS_wide_M464_331433 331433 0.025634 924.0 1948.0 -0.07838372 1.0003309 0.0004760777 0.17254354 -0.00016135062 1.000147 17641967872 225.66656
/home/declsp/obsbot/rawdata/DECam_01458232.fits.fz N4 1458232 800.0 61091.32913429 1.12 189.47873277574607 -4.715103816297188 189.48627083333335 -4.64 M464 0.024735304 23.313494 0.22558056 1.8580816 21.693323 74.84812 decam 15.9580965 6.4460464 83 object IBIS_wide_M464_334430 334430 0.029325 924.0 1948.0 -0.08534428 1.0002404 0.0003401394 0.7876254 -0.0017256566 0.9997255 17693684062 10.688311
/home/declsp/obsbot/rawdata/DECam_01458233.fits.fz N4 1458233 491.3267 61091.33904556 1.12 199.3417530976824 -3.435103827356453 199.34927916666666 -3.36 M464 0.042291112 24.745426 0.84347945 1.0133171 21.812654 1.6199574 decam 16.464521 -1.9172821 157 object IBIS_wide_M464_334209 334209 0.034311 924.0 1948.0 0.07212004 1.0002517 0.0006042915 0.17733781 -0.00068754837 0.99999577 16655979472 303.29605
/home/declsp/obsbot/rawdata/DECam_01458234.fits.fz N4 1458234 800.0 61091.34505986 1.11 201.07274586454093 -4.254103820284368 201.08027916666666 -4.179 M464 0.054777544 24.491503 0.6662134 2.5135221 21.751055 18.374908 decam 10.818499 5.689849 112 object IBIS_wide_M464_331216 331216 0.038779 924.0 1948.0 -0.31982014 0.99988705 0.0007067718 0.35014248 -0.00034275622 0.99981517 19267963935 43.537632
/home/declsp/obsbot/rawdata/DECam_01458235.fits.fz N4 1458235 525.3264 61091.35469399 1.12 204.56374756552157 -3.604103825898223 204.571275 -3.529 M464 0.038154397 24.746786 0.8445358 1.0570173 21.861872 1.6310834 decam 15.123744 -4.169673 168 object IBIS_wide_M464_331207 331207 0.035232 924.0 1948.0 -0.1468394 1.0002034 0.0009426917 0.15865557 -0.0009801831 1.0001326 16707955837 322.07208
/home/declsp/obsbot/rawdata/DECam_01458236.fits.fz N4 1458236 473.5668 61091.36107792 1.12 205.99374294022928 -3.6591038254235353 206.00127083333334 -3.584 M464 0.042122237 24.768267 0.86141187 1.1159053 21.869898 1.7839679 decam 14.937493 -4.298917 174 object IBIS_wide_M464_331206 331206 0.037674 924.0 1948.0 0.08137139 1.0001676 0.0009918669 0.14746097 -0.0007401604 1.0001196 16582218782 265.45703
/home/declsp/obsbot/rawdata/DECam_01458237.fits.fz N4 1458237 800.0 61091.36694225 1.12 210.31474694683652 -3.6781038252595386 210.322275 -3.6029999999999998 M464 0.050765593 24.146463 0.48583576 1.1496823 21.786627 6.83624 decam 13.302433 -18.847923 187 object IBIS_wide_M464_331273 331273 0.0503 924.0 1948.0 0.13646284 1.0004305 0.001116298 0.23394035 -0.001266585 1.0002208 17550776625 117.0234
/home/declsp/obsbot/rawdata/DECam_01458238.fits.fz N4 1458238 150.0 61091.37816611 1.63 242.71137648259804 15.003386011078886 242.71915416666667 15.07849 M464 0.031948935 24.752605 0.94284 1.3969043 21.812826 2.8179235 decam 18.700262 -22.007107 308 object "Pal14 position 6" 0 0.0 924.0 1948.0 -0.8374614 1.0003195 0.0023757694 1.0819496 -0.0027927614 1.0001384 15769924105 53.230686
/home/declsp/obsbot/rawdata/DECam_01458239.fits.fz N4 1458239 150.0 61091.38024097 1.61 242.68062265559902 14.762846013292627 242.68839166666663 14.83795 M464 0.036494657 23.650484 0.3402558 1.3273495 21.463354 27.619913 decam 13.501337 -20.815628 148 object "Pal14 position 7" 0 0.0 924.0 1948.0 -0.6002635 1.0005131 0.0023295246 0.19563678 -0.0025244288 1.0001508 15893290275 5.4308643
/home/declsp/obsbot/rawdata/DECam_01458240.fits.fz N4 1458240 150.0 61091.38233494 1.61 242.88536656762727 14.932144067290611 242.89314166666668 15.007248055555555 M464 0.035395764 22.166046 0.08670224 1.5935823 21.184963 785.7906 decam 19.691566 -12.01499 70 object "Pal14 position 8" 0 0.0 924.0 1948.0 -0.21240214 0.9998457 0.00225088 0.10167343 -0.0024526834 1.0001459 16052087114 0.19089055
/home/declsp/obsbot/rawdata/DECam_01458241.fits.fz N4 1458241 150.0 61091.38440304 1.59 242.59847457888375 14.941041011653132 242.60625 15.016145 M464 0.033571757 21.945156 0.07045156 1.389424 21.114058 945.7474 decam 18.276508 -19.694883 66 object "Pal14 position 9" 0 0.0 924.0 1948.0 -1.0254692 0.99947596 0.002639077 -0.04313181 -0.0016686551 1.0001247 16102518591 0.15860473
/home/declsp/obsbot/rawdata/DECam_01458242.fits.fz N4 1458242 150.0 61091.38647936 1.58 242.81575692934746 14.736501013534783 242.823525 14.811605 M464 0.035430316 22.131157 0.08344465 1.5514168 20.875391 1056.5417 decam 13.893106 -15.082084 68 object "Pal14 position 10" 0 0.0 924.0 1948.0 -1.108456 1.0002314 0.00245739 -0.5483814 -0.0023254857 1.0004052 16280209934 0.14197262
/home/declsp/obsbot/rawdata/DECam_01458243.fits.fz N4 1458243 150.0 61091.38855238 1.58 242.79746249688176 15.044161010703132 242.80524166666663 15.119265 M464 0.033133317 24.650204 0.8492149 1.2001622 20.791292 6.493585 decam 15.594033 -17.507473 193 object "Pal14 position 11" 0 0.0 924.0 1948.0 -0.07558449 1.0001796 0.0023799173 0.17911318 -0.0025597215 1.0001473 16366521837 23.09972
/home/declsp/obsbot/rawdata/DECam_01458244.fits.fz N4 1458244 150.0 61091.39062437 1.55 242.5867507084143 14.793982124117457 242.59452083333332 14.86908611111111 M464 0.037000854 24.683084 0.8699497 1.2850804 20.365183 10.663814 decam 19.675808 -15.769972 183 object "Pal14 position 12" 0 0.0 924.0 1948.0 -0.56106603 1.0006665 0.0022494742 0.60995954 -0.0026859518 1.000133 16845505591 14.066262
/home/declsp/obsbot/rawdata/DECam_01458246.fits.fz N4 1458246 15.0 61091.39887433 1.17 189.70078795747543 -49.79143632983654 189.712425 -49.71633305555556 M490 0.12849489 24.86973 0.9317261 1.1765841 18.877596 47.26741 decam -28.006678 25.55616 747 object "LTT4861 N4" 0 0.0 924.0 1948.0 -0.009902072 1.0001452 0.000547594 0.31568238 -0.0008269981 1.0000485 15955280205 0.31734338
/home/declsp/obsbot/rawdata/DECam_01458247.fits.fz N4 1458247 15.0 61091.39937464 1.18 189.21964629080875 -49.79143632983654 189.23128333333335 -49.71633305555556 M490 0.123391315 24.830713 0.90046954 1.0079861 18.739344 40.942642 decam -20.75806 11.516577 718 object "LTT4861 N5" 0 0.0 924.0 1948.0 -0.3983283 0.9999821 0.0005623905 0.2657285 -0.0010348773 1.0001378 16037793731 0.3663662
/home/declsp/obsbot/rawdata/DECam_01458248.fits.fz N4 1458248 15.0 61091.39986248 1.17 190.1818893914288 -49.95810327083149 190.19356666666667 -49.883 M490 0.13002166 24.857456 0.9212526 0.9642352 18.611578 41.950287 decam -29.624287 -1.9803042 747 object "LTT4861 S3" 0 0.0 924.0 1948.0 0.030311825 1.0003023 0.000614218 -0.03457962 -0.00089617155 1.0001471 16120310752 0.3575661
/home/declsp/obsbot/rawdata/DECam_01458249.fits.fz N4 1458249 15.0 61091.40035034 1.18 189.70074772476212 -49.95810327083149 189.712425 -49.883 M490 0.11683266 24.733517 0.8233619 0.9622428 18.464384 55.029785 decam -18.450493 -8.64749 733 object "LTT4861 S4" 0 0.0 924.0 1948.0 0.05541758 0.9999204 0.0006063365 0.087957144 -0.000815795 1.0001577 16228894448 0.27257967
/home/declsp/obsbot/rawdata/DECam_01458250.fits.fz N4 1458250 15.0 61091.40082021 1.18 189.21960605809545 -49.95810327083149 189.23128333333335 -49.883 M490 0.12251485 24.223585 0.51477593 1.1004366 18.222324 238.88191 decam -14.627431 -14.003897 477 object "LTT4861 S5" 0 0.0 924.0 1948.0 0.122542545 0.9998187 0.000408611 0.24342859 -0.000617214 1.0002913 16438519038 0.06279253
