logs/db-2025-09-22.ecsv
# %ECSV 1.0
# ---
# datatype:
# - {name: filename, datatype: string}
# - {name: extension, datatype: string}
# - {name: expnum, datatype: int64}
# - {name: exptime, datatype: float32}
# - {name: mjd_obs, datatype: float64}
# - {name: airmass, datatype: float32}
# - {name: racenter, datatype: float64}
# - {name: deccenter, datatype: float64}
# - {name: rabore, datatype: float64}
# - {name: decbore, datatype: float64}
# - {name: band, datatype: string}
# - {name: ebv, datatype: float32}
# - {name: zeropoint, datatype: float32}
# - {name: transparency, datatype: float32}
# - {name: seeing, datatype: float32}
# - {name: sky, datatype: float32}
# - {name: expfactor, datatype: float32}
# - {name: camera, datatype: string}
# - {name: dx, datatype: float32}
# - {name: dy, datatype: float32}
# - {name: nmatched, datatype: int64}
# - {name: obstype, datatype: string}
# - {name: object, datatype: string}
# - {name: tileid, datatype: int64}
# - {name: tileebv, datatype: float32}
# - {name: affine_x0, datatype: float32}
# - {name: affine_y0, datatype: float32}
# - {name: affine_dx, datatype: float32}
# - {name: affine_dxx, datatype: float32}
# - {name: affine_dxy, datatype: float32}
# - {name: affine_dy, datatype: float32}
# - {name: affine_dyx, datatype: float32}
# - {name: affine_dyy, datatype: float32}
# - {name: checksum, datatype: string}
# - {name: efftime, datatype: float32}
# schema: astropy-2.0
filename extension expnum exptime mjd_obs airmass racenter deccenter rabore decbore band ebv zeropoint transparency seeing sky expfactor camera dx dy nmatched obstype object tileid tileebv affine_x0 affine_y0 affine_dx affine_dxx affine_dxy affine_dy affine_dyx affine_dyy checksum efftime
rawdata/DECam_01419472.fits.fz N4 1419472 10.0 60940.97735922 1.0 278.9899032351593 -29.773991630705105 278.99855833333334 -29.698888055555557 r 0.18377231 27.42648 1.7514262 1.3389535 18.547676 6.8558373 decam -16.490038 -12.645428 11999 object pointing 0 0.0 924.0 1948.0 -0.27068964 0.99991703 0.001278423 0.16650675 -0.001137844 0.99989223 18578563963 1.458611
rawdata/DECam_01419473.fits.fz N4 1419473 10.0 60940.97922023 1.0 278.9899032351593 -29.773991630705105 278.99855833333334 -29.698888055555557 r 0.18377231 27.291086 1.5460881 1.4027511 18.64413 8.834259 decam 3.01034 8.33404 10899 object pointing 0 0.0 924.0 1948.0 -0.21296294 0.9999736 0.0012912545 -0.23980105 -0.0011047185 0.999911 18288685502 1.1319568
rawdata/DECam_01419474.fits.fz N4 1419474 30.0 60940.98060582 1.0 278.9899032351593 -29.773991630705105 278.99855833333334 -29.698888055555557 r 0.18377231 27.243032 1.4791532 1.3896917 18.967764 7.031457 decam -2.9254684 7.5184207 14790 object pointing 0 0.0 924.0 1948.0 0.016648665 0.9998909 0.0012263685 0.10243289 -0.0011463279 0.99994737 22045167873 4.266541
rawdata/DECam_01419475.fits.fz N4 1419475 500.0 60940.99477255 1.15 310.70066754008445 -9.060103778383391 310.708275 -8.985 M464 0.04975367 24.230366 0.5281127 1.2370647 21.363495 9.938557 decam 11.576931 40.316692 547 object IBIS_wide_M464_349153 349153 0.048885 924.0 1948.0 -0.24538611 1.0000389 0.0016670548 0.26753727 -0.0017953471 1.0000153 17527580760 50.309116
rawdata/DECam_01419476.fits.fz N4 1419476 500.0 60941.00089348 1.13 309.2816911479202 -7.863103788900995 309.28927500000003 -7.788 M464 0.0483852 24.272123 0.5465692 1.1855879 21.43875 7.8111444 decam 7.3600945 25.2939 646 object IBIS_wide_M464_352104 352104 0.048768 924.0 1948.0 -0.043049768 1.0000767 0.0017537785 0.17611605 -0.0016734345 1.0000128 17383787604 64.01111
rawdata/DECam_01419477.fits.fz N4 1419477 500.0 60941.00862932 1.22 324.2226488381154 -10.080103769365916 324.23027916666666 -10.005 M464 0.039811157 24.40936 0.6317834 1.6236513 21.473965 10.350969 decam 6.336705 42.538567 241 object IBIS_wide_M464_354852 354852 0.039265 924.0 1948.0 -0.27114317 1.0000272 0.0014295179 0.10206551 -0.0016016259 0.999973 17266153224 48.304653
rawdata/DECam_01419479.fits.fz N4 1419479 500.0 60941.02073111 1.17 324.9976217958577 -10.840103762610136 325.0052708333333 -10.765 M464 0.05764278 24.185377 0.50876236 1.4609678 21.430649 14.970483 decam 3.1256716 36.2264 195 object IBIS_wide_M464_357837 357837 0.046626 924.0 1948.0 -0.36010227 0.99995685 0.0012943016 0.20563602 -0.0014861422 0.9999899 17410382250 33.399055
rawdata/DECam_01419480.fits.fz N4 1419480 500.0 60941.02685758 1.16 324.61564439191596 -10.266103767715569 324.62327916666663 -10.191 M464 0.045098078 24.365414 0.59929043 1.3193166 21.522423 7.363615 decam 6.0715947 20.55896 251 object IBIS_wide_M464_354851 354851 0.040908 924.0 1948.0 -0.3133795 1.0001112 0.0012924188 0.29615694 -0.0012286109 1.0000287 17148204841 67.90143
rawdata/DECam_01419481.fits.fz N4 1419481 500.0 60941.03314435 1.14 324.6306569730066 -9.730103772466283 324.6382791666667 -9.655 M464 0.034460153 24.815317 0.9032642 1.315114 21.72291 2.4614213 decam -5.8348875 20.038315 265 object IBIS_wide_M464_354895 354895 0.038359 924.0 1948.0 -0.44005495 1.000052 0.0014005774 0.12617762 -0.0012300118 0.9999813 16859543730 203.13467
rawdata/DECam_01419482.fits.fz N4 1419482 500.0 60941.03926488 1.13 326.04161938183296 -10.934103761772215 326.04927083333337 -10.859 M464 0.06520308 24.912586 0.9858944 1.277094 21.766714 2.3218389 decam 0.23158388 15.610958 230 object IBIS_wide_M464_354887 354887 0.047375 924.0 1948.0 -0.38913926 1.000241 0.001261692 0.17549539 -0.0013770604 1.0001756 16920839339 215.34656
rawdata/DECam_01419483.fits.fz N4 1419483 500.0 60941.04539832 1.11 326.80560042829933 -11.492103756787062 326.81326666666666 -11.417 M464 0.057230156 24.764702 0.85682595 1.2590609 21.671413 3.0561829 decam 2.4521892 6.3795958 217 object IBIS_wide_M464_354885 354885 0.046931 924.0 1948.0 -0.08420883 1.0001986 0.0012637494 0.10016084 -0.0012580222 0.99998087 16993384969 163.60278
rawdata/DECam_01419484.fits.fz N4 1419484 500.0 60941.05153397 1.11 324.88266121817963 -9.542103774128933 324.8902791666667 -9.467 M464 0.033595294 24.4995 0.6711388 1.3099598 21.614508 4.798543 decam 7.365372 15.127043 244 object IBIS_wide_M464_357881 357881 0.038034 924.0 1948.0 -0.12064945 1.0002046 0.0013291439 0.23074812 -0.0013783254 0.9999941 17172654372 104.198296
rawdata/DECam_01419485.fits.fz N4 1419485 500.0 60941.05767026 1.09 326.3766339356056 -10.690103763946155 326.38427916666666 -10.615 M464 0.038188197 24.802319 0.88339573 1.2647288 21.758589 2.317421 decam 18.382292 -2.6338615 261 object IBIS_wide_M464_357873 357873 0.044094 924.0 1948.0 0.06170747 1.0000522 0.0012947865 0.0077702743 -0.0012571557 1.0000648 16866797269 215.7571
rawdata/DECam_01419486.fits.fz N4 1419486 500.0 60941.06380273 1.09 326.4776431274 -10.145103768789399 326.485275 -10.07 M464 0.04102796 24.799826 0.8813701 1.2300669 21.76699 2.2302508 decam 10.01616 12.239789 315 object IBIS_wide_M464_354888 354888 0.041029 924.0 1948.0 -0.12568328 0.99999696 0.0012115748 0.04757311 -0.001173176 1.0000402 16795765448 224.19003
rawdata/DECam_01419487.fits.fz N4 1419487 500.0 60941.06991163 1.08 327.5446242384367 -10.744103763465342 327.5522708333333 -10.669 M464 0.037367634 24.70636 0.80701226 1.3127985 21.727987 3.0466123 decam 12.7665 18.200983 252 object IBIS_wide_M464_354886 354886 0.038846 924.0 1948.0 -0.13242415 1.0002247 0.0011711371 -0.023117099 -0.0012030351 0.99985796 16932231899 164.11671
rawdata/DECam_01419488.fits.fz N4 1419488 500.0 60941.07604862 1.08 327.8466361175966 -10.603103764720442 327.85427916666663 -10.528 M464 0.037779372 24.846224 0.9179643 1.2821015 21.797523 2.1128485 decam 25.562813 20.539684 236 object IBIS_wide_M464_357872 357872 0.037362 924.0 1948.0 -0.10658165 1.0003026 0.0011282258 0.07148424 -0.0013797614 1.0000709 17136523733 236.64735
rawdata/DECam_01419489.fits.fz N4 1419489 500.0 60941.08217178 1.07 326.9296409305184 -10.062103769525525 326.93727083333334 -9.987 M464 0.03734885 24.602987 0.73221564 1.2757728 21.698528 3.5762506 decam 25.00489 24.419031 216 object IBIS_wide_M464_357874 357874 0.040147 924.0 1948.0 0.025158882 1.0000442 0.0012487413 0.22165214 -0.0014944634 1.0000049 16907523495 139.81123
rawdata/DECam_01419490.fits.fz N4 1419490 500.0 60941.08828114 1.07 328.8086246041447 -10.893103762137754 328.816275 -10.818 M464 0.034081466 24.881872 0.94665736 1.2034233 21.79127 1.7078719 decam 17.750387 28.139961 218 object IBIS_wide_M464_354867 354867 0.03561 924.0 1948.0 0.35472348 1.0000174 0.001287191 0.07967773 -0.00069136336 1.0001143 16816907983 292.762
rawdata/DECam_01419491.fits.fz N4 1419491 500.0 60941.09439391 1.06 330.8936156162993 -11.237103759067613 330.901275 -11.162 M464 0.039384 24.823357 0.89514756 1.1825476 21.7417 1.9970174 decam 16.651728 33.35855 216 object IBIS_wide_M464_354860 354860 0.043367 924.0 1948.0 -0.13288106 0.99992675 0.0011681551 0.115420476 -0.0012113609 0.99998754 16944932526 250.37338
rawdata/DECam_01419492.fits.fz N4 1419492 500.0 60941.10055275 1.06 330.354628924943 -10.887103762191241 330.36227916666667 -10.812 M464 0.048594303 24.867853 0.9325954 1.1855428 21.760069 1.9418662 decam 6.812747 51.978825 214 object IBIS_wide_M464_354866 354866 0.041846 924.0 1948.0 -0.19380724 1.0002269 0.0011378009 0.22413297 -0.0011111975 1.0000043 16859354544 257.48428
rawdata/DECam_01419493.fits.fz N4 1419493 500.0 60941.10668392 1.06 331.94961883785123 -11.115103760157268 331.957275 -11.04 M464 0.045052648 24.656355 0.7675278 1.2224374 21.658043 3.26443 decam 12.1165 44.946926 196 object IBIS_wide_M464_354871 354871 0.038245 924.0 1948.0 -0.09888612 1.0003548 0.00096313696 0.09612587 -0.0011728979 1.0001814 16940264784 153.16609
rawdata/DECam_01419494.fits.fz N4 1419494 500.0 60941.11444292 1.06 335.0275986637863 -11.857103753515533 335.035275 -11.782 M464 0.043149702 24.969368 1.0239978 1.1858962 21.782145 1.5189219 decam -12.29149 -3.8112915 167 object IBIS_wide_M464_357796 357796 0.043452 924.0 1948.0 -0.052038707 1.0001907 0.0008921919 0.011468026 -0.0010226339 0.99998355 17414926096 329.18085
rawdata/DECam_01419495.fits.fz N4 1419495 500.0 60941.12054632 1.05 335.94758750035305 -12.103103751305689 335.9552708333333 -12.028 M464 0.043391284 24.826519 0.89591736 1.1919202 21.722176 2.1132185 decam -8.909886 -3.277434 154 object IBIS_wide_M464_354807 354807 0.044202 924.0 1948.0 -0.17855737 0.9999768 0.0008960474 0.14219001 -0.0007692498 1.0000279 16836419067 236.60591
rawdata/DECam_01419496.fits.fz N4 1419496 500.0 60941.12670265 1.05 339.24656737128504 -12.645103746422333 339.25426666666664 -12.57 M464 0.060874935 24.812803 0.8846701 1.1892769 21.704557 2.4849017 decam -17.904154 -9.622284 158 object IBIS_wide_M464_357768 357768 0.061618 924.0 1948.0 -0.0784323 1.0001132 0.00074795866 0.06509474 -0.0008093046 0.9999994 16864648560 201.21521
rawdata/DECam_01419497.fits.fz N4 1419497 500.0 60941.13284054 1.05 340.5505633135623 -13.049103742768885 340.558275 -12.974 M464 0.060454316 24.897245 0.9562202 1.259202 21.731739 2.318031 decam -13.181313 -20.046244 154 object IBIS_wide_M464_358069 358069 0.0576 924.0 1948.0 -0.15471919 1.0001462 0.0006397999 -0.007192067 -0.0011373244 0.99992895 16901762736 215.7003
rawdata/DECam_01419498.fits.fz N4 1419498 500.0 60941.13896326 1.05 342.04655948988403 -13.038103742868516 342.05427083333336 -12.963 M464 0.048258014 24.976805 1.0289203 1.2206795 21.741985 1.7083336 decam -12.025671 -10.504546 144 object IBIS_wide_M464_358068 358068 0.049333 924.0 1948.0 -0.06650956 1.0001409 0.0005826583 0.061375286 -0.00084023626 1.000001 16929134391 292.6829
rawdata/DECam_01419499.fits.fz N4 1419499 500.0 60941.1450904 1.05 343.1395684253736 -12.884103744262433 343.147275 -12.809 M464 0.041371375 24.96378 1.0166509 1.201294 21.735361 1.6232488 decam -16.638357 -1.1242098 129 object IBIS_wide_M464_357985 357985 0.041875 924.0 1948.0 0.055261586 1.0001755 0.00054328784 -0.15857127 -0.00073565694 1.0000731 17005991007 308.02426
rawdata/DECam_01419500.fits.fz N4 1419500 500.0 60941.1512231 1.05 342.4355660120042 -12.69010374601597 342.44326666666666 -12.615 M464 0.047491595 24.982393 1.0342302 1.18527 21.720764 1.6169114 decam -10.029946 3.8067424 147 object IBIS_wide_M464_358071 358071 0.047041 924.0 1948.0 -0.040828634 0.99991816 0.0004085051 -0.015432003 -0.0008207017 1.0000588 16870810729 309.23154
rawdata/DECam_01419501.fits.fz N4 1419501 500.0 60941.15735598 1.05 344.42059221292305 -12.084103751476512 344.428275 -12.009 M464 0.037024576 24.974445 1.0266863 1.2268102 21.719265 1.633143 decam -14.739725 18.25727 131 object IBIS_wide_M464_355011 355011 0.039773 924.0 1948.0 -0.059856825 1.0000235 0.00041502365 -0.0071084527 -0.00052761467 1.0000746 16952711162 306.15814
rawdata/DECam_01419502.fits.fz N4 1419502 500.0 60941.16347931 1.06 346.4336078898438 -11.524103756500587 346.44127499999996 -11.449 M464 0.037985034 24.984518 1.0383863 1.2247119 21.707067 1.6268288 decam -11.573479 22.359844 145 object IBIS_wide_M464_355013 355013 0.036194 924.0 1948.0 0.0016784243 0.9999838 0.0004016961 -0.08439187 -0.0002729376 1.0000288 16945190874 307.3464
rawdata/DECam_01419503.fits.fz N4 1419503 500.0 60941.16961888 1.06 346.83561852263654 -11.12710376005013 346.843275 -11.052 M464 0.03437934 24.971663 1.0261644 1.1722038 21.68205 1.5221075 decam -2.1084566 26.411114 112 object IBIS_wide_M464_357999 357999 0.034396 924.0 1948.0 -0.2379711 1.0001649 0.00047395323 -0.01578557 -0.0005535704 1.0001184 16939731893 328.4919
rawdata/DECam_01419504.fits.fz N4 1419504 500.0 60941.17576069 1.07 348.5856342628496 -10.67710376406188 348.59327916666666 -10.602 M464 0.031881373 24.973923 1.0304166 1.1657737 21.617485 1.5629364 decam -6.887276 39.410732 118 object IBIS_wide_M464_355051 355051 0.033004 924.0 1948.0 -0.05663121 1.0001328 0.0002945755 -0.03728891 -0.00041769203 1.0000808 18696465973 319.91064
rawdata/DECam_01419505.fits.fz N4 1419505 500.0 60941.18186394 1.07 348.88163165108745 -10.615103764613668 348.889275 -10.54 M464 0.032943293 24.968443 1.0252298 1.1788892 21.656702 1.5690382 decam -3.2214572 36.15614 146 object IBIS_wide_M464_358037 358037 0.032548 924.0 1948.0 -0.15289338 1.0001836 0.00030534598 -0.07641438 -0.0003469129 0.9999392 16982751729 318.66656
rawdata/DECam_01419506.fits.fz N4 1419506 500.0 60941.18801983 1.08 352.7006585434644 -9.475103774721024 352.70827499999996 -9.4 M464 0.029624907 24.973034 1.0316908 1.2237711 21.648348 1.6496825 decam 3.8967621 35.413525 137 object IBIS_wide_M464_355043 355043 0.029954 924.0 1948.0 -0.08795553 0.9999876 -1.5020966e-05 -0.0537369 -9.157444e-05 1.0000949 16945959920 303.08862
rawdata/DECam_01419507.fits.fz N4 1419507 500.0 60941.19416052 1.08 353.0476559898411 -9.402103775365878 353.05527083333334 -9.327 M464 0.029071443 24.957209 1.0167618 1.2353038 21.631903 1.7500664 decam -6.653356 26.86206 122 object IBIS_wide_M464_358029 358029 0.028848 924.0 1948.0 -0.07948543 1.0001127 5.7651694e-05 -0.15256494 -0.00026287622 1.000106 17095122056 285.70343
rawdata/DECam_01419508.fits.fz N4 1419508 500.0 60941.2002828 1.09 355.20068128915625 -8.595103782476984 355.20827916666667 -8.52 M464 0.03269876 24.968296 1.0293114 1.3340346 21.623543 2.067624 decam 5.1861463 23.923254 105 object IBIS_wide_M464_358031 358031 0.029699 924.0 1948.0 -0.011613537 1.0001371 -3.565107e-05 -0.14913028 2.7351398e-05 1.0000777 17149830787 241.82346
rawdata/DECam_01419509.fits.fz N4 1419509 500.0 60941.20640053 1.09 355.61567573820645 -8.455103783707475 355.6232708333333 -8.38 M464 0.027211275 24.971958 1.0327873 1.3292863 21.633013 1.9437006 decam -2.6921375 24.289436 118 object IBIS_wide_M464_355046 355046 0.02936 924.0 1948.0 -0.029136969 1.0000318 5.919419e-05 -0.03444306 0.00014195972 1.0000689 16977761097 257.24127
rawdata/DECam_01419510.fits.fz N4 1419510 500.0 60941.21251601 1.1 358.0876923399059 -7.56410379151837 358.0952708333333 -7.489 M464 0.046411388 24.959688 1.0232815 1.2998788 21.608591 2.2305279 decam 0.81939703 27.178846 124 object IBIS_wide_M464_358198 358198 0.038071 924.0 1948.0 0.08805314 1.0000705 -9.7372e-05 -0.09052529 0.00030174752 1.00005 17012036916 224.16219
rawdata/DECam_01419511.fits.fz N4 1419511 500.0 60941.21862774 1.11 359.32969895854285 -7.177103794900727 359.3372708333333 -7.102 M464 0.041534323 24.962755 1.0282865 1.1793447 21.593765 1.7879679 decam -4.2388115 24.574045 126 object IBIS_wide_M464_355215 355215 0.035896 924.0 1948.0 0.17215574 1.0003073 -0.00018090123 -0.24143876 0.0006633743 1.0001208 17020213551 279.64706
rawdata/DECam_01419512.fits.fz N4 1419512 416.9276 60941.22499132 1.04 7.207495409946079 -14.941103725492999 7.215270833333333 -14.866 M464 0.033104185 24.96555 1.0162194 1.100354 21.716276 1.3027276 decam -8.678094 20.310196 91 object IBIS_wide_M464_303851 303851 0.031125 924.0 1948.0 -0.02836557 1.0000869 -0.00055548805 -0.076383576 0.0005503397 1.0000983 16663789999 320.04205
rawdata/DECam_01419513.fits.fz N4 1419513 405.9177 60941.23012382 1.04 8.83249868149524 -14.734103727397256 8.840266666666666 -14.659 M464 0.023562804 25.008495 1.057222 1.1006031 21.713694 1.1274796 decam -2.3043668 21.016577 89 object IBIS_wide_M464_303846 303846 0.022735 924.0 1948.0 0.09462808 1.0000547 -0.0005799028 -0.109822154 0.00043733354 1.000113 17002011030 360.02222
rawdata/DECam_01419514.fits.fz N4 1419514 438.0674 60941.23518595 1.04 11.910505477523833 -14.5421037291603 11.918266666666666 -14.467 M464 0.021943288 24.994179 1.0433726 1.0974835 21.740528 1.1100457 decam -10.7226 23.295107 116 object IBIS_wide_M464_300851 300851 0.02073 924.0 1948.0 0.030612085 1.000231 -0.000787701 -0.058532696 0.00047988162 1.0002017 16648071086 394.6391
