logs/db-2025-09-22.ecsv
# %ECSV 1.0
# ---
# datatype:
# - {name: filename, datatype: string}
# - {name: extension, datatype: string}
# - {name: expnum, datatype: int64}
# - {name: exptime, datatype: float32}
# - {name: mjd_obs, datatype: float64}
# - {name: airmass, datatype: float32}
# - {name: racenter, datatype: float64}
# - {name: deccenter, datatype: float64}
# - {name: rabore, datatype: float64}
# - {name: decbore, datatype: float64}
# - {name: band, datatype: string}
# - {name: ebv, datatype: float32}
# - {name: zeropoint, datatype: float32}
# - {name: transparency, datatype: float32}
# - {name: seeing, datatype: float32}
# - {name: sky, datatype: float32}
# - {name: expfactor, datatype: float32}
# - {name: camera, datatype: string}
# - {name: dx, datatype: float32}
# - {name: dy, datatype: float32}
# - {name: nmatched, datatype: int64}
# - {name: obstype, datatype: string}
# - {name: object, datatype: string}
# - {name: tileid, datatype: int64}
# - {name: tileebv, datatype: float32}
# - {name: affine_x0, datatype: float32}
# - {name: affine_y0, datatype: float32}
# - {name: affine_dx, datatype: float32}
# - {name: affine_dxx, datatype: float32}
# - {name: affine_dxy, datatype: float32}
# - {name: affine_dy, datatype: float32}
# - {name: affine_dyx, datatype: float32}
# - {name: affine_dyy, datatype: float32}
# - {name: checksum, datatype: string}
# - {name: efftime, datatype: float32}
# schema: astropy-2.0
filename extension expnum exptime mjd_obs airmass racenter deccenter rabore decbore band ebv zeropoint transparency seeing sky expfactor camera dx dy nmatched obstype object tileid tileebv affine_x0 affine_y0 affine_dx affine_dxx affine_dxy affine_dy affine_dyx affine_dyy checksum efftime
[from data line 43]
rawdata/DECam_01419516.fits.fz N4 1419516 455.4574 60941.24524472 1.05 14.051534547092688 -13.938103734686774 14.059275 -13.863 M464 0.025903301 24.984228 1.0359792 1.0925243 21.737667 1.1556145 decam -12.0014 20.363897 115 object IBIS_wide_M464_300853 300853 0.024444 924.0 1948.0 0.0630851 1.0002222 -0.0006906798 -0.14785452 0.00096827827 0.9999909 16707321180 394.12573
rawdata/DECam_01419517.fits.fz N4 1419517 344.8681 60941.25084789 1.04 16.086502905290274 -14.615103728490341 16.09426666666667 -14.54 M464 0.0215062 25.004156 1.0530049 1.0577693 21.7571 0.99409825 decam -16.45631 18.280514 94 object IBIS_wide_M464_300846 300846 0.020878 924.0 1948.0 -0.0531235 1.0001075 -0.00093905046 -0.10545014 0.0010784635 1.000045 16379442958 346.91553
rawdata/DECam_01419518.fits.fz N4 1419518 376.1079 60941.25516047 1.05 16.548513143098884 -14.322103731176686 16.556266666666666 -14.247 M464 0.02491223 24.969013 1.0215641 1.0599105 21.759949 1.0882481 decam -16.31217 18.085514 99 object IBIS_wide_M464_303832 303832 0.02248 924.0 1948.0 0.2529629 1.0001317 -0.0009763996 -0.18214911 0.0010512741 0.999999 16539667737 345.60858
rawdata/DECam_01419519.fits.fz N4 1419519 296.5183 60941.25982141 1.05 18.4155294741954 -13.965103734440358 18.423270833333333 -13.89 M464 0.02092486 24.978487 1.0305158 1.0565145 21.76429 1.0286216 decam -10.100149 14.200168 92 object IBIS_wide_M464_301068 301068 0.021251 924.0 1948.0 0.04834283 0.99965566 -0.0012634197 -0.31594458 0.00063109194 1.0000212 16222906680 288.26764
rawdata/DECam_01419520.fits.fz N4 1419520 331.5481 60941.26357398 1.05 17.14449736258087 -15.002103724931139 17.152275000000003 -14.927 M464 0.02498017 24.978092 1.0301417 1.0625978 21.777887 1.0585093 decam -6.3033376 10.830985 95 object IBIS_wide_M464_303746 303746 0.022894 924.0 1948.0 -0.1564599 0.9998812 -0.00086117926 0.01727972 0.0011739162 1.0000836 16294256254 313.2217
rawdata/DECam_01419521.fits.fz N4 1419521 327.808 60941.26774034 1.05 19.532502465002267 -14.861103726229382 19.540275 -14.786 M464 0.017465083 24.99304 1.0444224 1.0081984 21.806154 0.8561779 decam -11.508236 13.829307 99 object IBIS_wide_M464_301060 301060 0.02038 924.0 1948.0 -0.020112306 1.0002218 -0.0011670577 -0.11736617 0.0008771808 1.0001298 16257697303 382.87372
rawdata/DECam_01419522.fits.fz N4 1419522 404.9177 60941.27186479 1.05 19.739523131728404 -14.274103731616096 19.747275000000002 -14.199 M464 0.02206416 24.973671 1.0259554 1.1094441 21.811197 1.1047152 decam -8.543356 10.005674 119 object IBIS_wide_M464_301069 301069 0.021178 924.0 1948.0 0.0009457998 1.0000046 -0.0012071454 -0.05660891 0.0012047418 1.0000899 16485665655 366.53583
rawdata/DECam_01419523.fits.fz N4 1419523 387.3077 60941.27687174 1.05 20.95949162914556 -15.045103724534885 20.967270833333334 -14.97 M464 0.019610537 24.98062 1.0325428 0.9994553 21.853643 0.83679235 decam -8.144324 11.911288 91 object IBIS_wide_M464_301061 301061 0.020242 924.0 1948.0 -0.25377408 1.000196 -0.0011579223 -0.24548273 0.0013810266 1.0000497 16377117345 462.84805
rawdata/DECam_01419524.fits.fz N4 1419524 299.1983 60941.28168439 1.06 21.999506249913416 -14.520103729362116 22.007266666666666 -14.445 M464 0.017107414 24.983189 1.0371171 0.95541257 21.884686 0.7266637 decam -5.758732 18.372133 86 object IBIS_wide_M464_304048 304048 0.018498 924.0 1948.0 0.16323577 1.0001405 -0.0012330522 -0.080679975 0.0011821012 1.0000379 16139679886 411.74246
rawdata/DECam_01419525.fits.fz N4 1419525 294.7583 60941.28548614 1.06 21.712511887539126 -14.478103729747295 21.720270833333334 -14.403 M464 0.01758793 24.988335 1.0420444 0.97218776 21.869976 0.7580014 decam -15.026409 21.940926 99 object IBIS_wide_M464_301062 301062 0.018764 924.0 1948.0 0.09961162 1.0004667 -0.0013178203 -0.15317278 0.0010825712 1.0001508 16142531764 388.8625
rawdata/DECam_01419526.fits.fz N4 1419526 294.6683 60941.28923452 1.06 22.87849301447113 -14.892103725944098 22.886266666666664 -14.817 M464 0.017905245 24.99171 1.045289 1.0588118 21.888548 0.8799993 decam -6.731899 28.311193 101 object IBIS_wide_M464_304026 304026 0.017225 924.0 1948.0 -0.06867325 1.0003458 -0.0011966812 -0.097221784 0.0012534681 1.0000585 16137769998 334.85062
rawdata/DECam_01419527.fits.fz N4 1419527 262.0285 60941.29296679 1.06 25.002514385147343 -14.286103731506262 25.010266666666666 -14.211 M464 0.018361349 24.987936 1.0416604 0.9712994 21.89968 0.74082804 decam -15.282029 27.024023 102 object IBIS_wide_M464_304036 304036 0.017414 924.0 1948.0 0.29614598 1.0001097 -0.0012581538 -0.20055602 0.001470124 1.0001619 16042705613 353.6968
rawdata/DECam_01419528.fits.fz N4 1419528 295.7782 60941.29633043 1.06 24.180497753575338 -14.760103727158278 24.18826666666667 -14.685 M464 0.016314302 24.990509 1.0441332 0.9896138 21.903706 0.7514084 decam -14.771137 26.603296 91 object IBIS_wide_M464_304035 304035 0.016928 924.0 1948.0 0.46228284 1.0004516 -0.001194159 -0.3271871 0.0012563553 1.0000445 16199006883 393.63174
rawdata/DECam_01419529.fits.fz N4 1419529 262.3484 60941.3000654 1.07 25.437523657953243 -14.014103733993004 25.44526666666667 -13.939 M464 0.01698216 24.982971 1.0390414 1.0359235 21.899725 0.8417789 decam -5.952919 19.95911 98 object IBIS_wide_M464_301053 301053 0.017214 924.0 1948.0 0.21579343 1.0001538 -0.0013282165 -0.35035655 0.0014826088 1.0001001 16108843503 311.65952
rawdata/DECam_01419530.fits.fz N4 1419530 302.1482 60941.30341478 1.07 26.180512931565815 -14.56710372893091 26.188274999999997 -14.492 M464 0.014738303 24.977438 1.033758 1.0508356 21.909386 0.8534588 decam -15.261786 21.250208 84 object IBIS_wide_M464_301047 301047 0.015311 924.0 1948.0 0.4609164 1.0002389 -0.0013345048 -0.34889442 0.0014993531 1.0001343 16720842879 354.02786
rawdata/DECam_01419531.fits.fz N4 1419531 500.0 60941.30722977 1.07 26.934525777667158 -13.951103734568132 26.942266666666665 -13.876 M464 0.013852859 24.981714 1.0378383 0.9934683 21.926382 0.7405762 decam -6.429564 21.514698 101 object IBIS_wide_M464_301048 301048 0.015026 924.0 1948.0 0.034804408 0.99989635 -0.0012163263 -0.39871895 0.0017832041 1.0000194 16592068590 675.14996
rawdata/DECam_01419532.fits.fz N4 1419532 258.0985 60941.31334576 1.08 27.21949861018144 -14.736103727378877 27.22726666666667 -14.661 M464 0.01485747 24.97388 1.0324954 1.0090559 21.94524 0.7671863 decam -16.716667 26.430805 94 object IBIS_wide_M464_301046 301046 0.014508 924.0 1948.0 0.3951335 1.0001676 -0.0014304965 -0.2930658 0.001401008 1.0001162 16372186982 336.4222
rawdata/DECam_01419533.fits.fz N4 1419533 260.3085 60941.31666002 1.08 28.502503148453282 -14.842103726404186 28.510275 -14.767 M464 0.015557632 24.994028 1.0518345 1.027254 21.96898 0.75326306 decam -14.521789 32.104618 92 object IBIS_wide_M464_305939 305939 0.014895 924.0 1948.0 0.048468787 1.0001897 -0.0016082166 -0.4505942 0.0013804499 0.999994 16066242023 345.5745
rawdata/DECam_01419534.fits.fz N4 1419534 245.3885 60941.31997418 1.08 30.190509011269757 -14.560103728995141 30.198270833333332 -14.485 M464 0.015072579 24.986132 1.0442111 1.0162356 21.987513 0.7328283 decam -18.963867 26.803484 78 object IBIS_wide_M464_302958 302958 0.018795 924.0 1948.0 0.71578985 0.9999848 -0.0015217611 0.0010534844 0.001452898 1.0000027 15945190005 334.8513
rawdata/DECam_01419535.fits.fz N4 1419535 284.8083 60941.32315018 1.08 31.667555305956764 -13.303103740465817 31.675275 -13.228 M464 0.018363591 24.994781 1.0525646 1.0495641 21.991459 0.78466004 decam -21.203363 32.925125 120 object IBIS_wide_M464_302962 302962 0.020523 924.0 1948.0 0.18052271 1.0001122 -0.001625593 -0.31554395 0.0015699053 1.000119 16044978360 362.9703
rawdata/DECam_01419536.fits.fz N4 1419536 226.9087 60941.32674947 1.08 31.607518981952623 -14.394103730517218 31.615275 -14.319 M464 0.022757435 24.978308 1.0367149 0.9451782 21.981565 0.6834326 decam -17.444412 30.94309 95 object IBIS_wide_M464_302955 302955 0.022293 924.0 1948.0 -0.27580622 0.9997196 -0.0014169853 -0.20085688 0.0019193277 0.9998324 16181826933 332.0133
rawdata/DECam_01419537.fits.fz N4 1419537 223.2486 60941.32968325 1.09 31.36654185569645 -13.591103737848615 31.374270833333334 -13.516 M464 0.020810178 24.985529 1.0457783 0.9218021 22.00133 0.6212692 decam -12.011504 30.05228 81 object IBIS_wide_M464_305970 305970 0.020467 924.0 1948.0 0.15405965 1.0003395 -0.0015645954 -0.1714346 0.0016720432 1.0000743 15883412911 359.34274
rawdata/DECam_01419538.fits.fz N4 1419538 230.7586 60941.33260051 1.09 32.6125008062925 -14.907103725806026 32.62027500000001 -14.832 M464 0.024979867 24.959507 1.021011 0.8790953 22.005703 0.6084369 decam -15.61822 30.638632 93 object IBIS_wide_M464_305962 305962 0.024774 924.0 1948.0 0.3660446 0.9999928 -0.0016367066 -0.22703762 0.001665472 1.0001365 15902116920 379.26465
rawdata/DECam_01419539.fits.fz N4 1419539 191.6789 60941.33558924 1.09 33.72153041395305 -13.937103734695901 33.72927083333334 -13.862 M464 0.020286033 24.972126 1.0329477 0.9071389 22.016356 0.60600865 decam -22.388128 28.813639 97 object IBIS_wide_M464_302965 302965 0.021443 924.0 1948.0 0.7220442 1.000025 -0.0017306317 -0.22655982 0.0015279644 1.0004005 15826539678 316.2973
rawdata/DECam_01419540.fits.fz N4 1419540 218.7687 60941.33813103 1.1 33.148518551814014 -14.286103731506262 33.15627083333333 -14.211 M464 0.020942997 24.940939 1.0057636 0.90677625 22.020456 0.6419198 decam -9.478674 29.098066 95 object IBIS_wide_M464_305963 305963 0.022724 924.0 1948.0 0.32189453 1.0000362 -0.0016632889 -0.36982137 0.0015511238 1.0001353 15891267423 340.8038
rawdata/DECam_01419541.fits.fz N4 1419541 206.3988 60941.34099133 1.09 34.191492834034726 -14.897103725898075 34.19926666666667 -14.822 M464 0.026671706 24.977753 1.0383142 0.89800847 22.043772 0.59989214 decam -12.711134 32.76079 106 object IBIS_wide_M464_305954 305954 0.02444 924.0 1948.0 0.5964088 1.0000194 -0.0017246767 -0.114032894 0.0016391494 1.0000749 15838819124 344.05984
rawdata/DECam_01419542.fits.fz N4 1419542 197.9388 60941.3437005 1.09 35.88352463500143 -13.985103734257788 35.89126666666667 -13.91 M464 0.018742213 24.97845 1.0389829 0.88301015 22.053701 0.5424328 decam -15.356848 36.37457 89 object IBIS_wide_M464_300915 300915 0.019419 924.0 1948.0 0.24375002 1.0000421 -0.00187289 0.20933253 0.001617532 0.9999976 15813281562 364.90936
rawdata/DECam_01419543.fits.fz N4 1419543 195.5688 60941.34630755 1.1 35.408514618324524 -14.519103729371288 35.416275 -14.444 M464 0.023369528 24.984829 1.0472529 0.9363026 22.03921 0.6311751 decam -14.607727 26.2613 85 object IBIS_wide_M464_305955 305955 0.0206 924.0 1948.0 0.9718227 1.0001868 -0.0017329762 0.024323838 0.0018292131 1.0000553 15979351813 309.84872
rawdata/DECam_01419544.fits.fz N4 1419544 219.5888 60941.34889017 1.1 37.3805187733374 -14.158103732677239 37.38826666666667 -14.083 M464 0.01920652 24.985779 1.0481689 0.9955692 22.06884 0.6726415 decam -14.660631 37.78172 88 object IBIS_wide_M464_309887 309887 0.019886 924.0 1948.0 0.043612238 1.0002499 -0.0018066495 -0.15459831 0.0020219963 1.0001161 15872258435 326.4574
rawdata/DECam_01419545.fits.fz N4 1419545 49.8097 60941.35175896 1.1 38.817564495555786 -12.740103745564284 38.825266666666664 -12.665 M464 0.02246835 25.001295 1.0632571 0.9715054 22.00396 0.67646986 decam -17.471066 30.113546 61 object IBIS_wide_M464_306906 306906 0.023101 924.0 1948.0 0.76906115 1.0001764 -0.0019053854 -0.352054 0.0017209845 1.0001296 15517912557 73.63181
rawdata/DECam_01419546.fits.fz N4 1419546 213.4187 60941.35266454 1.1 38.741539414032424 -13.79210373601826 38.749275 -13.717 M464 0.022922121 24.971994 1.0349455 0.9799246 22.076921 0.68138033 decam -14.187774 44.0845 88 object IBIS_wide_M464_306903 306903 0.021757 924.0 1948.0 -0.059398405 0.9999604 -0.0018756965 -0.42124102 0.0020023014 1.0000393 16021089402 313.21524
rawdata/DECam_01419547.fits.fz N4 1419547 228.5687 60941.35546521 1.1 39.487515301408585 -14.380103730645478 39.495270833333336 -14.305 M464 0.021255814 24.975779 1.0385599 1.0115311 22.079405 0.7107213 decam -10.362952 30.919817 99 object IBIS_wide_M464_306897 306897 0.023843 924.0 1948.0 -0.29653507 1.0004003 -0.0020005747 -0.13236056 0.0018744793 1.0001336 15887808776 321.601
rawdata/DECam_01419548.fits.fz N4 1419548 181.6889 60941.3592172 1.1 41.27652693607594 -14.16310373263152 41.284275 -14.088 M464 0.028352866 24.957647 1.0213603 0.89406586 22.001783 0.64917356 decam -14.699884 40.53434 76 object IBIS_wide_M464_309882 309882 0.026111 924.0 1948.0 0.47417942 1.0001097 -0.0019196073 -0.4151614 0.0017667185 0.9999655 15783708923 279.87723
rawdata/DECam_01419549.fits.fz N4 1419549 240.6686 60941.36164906 1.1 43.047565436515015 -12.709103745844349 43.05526666666666 -12.634 M464 0.028045954 24.991182 1.0533984 0.90815985 22.03764 0.6078296 decam -13.59951 37.63233 82 object IBIS_wide_M464_306921 306921 0.028787 924.0 1948.0 -0.31641012 1.0003916 -0.0018471121 -0.08385511 0.0018275242 1.0002155 17176758453 395.94748
rawdata/DECam_01419550.fits.fz N4 1419550 203.5288 60941.3659044 1.1 42.520517793195395 -14.308103731304866 42.52827083333333 -14.233 M464 0.02797012 24.96991 1.0329602 0.88362443 22.090658 0.5696943 decam -1.0616468 -3.3681014 94 object IBIS_wide_M464_309845 309845 0.02722 924.0 1948.0 0.807508 0.9995517 -0.0019396913 -0.46730864 0.002152199 1.0001074 15823576843 357.25967
rawdata/DECam_01419551.fits.fz N4 1419551 208.1388 60941.36923474 1.1 43.6635026341882 -14.740103727342115 43.67127083333333 -14.665 M464 0.035622306 24.97083 1.0338374 0.9370303 22.104778 0.6665409 decam -1.110878 7.9936824 91 object IBIS_wide_M464_306858 306858 0.035031 924.0 1948.0 -0.50469434 0.99986935 -0.0020033058 -0.123394825 0.002045756 1.0001477 15853290432 312.2671
rawdata/DECam_01419552.fits.fz N4 1419552 241.4685 60941.37196589 1.1 45.143513494505456 -14.551103729077726 45.151275 -14.475999999999999 M464 0.055500515 24.97982 1.0424328 0.9526585 22.110203 0.77713054 decam -3.328444 -6.674808 84 object IBIS_wide_M464_306855 306855 0.046087 924.0 1948.0 -0.17628126 1.0002693 -0.0021369888 0.030070925 0.0021414428 1.000096 15896082311 310.71808
rawdata/DECam_01419553.fits.fz N4 1419553 239.4485 60941.37509563 1.09 47.480509504027 -14.664103728040391 47.488274999999994 -14.589 M464 0.053054053 24.982788 1.0431417 0.9403204 22.119774 0.7335107 decam -6.0642343 -5.191722 92 object IBIS_wide_M464_306832 306832 0.048738 924.0 1948.0 -0.058052592 1.0002335 -0.0022515433 0.07403194 0.0021278535 1.0000665 15894649491 326.44174
rawdata/DECam_01419554.fits.fz N4 1419554 150.0 60941.38359848 1.76 136.96453759435042 -37.21315959401179 136.97397083333334 -37.13805611111111 M464 0.32769462 24.792692 1.0047747 1.3995624 21.480028 29.554459 decam -9.881066 23.396954 1802 object "Pyxis M464" 0 0.0 924.0 1948.0 0.76014054 1.00006 -0.002442656 -0.46140003 0.002228663 1.0003372 16036070437 5.0753765
rawdata/DECam_01419555.fits.fz N4 1419555 150.0 60941.38568299 1.73 136.9978458367654 -37.37982542508124 137.0073 -37.304721944444445 M464 0.3276871 24.789173 0.9953712 1.3761755 21.2752 34.731884 decam -22.50033 8.069631 1470 object "Pyxis M464" 0 0.0 924.0 1948.0 0.28555068 1.0001721 -0.0023980371 -0.15930009 0.0023025526 1.0004073 16629523230 4.318798
rawdata/DECam_01419556.fits.fz N4 1419556 150.0 60941.38775826 1.7 136.68119905229673 -37.22149237167661 136.69063333333332 -37.146388888888886 M464 0.3887554 24.780827 0.98168236 1.3821204 21.203709 58.78897 decam -23.960863 18.38647 1467 object "Pyxis M464" 0 0.0 924.0 1948.0 0.53306764 1.0002325 -0.0024184806 -0.28977755 0.002370628 1.0003848 16254030472 2.551499
