logs/db-2025-05-25.ecsv
# %ECSV 1.0
# ---
# datatype:
# - {name: filename, datatype: string}
# - {name: extension, datatype: string}
# - {name: expnum, datatype: int64}
# - {name: exptime, datatype: float32}
# - {name: mjd_obs, datatype: float64}
# - {name: airmass, datatype: float32}
# - {name: racenter, datatype: float64}
# - {name: deccenter, datatype: float64}
# - {name: rabore, datatype: float64}
# - {name: decbore, datatype: float64}
# - {name: band, datatype: string}
# - {name: ebv, datatype: float32}
# - {name: zeropoint, datatype: float32}
# - {name: transparency, datatype: float32}
# - {name: seeing, datatype: float32}
# - {name: sky, datatype: float32}
# - {name: expfactor, datatype: float32}
# - {name: camera, datatype: string}
# - {name: dx, datatype: float32}
# - {name: dy, datatype: float32}
# - {name: nmatched, datatype: int64}
# - {name: obstype, datatype: string}
# - {name: object, datatype: string}
# - {name: tileid, datatype: int64}
# - {name: tileebv, datatype: float32}
# - {name: affine_x0, datatype: float32}
# - {name: affine_y0, datatype: float32}
# - {name: affine_dx, datatype: float32}
# - {name: affine_dxx, datatype: float32}
# - {name: affine_dxy, datatype: float32}
# - {name: affine_dy, datatype: float32}
# - {name: affine_dyx, datatype: float32}
# - {name: affine_dyy, datatype: float32}
# - {name: checksum, datatype: string}
# - {name: efftime, datatype: float32}
# schema: astropy-2.0
filename extension expnum exptime mjd_obs airmass racenter deccenter rabore decbore band ebv zeropoint transparency seeing sky expfactor camera dx dy nmatched obstype object tileid tileebv affine_x0 affine_y0 affine_dx affine_dxx affine_dxy affine_dy affine_dyx affine_dyy checksum efftime
rawdata/DECam_01390465.fits.fz N4 1390465 30.0 60820.9485327 1.0 150.6965089324125 -30.652603565035452 150.70524166666667 -30.5775 r 0.08058642 26.841278 1.0216715 1.1622821 18.346193 12.116808 decam -5.582937 -2.5803862 404 object pointing 0 0.0 924.0 1948.0 0.0640347 1.0000292 -0.0014761171 -0.06090787 0.0015205169 1.0000303 26104864704 2.4758997
rawdata/DECam_01390464.fits.fz N4 1390464 5.0 60820.94715114 1.0 150.6965089324125 -30.652603565035452 150.70524166666667 -30.5775 r 0.08058642 26.870796 1.0498295 1.6910723 18.041428 32.13327 decam 2.3749714 -63.47459 251 object pointing 0 0.0 924.0 1948.0 0.0012061149 1.0000243 -0.0015862322 -0.039871246 0.001519253 0.9999479 17716228057 0.15560196
rawdata/DECam_01390488.fits.fz N4 1390488 0.0 60821.06616488 0.0 0.0 0.0 183.53620416666666 -5.986833055555556 solid 0.0 0.0 0.0 0.0 0.0 0.0 decam 0.0 0.0 -1 zero "" 0 0.0 0.0 0.0 0.0 0.0 0.0 0.0 0.0 0.0 "" 0.0
rawdata/DECam_01390487.fits.fz N4 1390487 0.0 60821.06588339 0.0 0.0 0.0 183.53625 -5.986833055555556 solid 0.0 0.0 0.0 0.0 0.0 0.0 decam 0.0 0.0 -1 zero "" 0 0.0 0.0 0.0 0.0 0.0 0.0 0.0 0.0 0.0 "" 0.0
rawdata/DECam_01390490.fits.fz N4 1390490 500.0 60821.07729003 1.12 192.6517456193111 -4.279103820068271 192.65927916666666 -4.204 M490 0.025208868 24.705976 0.79404825 2.3370457 21.728054 7.805705 decam 6.278014 -8.527392 154 object IBIS_wide_M490_431433 431433 0.025634 924.0 1948.0 0.077288896 1.0000236 -4.6985617e-05 0.15496334 -2.9784673e-05 0.999841 16833000452 64.05571
rawdata/DECam_01390491.fits.fz N4 1390491 500.0 60821.08347494 1.13 192.98874018789408 -3.9731038227123596 192.99627083333334 -3.898 M490 0.023643296 23.811453 0.34899974 1.6017302 21.58385 21.894407 decam -1.7574326 3.9580362 111 object IBIS_wide_M490_434419 434419 0.023096 924.0 1948.0 -0.19668607 1.0002117 0.00011447396 0.070310704 -2.704369e-05 0.99993014 17026609991 22.836882
rawdata/DECam_01390492.fits.fz N4 1390492 500.0 60821.08963015 1.13 193.94674182482072 -4.2411038203967335 193.954275 -4.166 M490 0.020000186 24.464916 0.63710433 1.4717247 21.664946 5.18012 decam 0.8804063 1.3759704 161 object IBIS_wide_M490_431434 431434 0.021507 924.0 1948.0 0.10876039 0.9996785 0.00013204929 0.1532117 -0.0003212365 0.99981886 16923165776 96.52286
rawdata/DECam_01390493.fits.fz N4 1390493 500.0 60821.09577651 1.13 195.46874583518996 -4.257103820258437 195.47627916666667 -4.182 M490 0.02786791 24.95438 0.9999909 1.4688603 21.79025 1.8637266 decam -6.072237 6.1007986 136 object IBIS_wide_M490_431429 431429 0.029476 924.0 1948.0 -0.116438 0.9999377 0.00042232178 0.013176123 -0.00013090186 0.99999976 16939207061 268.2797
rawdata/DECam_01390494.fits.fz N4 1390494 500.0 60821.10192892 1.14 196.49774267910277 -4.568103817569139 196.50527916666667 -4.493 M490 0.03210813 24.649614 0.7566197 1.6612025 21.724474 4.409498 decam -3.9042487 12.209151 175 object IBIS_wide_M490_434413 434413 0.032554 924.0 1948.0 0.037465803 1.0001184 0.00033795444 0.011144568 -8.05854e-05 1.0000798 16840345927 113.39159
rawdata/DECam_01390495.fits.fz N4 1390495 500.0 60821.10809628 1.14 196.47872606277687 -5.62810380838453 196.486275 -5.553 M490 0.030708088 24.379772 0.5901205 1.7271137 21.67488 8.079111 decam -7.881147 12.281732 156 object IBIS_wide_M490_434161 434161 0.035221 924.0 1948.0 0.023030372 0.9996771 0.00028731904 0.092313096 -0.00013626786 0.9998621 16895681386 61.887997
rawdata/DECam_01390496.fits.fz N4 1390496 500.0 60821.11426512 1.15 197.17972951936127 -5.006103813777643 197.18727083333332 -4.931 M490 0.044228792 24.994198 1.0411155 1.4340671 21.810806 1.5980216 decam -11.064176 16.487024 171 object IBIS_wide_M490_434162 434162 0.033418 924.0 1948.0 -0.006816408 1.0001144 0.00031743653 0.061728846 -8.131645e-05 1.0000488 16853047247 312.88687
rawdata/DECam_01390497.fits.fz N4 1390497 500.0 60821.12042833 1.15 199.87672771615615 -5.160103812443374 199.88427083333332 -5.085 M490 0.050587606 24.91842 0.97093004 1.3101135 21.82825 1.4825072 decam -10.769874 17.237034 197 object IBIS_wide_M490_434198 434198 0.037024 924.0 1948.0 -0.040354237 1.0000244 0.00041665882 -0.062841445 -0.00025201216 1.0000517 16746300591 337.26648
rawdata/DECam_01390498.fits.fz N4 1390498 500.0 60821.12658426 1.16 200.73273786703137 -4.629103817041388 200.740275 -4.554 M490 0.045588557 24.915962 0.9704942 1.4449409 21.812609 1.9535873 decam -4.201244 17.470465 173 object IBIS_wide_M490_434201 434201 0.038213 924.0 1948.0 -0.0021436042 0.99983877 0.00045446094 0.07059108 -5.472159e-05 1.0000365 16799366249 255.9394
rawdata/DECam_01390499.fits.fz N4 1390499 500.0 60821.13277133 1.15 202.8527276447809 -5.16610381239138 202.86027083333332 -5.091 M490 0.03189371 24.959997 1.0088315 1.4967777 21.847284 1.7964804 decam -14.27315 26.356739 171 object IBIS_wide_M490_434178 434178 0.031544 924.0 1948.0 -0.041497596 0.9999842 0.0005229181 0.047188353 -0.0005659214 0.99996966 16712161053 278.322
rawdata/DECam_01390500.fits.fz N4 1390500 500.0 60821.13892915 1.17 202.15072175314626 -5.639103808289053 202.15827083333332 -5.564 M490 0.031756908 24.676546 0.77985555 1.421985 21.762869 2.876759 decam -5.21279 18.160547 130 object IBIS_wide_M490_434177 434177 0.032587 924.0 1948.0 -0.12416649 1.0001646 0.000503234 -0.047466144 -0.0004896029 1.0 16783221746 173.8067
rawdata/DECam_01390501.fits.fz N4 1390501 500.0 60821.14543664 1.17 207.04874831065231 -3.996103822513689 207.05627916666666 -3.921 M490 0.038125116 24.69363 0.7922239 1.3374959 21.791304 2.4507895 decam -12.443353 25.228783 173 object IBIS_wide_M490_434186 434186 0.034855 924.0 1948.0 -0.21437347 1.0001217 0.00062370574 0.073393404 -0.0005021745 1.0000014 16955637087 204.01588
rawdata/DECam_01390502.fits.fz N4 1390502 500.0 60821.1516085 1.19 204.92273434576944 -4.568103817569139 204.93027083333334 -4.493 M490 0.028888457 24.849226 0.9176188 1.3315983 21.820244 1.767073 decam -5.055591 14.063253 193 object IBIS_wide_M490_434188 434188 0.030553 924.0 1948.0 -0.44133893 0.9997948 0.0005525817 0.11893454 -0.00030623405 1.0000246 16734015891 282.9538
rawdata/DECam_01390503.fits.fz N4 1390503 500.0 60821.15778342 1.19 208.80774344846375 -3.5981038259500036 208.81527083333333 -3.523 M490 0.03919427 24.351099 0.5799781 1.2771285 21.71246 4.610342 decam -5.847204 10.345443 171 object IBIS_wide_M490_431294 431294 0.04101 924.0 1948.0 -0.036453295 0.9997796 0.0006786931 0.045499865 -0.00081318844 0.9999686 16869282220 108.45183
rawdata/DECam_01390504.fits.fz N4 1390504 500.0 60821.16394024 1.2 207.68172930168225 -5.699103807768207 207.68927916666667 -5.624 M490 0.031119347 24.963364 1.021188 1.3739703 21.823345 1.5275644 decam -9.553184 8.30508 185 object IBIS_wide_M490_434097 434097 0.027857 924.0 1948.0 -0.09905897 0.9999804 0.00072314317 0.16638656 -0.0007596035 0.99994385 16758584265 327.31845
rawdata/DECam_01390505.fits.fz N4 1390505 500.0 60821.17009658 1.2 210.67773859643756 -4.560103817638346 210.68527500000002 -4.485 M490 0.027432827 24.963043 1.0208864 1.4012948 21.849766 1.5677264 decam -9.571691 8.88434 178 object IBIS_wide_M490_434254 434254 0.03145 924.0 1948.0 -0.18269771 1.0002025 0.0008287831 0.18449211 -0.00070755096 1.0000839 16688050765 318.9332
rawdata/DECam_01390506.fits.fz N4 1390506 500.0 60821.17624967 1.2 212.28973417865174 -5.31510381109979 212.29727916666667 -5.24 M490 0.030472873 25.028553 1.0843788 1.349519 21.86721 1.2618295 decam -8.191671 5.8315945 206 object IBIS_wide_M490_431263 431263 0.030319 924.0 1948.0 -0.13412169 1.00008 0.0009381223 0.13767003 -0.0007036194 1.0000708 16671449809 396.25006
rawdata/DECam_01390507.fits.fz N4 1390507 500.0 60821.18240519 1.23 213.23174826471302 -4.0011038224705 213.23927916666668 -3.926 M490 0.044000227 25.026373 1.0881107 1.2913793 21.84877 1.1975669 decam -5.7585483 8.811764 201 object IBIS_wide_M490_431277 431277 0.044004 924.0 1948.0 -0.3079266 1.0000896 0.00089588866 0.18746154 -0.00082646613 0.9999892 16697508596 417.5132
rawdata/DECam_01390508.fits.fz N4 1390508 478.0 60821.18855503 1.23 212.12171084705375 -6.960103796794752 212.12927916666666 -6.885 M490 0.029651966 25.003485 1.0654126 1.328029 21.817493 1.3672161 decam -7.535145 6.3904867 188 object IBIS_wide_M490_434236 434236 0.028768 924.0 1948.0 -0.09600507 1.0000485 0.00095244264 0.085722856 -0.0008737286 1.0000476 16702479212 349.61554
rawdata/DECam_01390509.fits.fz N4 1390509 481.0 60821.19447151 1.23 215.2847262726732 -5.280103811403238 215.29227083333333 -5.205 M490 0.048049267 24.928064 0.9939154 1.335556 21.743387 1.6604162 decam 4.354513 -0.2946136 227 object IBIS_wide_M490_434242 434242 0.046369 924.0 1948.0 -0.032986008 1.0001298 0.0010009371 -0.039747547 -0.00082336937 1.0000087 17766464917 289.6864
rawdata/DECam_01390510.fits.fz N4 1390510 500.0 60821.20042304 1.24 217.85374250163966 -4.1711038210017115 217.86127499999998 -4.096 M490 0.121832915 25.019741 1.083449 1.2569652 21.786991 1.196175 decam -2.4244938 4.5214047 171 object IBIS_wide_M490_439948 439948 0.087015 924.0 1948.0 -0.18008801 1.0003699 0.00097047776 0.0017973174 -0.00093230716 1.0000845 16797745083 417.99905
rawdata/DECam_01390511.fits.fz N4 1390511 500.0 60821.20659066 1.24 218.4537244612987 -5.750103807325404 218.461275 -5.675 M490 0.05934856 25.043888 1.1078153 1.2401216 21.820892 1.1069895 decam 1.8083249 -1.0688498 233 object IBIS_wide_M490_439939 439939 0.063807 924.0 1948.0 0.067848265 1.000193 0.0010709305 0.049315624 -0.0005452974 0.99999094 16716471961 451.67545
rawdata/DECam_01390512.fits.fz N4 1390512 500.0 60821.21273772 1.27 219.15573191847892 -5.157103812469373 219.163275 -5.082 M490 0.07561465 25.020931 1.0905566 1.1585383 21.79246 0.99282354 decam 5.233254 3.0337796 240 object IBIS_wide_M490_439940 439940 0.073448 924.0 1948.0 0.22198106 0.99991655 0.0011994696 0.1266701 -0.0010789064 1.0000243 17276046741 503.61417
rawdata/DECam_01390513.fits.fz N4 1390513 500.0 60821.21890623 1.27 222.9997558921791 -3.0601038305903634 223.00727916666665 -2.985 M490 0.10160892 25.026663 1.096329 1.1226704 21.768131 0.9647154 decam 0.6205092 4.4087358 211 object IBIS_wide_M490_437530 437530 0.095946 924.0 1948.0 -0.1360164 1.0002785 0.0013058431 0.066522524 -0.0012240546 0.99999183 16780315492 518.2876
rawdata/DECam_01390514.fits.fz N4 1390514 499.0 60821.22507362 1.29 221.99872758523736 -5.171103812348045 222.00627083333333 -5.096 M490 0.06698641 25.029861 1.1035614 1.0505682 21.773571 0.8312352 decam 1.306175 3.2583785 273 object IBIS_wide_M490_439926 439926 0.068408 924.0 1948.0 -0.07901691 1.0004146 0.0012566842 0.25970045 -0.0012421334 1.0001575 16906380199 600.31146
rawdata/DECam_01390515.fits.fz N4 1390515 500.0 60821.23120822 1.3 223.41472789422644 -5.145103812573364 223.42227083333333 -5.07 M490 0.07517858 25.03202 1.1077669 1.0100523 21.759247 0.7877438 decam 0.5794125 -0.019225696 248 object IBIS_wide_M490_440424 440424 0.078825 924.0 1948.0 -0.18603475 1.0001785 0.0012136425 0.08214914 -0.001086183 1.000088 16816863244 634.7241
rawdata/DECam_01390516.fits.fz N4 1390516 465.0 60821.23737121 1.33 223.66773628713625 -4.775103815777873 223.675275 -4.7 M490 0.0945745 25.022055 1.1036361 1.0416538 21.74033 0.87312317 decam 5.463585 -0.34348494 230 object IBIS_wide_M490_437439 437439 0.087502 924.0 1948.0 -0.0074912515 1.0001014 0.0012867579 0.05674517 -0.0012931408 1.0000496 16720164973 532.5709
rawdata/DECam_01390517.fits.fz N4 1390517 338.0 60821.24336144 1.35 231.82775757167784 2.064896125322131 231.83527500000002 2.14 M490 0.054249197 25.020685 1.106252 1.402663 21.82307 1.4735742 decam 1.279156 11.984979 285 object IBIS_wide_M490_440504 440504 0.048087 924.0 1948.0 -0.14931306 1.0002232 0.0014521127 0.17247821 -0.0013738414 1.0000068 16297926064 229.37427
rawdata/DECam_01390518.fits.fz N4 1390518 366.0 60821.24761242 1.37 233.37575058917687 3.217896115389449 233.383275 3.293 M490 0.04302456 24.778858 0.88858515 1.3225125 21.745531 2.178505 decam -0.3228759 4.201802 273 object IBIS_wide_M490_440508 440508 0.046971 924.0 1948.0 -0.35650817 1.0000387 0.0015679698 0.060182225 -0.0012164047 1.0000867 16445885125 168.00513
rawdata/DECam_01390519.fits.fz N4 1390519 500.0 60821.25219299 1.36 233.21076138542864 0.9658961347760964 233.218275 1.041 M490 0.056525867 24.969473 1.0572007 1.1232252 21.767809 1.0656629 decam -11.075247 1.8163922 285 object IBIS_wide_M490_440496 440496 0.05479 924.0 1948.0 -0.13365258 1.000096 0.0015959692 0.033042192 -0.0012803169 1.0000838 16798661455 469.19156
rawdata/DECam_01390520.fits.fz N4 1390520 500.0 60821.25836591 1.37 236.78175876508627 2.618896120551915 236.7892791666667 2.694 M490 0.099492185 25.006033 1.0953906 1.4453156 21.766235 1.640896 decam -7.1723747 4.4907928 294 object IBIS_wide_M490_440650 440650 0.10546 924.0 1948.0 -0.097770594 1.000147 0.0016100879 0.06765123 -0.0014548289 1.0001343 16820087902 304.71158
rawdata/DECam_01390521.fits.fz N4 1390521 500.0 60821.26448477 1.36 238.8607619720015 2.0148961257524793 238.86827916666667 2.09 M490 0.09115931 25.009766 1.0971717 1.37841 21.762672 1.4881767 decam -6.913264 5.280445 311 object IBIS_wide_M490_440643 440643 0.09608 924.0 1948.0 0.07284547 1.0000961 0.0017419124 0.44347537 -0.0016325507 1.0000557 16808117945 335.9816
rawdata/DECam_01390529.fits.fz N4 1390529 500.0 60821.29099781 1.17 307.53250246500227 -14.861103726229382 307.540275 -14.786 M490 0.065286756 25.025959 1.0759199 1.2131405 21.625336 1.2731183 decam -31.769073 -24.245945 647 object IBIS_wide_M490_448996 448996 0.056271 924.0 1948.0 -0.35708293 1.0002707 0.0018197269 0.14039662 -0.0018307186 1.0001872 17151317142 392.7365
rawdata/DECam_01390530.fits.fz N4 1390530 500.0 60821.29717085 1.16 308.9594916291456 -15.045103724534885 308.9672708333334 -14.97 M490 0.03743013 25.043165 1.0911245 1.1489253 21.637506 1.073261 decam -17.367626 -39.169983 626 object IBIS_wide_M490_448997 448997 0.038062 924.0 1948.0 0.025111293 1.0002893 0.0016359166 0.19579975 -0.0018323828 1.0001239 17361642428 465.8699
rawdata/DECam_01390531.fits.fz N4 1390531 482.0 60821.30333504 1.15 309.62350069791705 -14.910103725778407 309.631275 -14.835 M490 0.035235163 25.061773 1.1079732 1.0175706 21.594067 0.87226397 decam -19.266819 -38.08388 622 object IBIS_wide_M490_451983 451983 0.038672 924.0 1948.0 0.061664067 1.0001738 0.001738494 0.20260178 -0.001900964 1.0000877 17101966296 552.585
rawdata/DECam_01390532.fits.fz N4 1390532 431.0 60821.3093781 1.13 308.01156490423193 -12.86310374445238 308.01927083333334 -12.788 M490 0.0435657 25.05616 1.0982674 1.0683894 21.642609 0.91224647 decam 10.44205 -0.3237881 768 object IBIS_wide_M490_449008 449008 0.045427 924.0 1948.0 -0.14714016 1.0000196 0.0016979709 0.082330845 -0.0015568373 1.0001643 16843741982 472.46002
rawdata/DECam_01390533.fits.fz N4 1390533 352.0 60821.31474931 1.12 307.32259546898587 -11.97010375250094 307.33027500000003 -11.895 M490 0.055055354 24.945398 0.9899539 1.2007414 21.603168 1.4746615 decam 12.573543 0.4194984 738 object IBIS_wide_M490_452080 452080 0.051116 924.0 1948.0 -0.05267688 1.0002211 0.0017975747 0.24575996 -0.0017835908 1.0000668 16647565007 238.69885
rawdata/DECam_01390534.fits.fz N4 1390534 348.0 60821.31916436 1.11 309.71251188753916 -14.478103729747295 309.72027083333336 -14.403 M490 0.040232625 24.583937 0.7083421 1.477451 21.515972 4.7562013 decam 3.7857728 0.6586681 548 object IBIS_wide_M490_448998 448998 0.039173 924.0 1948.0 0.113045506 1.0001876 0.0017641272 0.26500773 -0.0017631308 1.0001048 16709476127 73.16763
rawdata/DECam_01390537.fits.fz N4 1390537 50.0 60821.32926753 1.09 309.99950624991334 -14.520103729362118 310.0072666666666 -14.445 r 0.045035243 26.66068 0.87231296 1.042892 20.49852 1.6270885 decam 21.759233 -0.70324177 616 object "" 0 0.0 924.0 1948.0 -0.21279693 1.0001602 0.0018441995 0.11548458 -0.0018371561 1.000092 17959428166 30.729734
