logs/db-2026-03-19.ecsv
# %ECSV 1.0
# ---
# datatype:
# - {name: filename, datatype: string}
# - {name: extension, datatype: string}
# - {name: expnum, datatype: int64}
# - {name: exptime, datatype: float32}
# - {name: mjd_obs, datatype: float64}
# - {name: airmass, datatype: float32}
# - {name: racenter, datatype: float64}
# - {name: deccenter, datatype: float64}
# - {name: rabore, datatype: float64}
# - {name: decbore, datatype: float64}
# - {name: band, datatype: string}
# - {name: ebv, datatype: float32}
# - {name: zeropoint, datatype: float32}
# - {name: transparency, datatype: float32}
# - {name: seeing, datatype: float32}
# - {name: sky, datatype: float32}
# - {name: expfactor, datatype: float32}
# - {name: camera, datatype: string}
# - {name: dx, datatype: float32}
# - {name: dy, datatype: float32}
# - {name: nmatched, datatype: int64}
# - {name: obstype, datatype: string}
# - {name: object, datatype: string}
# - {name: tileid, datatype: int64}
# - {name: tileebv, datatype: float32}
# - {name: affine_x0, datatype: float32}
# - {name: affine_y0, datatype: float32}
# - {name: affine_dx, datatype: float32}
# - {name: affine_dxx, datatype: float32}
# - {name: affine_dxy, datatype: float32}
# - {name: affine_dy, datatype: float32}
# - {name: affine_dyx, datatype: float32}
# - {name: affine_dyy, datatype: float32}
# - {name: checksum, datatype: string}
# - {name: efftime, datatype: float32}
# schema: astropy-2.0
filename extension expnum exptime mjd_obs airmass racenter deccenter rabore decbore band ebv zeropoint transparency seeing sky expfactor camera dx dy nmatched obstype object tileid tileebv affine_x0 affine_y0 affine_dx affine_dxx affine_dxy affine_dy affine_dyx affine_dyy checksum efftime
/home/declsp/obsbot/rawdata/DECam_01464700.fits.fz N4 1464700 30.0 61118.98801324 1.0 101.25109148786301 -30.661213564935423 101.259825 -30.58611 r 0.100041196 26.83668 1.0173528 1.9093407 18.023249 47.926643 decam -8.278122 -34.923218 595 object pointing 0 0.0 924.0 1948.0 0.30584577 0.9998947 -0.0028085283 -0.24134468 0.0026387568 0.99999297 29945345300 0.62595665
/home/declsp/obsbot/rawdata/DECam_01464702.fits.fz N4 1464702 15.0 61118.99234346 1.29 56.6824855625941 -39.1344365117258 56.692170833333336 -39.059333055555555 M490 0.011692572 24.966393 1.0408993 1.176202 18.859528 16.994541 decam -30.217304 36.220684 38 object "LTT1788 N5" 0 0.0 924.0 1948.0 0.6693045 1.0004183 -0.0026860642 -0.6418529 0.0025263876 1.000023 15958258241 0.88263637
/home/declsp/obsbot/rawdata/DECam_01464699.fits.fz N4 1464699 5.0 61118.98657124 1.0 101.25109148786301 -30.661213564935423 101.259825 -30.58611 r 0.100041196 26.818514 1.000473 2.966169 17.542086 186.21893 decam 3.7888293 -46.405895 272 object pointing 0 0.0 924.0 1948.0 0.1796909 1.0002224 -0.0026833788 -0.22728987 0.0022698604 0.99996924 19099218957 0.026850116
/home/declsp/obsbot/rawdata/DECam_01464701.fits.fz N4 1464701 15.0 61118.99186248 1.28 57.082910562594094 -39.134436511725795 57.092595833333334 -39.059333055555555 M490 0.01304523 24.959671 1.0326008 1.6113392 18.732244 36.277863 decam -24.767347 37.557556 41 object "LTT1788 N4" 0 0.0 924.0 1948.0 0.87727517 0.99960834 -0.0023992767 0.2733012 0.0031007533 0.9997706 16042461922 0.4134753
/home/declsp/obsbot/rawdata/DECam_01464703.fits.fz N4 1464703 15.0 61118.99284354 1.28 57.48329587640457 -39.30110345378338 57.493004166666665 -39.226 M490 0.0115917595 24.96694 1.0395374 1.1435074 19.02006 13.842603 decam -16.935507 22.448711 47 object "LTT1788 S3" 0 0.0 924.0 1948.0 0.93284625 1.0005506 -0.0028684847 -0.2215835 0.0021679883 1.0000615 15872526564 1.0836112
/home/declsp/obsbot/rawdata/DECam_01464704.fits.fz N4 1464704 15.0 61118.99331858 1.29 57.08288754307122 -39.30110345378338 57.092595833333334 -39.226 M490 0.0186828 24.969084 1.0434835 1.2087698 19.142815 13.756972 decam -19.674868 26.154848 47 object "LTT1788 S4" 0 0.0 924.0 1948.0 -0.6099451 0.9997283 -0.0028013105 -0.5304175 0.002953287 1.0000788 15822019786 1.0903561
/home/declsp/obsbot/rawdata/DECam_01464705.fits.fz N4 1464705 15.0 61118.99378158 1.3 56.682462543071225 -39.30110345378338 56.692170833333336 -39.226 M490 0.016055398 24.95995 1.03662 1.201907 19.258112 12.4386835 decam -19.11575 26.02883 52 object "LTT1788 S5" 0 0.0 924.0 1948.0 -0.7370181 1.00065 -0.0027150437 -0.19501892 0.0028984316 1.0002768 15772893754 1.2059153
/home/declsp/obsbot/rawdata/DECam_01464706.fits.fz N4 1464706 15.0 61118.99512387 1.03 89.0930033306711 -27.849770541142576 89.1015 -27.774666944444444 M490 0.038579706 25.001373 1.0254463 1.2378311 20.19549 5.1549335 decam -7.2698274 31.112202 167 object "LTT2415 N4" 0 0.0 924.0 1948.0 0.43534774 0.99983275 -0.002924209 -0.19822377 0.0027491967 0.9999684 15540529852 2.909834
/home/declsp/obsbot/rawdata/DECam_01464707.fits.fz N4 1464707 15.0 61118.995619 1.03 88.74173249733775 -27.849770541142576 88.75022916666667 -27.774666944444444 M490 0.03469151 25.003794 1.0277357 1.0604932 20.28937 3.456884 decam 6.0247283 24.2158 162 object "LTT2415 N5" 0 0.0 924.0 1948.0 0.49431083 1.0001259 -0.0029577787 -0.52894104 0.002772621 0.99992484 15516668106 4.339168
/home/declsp/obsbot/rawdata/DECam_01464708.fits.fz N4 1464708 15.0 61118.99610093 1.03 89.4442443826225 -28.016436650418257 89.45275416666667 -27.941333055555557 M490 0.029162224 25.000957 1.025054 1.0883628 20.414675 3.260728 decam -5.732904 28.920286 223 object "LTT2415 S3" 0 0.0 924.0 1948.0 0.8280457 1.0003204 -0.0027990553 -0.19182426 0.0029798045 0.9998483 15516662619 4.6002
/home/declsp/obsbot/rawdata/DECam_01464709.fits.fz N4 1464709 15.0 61118.99659556 1.03 89.09299021595584 -28.016436650418257 89.1015 -27.941333055555557 M490 0.035507463 24.99781 1.0220876 1.1444362 20.519028 3.293355 decam -10.573941 13.521467 171 object "LTT2415 S4" 0 0.0 924.0 1948.0 0.38628003 1.0002024 -0.0029914726 0.07066721 0.0031086842 1.0000355 15484319528 4.554626
/home/declsp/obsbot/rawdata/DECam_01464710.fits.fz N4 1464710 15.0 61118.99707685 1.03 88.7417193826225 -28.016436650418257 88.75022916666667 -27.941333055555557 M490 0.034228936 25.002594 1.0266002 1.0777954 20.624317 2.628401 decam -3.5570076 25.720201 187 object "LTT2415 S5" 0 0.0 924.0 1948.0 -0.46574616 1.0000402 -0.0030249525 -0.42233256 0.0029260572 0.9999276 15473839512 5.706892
/home/declsp/obsbot/rawdata/DECam_01464711.fits.fz N4 1464711 150.0 61118.99820304 1.24 66.15032794387525 -21.458048663328825 66.1584 -21.382945 M490 0.019183934 24.965406 1.0305628 1.2491676 20.616755 3.8053598 decam 0.19735321 30.030098 105 object "Eridanus position 15" 0 0.0 924.0 1948.0 1.0233732 1.0002419 -0.0026778993 -0.26106983 0.0028556634 1.000072 16625134428 39.418083
/home/declsp/obsbot/rawdata/DECam_01464712.fits.fz N4 1464712 150.0 61119.00027031 1.25 66.34486674811842 -21.130417555461914 66.35292083333334 -21.05531388888889 M490 0.02439787 24.967777 1.0346915 1.2015005 21.006361 2.448606 decam -6.3405423 24.888647 125 object "Eridanus position 16" 0 0.0 924.0 1948.0 0.14617851 1.0003002 -0.0025913964 -0.07863822 0.0027234114 1.0000099 16380676739 61.259342
/home/declsp/obsbot/rawdata/DECam_01464713.fits.fz N4 1464713 150.0 61119.00232617 1.27 65.95216005336763 -21.25320477646999 65.96022083333334 -21.17810111111111 M490 0.022366486 24.958414 1.0295362 1.1654172 21.28971 1.8056468 decam -0.09342278 28.021582 144 object "Eridanus position 17" 0 0.0 924.0 1948.0 0.20808546 1.0003116 -0.0026890852 0.024574626 0.0022262633 0.9999673 16007381444 83.07272
/home/declsp/obsbot/rawdata/DECam_01464714.fits.fz N4 1464714 150.0 61119.0043975 1.27 66.34237617541847 -21.414686719314577 66.35044583333334 -21.339583055555554 M490 0.01924016 24.962364 1.0332888 1.1082675 21.50344 1.3316542 decam -8.590676 25.569721 121 object "Eridanus position 18" 0 0.0 924.0 1948.0 -0.6277206 1.000051 -0.002564791 -0.27296683 0.0030506006 1.0000861 15933405943 112.64186
/home/declsp/obsbot/rawdata/DECam_01464715.fits.fz N4 1464715 150.0 61119.00645797 1.29 66.16662582225922 -21.039845611911776 66.17467500000001 -20.964741944444444 M490 0.027953722 24.961243 1.0359741 1.1932092 21.623987 1.3838598 decam -14.175322 22.60414 129 object "Eridanus position 19" 0 0.0 924.0 1948.0 0.34524494 0.9999539 -0.0024473236 -0.18944146 0.0029211717 1.0000582 15842404662 108.39248
/home/declsp/obsbot/rawdata/DECam_01464716.fits.fz N4 1464716 35.0 61119.01027531 1.2 132.92273434576947 -4.568103817569139 132.93027083333334 -4.493 M490 0.017766787 24.975716 1.032872 1.3994615 21.795414 1.5820584 decam -8.4607315 -24.403126 172 object "pointing test" 0 0.0 924.0 1948.0 0.24184516 0.9999018 -0.0019354408 -0.015868293 0.001963691 1.0000275 15467283839 22.123075
/home/declsp/obsbot/rawdata/DECam_01464717.fits.fz N4 1464717 451.0272 61119.01249852 1.21 133.9937429402293 -3.659103825423536 134.00127083333334 -3.584 M490 0.01576124 24.97508 1.0341421 1.3039526 21.859943 1.296001 decam -6.038921 14.441442 303 object IBIS_wide_M490_419222 419222 0.016977 924.0 1948.0 0.17253238 1.0000714 -0.0017893185 -0.15826976 0.0016338957 1.0000681 16612863253 348.0146
/home/declsp/obsbot/rawdata/DECam_01464718.fits.fz N4 1464718 425.1475 61119.01807825 1.2 137.66072691460454 -5.562103808957315 137.668275 -5.487 M490 0.030152861 24.972208 1.0295403 1.2300675 21.891972 1.1259145 decam -4.6200447 21.170696 293 object IBIS_wide_M490_419283 419283 0.026449 924.0 1948.0 0.28706858 1.0000815 -0.0018129176 -0.032536823 0.0014966925 1.0000404 16490214939 377.60196
/home/declsp/obsbot/rawdata/DECam_01464719.fits.fz N4 1464719 390.0377 61119.02331536 1.21 140.00372423537016 -5.767103807177786 140.011275 -5.692 M490 0.02995172 24.972202 1.0314045 1.2604823 21.880798 1.1944304 decam -1.8357797 28.93812 248 object IBIS_wide_M490_422262 422262 0.031286 924.0 1948.0 0.5027539 0.9999533 -0.0016336318 -0.22622724 0.0014238221 1.0000327 16417735931 326.54706
/home/declsp/obsbot/rawdata/DECam_01464720.fits.fz N4 1464720 403.6176 61119.02813712 1.2 139.29574311993994 -4.10610382156338 139.30327499999999 -4.031 M490 0.03379169 24.97618 1.0333132 1.2535318 21.870152 1.1842464 decam 0.96544164 29.357052 230 object IBIS_wide_M490_422273 422273 0.033466 924.0 1948.0 0.5251921 1.0004345 -0.0015463874 -0.2975617 0.0017677513 1.0000019 16495114804 340.82233
/home/declsp/obsbot/rawdata/DECam_01464721.fits.fz N4 1464721 307.3282 61119.03328362 1.19 141.92772932797823 -5.697103807785571 141.93527916666667 -5.622 M490 0.03962072 24.972939 1.0283655 1.0709255 21.845339 0.8901533 decam 4.051379 36.9325 222 object IBIS_wide_M490_419271 419271 0.037416 924.0 1948.0 0.058007903 0.9997098 -0.0014156334 -0.18730845 0.0014073111 1.0000511 16506730943 345.2531
/home/declsp/obsbot/rawdata/DECam_01464722.fits.fz N4 1464722 305.1782 61119.03714339 1.19 143.9687074294505 -6.648103799514909 143.97627083333333 -6.573 M490 0.029735519 24.976038 1.0313056 1.0502558 21.891766 0.81568694 decam 2.8902562 37.93517 215 object IBIS_wide_M490_418972 418972 0.030607 924.0 1948.0 0.20770325 0.9999585 -0.0015690685 -0.2640728 0.0014957839 1.0000975 16153817471 374.13644
/home/declsp/obsbot/rawdata/DECam_01464723.fits.fz N4 1464723 383.7976 61119.04099565 1.18 143.28472627267323 -5.280103811403238 143.29227083333333 -5.205 M490 0.04722427 24.979622 1.0328392 1.188871 21.87152 1.0573486 decam 4.8061466 40.413048 182 object IBIS_wide_M490_422258 422258 0.036362 924.0 1948.0 0.13092467 1.0002849 -0.0015995592 -0.22712444 0.0014116731 1.0000855 16498381287 362.98114
/home/declsp/obsbot/rawdata/DECam_01464724.fits.fz N4 1464724 377.9477 61119.0457616 1.18 143.79873581236527 -4.81810381540564 143.806275 -4.743 M490 0.042869475 24.977928 1.0312291 1.2274776 21.861204 1.1413243 decam -2.8234553 36.995106 178 object IBIS_wide_M490_418974 418974 0.037453 924.0 1948.0 0.58367366 0.99994576 -0.001544694 -0.20177537 0.0014390128 0.99997085 17186929926 331.1484
/home/declsp/obsbot/rawdata/DECam_01464725.fits.fz N4 1464725 497.0871 61119.05045822 1.17 145.24772608873985 -5.62610380840189 145.255275 -5.551 M490 0.045121904 24.972715 1.0244296 1.342051 21.898344 1.3308103 decam 5.4365473 38.508778 191 object IBIS_wide_M490_424975 424975 0.037232 924.0 1948.0 0.3241451 1.0001234 -0.0014758052 -0.12805669 0.0012671459 0.9999672 16652837228 373.52216
/home/declsp/obsbot/rawdata/DECam_01464726.fits.fz N4 1464726 595.9465 61119.05655302 1.16 144.31073716775234 -4.2911038199645395 144.31827083333334 -4.216 M490 0.04610964 24.969584 1.0196267 1.4557071 21.880241 1.6009654 decam -0.32483584 28.614374 212 object IBIS_wide_M490_424984 424984 0.043426 924.0 1948.0 -0.17103125 1.0001131 -0.0014896229 -0.22357975 0.0015910803 0.99981886 16989173998 372.24197
/home/declsp/obsbot/rawdata/DECam_01464727.fits.fz N4 1464727 376.1877 61119.06383078 1.16 148.1867242078028 -5.447103809955042 148.19427083333332 -5.372 M490 0.037294395 24.97403 1.0238113 1.2094806 21.894958 1.0819771 decam 3.2323003 27.544046 158 object IBIS_wide_M490_424971 424971 0.041594 924.0 1948.0 -0.19508937 0.99994415 -0.0013177646 -0.05837193 0.0011491819 1.000112 16324490060 347.68546
/home/declsp/obsbot/rawdata/DECam_01464728.fits.fz N4 1464728 397.6077 61119.06849899 1.15 146.77874724884018 -4.11010382152882 146.78627916666665 -4.035 M490 0.043309677 24.984692 1.0320406 1.1856 21.885794 1.0281665 decam 3.247732 19.559456 157 object IBIS_wide_M490_424979 424979 0.043788 924.0 1948.0 0.38149598 1.0001613 -0.0014418106 -0.12503976 0.0014031406 0.99996066 16415355929 386.71527
/home/declsp/obsbot/rawdata/DECam_01464729.fits.fz N4 1464729 402.4677 61119.0734293 1.15 147.8487390453963 -4.517103818010305 147.85627499999998 -4.442 M490 0.0381519 24.986082 1.0333635 1.2616436 21.87946 1.16786 decam 10.797231 20.005219 180 object IBIS_wide_M490_427959 427959 0.038271 924.0 1948.0 0.1729908 1.000055 -0.0013164307 -0.03240482 0.001195751 0.9999135 16627430356 344.6198
/home/declsp/obsbot/rawdata/DECam_01464730.fits.fz N4 1464730 383.6077 61119.07844823 1.15 151.41472789422647 -5.145103812573365 151.42227083333333 -5.07 M490 0.04004697 24.979904 1.0274997 1.1813655 21.89209 1.0239365 decam -2.4301112 16.352526 154 object IBIS_wide_M490_428440 428440 0.037977 924.0 1948.0 0.09657345 0.99990666 -0.0012507398 -0.16105396 0.0010709376 0.9999468 16360189241 374.64014
/home/declsp/obsbot/rawdata/DECam_01464731.fits.fz N4 1464731 361.8478 61119.08320268 1.14 152.4167225681002 -5.576103808835827 152.42427083333334 -5.501 M490 0.038511995 24.995626 1.0405965 1.2147276 21.894766 1.0489902 decam 1.109881 11.568202 166 object IBIS_wide_M490_428434 428434 0.038512 924.0 1948.0 -0.29744217 1.0002702 -0.0011359382 -0.06408315 0.0013039837 0.99989796 16307266674 344.94867
/home/declsp/obsbot/rawdata/DECam_01464732.fits.fz N4 1464732 465.5672 61119.08771056 1.14 153.04773536685138 -4.858103815059334 153.055275 -4.7829999999999995 M490 0.03921687 24.988787 1.0340631 1.2638835 21.894304 1.1503425 decam 1.371601 11.546171 145 object IBIS_wide_M490_425452 425452 0.038343 924.0 1948.0 -0.3448574 0.9999843 -0.0011505194 -0.056621876 0.0010510947 0.9999999 16622474476 404.72052
/home/declsp/obsbot/rawdata/DECam_01464733.fits.fz N4 1464733 483.307 61119.09342084 1.14 153.47873277574607 -4.715103816297189 153.48627083333332 -4.64 M490 0.036532626 24.996382 1.0413214 1.2695642 21.883003 1.1565406 decam -3.9047127 2.9595306 153 object IBIS_wide_M490_428438 428438 0.038994 924.0 1948.0 -0.17399606 1.0001216 -0.0011878021 -0.094916165 0.0010874385 1.0000412 16875903829 417.8902
/home/declsp/obsbot/rawdata/DECam_01464734.fits.fz N4 1464734 401.8475 61119.09934153 1.13 155.48673094838603 -5.238103811767331 155.494275 -5.163 M490 0.050713092 24.992996 1.0361977 1.2398542 21.875097 1.1181405 decam -0.49112892 4.940553 166 object IBIS_wide_M490_428415 428415 0.046474 924.0 1948.0 -0.22772662 1.0002347 -0.0009777026 -0.104729876 0.0012360837 0.9999773 16535896165 359.38913
/home/declsp/obsbot/rawdata/DECam_01464735.fits.fz N4 1464735 582.0864 61119.10430371 1.13 155.91973817460507 -4.97810381402017 155.92727916666666 -4.9030000000000005 M490 0.046131685 24.979832 1.023709 1.4033537 21.862692 1.4839801 decam -0.9222657 -1.6066135 149 object IBIS_wide_M490_425440 425440 0.046445 924.0 1948.0 -0.23117076 1.0001447 -0.0009920992 -0.23600806 0.0008862993 1.0000417 18184567259 392.24677
/home/declsp/obsbot/rawdata/DECam_01464736.fits.fz N4 1464736 529.0269 61119.1114892 1.12 160.81571585505705 -6.642103799567185 160.82327916666665 -6.567 M490 0.044132356 24.985214 1.0269314 1.3733513 21.862053 1.4080924 decam -12.592998 -1.7925178 155 object IBIS_wide_M490_425181 425181 0.044638 924.0 1948.0 -0.010012753 0.99994826 -0.00094603474 -0.053853277 0.0010556327 1.0000219 17235389067 375.70468
/home/declsp/obsbot/rawdata/DECam_01464737.fits.fz N4 1464737 387.6077 61119.11793919 1.12 161.53572558278356 -5.975103805370898 161.54327916666665 -5.9 M490 0.040238526 24.989515 1.0310081 1.2685478 21.857073 1.1976551 decam -4.840757 0.2669333 146 object IBIS_wide_M490_425182 425182 0.03928 924.0 1948.0 0.21271683 1.0002279 -0.0009525404 -0.06603285 0.0005284316 1.0001044 16398668459 323.63882
/home/declsp/obsbot/rawdata/DECam_01464738.fits.fz N4 1464738 504.037 61119.12275603 1.12 160.10773933182068 -4.876103814903483 160.11527916666665 -4.801 M490 0.050859034 24.983849 1.025641 1.3235458 21.853495 1.3216192 decam -9.927893 5.2305245 147 object IBIS_wide_M490_425435 425435 0.049252 924.0 1948.0 0.015664883 1.0000734 -0.00093738304 -0.012092311 0.00092094677 0.9999688 16735831397 381.3784
