logs/db-2025-03-29.ecsv
# %ECSV 1.0
# ---
# datatype:
# - {name: filename, datatype: string}
# - {name: extension, datatype: string}
# - {name: expnum, datatype: int64}
# - {name: exptime, datatype: float32}
# - {name: mjd_obs, datatype: float64}
# - {name: airmass, datatype: float32}
# - {name: racenter, datatype: float64}
# - {name: deccenter, datatype: float64}
# - {name: rabore, datatype: float64}
# - {name: decbore, datatype: float64}
# - {name: band, datatype: string}
# - {name: ebv, datatype: float32}
# - {name: zeropoint, datatype: float32}
# - {name: transparency, datatype: float32}
# - {name: seeing, datatype: float32}
# - {name: sky, datatype: float32}
# - {name: expfactor, datatype: float32}
# - {name: camera, datatype: string}
# - {name: dx, datatype: float32}
# - {name: dy, datatype: float32}
# - {name: nmatched, datatype: int64}
# - {name: obstype, datatype: string}
# - {name: object, datatype: string}
# - {name: tileid, datatype: int64}
# - {name: tileebv, datatype: float32}
# - {name: affine_x0, datatype: float32}
# - {name: affine_y0, datatype: float32}
# - {name: affine_dx, datatype: float32}
# - {name: affine_dxx, datatype: float32}
# - {name: affine_dxy, datatype: float32}
# - {name: affine_dy, datatype: float32}
# - {name: affine_dyx, datatype: float32}
# - {name: affine_dyy, datatype: float32}
# - {name: checksum, datatype: string}
# - {name: efftime, datatype: float32}
# schema: astropy-2.0
filename extension expnum exptime mjd_obs airmass racenter deccenter rabore decbore band ebv zeropoint transparency seeing sky expfactor camera dx dy nmatched obstype object tileid tileebv affine_x0 affine_y0 affine_dx affine_dxx affine_dxy affine_dy affine_dyx affine_dyy checksum efftime
[from data line 44]
rawdata/DECam_01375501.fits.fz N4 1375501 359.6779 60764.18612098 1.46 149.4307524692625 3.51389611283621 149.43827916666666 3.589 M490 0.032052297 25.014317 1.1219537 0.8643038 21.378567 1.0248313 decam 0.0417146 -1.5599306 185 object IBIS_deep_cosmos_M490_41 0 0.0 924.0 1948.0 0.2628655 1.000294 -0.0015649915 -0.22617191 0.0019774653 1.0001534 16850895179 350.963
rawdata/DECam_01375502.fits.fz N4 1375502 352.168 60764.19062284 1.49 149.4307524692625 3.51389611283621 149.43827916666666 3.589 M517 0.032052297 25.034422 1.0861071 0.9126633 21.247604 1.342098 decam 2.825141 -11.697213 191 object IBIS_deep_cosmos_M517_41 0 0.0 924.0 1948.0 0.30819595 1.0002999 -0.0015589473 -0.22588176 0.0019852212 1.0001513 17087104470 262.4011
rawdata/DECam_01375503.fits.fz N4 1375503 439.7474 60764.19507649 1.53 149.13874930843485 3.3868961139318783 149.146275 3.4619999999999997 M464 0.026675686 24.87738 1.0361636 0.8753971 21.44408 1.1917338 decam -12.012908 -14.663769 132 object IBIS_deep_cosmos_M464_42 0 0.0 924.0 1948.0 -0.40314072 0.99991554 -0.0016966184 -0.0015637155 0.0016991908 0.99999565 17376958618 368.99802
rawdata/DECam_01375504.fits.fz N4 1375504 500.0 60764.20055841 1.57 149.13874930843485 3.3868961139318783 149.146275 3.4619999999999997 M438 0.026675686 24.720613 1.0826529 0.9587374 21.369238 1.5185944 decam 1.5911586 -11.515902 113 object IBIS_deep_cosmos_M438_42 0 0.0 924.0 1948.0 -0.37194195 0.9999689 -0.0017200009 -0.09152903 0.0016931905 1.0000873 17383558370 329.25183
rawdata/DECam_01375505.fits.fz N4 1375505 480.0073 60764.2067261 1.63 149.13874930843485 3.3868961139318783 149.146275 3.4619999999999997 M490 0.026675686 24.964367 1.1050727 0.93123406 21.29742 1.3552206 decam 1.828851 -27.084698 137 object IBIS_deep_cosmos_M490_42 0 0.0 924.0 1948.0 -0.29611304 1.0000466 -0.0016397438 -0.1656248 0.001769535 1.0001094 17908400483 354.19128
rawdata/DECam_01375506.fits.fz N4 1375506 390.1078 60764.21362172 1.1 187.99272928853077 -5.700103807759526 188.00027916666667 -5.625 M490 0.03522524 25.055464 1.0916059 0.9522778 21.400978 1.1532925 decam -29.757265 9.549722 141 object IBIS_wide_M490_431441 431441 0.035643 924.0 1948.0 -0.019849943 1.0001109 -9.99021e-05 -0.012670323 -1.0150206e-05 1.0001078 16929239157 338.2557
rawdata/DECam_01375507.fits.fz N4 1375507 316.5482 60764.21854065 1.1 189.13572454128192 -6.050103804719041 189.14327916666667 -5.975 M490 0.03475987 25.051432 1.0875585 0.8912858 21.351528 1.0623535 decam -14.393471 -10.443074 144 object IBIS_wide_M490_431439 431439 0.031326 924.0 1948.0 0.052412484 1.0002264 -3.0209114e-05 -0.08774735 -7.4756186e-05 0.9999878 17124433841 297.96878
rawdata/DECam_01375508.fits.fz N4 1375508 363.388 60764.22255985 1.1 189.45470420969173 -6.854103797719305 189.46227083333335 -6.779 M490 0.023208717 25.042366 1.0785156 0.95264554 21.422508 1.0694917 decam -19.455244 -14.198063 182 object IBIS_wide_M490_434402 434402 0.025234 924.0 1948.0 -0.08190477 1.0000775 -4.34789e-05 0.18827121 4.265358e-05 1.0001224 16795751693 339.77634
rawdata/DECam_01375509.fits.fz N4 1375509 335.9882 60764.22712158 1.11 190.88272005539244 -5.768103807169101 190.89027083333335 -5.693 M490 0.024009762 25.04988 1.0879773 0.9209492 21.400742 1.0113398 decam -21.314884 -16.38444 193 object IBIS_wide_M490_434406 434406 0.024952 924.0 1948.0 -0.12183142 1.0001402 -2.2893742e-05 -0.007746042 3.547164e-05 1.0000424 16825652470 332.2209
rawdata/DECam_01375510.fits.fz N4 1375510 335.8481 60764.23136413 1.11 190.19671535392112 -6.399103801683318 190.204275 -6.324 M490 0.022469632 25.049166 1.0872617 0.9045312 21.403181 0.9647928 decam -15.215878 -14.322625 170 object IBIS_wide_M490_434403 434403 0.024328 924.0 1948.0 -0.07892284 1.0000999 3.3196517e-05 0.061684687 5.101681e-05 1.0000682 16842076615 348.10388
rawdata/DECam_01375511.fits.fz N4 1375511 309.8382 60764.2356045 1.11 191.2447156704254 -6.654103799462632 191.25227916666668 -6.579 M490 0.026280183 25.042345 1.0804524 0.8901258 21.404383 0.9696096 decam -2.607673 -17.16193 148 object IBIS_wide_M490_431418 431418 0.026141 924.0 1948.0 0.00843945 1.000067 8.080784e-05 0.10823862 -5.8314066e-07 0.9999977 16674808946 319.54944
rawdata/DECam_01375512.fits.fz N4 1375512 336.6281 60764.23957094 1.11 194.05273242800266 -5.456103809876974 194.06027916666665 -5.381 M490 0.030872224 25.034252 1.0724291 0.8896457 21.39911 1.0187632 decam -11.833928 -4.6130443 164 object IBIS_wide_M490_431425 431425 0.028435 924.0 1948.0 -0.14962171 1.0000806 0.00028597016 0.1275104 -0.00017850574 1.0000013 16817149061 330.42822
rawdata/DECam_01375513.fits.fz N4 1375513 362.888 60764.24380501 1.12 191.58271616420993 -6.3441038021619995 191.590275 -6.269 M490 0.024567617 25.04599 1.0860546 0.9509662 21.384502 1.1063882 decam -14.090444 -9.896699 177 object IBIS_wide_M490_434404 434404 0.026813 924.0 1948.0 0.028803412 1.0003793 0.00011429642 0.35902458 -0.00032225632 0.9999848 16886323342 327.99338
rawdata/DECam_01375514.fits.fz N4 1375514 379.078 60764.24835691 1.12 192.31271333376074 -6.804103798155272 192.32027916666667 -6.729 M490 0.027004775 25.042755 1.0828248 0.95706385 21.388783 1.1413248 decam -12.813556 -7.314319 187 object IBIS_wide_M490_434398 434398 0.02831 924.0 1948.0 -0.12521811 1.0001421 7.074438e-05 0.23720494 -0.00020444344 1.0000374 17662438431 332.1386
rawdata/DECam_01375515.fits.fz N4 1375515 386.7579 60764.25311597 1.12 193.87871698609075 -6.568103800211823 193.88627916666667 -6.493 M490 0.040180836 25.044641 1.0847081 0.9244561 21.392532 1.1553494 decam -25.482418 -6.6926847 155 object IBIS_wide_M490_431422 431422 0.03352 924.0 1948.0 -0.21840894 0.9998193 0.00019908616 0.14930207 2.4664732e-05 0.99992484 16931950880 334.75406
rawdata/DECam_01375516.fits.fz N4 1375516 357.768 60764.25796082 1.13 194.48671088585817 -6.694103799114081 194.494275 -6.619 M490 0.04030189 25.046186 1.0882242 0.9187305 21.388226 1.1433334 decam -11.500813 -6.2871633 152 object IBIS_wide_M490_434408 434408 0.036679 924.0 1948.0 -0.11838383 1.0001752 0.00015627158 0.08957128 -0.00031147152 1.0000825 16838605090 312.9166
rawdata/DECam_01375517.fits.fz N4 1375517 374.608 60764.26248887 1.13 195.83871139418716 -6.385103801805175 195.84627083333334 -6.31 M490 0.037157126 25.040283 1.0823234 0.8961619 21.375803 1.0893734 decam -29.37206 -4.7156773 166 object IBIS_wide_M490_434158 434158 0.037334 924.0 1948.0 0.031059328 1.0000823 0.00024889738 0.11654225 -0.00014473853 1.0001436 17333163796 343.87476
rawdata/DECam_01375518.fits.fz N4 1375518 370.4279 60764.26718493 1.13 197.1697194169479 -6.406103801622389 197.17727916666666 -6.331 M490 0.04306599 25.047083 1.0891227 0.8631479 21.389154 1.0258698 decam -27.546244 -6.307377 187 object IBIS_wide_M490_434159 434159 0.039335 924.0 1948.0 0.03590748 0.9997256 0.00030953446 -0.09527647 -0.00029879782 1.0000525 17045134318 361.08664
rawdata/DECam_01375519.fits.fz N4 1375519 354.9879 60764.27182408 1.13 198.56671336497408 -6.532103800525359 198.574275 -6.457 M490 0.056075633 25.034443 1.076518 0.8611648 21.41024 1.1184872 decam -22.372738 -7.9145346 174 object IBIS_wide_M490_434154 434154 0.044655 924.0 1948.0 -0.06898195 1.0001729 0.00029368218 0.07753247 -0.0003942046 1.0000924 16810523229 317.38217
rawdata/DECam_01375520.fits.fz N4 1375520 361.8779 60764.27629249 1.13 199.99670974079396 -6.4961038008388545 200.00427083333335 -6.421 M490 0.041532613 25.032917 1.0750049 0.876863 21.41174 1.0533619 decam -24.275663 -1.0995182 182 object IBIS_wide_M490_434195 434195 0.041018 924.0 1948.0 -0.1290192 1.0002668 0.00048748188 0.07999048 -0.00042662653 1.0000665 17262821884 343.54565
rawdata/DECam_01375521.fits.fz N4 1375521 352.2079 60764.28083519 1.14 200.43872031869677 -6.054103804684271 200.44627499999999 -5.979 M490 0.031641882 25.039436 1.0834447 0.8933495 21.417936 1.0051521 decam -22.044628 -2.8378825 154 object IBIS_wide_M490_431210 431210 0.037438 924.0 1948.0 -0.13032357 1.0002942 0.00045148606 0.029270208 -0.0003299127 1.000069 16765596201 350.4026
rawdata/DECam_01375522.fits.fz N4 1375522 373.4678 60764.28525114 1.14 202.5767090622072 -6.54110380044698 202.58427083333333 -6.466 M490 0.030887438 25.048138 1.0921618 0.9419622 21.356787 1.1572394 decam -23.219955 -1.3729255 157 object IBIS_wide_M490_431189 431189 0.032595 924.0 1948.0 -0.14976694 1.0002009 0.0005883864 -0.006007472 -0.000440167 1.0001476 17409698353 322.72302
rawdata/DECam_01375523.fits.fz N4 1375523 296.2383 60764.28993204 1.15 203.2107183521353 -6.193103803475665 203.218275 -6.118 M490 0.03258865 25.05066 1.0966904 0.84310293 21.4206 0.8806999 decam -18.294123 -10.83009 142 object IBIS_wide_M490_431190 431190 0.03035 924.0 1948.0 -0.14578624 1.0000709 0.0004620901 -0.011608557 -0.00053199666 1.000075 16591262796 336.36694
rawdata/DECam_01375524.fits.fz N4 1375524 297.6582 60764.29371796 1.15 204.12371811919624 -6.493103800864976 204.13127916666667 -6.418 M490 0.029440364 25.038996 1.0849724 0.8715649 21.439573 0.9250165 decam -13.107384 -18.544266 186 object IBIS_wide_M490_431184 431184 0.029033 924.0 1948.0 -0.16109298 0.99998724 0.0005304957 -0.01633896 -0.00046975483 1.000018 16653894925 321.7869
rawdata/DECam_01375525.fits.fz N4 1375525 314.218 60764.29752382 1.15 205.62271835213528 -6.193103803475665 205.63027499999998 -6.118 M490 0.029135771 25.03743 1.0834085 0.9139801 21.462118 0.9968782 decam -14.486337 -9.657219 184 object IBIS_wide_M490_434179 434179 0.028091 924.0 1948.0 -0.1896471 1.0002208 0.00063461065 0.01662036 -0.000572733 1.0000991 16581904800 315.202
rawdata/DECam_01375526.fits.fz N4 1375526 361.9679 60764.30152643 1.15 205.337708740833 -6.831103797919862 205.34527500000002 -6.756 M490 0.033952948 25.033339 1.0793326 0.89916074 21.460825 1.0052955 decam -12.9773445 -16.420708 206 object IBIS_wide_M490_431193 431193 0.032618 924.0 1948.0 -0.086996235 1.0001328 0.0005720533 0.14305781 -0.0006155455 1.000143 16815632925 360.0612
rawdata/DECam_01375527.fits.fz N4 1375527 263.1085 60764.30606558 1.17 206.29371822321778 -5.904103805987823 206.30127083333332 -5.829 M490 0.027821707 25.045141 1.0950968 0.8588067 21.457127 0.8644441 decam -14.194306 -11.331595 199 object IBIS_wide_M490_434180 434180 0.026962 924.0 1948.0 -0.09920473 1.0001377 0.00061592984 0.06301266 -0.00046115444 1.0001261 16372457204 304.36728
rawdata/DECam_01375528.fits.fz N4 1375528 274.7584 60764.30947466 1.18 206.79572853754968 -5.434103810067806 206.80327499999999 -5.359 M490 0.029609388 25.044085 1.096018 0.83092237 21.465687 0.8143117 decam -15.531118 -17.856539 193 object IBIS_wide_M490_431197 431197 0.026402 924.0 1948.0 -0.06995188 1.000047 0.0005218151 0.09992299 -0.0006867968 1.0000446 16555915558 337.41183
rawdata/DECam_01375529.fits.fz N4 1375529 270.9484 60764.31301115 1.17 208.36571984556005 -6.377103801874804 208.37327916666666 -6.302 M490 0.024306085 25.044336 1.0942857 0.83662033 21.468706 0.7940807 decam -22.201609 -19.311148 185 object IBIS_wide_M490_434095 434095 0.028587 924.0 1948.0 -0.13921016 0.99997616 0.00069589895 -0.04282393 -0.00045367432 1.0001445 16393347077 341.21017
rawdata/DECam_01375530.fits.fz N4 1375530 264.2985 60764.31650607 1.16 209.5497104043798 -6.725103798843918 209.557275 -6.65 M490 0.032794554 25.047766 1.0957575 0.8427188 21.476038 0.8417293 decam -21.995905 -21.784632 185 object IBIS_wide_M490_431104 431104 0.031325 924.0 1948.0 -0.05660598 0.9999329 0.0007582854 0.08564293 -0.0006385361 1.0000257 16392586155 313.99466
rawdata/DECam_01375531.fits.fz N4 1375531 304.5982 60764.31994433 1.17 210.57072743764192 -5.839103806552477 210.57827916666668 -5.764 M490 0.026596528 25.057877 1.1080182 0.8708442 21.491915 0.83390677 decam -29.837582 -13.471102 191 object IBIS_wide_M490_434247 434247 0.02855 924.0 1948.0 -0.14703758 0.99992734 0.0008405291 0.19725193 -0.0007631378 0.9999784 16509687747 365.2665
rawdata/DECam_01375532.fits.fz N4 1375532 334.2881 60764.32383887 1.17 211.43571186543906 -6.353103802083675 211.44327083333332 -6.278 M490 0.025375227 25.040375 1.0903003 0.9068509 21.497362 0.9214372 decam -21.24178 -19.718533 200 object IBIS_wide_M490_434245 434245 0.026729 924.0 1948.0 0.16397388 1.0001564 0.0008189723 0.13885577 -0.00074461615 1.0000377 16649055699 362.7899
rawdata/DECam_01375533.fits.fz N4 1375533 297.9384 60764.32808313 1.18 211.09970614426086 -6.7311037987916205 211.10727083333333 -6.656 M490 0.028374976 25.050253 1.1022627 0.8507043 21.492855 0.81613165 decam -22.873669 -11.378269 222 object IBIS_wide_M490_431259 431259 0.027093 924.0 1948.0 0.047156215 0.99983764 0.00089004176 -0.10158991 -0.00066478003 1.0000459 16621252706 365.06168
rawdata/DECam_01375534.fits.fz N4 1375534 354.638 60764.3318947 1.2 212.00372423537013 -5.767103807177786 212.011275 -5.692 M490 0.027071357 25.04151 1.0973971 0.94605875 21.50952 1.000662 decam -18.741615 -22.627125 213 object IBIS_wide_M490_434246 434246 0.027457 924.0 1948.0 -0.010744206 1.0000643 0.00091108447 0.053875107 -0.0007100954 1.0001314 16753085482 354.40338
rawdata/DECam_01375535.fits.fz N4 1375535 335.8783 60764.33638805 1.2 213.41072247163177 -5.898103806039951 213.418275 -5.823 M490 0.035672676 25.026485 1.0823165 0.8681768 21.493044 0.93224746 decam -28.865835 -14.479444 200 object IBIS_wide_M490_434240 434240 0.034405 924.0 1948.0 0.08539216 1.0001808 0.0008853194 0.2201493 -0.000833662 1.0000877 16894165098 360.2888
rawdata/DECam_01375536.fits.fz N4 1375536 369.2582 60764.34061277 1.21 213.9277293279782 -5.697103807785572 213.93527916666667 -5.622 M490 0.03454715 25.044203 1.1021216 0.8902701 21.476616 0.9558941 decam -21.421844 -19.701185 215 object IBIS_wide_M490_431255 431255 0.036821 924.0 1948.0 -0.018630644 1.0002186 0.0009221869 0.0564275 -0.0008466377 1.0000894 16871090363 386.29614
rawdata/DECam_01375537.fits.fz N4 1375537 365.9283 60764.34525929 1.22 214.44771577359586 -6.081103804449555 214.45527083333334 -6.006 M490 0.04753947 25.034166 1.093963 0.97648984 21.480278 1.2730259 decam -28.266888 -15.785675 242 object IBIS_wide_M490_431253 431253 0.04116 924.0 1948.0 0.047976766 1.0002216 0.0008841595 0.1345453 -0.00082890916 1.0001931 16745020491 287.44766
rawdata/DECam_01375538.fits.fz N4 1375538 414.578 60764.34985047 1.22 214.7747023846403 -6.968103796724959 214.7822708333333 -6.893 M490 0.043879595 25.03857 1.0984089 0.9489513 21.48871 1.1548151 decam -22.691898 -17.097773 205 object IBIS_wide_M490_434232 434232 0.044174 924.0 1948.0 -0.21033734 1.0002993 0.001072677 -0.097207315 -0.0010511946 1.0000485 17845244771 358.99948
rawdata/DECam_01375539.fits.fz N4 1375539 428.7879 60764.35499028 1.23 217.76073166844492 -5.178103812287381 217.768275 -5.103 M490 0.05917167 25.036747 1.0985581 1.0126927 21.520735 1.4189742 decam -29.65094 -13.996999 222 object IBIS_wide_M490_439945 439945 0.062564 924.0 1948.0 0.031380665 1.000347 0.00096774707 0.09590339 -0.0010230892 1.0001618 16908705405 302.1816
rawdata/DECam_01375540.fits.fz N4 1375540 430.368 60764.36030783 1.24 217.339714940675 -6.140103803936575 217.34727083333334 -6.065 M490 0.062411472 25.017664 1.0813773 1.0072091 21.51376 1.4953882 decam -20.03784 -12.734311 217 object IBIS_wide_M490_439932 439932 0.053756 924.0 1948.0 -0.24647577 1.0001736 0.0010916283 0.2343459 -0.00103479 1.0000978 17054887903 287.79684
rawdata/DECam_01375541.fits.fz N4 1375541 304.9485 60764.36568107 1.24 219.83472633814475 -5.920103805848812 219.84227916666666 -5.845 M490 0.06209751 25.036507 1.1003084 0.9093497 21.534502 1.1532818 decam -30.937971 -24.61932 255 object IBIS_wide_M490_439938 439938 0.065033 924.0 1948.0 0.0200831 1.0001491 0.0011156275 0.14342569 -0.0008158886 1.0001584 16504726243 264.41803
