logs/db-2026-04-18.ecsv
# %ECSV 1.0
# ---
# datatype:
# - {name: filename, datatype: string}
# - {name: extension, datatype: string}
# - {name: expnum, datatype: int64}
# - {name: exptime, datatype: float32}
# - {name: mjd_obs, datatype: float64}
# - {name: airmass, datatype: float32}
# - {name: racenter, datatype: float64}
# - {name: deccenter, datatype: float64}
# - {name: rabore, datatype: float64}
# - {name: decbore, datatype: float64}
# - {name: band, datatype: string}
# - {name: ebv, datatype: float32}
# - {name: zeropoint, datatype: float32}
# - {name: transparency, datatype: float32}
# - {name: seeing, datatype: float32}
# - {name: sky, datatype: float32}
# - {name: expfactor, datatype: float32}
# - {name: camera, datatype: string}
# - {name: dx, datatype: float32}
# - {name: dy, datatype: float32}
# - {name: nmatched, datatype: int64}
# - {name: obstype, datatype: string}
# - {name: object, datatype: string}
# - {name: tileid, datatype: int64}
# - {name: tileebv, datatype: float32}
# - {name: affine_x0, datatype: float32}
# - {name: affine_y0, datatype: float32}
# - {name: affine_dx, datatype: float32}
# - {name: affine_dxx, datatype: float32}
# - {name: affine_dxy, datatype: float32}
# - {name: affine_dy, datatype: float32}
# - {name: affine_dyx, datatype: float32}
# - {name: affine_dyy, datatype: float32}
# - {name: checksum, datatype: string}
# - {name: efftime, datatype: float32}
# schema: astropy-2.0
filename extension expnum exptime mjd_obs airmass racenter deccenter rabore decbore band ebv zeropoint transparency seeing sky expfactor camera dx dy nmatched obstype object tileid tileebv affine_x0 affine_y0 affine_dx affine_dxx affine_dxy affine_dy affine_dyx affine_dyy checksum efftime
/home/declsp/obsbot/rawdata/DECam_01476430.fits.fz N4 1476430 5.0 61148.96230807 1.0 122.26944431917781 -30.39760245687843 122.27815416666667 -30.322498888888887 r 0.5333046 26.817982 0.9999839 1.0550102 17.249311 20.761747 decam 7.937103 -43.216663 1951 object pointing 0 0.0 924.0 1948.0 0.009538848 0.9999337 -0.0020075054 -0.08591792 0.0021574937 1.0000874 20295479147 0.24082752
/home/declsp/obsbot/rawdata/DECam_01476431.fits.fz N4 1476431 30.0 61148.96350195 1.0 122.26944431917781 -30.39760245687843 122.27815416666667 -30.322498888888887 r 0.5333046 26.826275 1.0076506 1.3744857 17.651247 23.945322 decam 7.9221377 13.108292 2811 object pointing 0 0.0 924.0 1948.0 0.01973954 1.0000061 -0.0020442298 -0.36606097 0.002032669 1.0000129 35975350838 1.2528543
/home/declsp/obsbot/rawdata/DECam_01476432.fits.fz N4 1476432 10.0 61148.9666736 1.01 130.3761489802335 -32.93424242676747 130.3851 -32.859138888888886 M517 0.33464447 25.104116 1.0723647 0.8950573 19.21519 6.041915 decam 12.245352 18.75108 932 object "LTT3218 N4" 0 0.0 924.0 1948.0 -0.118870586 0.9998136 -0.0019594661 -0.44044775 0.0019020623 1.0000725 15685925113 1.6551044
/home/declsp/obsbot/rawdata/DECam_01476433.fits.fz N4 1476433 10.0 61148.96711066 1.01 130.00609898023347 -32.93424242676747 130.01505 -32.859138888888886 M517 0.29259276 25.064034 1.0334973 0.8540453 19.320919 5.37457 decam 2.9742815 3.4843779 1179 object "LTT3218 N5" 0 0.0 924.0 1948.0 0.1351189 1.0000683 -0.0019999156 -0.29442987 0.0021219025 0.9999612 15646631924 1.8606141
/home/declsp/obsbot/rawdata/DECam_01476434.fits.fz N4 1476434 10.0 61148.96752904 1.01 130.74619871054136 -33.10090964695198 130.75516666666667 -33.02580611111111 M517 0.41609186 25.136282 1.1046091 0.8764233 19.411318 4.5580206 decam 6.0179915 15.630941 862 object "LTT3218 S3" 0 0.0 924.0 1948.0 0.051154044 1.0004022 -0.0019572168 0.11474594 0.0018583713 1.0000554 15650736784 2.193935
/home/declsp/obsbot/rawdata/DECam_01476435.fits.fz N4 1476435 10.0 61148.96794924 1.01 130.37613204387472 -33.100909646952 130.3851 -33.02580611111111 M517 0.3320199 25.086756 1.0553547 0.8447862 19.543415 4.1089587 decam 3.3447986 11.849687 989 object "LTT3218 S4" 0 0.0 924.0 1948.0 -0.13945635 0.9999104 -0.0019388803 -0.08018755 0.0020062807 0.99996525 15591992296 2.4337065
/home/declsp/obsbot/rawdata/DECam_01476436.fits.fz N4 1476436 10.0 61148.96838176 1.0 130.00608204387473 -33.10090964695198 130.01505 -33.02580611111111 M517 0.27418688 25.05882 1.0268999 0.9101254 19.65946 4.509827 decam -5.425605 0.952097 1172 object "LTT3218 S5" 0 0.0 924.0 1948.0 0.034598347 1.0001668 -0.0020167357 0.018065548 0.0018450829 1.0000093 15570715762 2.2173798
/home/declsp/obsbot/rawdata/DECam_01476437.fits.fz N4 1476437 15.0 61148.97013193 1.17 89.0930033306711 -27.849770541142576 89.1015 -27.774666944444444 M517 0.038579706 25.012733 1.011405 1.0928651 19.69432 6.8487897 decam -32.09729 46.864742 178 object "LTT2415 N4" 0 0.0 924.0 1948.0 0.35898674 0.9998793 -0.0029159961 -0.06426728 0.002743458 1.0000241 15660286864 2.190168
/home/declsp/obsbot/rawdata/DECam_01476438.fits.fz N4 1476438 15.0 61148.97059639 1.18 88.74173249733775 -27.849770541142576 88.75022916666667 -27.774666944444444 M517 0.03469151 25.017792 1.0177592 0.93626934 19.807152 4.49192 decam -26.254545 48.282383 162 object "LTT2415 N5" 0 0.0 924.0 1948.0 0.5059771 1.0000248 -0.0030415012 -0.47565073 0.0029118748 1.0000042 15626957271 3.3393292
/home/declsp/obsbot/rawdata/DECam_01476439.fits.fz N4 1476439 15.0 61148.97108449 1.17 89.4442443826225 -28.016436650418257 89.45275416666667 -27.941333055555557 M517 0.029162224 25.009102 1.0080287 0.8865279 19.948687 3.5933278 decam -14.883323 59.345573 230 object "LTT2415 S3" 0 0.0 924.0 1948.0 1.0778025 1.0001968 -0.0028238355 -0.28123623 0.003122242 0.9999604 15613585233 4.1744037
/home/declsp/obsbot/rawdata/DECam_01476440.fits.fz N4 1476440 15.0 61148.97155949 1.18 89.09299021595584 -28.016436650418257 89.1015 -27.941333055555557 M517 0.035507463 25.01163 1.0119985 0.8756485 20.054909 3.164429 decam -10.754715 50.238266 189 object "LTT2415 S4" 0 0.0 924.0 1948.0 1.0748237 1.0000342 -0.0031797485 -0.06722211 0.003128085 1.0000794 15571306360 4.740192
/home/declsp/obsbot/rawdata/DECam_01476441.fits.fz N4 1476441 15.0 61148.97219618 1.18 88.7417193826225 -28.016436650418257 88.75022916666667 -27.941333055555557 M517 0.034228936 25.009314 1.0098426 0.9399675 20.199839 3.2029812 decam -9.567947 58.770943 196 object "LTT2415 S5" 0 0.0 924.0 1948.0 -0.4274379 1.0000291 -0.0030617823 -0.48688778 0.0030575073 1.0000032 15548915876 4.683137
/home/declsp/obsbot/rawdata/DECam_01476442.fits.fz N4 1476442 150.0 61148.97429847 1.27 151.375683286387 -0.0034338568907039085 151.38319583333333 0.07167 M517 0.043227434 24.995901 1.0119354 1.1771084 20.884466 2.737752 decam 16.368532 15.188874 125 object "Pal3 position 0" 0 0.0 924.0 1948.0 0.24496475 0.9999206 -0.0011665579 -0.040850095 0.0010703732 0.99992615 16359046708 54.78948
/home/declsp/obsbot/rawdata/DECam_01476443.fits.fz N4 1476443 150.0 61148.97639356 1.26 151.33804578529828 0.031037253924091672 151.34555833333334 0.1061411111111111 M517 0.043352466 24.999287 1.0134693 0.9595674 21.18315 1.3744477 decam 9.434591 26.237988 216 object "Pal3 position 1" 0 0.0 924.0 1948.0 0.3601377 1.0000181 -0.0013274243 0.44615892 0.0007902393 0.9999357 16119186169 109.13474
/home/declsp/obsbot/rawdata/DECam_01476444.fits.fz N4 1476444 150.0 61148.97844197 1.26 151.38199577990818 -0.07532580071716091 151.38950833333334 -0.00022194444444444445 M517 0.043507293 24.980967 0.99651283 1.0221596 21.367256 1.3610896 decam 10.988485 25.8055 142 object "Pal3 position 2" 0 0.0 924.0 1948.0 0.19649215 1.0001117 -0.0011532282 -0.28089777 0.00094305223 0.9999577 16018100075 110.205826
/home/declsp/obsbot/rawdata/DECam_01476445.fits.fz N4 1476445 150.0 61148.98048973 1.25 151.42945828130826 0.06671114250632566 151.43697083333333 0.141815 M517 0.040160254 24.997084 1.0097958 0.99931437 21.482243 1.1360939 decam 16.343296 24.07591 210 object "Pal3 position 3" 0 0.0 924.0 1948.0 -0.5081024 1.0001558 -0.0013120065 -0.011995742 0.0011187891 1.0000744 15942015140 132.03134
/home/declsp/obsbot/rawdata/DECam_01476446.fits.fz N4 1476446 150.0 61148.98255368 1.24 151.2751832858857 -0.021210801182336734 151.28269583333332 0.053893055555555555 M517 0.04265157 24.99905 1.0100062 1.1000986 21.575933 1.2578604 decam 10.850049 27.389969 145 object "Pal3 position 4" 0 0.0 924.0 1948.0 -0.027813926 0.9999343 -0.0010849029 -0.15455207 0.0010279757 0.9999952 15900539889 119.250114
/home/declsp/obsbot/rawdata/DECam_01476447.fits.fz N4 1476447 35.0 61148.98474352 1.14 145.76073166844498 -5.178103812287381 145.76827500000002 -5.103 M517 0.07114778 25.012983 1.006787 0.9836671 21.685066 0.886934 decam 14.662392 16.453587 133 object "pointing test" 0 0.0 924.0 1948.0 0.40372452 0.9998617 -0.0015440944 -0.21285515 0.0013306969 0.99998623 15477489102 39.46179
/home/declsp/obsbot/rawdata/DECam_01476448.fits.fz N4 1476448 257.2783 61148.98666397 1.16 147.31874769958958 -4.062103821943538 147.32627916666667 -3.987 M517 0.038247347 25.021069 1.0175683 0.93095875 21.73083 0.75060904 decam -19.154799 9.778416 204 object IBIS_wide_M517_527965 527965 0.038594 924.0 1948.0 0.43906248 1.000235 -0.0013465122 -0.3186545 0.0009286273 1.0000507 16157227437 342.75937
/home/declsp/obsbot/rawdata/DECam_01476449.fits.fz N4 1476449 308.2179 61148.9899649 1.16 149.54774604020858 -4.236103820439948 149.55527916666668 -4.161 M517 0.023273483 24.909367 0.9180848 0.99570596 21.687399 1.0974646 decam -12.517062 4.745502 155 object IBIS_wide_M517_525542 525542 0.028291 924.0 1948.0 0.16065627 1.0000715 -0.0012492272 -0.25470293 0.0010447787 0.9998102 16671210783 280.84543
/home/declsp/obsbot/rawdata/DECam_01476450.fits.fz N4 1476450 248.8784 61148.99383985 1.17 150.70275362850214 -3.3671038279430494 150.71027916666668 -3.292 M517 0.042870004 25.011328 1.0100975 0.9684789 21.741896 0.81847185 decam -13.328961 2.3496141 155 object IBIS_wide_M517_528529 528529 0.037848 924.0 1948.0 0.21516567 0.9999695 -0.0012808571 0.10117176 0.0010313997 0.9999362 16134509182 304.07693
/home/declsp/obsbot/rawdata/DECam_01476451.fits.fz N4 1476451 221.2486 61148.99720027 1.18 157.13971862363053 -6.174103803640907 157.147275 -6.099 M517 0.042627912 25.013454 1.0137007 0.878548 21.74965 0.6665024 decam -6.245834 5.9276767 155 object IBIS_wide_M517_528407 528407 0.039956 924.0 1948.0 -0.14773287 1.0001093 -0.00090903713 -0.015612396 0.00096368435 0.9999961 16037582891 331.95468
/home/declsp/obsbot/rawdata/DECam_01476452.fits.fz N4 1476452 232.7585 61149.00021859 1.16 152.07675358983485 -3.37210382789992 152.08427916666668 -3.297 M517 0.032045685 24.998653 0.9967748 0.9099297 21.746994 0.7363665 decam 2.8580441 -1.0712268 137 object IBIS_wide_M517_528446 528446 0.033796 924.0 1948.0 0.16020545 0.9999467 -0.0011984421 -0.12311927 0.0012275295 1.0001132 16083989997 316.09055
/home/declsp/obsbot/rawdata/DECam_01476453.fits.fz N4 1476453 244.9684 61149.00329327 1.16 155.91973817460507 -4.97810381402017 155.92727916666666 -4.9030000000000005 M517 0.046131685 25.010942 1.0081217 0.91343653 21.748203 0.7246194 decam -11.76033 0.46292838 153 object IBIS_wide_M517_525440 525440 0.046445 924.0 1948.0 -0.14247699 0.99997747 -0.0010210003 -0.14820099 0.00095424865 0.99989504 16744870373 338.0649
/home/declsp/obsbot/rawdata/DECam_01476454.fits.fz N4 1476454 259.8784 61149.00647316 1.15 153.12574711529703 -3.658103825432166 153.133275 -3.583 M517 0.03383478 25.013184 1.0085869 0.94090205 21.766953 0.75244457 decam -2.1385756 0.24362737 148 object IBIS_wide_M517_525459 525459 0.032574 924.0 1948.0 0.2522284 0.9999673 -0.0010237176 -0.09138711 0.0010197234 1.0000415 16147486409 345.37878
/home/declsp/obsbot/rawdata/DECam_01476455.fits.fz N4 1476455 267.3182 61149.00993244 1.15 159.3967166511905 -6.590103800020194 159.40427916666667 -6.515 M517 0.04582194 25.014437 1.0097517 0.9696475 21.77234 0.793202 decam -14.171477 7.719875 154 object IBIS_wide_M517_525180 525180 0.048832 924.0 1948.0 -0.011088106 0.99997276 -0.00088135427 0.10129114 0.0010058155 1.0000108 16155554851 337.01154
/home/declsp/obsbot/rawdata/DECam_01476456.fits.fz N4 1476456 267.8882 61149.01339915 1.15 155.32474251122622 -4.170103821010353 155.332275 -4.095 M517 0.046212506 25.01474 1.0100335 0.95015615 21.77109 0.76217026 decam -10.41705 1.9344586 172 object IBIS_wide_M517_525462 525462 0.046121 924.0 1948.0 0.34760666 0.9998464 -0.0010585668 -0.039353818 0.0006536305 0.99991834 16258907640 351.4808
/home/declsp/obsbot/rawdata/DECam_01476457.fits.fz N4 1476457 250.2083 61149.01684165 1.15 158.43772782306144 -5.151103812521368 158.44527083333335 -5.076 M517 0.040080756 25.015825 1.011045 0.9454231 21.796507 0.7356818 decam -12.458877 7.9690037 149 object IBIS_wide_M517_528419 528419 0.040355 924.0 1948.0 0.121914215 1.0000437 -0.00093176897 -0.11716971 0.0007522853 1.0000483 16104239692 340.10397
/home/declsp/obsbot/rawdata/DECam_01476458.fits.fz N4 1476458 247.9084 61149.02005244 1.15 158.70373949995428 -4.861103815033359 158.71127916666666 -4.786 M517 0.038793296 25.010727 1.0063084 0.9567522 21.800503 0.7576841 decam -14.705474 -0.38767174 161 object IBIS_wide_M517_525436 525436 0.04283 924.0 1948.0 0.09033771 1.0001208 -0.0008602346 -0.0907209 0.00086794863 1.0000019 16079256907 327.1923
/home/declsp/obsbot/rawdata/DECam_01476459.fits.fz N4 1476459 230.1485 61149.02325682 1.14 156.9887401878941 -3.9731038227123587 156.99627083333334 -3.898 M517 0.044262 25.01825 1.0116813 0.8602458 21.77594 0.6183353 decam -6.2626557 13.068412 133 object IBIS_wide_M517_528427 528427 0.041954 924.0 1948.0 0.08204614 1.0003438 -0.00076129026 -0.038900603 0.001163678 1.000006 16122453320 372.20663
/home/declsp/obsbot/rawdata/DECam_01476460.fits.fz N4 1476460 243.4185 61149.026241 1.14 159.0957379840554 -4.6181038171365625 159.103275 -4.543 M517 0.04306274 25.007017 1.0012687 0.89029896 21.807093 0.65686804 decam -13.458918 3.8894858 162 object IBIS_wide_M517_528422 528422 0.048303 924.0 1948.0 0.36154884 1.0000726 -0.0009067923 0.0053523974 0.0007097412 0.9999413 16056379495 370.57443
/home/declsp/obsbot/rawdata/DECam_01476461.fits.fz N4 1476461 268.3882 61149.02937651 1.14 159.46874583519 -4.257103820258437 159.47627916666667 -4.182 M517 0.060318504 25.019678 1.0130126 0.88768774 21.802694 0.6405695 decam -12.110215 6.6204576 140 object IBIS_wide_M517_525437 525437 0.055447 924.0 1948.0 0.18464139 0.99996954 -0.0009505602 0.20472403 0.0007760023 0.99986434 16280829349 418.98373
/home/declsp/obsbot/rawdata/DECam_01476462.fits.fz N4 1476462 256.8084 61149.03280695 1.13 160.4977426791028 -4.568103817569139 160.50527916666667 -4.493 M517 0.050817143 25.015219 1.0072458 0.9146739 21.800474 0.6869943 decam -9.129544 14.313786 145 object IBIS_wide_M517_528421 528421 0.049446 924.0 1948.0 0.2633897 0.99989545 -0.0008638621 -0.05042959 0.00097523694 1.0000092 16112211935 373.81445
/home/declsp/obsbot/rawdata/DECam_01476463.fits.fz N4 1476463 233.5785 61149.03613274 1.14 163.8047239309197 -5.469103809764204 163.81227083333334 -5.394 M517 0.02757876 25.007658 1.0018599 0.95072895 21.808298 0.74706084 decam -13.972398 9.4995 129 object IBIS_wide_M517_525220 525220 0.028683 924.0 1948.0 0.3188539 0.99980545 -0.00066115544 -0.008406718 0.00040765284 1.0000149 16138077796 312.6633
/home/declsp/obsbot/rawdata/DECam_01476464.fits.fz N4 1476464 221.0486 61149.03917286 1.13 163.87672771615618 -5.160103812443375 163.88427083333332 -5.085 M517 0.026689462 25.02102 1.0126437 0.9135039 21.8195 0.66618 decam -24.532413 3.9778476 142 object IBIS_wide_M517_528206 528206 0.028905 924.0 1948.0 0.39194635 0.9998377 -0.0006922506 -0.10113725 0.00064092496 0.99997663 16040202733 331.81512
/home/declsp/obsbot/rawdata/DECam_01476465.fits.fz N4 1476465 207.4287 61149.04204571 1.13 163.04573107701492 -4.869103814964093 163.05327083333333 -4.7940000000000005 M517 0.031358298 25.011127 1.0034579 0.8666884 21.815147 0.6133346 decam -15.999735 6.4003525 156 object IBIS_wide_M517_525226 525226 0.030856 924.0 1948.0 0.24190857 1.0000834 -0.00070776575 -0.06031267 0.0005622522 1.0000472 15994224325 338.19827
/home/declsp/obsbot/rawdata/DECam_01476466.fits.fz N4 1476466 226.7486 61149.04477743 1.12 162.012742773594 -4.559103817646996 162.02027916666668 -4.484 M517 0.040184088 25.005566 0.99673223 0.89707345 21.819756 0.660902 decam -26.266811 -0.23903506 160 object IBIS_wide_M517_528213 528213 0.040616 924.0 1948.0 0.08359761 1.000051 -0.0008087457 0.024779644 0.00089500885 0.99998534 16005470396 343.08957
/home/declsp/obsbot/rawdata/DECam_01476467.fits.fz N4 1476467 184.7188 61149.04776548 1.13 165.42573163264174 -5.181103812261381 165.433275 -5.106 M517 0.04128698 25.00642 0.9991171 0.812466 21.810045 0.546497 decam -16.630638 -2.901442 138 object IBIS_wide_M517_528207 528207 0.039205 924.0 1948.0 -0.14230439 1.0002447 -0.0007352548 0.016765751 0.0008484192 0.99999315 15889994158 338.00516
/home/declsp/obsbot/rawdata/DECam_01476468.fits.fz N4 1476468 186.0688 61149.05023822 1.12 164.21773943276372 -4.867103814981409 164.22527916666667 -4.792 M517 0.028796848 25.015594 1.0059811 0.80936897 21.815384 0.53065145 decam -27.619997 -1.4430442 132 object IBIS_wide_M517_525223 525223 0.029266 924.0 1948.0 0.1513555 1.0001599 -0.0008125 -0.0010373591 0.00047210185 1.0000432 16013932077 350.6422
/home/declsp/obsbot/rawdata/DECam_01476469.fits.fz N4 1476469 211.7486 61149.05285102 1.13 169.6227183521354 -6.193103803475665 169.630275 -6.118 M517 0.04687738 25.01354 1.0056896 0.88798493 21.80703 0.64570105 decam -25.224466 6.239619 129 object IBIS_wide_M517_528187 528187 0.040337 924.0 1948.0 -0.0715671 1.0001403 -0.00052726624 0.10740129 0.00034935208 1.0000303 15975712507 327.93597
