logs/db-2025-09-23.ecsv
# %ECSV 1.0
# ---
# datatype:
# - {name: filename, datatype: string}
# - {name: extension, datatype: string}
# - {name: expnum, datatype: int64}
# - {name: exptime, datatype: float32}
# - {name: mjd_obs, datatype: float64}
# - {name: airmass, datatype: float32}
# - {name: racenter, datatype: float64}
# - {name: deccenter, datatype: float64}
# - {name: rabore, datatype: float64}
# - {name: decbore, datatype: float64}
# - {name: band, datatype: string}
# - {name: ebv, datatype: float32}
# - {name: zeropoint, datatype: float32}
# - {name: transparency, datatype: float32}
# - {name: seeing, datatype: float32}
# - {name: sky, datatype: float32}
# - {name: expfactor, datatype: float32}
# - {name: camera, datatype: string}
# - {name: dx, datatype: float32}
# - {name: dy, datatype: float32}
# - {name: nmatched, datatype: int64}
# - {name: obstype, datatype: string}
# - {name: object, datatype: string}
# - {name: tileid, datatype: int64}
# - {name: tileebv, datatype: float32}
# - {name: affine_x0, datatype: float32}
# - {name: affine_y0, datatype: float32}
# - {name: affine_dx, datatype: float32}
# - {name: affine_dxx, datatype: float32}
# - {name: affine_dxy, datatype: float32}
# - {name: affine_dy, datatype: float32}
# - {name: affine_dyx, datatype: float32}
# - {name: affine_dyy, datatype: float32}
# - {name: checksum, datatype: string}
# - {name: efftime, datatype: float32}
# schema: astropy-2.0
filename extension expnum exptime mjd_obs airmass racenter deccenter rabore decbore band ebv zeropoint transparency seeing sky expfactor camera dx dy nmatched obstype object tileid tileebv affine_x0 affine_y0 affine_dx affine_dxx affine_dxy affine_dy affine_dyx affine_dyy checksum efftime
[from data line 43]
rawdata/DECam_01419728.fits.fz N4 1419728 500.0 60942.19652437 1.09 354.13468141499544 -8.378103784383862 354.142275 -8.303 M464 0.030341584 24.949486 1.0116317 1.4107436 21.637863 2.3225877 decam -5.7977138 13.414273 109 object IBIS_wide_M464_355047 355047 0.029766 924.0 1948.0 -0.038293708 1.0000578 -4.4366006e-05 -0.3975091 2.3251883e-05 0.9999709 17192860941 215.27711
rawdata/DECam_01419729.fits.fz N4 1419729 500.0 60942.20271372 1.09 358.5787048878266 -7.320103793651604 358.58627916666666 -7.245 M464 0.044864964 24.927515 0.9913659 1.3376102 21.637993 2.4121401 decam -17.469574 6.9804964 99 object IBIS_wide_M464_355214 355214 0.038593 924.0 1948.0 -0.07754881 1.0000929 -0.00028346438 -0.18067539 0.00048129712 1.0000579 16953878996 207.2848
rawdata/DECam_01419730.fits.fz N4 1419730 500.0 60942.20884335 1.1 358.19870003520145 -7.112103795468247 358.20627083333335 -7.037 M464 0.033315714 24.95019 1.0143684 1.2902863 21.629465 1.9979467 decam -6.344018 8.957748 111 object IBIS_wide_M464_358203 358203 0.033451 924.0 1948.0 -0.029358363 0.99986744 -0.00014718359 0.07333204 5.6950328e-05 0.9999441 16989803522 250.25693
rawdata/DECam_01419731.fits.fz N4 1419731 500.0 60942.21497746 1.11 357.5507070749471 -6.671103799314504 357.5582708333333 -6.596 M464 0.02733747 24.948162 1.0145571 1.341732 21.61029 2.1146066 decam -4.4718833 13.484222 100 object IBIS_wide_M464_355220 355220 0.028917 924.0 1948.0 0.08174395 0.99991566 -3.5692734e-05 -0.1448462 0.00042721455 0.9999702 17017156055 236.45059
rawdata/DECam_01419732.fits.fz N4 1419732 500.0 60942.22109672 1.13 358.90071903688477 -5.844103806509046 358.90827083333335 -5.769 M464 0.028831042 24.930534 1.002328 1.3113906 21.582706 2.163522 decam -15.363438 8.109486 104 object IBIS_wide_M464_358207 358207 0.030164 924.0 1948.0 -0.11686652 1.0002478 -0.00039937897 -0.073297404 0.000410923 1.0001247 17099733736 231.10464
rawdata/DECam_01419733.fits.fz N4 1419733 500.0 60942.22790141 1.05 5.953497325438273 -14.888103725980914 5.961270833333334 -14.813 M464 0.031166825 24.966076 1.0188037 1.4208512 21.728323 2.1148086 decam -11.098433 -0.6718124 109 object IBIS_wide_M464_303810 303810 0.029741 924.0 1948.0 0.07795877 1.0001018 -0.0005264883 -0.10348168 0.000622475 1.0000646 16875339012 236.42802
rawdata/DECam_01419734.fits.fz N4 1419734 500.0 60942.23427835 1.05 11.26252587834355 -13.948103734595515 11.270266666666666 -13.873 M464 0.015924752 24.960466 1.0135527 1.518013 21.722338 2.1990204 decam -19.017593 -5.975063 113 object IBIS_wide_M464_300873 300873 0.019576 924.0 1948.0 -0.055958495 1.0002537 -0.0006287615 -0.23869412 0.0006590135 0.9999415 16964198645 227.37398
rawdata/DECam_01419735.fits.fz N4 1419735 500.0 60942.24039559 1.05 13.441540614517352 -13.629103737502817 13.449270833333333 -13.554 M464 0.02447988 24.964218 1.0170618 1.3648959 21.719736 1.8818426 decam -12.621001 -4.7125573 95 object IBIS_wide_M464_300855 300855 0.023956 924.0 1948.0 -0.123493545 1.0001643 -0.00081162795 -0.0653109 0.00061028503 1.0000675 16885419705 265.69702
rawdata/DECam_01419736.fits.fz N4 1419736 500.0 60942.24653019 1.06 11.775538210495355 -13.57510373799418 11.783266666666666 -13.5 M464 0.017248688 24.96225 1.0173062 1.413448 21.690998 1.9748262 decam -13.80976 1.3870524 95 object IBIS_wide_M464_303859 303859 0.021105 924.0 1948.0 -0.09450216 1.0000737 -0.0007489594 -0.08174634 0.0007363437 1.0002252 16867779005 253.18683
rawdata/DECam_01419737.fits.fz N4 1419737 500.0 60942.25265159 1.05 14.040510370599641 -14.402103730443914 14.048266666666667 -14.327 M464 0.02818684 24.95173 1.0054307 1.325002 21.703995 1.8908036 decam -6.600152 5.8255234 92 object IBIS_wide_M464_303836 303836 0.024814 924.0 1948.0 0.009893726 1.0002607 -0.0009277225 0.02507866 0.0008226246 1.000095 16933038193 264.43784
rawdata/DECam_01419738.fits.fz N4 1419738 500.0 60942.25877588 1.06 15.794545042800577 -13.621103737575627 15.802275 -13.546 M464 0.022806559 24.972784 1.0272259 1.2173246 21.677261 1.5145713 decam -9.929021 8.958847 101 object IBIS_wide_M464_303834 303834 0.02271 924.0 1948.0 0.09988388 1.0002656 -0.0008284594 -0.12621713 0.00051238015 0.999981 17068856284 330.1264
rawdata/DECam_01419739.fits.fz N4 1419739 500.0 60942.26492763 1.06 19.092553479867785 -13.097103742334026 19.100266666666666 -13.022 M464 0.022992289 24.907078 0.9669036 1.1612364 21.670298 1.5679016 decam -6.4614615 5.224339 113 object IBIS_wide_M464_301071 301071 0.022558 924.0 1948.0 0.02189448 0.99974304 -0.0008437342 -0.18259743 0.0012270127 1.000052 16899546759 318.89755
rawdata/DECam_01419740.fits.fz N4 1419740 500.0 60942.2710504 1.06 19.988544584861074 -13.635103737448208 19.996275 -13.56 M464 0.019069882 24.956812 1.0122246 1.1838975 21.652088 1.4702679 decam -18.110302 -1.4736356 113 object IBIS_wide_M464_304055 304055 0.021937 924.0 1948.0 0.027612127 1.0004154 -0.001202814 -0.028972628 0.001170207 1.0001235 16957103666 340.07407
rawdata/DECam_01419741.fits.fz N4 1419741 500.0 60942.27716924 1.06 20.28150533736034 -14.664103728040391 20.289270833333333 -14.589 M464 0.02181713 24.956907 1.0123137 1.2578329 21.650951 1.6936766 decam -14.062395 -3.091457 96 object IBIS_wide_M464_301063 301063 0.021043 924.0 1948.0 0.18863118 1.0003242 -0.00114538 -0.38068265 0.0011747585 0.9999525 17011688601 295.21576
rawdata/DECam_01419742.fits.fz N4 1419742 500.0 60942.2833044 1.07 21.010539041280126 -13.677103737065861 21.018270833333332 -13.602 M464 0.020109275 24.934885 0.9940263 1.3849297 21.652605 2.1085103 decam -14.962491 4.675101 91 object IBIS_wide_M464_301064 301064 0.020574 924.0 1948.0 -0.08716299 1.0004523 -0.0013151497 -0.3377473 0.0013092511 1.0001117 17041537532 237.13425
rawdata/DECam_01419743.fits.fz N4 1419743 500.0 60942.28944911 1.07 23.77053258753088 -13.872103735288889 23.778270833333334 -13.797 M464 0.0180188 24.954435 1.0120869 1.3549277 21.688702 1.8552829 decam -20.821692 -4.4967775 92 object IBIS_wide_M464_301052 301052 0.018533 924.0 1948.0 -0.015396039 1.0002202 -0.0012766065 -0.43985313 0.0013019572 1.0001489 16967426404 269.50067
rawdata/DECam_01419744.fits.fz N4 1419744 500.0 60942.29557721 1.07 25.00855898276526 -12.920103743936735 25.016266666666663 -12.845 M464 0.023713414 24.959751 1.0170549 1.448749 21.690132 2.1844435 decam -17.32028 -1.582808 77 object IBIS_wide_M464_301055 301055 0.020025 924.0 1948.0 0.22999561 1.0003914 -0.0011852157 -0.19608541 0.0012261237 0.9999284 16888923323 228.89125
rawdata/DECam_01419745.fits.fz N4 1419745 500.0 60942.30170133 1.08 25.543539992502964 -13.648103737329878 25.551270833333334 -13.573 M464 0.018647308 24.947998 1.0081726 1.2852241 21.720924 1.6474556 decam -15.527548 -1.84455 94 object IBIS_wide_M464_304039 304039 0.01813 924.0 1948.0 0.13398439 1.0002102 -0.0014335735 -0.14977983 0.0011670816 0.999963 16840701841 303.49832
rawdata/DECam_01419746.fits.fz N4 1419746 500.0 60942.30783289 1.09 26.43055638137386 -13.004103743176412 26.438266666666667 -12.929 M464 0.01853714 24.958532 1.0200949 1.3865769 21.720814 1.8789968 decam -18.269047 10.033255 123 object IBIS_wide_M464_304040 304040 0.018534 924.0 1948.0 0.31163308 0.9999788 -0.0014065147 0.0015925118 0.0013839164 0.9999378 16872167067 266.09943
rawdata/DECam_01419747.fits.fz N4 1419747 500.0 60942.31396778 1.09 28.348542637642435 -13.56710373806696 28.356270833333333 -13.492 M464 0.01794769 24.929287 0.99298483 1.7966212 21.75964 3.1971085 decam -15.62815 21.648115 82 object IBIS_wide_M464_304075 304075 0.016945 924.0 1948.0 0.33620307 0.99998695 -0.0015298554 -0.10541399 0.0013135332 1.0001433 16784073880 156.39131
rawdata/DECam_01419748.fits.fz N4 1419748 500.0 60942.32007409 1.09 28.781524094479693 -14.246103731872333 28.789275 -14.171 M464 0.013916536 24.961988 1.0233481 1.5662048 21.791624 2.1586387 decam -13.880288 21.6517 78 object IBIS_wide_M464_305968 305968 0.015512 924.0 1948.0 -0.091650285 1.00011 -0.0015873254 -0.25799194 0.0015682483 1.0000702 16793592481 231.62746
rawdata/DECam_01419749.fits.fz N4 1419749 500.0 60942.32621843 1.1 29.691528754268667 -13.862103735380087 29.699266666666666 -13.787 M464 0.017087674 24.926643 0.99260765 1.5222081 21.79366 2.2220936 decam -8.038598 16.03036 95 object IBIS_wide_M464_302960 302960 0.017456 924.0 1948.0 -0.06746967 1.0001469 -0.0016468914 0.0610531 0.0017233954 1.0000106 16856456892 225.01303
rawdata/DECam_01419750.fits.fz N4 1419750 500.0 60942.33235633 1.11 30.90652798704305 -13.885103735170318 30.914266666666666 -13.81 M464 0.018057894 24.92453 0.99271345 1.6613895 21.809338 2.6370163 decam 1.2785279 23.619955 82 object IBIS_wide_M464_302961 302961 0.020067 924.0 1948.0 -0.13155788 1.0004491 -0.0016222514 -0.24253348 0.0015098297 1.0001242 16702695310 189.60823
rawdata/DECam_01419751.fits.fz N4 1419751 500.0 60942.33849501 1.12 32.66457269680476 -12.46710374802833 32.672266666666665 -12.392 M464 0.018874522 24.922976 0.9933316 1.5752187 21.782068 2.452347 decam -10.570032 17.794565 102 object IBIS_wide_M464_305981 305981 0.020907 924.0 1948.0 0.32067433 1.000478 -0.0016147434 -0.25946337 0.0017104583 1.0000925 16974648242 203.88632
rawdata/DECam_01419752.fits.fz N4 1419752 500.0 60942.34462298 1.13 32.84654205696882 -13.712103736747135 32.854274999999994 -13.637 M464 0.023359904 24.946716 1.0173782 1.6955454 21.783564 2.8040826 decam -5.232493 18.508003 91 object IBIS_wide_M464_302956 302956 0.021816 924.0 1948.0 0.33321208 0.99992365 -0.0017832951 -0.6750793 0.0019518418 1.0002317 16765146420 178.31143
rawdata/DECam_01419753.fits.fz N4 1419753 500.0 60942.35075072 1.14 33.34555357381607 -13.09410374236121 33.35326666666666 -13.019 M464 0.020624317 24.951756 1.0242124 1.75792 21.792404 2.904593 decam -4.7144346 12.749264 92 object IBIS_wide_M464_305976 305976 0.021107 924.0 1948.0 -0.3851022 1.0000623 -0.0016774423 -0.15366668 0.0018034518 1.0001609 16734793126 172.14116
rawdata/DECam_01419754.fits.fz N4 1419754 500.0 60942.35685967 1.14 35.69455203639204 -13.143103741917129 35.70226666666667 -13.068 M464 0.01789715 24.942982 1.0159698 1.4448748 21.803242 1.9370259 decam -8.466397 6.8752513 92 object IBIS_wide_M464_303901 303901 0.019464 924.0 1948.0 -0.070155665 1.0003469 -0.0017455595 -0.21709771 0.0019400187 1.0001715 16737926091 258.1277
rawdata/DECam_01419755.fits.fz N4 1419755 479.387 60942.36304022 1.14 39.425593330572354 -12.045103751827076 39.433275 -11.97 M464 0.02902386 24.967255 1.0389384 1.2218186 21.829466 1.4006385 decam -8.416017 1.5115426 98 object IBIS_wide_M464_309913 309913 0.02807 924.0 1948.0 0.52146477 0.9997343 -0.0019384337 -0.33076426 0.0017531276 1.0002857 16646243537 342.26318
rawdata/DECam_01419756.fits.fz N4 1419756 473.157 60942.36891637 1.16 38.08154956153039 -13.482103738839896 38.089275 -13.407 M464 0.02162205 24.96041 1.0366584 1.2019553 21.840343 1.2890311 decam 0.18458688 2.4894595 100 object IBIS_wide_M464_306905 306905 0.019936 924.0 1948.0 0.3667827 1.0001329 -0.001944374 0.10560046 0.0018307283 1.0000648 16629131452 367.06406
rawdata/DECam_01419757.fits.fz N4 1419757 500.0 60942.37471913 1.16 39.86155385552032 -13.085103742442755 39.86926666666667 -13.01 M464 0.028999802 24.950825 1.0275466 1.2951236 21.829878 1.6209127 decam -1.9891262 -4.06135 111 object IBIS_wide_M464_309890 309890 0.027166 924.0 1948.0 -0.49444857 1.0000006 -0.0020581044 -0.053388283 0.0021152855 1.0002112 16716840597 308.4682
rawdata/DECam_01419758.fits.fz N4 1419758 150.0 60942.38577539 1.7 136.96453759435042 -37.21315959401179 136.97397083333334 -37.13805611111111 M464 0.32769462 24.790535 0.9904984 1.5547891 21.185709 48.009686 decam -10.6721115 -4.247705 1687 object "Pyxis position 0" 0 0.0 924.0 1948.0 0.4059469 0.99998325 -0.0024660402 -0.20488657 0.002231999 1.0003682 16190748910 3.1243696
rawdata/DECam_01419759.fits.fz N4 1419759 150.0 60942.38785218 1.68 136.917366901674 -37.17867959447889 136.92679583333333 -37.10357611111111 M464 0.338056 24.79385 0.98945427 1.414069 21.00048 50.422325 decam -9.576335 3.012532 1638 object "Pyxis position 1" 0 0.0 924.0 1948.0 0.72364736 1.0001919 -0.0023751494 -0.5395309 0.0021664873 1.0003513 16447467376 2.9748728
rawdata/DECam_01419760.fits.fz N4 1419760 150.0 60942.38992748 1.66 136.97244942309567 -37.28505153748091 136.98189166666666 -37.20994805555556 M464 0.32559648 24.802734 0.9934954 1.4310796 20.709726 60.74568 decam -20.738718 8.56841 1647 object "Pyxis position 2" 0 0.0 924.0 1948.0 0.12851122 1.0001895 -0.002408009 -0.27374175 0.0022686876 1.0003496 17109580912 2.4693112
rawdata/DECam_01419761.fits.fz N4 1419761 150.0 60942.3920245 1.64 137.03194218502597 -37.1429954282952 137.04136666666668 -37.06789194444445 M464 0.31419104 24.809937 0.99600786 1.5890963 20.32286 97.26793 decam -27.231367 15.374617 1381 object "Pyxis position 3" 0 0.0 924.0 1948.0 0.26400128 1.0001556 -0.0023365829 -0.08847129 0.002200727 1.0003493 17177986716 1.5421321
rawdata/DECam_01419762.fits.fz N4 1419762 150.0 60942.39409228 1.61 136.83843121234534 -37.23087042710502 136.84786666666668 -37.155766944444444 M464 0.36645448 24.787909 0.97000855 1.7267783 19.882807 260.5828 decam -28.225153 22.67308 1286 object "Pyxis position 4" 0 0.0 924.0 1948.0 0.6892756 1.0001963 -0.0023620543 -0.23568003 0.0022787068 1.0002981 17802867825 0.5756328
rawdata/DECam_01419763.fits.fz N4 1419763 15.0 60942.39900051 1.33 28.69877471815009 -27.46668665645119 28.70724166666667 -27.391583055555557 M464 0.01358148 24.898272 1.013783 1.4417086 19.525743 16.542591 decam -25.944 17.003208 28 object "LTT1020 N4" 0 0.0 924.0 1948.0 0.36658788 1.0002204 -0.0017377961 -0.2320646 0.0014979448 1.0003176 15708661159 0.9067503
rawdata/DECam_01419764.fits.fz N4 1419764 15.0 60942.39947907 1.34 28.3487497181501 -27.46668665645119 28.357216666666666 -27.391583055555557 M464 0.0132122515 24.920893 1.0372531 1.2869868 19.36417 14.639222 decam -27.017328 3.0023415 39 object "LTT1020 N5" 0 0.0 924.0 1948.0 -0.2712129 1.0001458 -0.0016698419 -0.19325194 0.0015373423 1.0002546 15749129606 1.0246446
rawdata/DECam_01419765.fits.fz N4 1419765 15.0 60942.39994962 1.33 29.048799359791733 -27.633353599073054 29.057279166666667 -27.55825 M464 0.012977352 24.919807 1.0340923 1.3069029 19.238756 16.948847 decam -30.254135 -5.0105495 28 object "LTT1020 S3" 0 0.0 924.0 1948.0 1.3333133 1.0002185 -0.0015870209 -1.0314386 0.0020464843 1.0001997 15811542504 0.88501596
rawdata/DECam_01419766.fits.fz N4 1419766 15.0 60942.40041412 1.34 28.698761859791727 -27.633353599073057 28.70724166666667 -27.55825 M464 0.013797945 24.917196 1.0337279 1.4130304 19.115507 22.428522 decam -33.07414 -1.2424449 18 object "LTT1020 S4" 0 0.0 924.0 1948.0 0.18708631 0.9999327 -0.0015404108 -0.08726875 0.001560625 1.0002633 15851430828 0.6687913
rawdata/DECam_01419767.fits.fz N4 1419767 15.0 60942.40091224 1.35 28.34873685979173 -27.633353599073057 28.357216666666666 -27.55825 M464 0.013893696 24.915281 1.0340285 1.3588891 18.96305 23.972923 decam -24.15704 -17.095846 16 object "LTT1020 S5" 0 0.0 924.0 1948.0 1.1988386 0.9992013 -0.0017198375 0.4905686 0.0024158398 1.0003532 15923060885 0.6257059
