logs/db-2026-04-13.ecsv
# %ECSV 1.0
# ---
# datatype:
# - {name: filename, datatype: string}
# - {name: extension, datatype: string}
# - {name: expnum, datatype: int64}
# - {name: exptime, datatype: float32}
# - {name: mjd_obs, datatype: float64}
# - {name: airmass, datatype: float32}
# - {name: racenter, datatype: float64}
# - {name: deccenter, datatype: float64}
# - {name: rabore, datatype: float64}
# - {name: decbore, datatype: float64}
# - {name: band, datatype: string}
# - {name: ebv, datatype: float32}
# - {name: zeropoint, datatype: float32}
# - {name: transparency, datatype: float32}
# - {name: seeing, datatype: float32}
# - {name: sky, datatype: float32}
# - {name: expfactor, datatype: float32}
# - {name: camera, datatype: string}
# - {name: dx, datatype: float32}
# - {name: dy, datatype: float32}
# - {name: nmatched, datatype: int64}
# - {name: obstype, datatype: string}
# - {name: object, datatype: string}
# - {name: tileid, datatype: int64}
# - {name: tileebv, datatype: float32}
# - {name: affine_x0, datatype: float32}
# - {name: affine_y0, datatype: float32}
# - {name: affine_dx, datatype: float32}
# - {name: affine_dxx, datatype: float32}
# - {name: affine_dxy, datatype: float32}
# - {name: affine_dy, datatype: float32}
# - {name: affine_dyx, datatype: float32}
# - {name: affine_dyy, datatype: float32}
# - {name: checksum, datatype: string}
# - {name: efftime, datatype: float32}
# schema: astropy-2.0
filename extension expnum exptime mjd_obs airmass racenter deccenter rabore decbore band ebv zeropoint transparency seeing sky expfactor camera dx dy nmatched obstype object tileid tileebv affine_x0 affine_y0 affine_dx affine_dxx affine_dxy affine_dy affine_dyx affine_dyy checksum efftime
/home/declsp/obsbot/rawdata/DECam_01474922.fits.fz N4 1474922 10.0 61143.97047982 1.01 130.3761489802335 -32.93424242676747 130.3851 -32.859138888888886 M517 0.33464447 25.064928 1.0343497 1.52719 19.242487 18.399183 decam 6.664894 15.379799 722 object "LTT3218 N4" 0 0.0 924.0 1948.0 -0.19935526 0.99982613 -0.0020433003 -0.29291582 0.002207065 0.99989575 15676462658 0.5435024
/home/declsp/obsbot/rawdata/DECam_01474923.fits.fz N4 1474923 10.0 61143.97091158 1.01 130.00609898023347 -32.93424242676747 130.01505 -32.859138888888886 M517 0.29259276 25.038416 1.009397 1.3180685 19.377033 12.718631 decam 10.55965 24.974277 977 object "LTT3218 N5" 0 0.0 924.0 1948.0 0.28477255 1.0001917 -0.0020489765 -0.020853922 0.0022400154 0.99998516 15639009429 0.78624815
/home/declsp/obsbot/rawdata/DECam_01474924.fits.fz N4 1474924 10.0 61143.97132331 1.01 130.74619871054136 -33.10090964695198 130.75516666666667 -33.02580611111111 M517 0.41609186 25.095945 1.0643251 1.3820869 19.463911 11.6092005 decam 8.864899 20.24748 672 object "LTT3218 S3" 0 0.0 924.0 1948.0 0.06785864 1.0002829 -0.0020625372 0.058020994 0.0017479773 1.0001018 15653562169 0.86138576
/home/declsp/obsbot/rawdata/DECam_01474925.fits.fz N4 1474925 10.0 61143.97174882 1.01 130.37613204387472 -33.100909646952 130.3851 -33.02580611111111 M517 0.3320199 25.040337 1.0111852 1.5759109 19.593273 14.839048 decam 1.9778693 11.680481 714 object "LTT3218 S4" 0 0.0 924.0 1948.0 -0.2525898 0.9999726 -0.0018531678 0.05076706 0.0020949026 0.9998806 15588369881 0.6738977
/home/declsp/obsbot/rawdata/DECam_01474926.fits.fz N4 1474926 10.0 61143.97217732 1.01 130.00608204387473 -33.10090964695198 130.01505 -33.02580611111111 M517 0.27418688 25.020624 0.9929922 1.5568851 19.71075 13.478619 decam 16.676222 23.574883 864 object "LTT3218 S5" 0 0.0 924.0 1948.0 0.28037602 0.99999464 -0.00208714 -0.29015148 0.0018406747 1.000141 15568352428 0.74191576
/home/declsp/obsbot/rawdata/DECam_01474927.fits.fz N4 1474927 15.0 61143.97391584 1.14 89.0930033306711 -27.849770541142576 89.1015 -27.774666944444444 M517 0.038579706 24.974676 0.9718838 1.8809559 19.822474 19.311577 decam 2.333799 75.16406 135 object "LTT2415 N4" 0 0.0 924.0 1948.0 0.7911688 0.99995434 -0.0029750047 -0.3091429 0.0028008856 1.000145 15639739980 0.77673614
/home/declsp/obsbot/rawdata/DECam_01474928.fits.fz N4 1474928 15.0 61143.97438719 1.14 88.74173249733775 -27.849770541142576 88.75022916666667 -27.774666944444444 M517 0.03469151 24.973352 0.97069925 1.8581 19.908266 17.45613 decam 4.483651 66.45633 127 object "LTT2415 N5" 0 0.0 924.0 1948.0 0.8273182 0.9999218 -0.0029460355 -0.48810357 0.0028955808 1.000166 15609709946 0.85929704
/home/declsp/obsbot/rawdata/DECam_01474929.fits.fz N4 1474929 15.0 61143.97486216 1.14 89.4442443826225 -28.016436650418257 89.45275416666667 -27.941333055555557 M517 0.029162224 24.974087 0.97135603 1.8930804 20.039097 16.040455 decam 6.526161 57.767376 176 object "LTT2415 S3" 0 0.0 924.0 1948.0 0.7600322 1.0003713 -0.0028263237 -0.19385673 0.00271283 0.9997159 15601834486 0.9351356
/home/declsp/obsbot/rawdata/DECam_01474930.fits.fz N4 1474930 15.0 61143.97534476 1.14 89.09299021595584 -28.016436650418257 89.1015 -27.941333055555557 M517 0.035507463 24.963835 0.96222866 1.8897995 20.139887 14.845535 decam -6.508038 54.0711 128 object "LTT2415 S4" 0 0.0 924.0 1948.0 0.78059924 1.0002584 -0.003131006 0.19227265 0.0031757364 0.9999995 15562472074 1.0104048
/home/declsp/obsbot/rawdata/DECam_01474931.fits.fz N4 1474931 15.0 61143.97583181 1.15 88.7417193826225 -28.016436650418257 88.75022916666667 -27.941333055555557 M517 0.034228936 24.971361 0.97047484 1.7415802 20.288164 10.848609 decam 3.6515465 65.05654 157 object "LTT2415 S5" 0 0.0 924.0 1948.0 0.17678584 1.0002486 -0.0030095733 -0.6077212 0.0029269692 1.0000885 15546631140 1.3826658
/home/declsp/obsbot/rawdata/DECam_01474932.fits.fz N4 1474932 150.0 61143.97697808 1.59 66.15032794387525 -21.458048663328825 66.1584 -21.382945 M517 0.019183934 24.864384 0.9436643 2.5412078 19.996904 36.76737 decam 9.038308 76.63463 76 object "Eridanus position 15" 0 0.0 924.0 1948.0 0.7485661 1.0001009 -0.0026760746 -0.34722674 0.002408567 1.0001863 17675887436 4.0797048
/home/declsp/obsbot/rawdata/DECam_01474933.fits.fz N4 1474933 150.0 61143.97905081 1.61 66.34486674811842 -21.130417555461914 66.35292083333334 -21.05531388888889 M517 0.02439787 24.851175 0.9352458 2.611816 20.408628 27.23556 decam 9.276145 63.428776 79 object "Eridanus position 16" 0 0.0 924.0 1948.0 -0.018030098 1.0007612 -0.002553218 -0.6291822 0.0030763096 1.0000457 17094616700 5.507506
/home/declsp/obsbot/rawdata/DECam_01474934.fits.fz N4 1474934 150.0 61143.98111329 1.65 65.95216005336763 -21.25320477646999 65.96022083333334 -21.17810111111111 M517 0.022366486 24.801983 0.89956564 2.779767 20.720558 25.34141 decam 3.729886 62.228146 72 object "Eridanus position 17" 0 0.0 924.0 1948.0 0.6026751 1.0003155 -0.0025683444 -0.27124313 0.0028902723 1.0003722 16534219353 5.9191656
/home/declsp/obsbot/rawdata/DECam_01474935.fits.fz N4 1474935 150.0 61143.98317371 1.66 66.34237617541847 -21.414686719314577 66.35044583333334 -21.339583055555554 M517 0.01924016 24.744593 0.85462046 3.3957915 20.970293 33.393875 decam -4.2829537 55.301155 69 object "Eridanus position 18" 0 0.0 924.0 1948.0 -0.7894128 1.000417 -0.0023179806 -0.36712325 0.0033553368 1.0004176 16320857335 4.491842
/home/declsp/obsbot/rawdata/DECam_01474936.fits.fz N4 1474936 150.0 61143.98522201 1.69 66.16662582225922 -21.039845611911776 66.17467500000001 -20.964741944444444 M517 0.027953722 24.713755 0.83469176 3.4970994 21.113853 32.842876 decam -5.2524896 53.40753 76 object "Eridanus position 19" 0 0.0 924.0 1948.0 0.75060666 0.99977005 -0.0024510631 -0.31362316 0.0029077143 1.000377 16180801551 4.5672007
/home/declsp/obsbot/rawdata/DECam_01474937.fits.fz N4 1474937 150.0 61143.98727838 1.72 66.02059576455089 -21.437196719091286 66.02866666666668 -21.362093055555555 M517 0.018920891 24.727383 0.84930784 3.366805 21.213463 27.084595 decam -3.2190535 50.708393 66 object "Eridanus position 20" 0 0.0 924.0 1948.0 0.62936723 0.9999244 -0.002453347 -0.5366969 0.0029072189 1.000471 16141915443 5.5382037
/home/declsp/obsbot/rawdata/DECam_01474938.fits.fz N4 1474938 35.0 61143.99135281 1.15 142.58674662421353 -3.7161038249315252 142.594275 -3.641 M517 0.042947635 24.958492 0.95904005 2.0385556 21.68194 4.2152185 decam 4.3837805 0.38385195 96 object "pointing test" 0 0.0 924.0 1948.0 -0.12489237 0.99988186 -0.0015395764 0.025711045 0.0014711273 0.9999836 15505727118 8.3032465
/home/declsp/obsbot/rawdata/DECam_01474939.fits.fz N4 1474939 800.0 61143.99319105 1.16 145.39874583518997 -4.257103820258437 145.40627916666668 -4.182 M517 0.046583507 24.970205 0.97099787 1.9781623 21.688684 3.8605223 decam 3.2636151 10.102645 179 object IBIS_wide_M517_524978 524978 0.046071 924.0 1948.0 0.246472 1.0001941 -0.0013526987 -0.13737822 0.0012447325 1.0000274 18683603222 207.22585
/home/declsp/obsbot/rawdata/DECam_01474940.fits.fz N4 1474940 800.0 61144.00278501 1.15 146.10174294863037 -3.658103825432166 146.10927083333334 -3.583 M517 0.046747655 24.961569 0.96176124 1.9371299 21.756804 3.5327628 decam 4.2832685 8.203468 157 object IBIS_wide_M517_524981 524981 0.042494 924.0 1948.0 0.18014792 0.99989176 -0.0013718668 0.06205097 0.0013770696 0.9999246 17920493998 226.45166
/home/declsp/obsbot/rawdata/DECam_01474941.fits.fz N4 1474941 800.0 61144.01241642 1.15 149.210749438642 -3.3701038279171707 149.218275 -3.295 M517 0.034023 24.979523 0.9777982 1.8984355 21.794102 3.1718826 decam 0.09507322 16.004633 174 object IBIS_wide_M517_528530 528530 0.035177 924.0 1948.0 0.4360006 0.9999445 -0.0012865245 -0.17743076 0.001513851 1.0000072 17738148754 252.21614
/home/declsp/obsbot/rawdata/DECam_01474942.fits.fz N4 1474942 542.8767 61144.02200796 1.14 150.97774317652005 -4.100103821615222 150.985275 -4.025 M517 0.036942977 24.991087 0.98668474 1.3901737 21.819199 1.6279329 decam 7.0113626 15.06302 154 object IBIS_wide_M517_525457 525457 0.032965 924.0 1948.0 0.040727645 1.0002993 -0.001212041 -0.12063203 0.0010673933 1.000047 16967421676 333.4761
/home/declsp/obsbot/rawdata/DECam_01474943.fits.fz N4 1474943 415.4274 61144.02863533 1.14 152.82774030637282 -3.9601038228246455 152.83527083333334 -3.885 M517 0.032554686 24.998257 0.99322194 1.3435206 21.83972 1.4725922 decam 9.589234 28.565289 132 object IBIS_wide_M517_528444 528444 0.033754 924.0 1948.0 0.1045518 1.0001438 -0.0012098026 -0.09446124 0.0011367927 0.9998877 16528995515 282.1062
/home/declsp/obsbot/rawdata/DECam_01474944.fits.fz N4 1474944 492.897 61144.03377203 1.13 155.07273875353923 -4.545103817768103 155.080275 -4.47 M517 0.04747342 24.996962 0.9904509 1.4646846 21.828583 1.7720501 decam 10.493833 31.483929 159 object IBIS_wide_M517_528437 528437 0.046438 924.0 1948.0 0.26736113 1.0001705 -0.0010205375 -0.07430942 0.00092736084 0.99996084 17123478073 278.1507
/home/declsp/obsbot/rawdata/DECam_01474945.fits.fz N4 1474945 800.0 61144.03993856 1.13 161.16971941694794 -6.40610380162239 161.17727916666666 -6.331 M517 0.03941899 24.973461 0.9692421 1.8689958 21.852423 2.9462733 decam 8.354092 35.69081 137 object IBIS_wide_M517_528167 528167 0.040907 924.0 1948.0 0.033604085 1.000119 -0.0008531018 -0.038454905 0.0006767151 1.0000517 17585406727 271.52945
/home/declsp/obsbot/rawdata/DECam_01474946.fits.fz N4 1474946 746.2654 61144.04950927 1.12 160.4787260627769 -5.628103808384531 160.486275 -5.553 M517 0.04535424 25.005116 0.99631834 1.710672 21.864979 2.3019962 decam 9.029197 29.675377 134 object IBIS_wide_M517_528169 528169 0.046473 924.0 1948.0 0.25327304 1.0003232 -0.0008021387 -0.17579333 0.0009447646 1.0000943 17669154154 324.18185
/home/declsp/obsbot/rawdata/DECam_01474947.fits.fz N4 1474947 575.7264 61144.05846266 1.12 162.3577324028362 -5.458103809859625 162.36527916666665 -5.383 M517 0.035450492 24.992834 0.9851113 1.5846744 21.818508 2.1092415 decam 17.375036 41.814915 138 object IBIS_wide_M517_525225 525225 0.03413 924.0 1948.0 0.065598205 1.0003545 -0.00087019766 -0.09837897 0.00044131975 1.0000187 18918855432 272.95422
/home/declsp/obsbot/rawdata/DECam_01474948.fits.fz N4 1474948 431.1273 61144.06543645 1.11 161.61873528850327 -4.865103814998726 161.62627500000002 -4.79 M517 0.038355473 25.00014 0.9901743 1.4502603 21.877087 1.651758 decam 22.170507 41.724762 138 object IBIS_wide_M517_525227 525227 0.041599 924.0 1948.0 0.27217707 1.0001129 -0.0008961058 -0.017241387 0.0012535927 0.99995476 16593156712 261.01117
/home/declsp/obsbot/rawdata/DECam_01474949.fits.fz N4 1474949 434.8873 61144.07092374 1.11 168.2497198603044 -6.376103801883506 168.25727916666665 -6.301 M517 0.03482669 24.990395 0.9813267 1.3956265 21.887663 1.5424112 decam 15.664267 39.643757 139 object IBIS_wide_M517_528178 528178 0.041526 924.0 1948.0 0.12369943 0.99991757 -0.0005849001 -0.09890589 0.00072096783 1.0001098 16586062941 281.95288
/home/declsp/obsbot/rawdata/DECam_01474950.fits.fz N4 1474950 546.3366 61144.07629065 1.11 170.72971162688438 -6.646103799532335 170.737275 -6.571 M517 0.042283095 24.976748 0.96907014 1.5945972 21.88561 2.068094 decam 15.946383 38.86156 169 object IBIS_wide_M517_525116 525116 0.039606 924.0 1948.0 -0.036768142 1.0001912 -0.00044358207 0.015677333 0.00044946713 0.99997556 16880952998 264.17398
/home/declsp/obsbot/rawdata/DECam_01474951.fits.fz N4 1474951 253.8884 61144.08293106 1.11 173.03970872501236 -6.832103797911142 173.047275 -6.757 M517 0.03274551 24.936459 0.93376964 1.518147 21.864046 2.0596683 decam 13.797858 36.58925 139 object IBIS_wide_M517_528097 528097 0.035956 924.0 1948.0 -0.028236315 1.0001285 -0.00033304532 -0.02492715 0.0002868568 0.9999195 16167431646 123.26664
/home/declsp/obsbot/rawdata/DECam_01474952.fits.fz N4 1474952 605.8763 61144.09072507 1.11 165.8757351988227 -4.873103814929458 165.883275 -4.798 M517 0.04082999 24.842611 0.856447 1.5294409 21.890385 2.425331 decam 12.349905 23.19145 138 object IBIS_wide_M517_525222 525222 0.046791 924.0 1948.0 -0.034713898 1.0003393 -0.00067105 -0.11477417 0.00071187713 0.9998588 16971677364 249.81178
/home/declsp/obsbot/rawdata/DECam_01474953.fits.fz N4 1474953 409.7274 61144.09837993 1.11 176.40271153455436 -6.6521037994800585 176.410275 -6.577 M517 0.03139409 24.874462 0.8819435 1.4400108 21.862436 2.0806317 decam -7.2523804 -5.009533 149 object IBIS_wide_M517_525259 525259 0.035685 924.0 1948.0 -0.041500367 1.0000412 -0.00021609994 0.03479475 0.00023993176 0.99978405 16812999680 196.92451
/home/declsp/obsbot/rawdata/DECam_01474954.fits.fz N4 1474954 387.5276 61144.10343902 1.11 176.00372423537016 -5.767103807177786 176.011275 -5.692 M517 0.02833221 24.672739 0.73240554 1.4135771 21.819893 3.0235581 decam 2.2208722 3.2975686 168 object IBIS_wide_M517_528254 528254 0.029457 924.0 1948.0 0.029169098 0.9999218 -0.00020565935 -0.030377636 0.00024041273 1.0000997 16471645679 128.16939
/home/declsp/obsbot/rawdata/DECam_01474955.fits.fz N4 1474955 800.0 61144.10838477 1.1 171.02373377818898 -4.998103813846938 171.031275 -4.923 M517 0.040777303 24.672358 0.73097587 1.4424157 21.83934 3.0943172 decam 2.0507097 19.741247 135 object IBIS_wide_M517_528191 528191 0.043292 924.0 1948.0 0.058570802 1.0000188 -0.00050817244 -0.103265725 0.0004698777 0.9999771 17634185936 258.53845
/home/declsp/obsbot/rawdata/DECam_01474956.fits.fz N4 1474956 800.0 61144.11801129 1.11 174.16973104337427 -4.872103814938115 174.17727083333335 -4.797 M517 0.04413547 24.37753 0.5580427 1.4617385 21.793129 5.7076497 decam -3.494049 20.37784 154 object IBIS_wide_M517_525276 525276 0.047294 924.0 1948.0 0.04030344 1.0002072 -0.00036305678 0.16443434 0.0005609839 1.0000608 17691037463 140.16277
/home/declsp/obsbot/rawdata/DECam_01474957.fits.fz N4 1474957 800.0 61144.12766592 1.11 178.65374011195934 -4.806103815509522 178.66127916666665 -4.731 M517 0.020684171 24.665188 0.72732913 1.5216613 21.82257 3.5433242 decam -4.031524 7.5310574 146 object IBIS_wide_M517_525265 525265 0.025977 924.0 1948.0 0.051050868 0.9999406 -0.00010459208 -0.012366552 0.0003550574 0.9999428 17694465306 225.77669
/home/declsp/obsbot/rawdata/DECam_01474958.fits.fz N4 1474958 800.0 61144.13727088 1.11 179.7987358123653 -4.818103815405639 179.806275 -4.743 M517 0.03284339 24.802633 0.8254852 1.8149014 21.831184 3.8809538 decam -12.294315 6.775388 145 object IBIS_wide_M517_524966 524966 0.026585 924.0 1948.0 -0.089179754 1.0001736 -0.00010832776 0.13367993 0.0001251464 1.0001959 17983253385 206.13489
/home/declsp/obsbot/rawdata/DECam_01474959.fits.fz N4 1474959 800.0 61144.14705697 1.11 186.2597311554283 -4.8621038150247005 186.26727083333333 -4.787 M517 0.052459355 24.638338 0.70956403 1.7580063 21.763561 5.2454205 decam -10.892495 -0.56673265 136 object IBIS_wide_M517_531448 531448 0.04551 924.0 1948.0 -0.26808703 1.0000803 7.733294e-05 -0.20065767 2.6224325e-06 0.999811 17782015696 152.51399
