logs/db-2026-05-18.ecsv
# %ECSV 1.0
# ---
# datatype:
# - {name: filename, datatype: string}
# - {name: extension, datatype: string}
# - {name: expnum, datatype: int64}
# - {name: exptime, datatype: float32}
# - {name: mjd_obs, datatype: float64}
# - {name: airmass, datatype: float32}
# - {name: racenter, datatype: float64}
# - {name: deccenter, datatype: float64}
# - {name: rabore, datatype: float64}
# - {name: decbore, datatype: float64}
# - {name: band, datatype: string}
# - {name: ebv, datatype: float32}
# - {name: zeropoint, datatype: float32}
# - {name: transparency, datatype: float32}
# - {name: seeing, datatype: float32}
# - {name: sky, datatype: float32}
# - {name: expfactor, datatype: float32}
# - {name: camera, datatype: string}
# - {name: dx, datatype: float32}
# - {name: dy, datatype: float32}
# - {name: nmatched, datatype: int64}
# - {name: obstype, datatype: string}
# - {name: object, datatype: string}
# - {name: tileid, datatype: int64}
# - {name: tileebv, datatype: float32}
# - {name: affine_x0, datatype: float32}
# - {name: affine_y0, datatype: float32}
# - {name: affine_dx, datatype: float32}
# - {name: affine_dxx, datatype: float32}
# - {name: affine_dxy, datatype: float32}
# - {name: affine_dy, datatype: float32}
# - {name: affine_dyx, datatype: float32}
# - {name: affine_dyy, datatype: float32}
# - {name: checksum, datatype: string}
# - {name: efftime, datatype: float32}
# schema: astropy-2.0
filename extension expnum exptime mjd_obs airmass racenter deccenter rabore decbore band ebv zeropoint transparency seeing sky expfactor camera dx dy nmatched obstype object tileid tileebv affine_x0 affine_y0 affine_dx affine_dxx affine_dxy affine_dy affine_dyx affine_dyy checksum efftime
[from data line 41]
/home/declsp/obsbot/rawdata/DECam_01481255.fits.fz N4 1481255 586.6063 61179.20452241 1.18 221.21074943864198 -3.3701038279171716 221.218275 -3.295 M464 0.092852786 24.870811 0.95847464 1.044924 21.97225 0.87237 decam -4.8898115 7.334286 205 object IBIS_wide_M464_340514 340514 0.093949 924.0 1948.0 -0.33840683 1.0002098 0.0014936511 0.29678202 -0.0013284836 1.0000846 17801153840 672.42834
/home/declsp/obsbot/rawdata/DECam_01481256.fits.fz N4 1481256 455.6671 61179.21163152 1.19 222.00075795755373 -2.7501038332620094 222.00827916666668 -2.675 M464 0.071171045 24.87426 0.9635007 1.0764846 21.987762 0.9068298 decam -10.48249 9.142131 262 object IBIS_wide_M464_340515 340515 0.077582 924.0 1948.0 0.23049481 1.0001317 0.0015453402 0.28764957 -0.0016139606 0.9999902 16449396368 502.4836
/home/declsp/obsbot/rawdata/DECam_01481257.fits.fz N4 1481257 416.9275 61179.21769494 1.21 231.82775757167784 2.064896125322131 231.83527500000002 2.14 M464 0.054249197 24.883411 0.975655 1.0905532 22.027782 0.8819644 decam -13.049384 19.343164 291 object IBIS_wide_M464_340504 340504 0.048087 924.0 1948.0 -0.24842252 1.0001634 0.0017269233 0.17867939 -0.0016977682 0.99991286 16313089814 472.72598
/home/declsp/obsbot/rawdata/DECam_01481258.fits.fz N4 1481258 376.6476 61179.2228476 1.21 233.25076200885405 2.0068961258213323 233.25827916666668 2.082 M464 0.04566242 24.889309 0.9809692 1.1594949 22.031904 0.98225063 decam -13.09656 3.2428133 273 object IBIS_wide_M464_340499 340499 0.047936 924.0 1948.0 -0.23970535 1.0002319 0.0018762037 0.19358137 -0.0015912388 1.0000671 16234084107 383.45367
/home/declsp/obsbot/rawdata/DECam_01481259.fits.fz N4 1481259 175.3489 61179.22755918 1.22 236.03075068496614 3.2048961155015503 236.038275 3.2800000000000002 M464 0.05950757 24.883875 0.9780787 1.0350013 22.034817 0.7887793 decam -27.353508 11.271531 238 object IBIS_wide_M464_340672 340672 0.073866 924.0 1948.0 -0.099126086 1.0001026 0.0019718413 0.2647585 -0.0018543433 1.0000141 15763470227 222.30414
/home/declsp/obsbot/rawdata/DECam_01481260.fits.fz N4 1481260 747.9252 61179.22991673 1.21 238.31875056327686 2.5968961207414205 238.32627083333335 2.672 M464 0.10130829 24.869299 0.96305627 1.1045158 22.033695 0.92342615 decam -12.526887 3.99044 299 object IBIS_wide_M464_340649 340649 0.12076 924.0 1948.0 -0.43385297 1.0004566 0.001981249 0.3288892 -0.0021086817 0.99996597 17036077341 809.94586
/home/declsp/obsbot/rawdata/DECam_01481261.fits.fz N4 1481261 548.9465 61179.23887308 1.21 239.29576053159408 2.3058961232474626 239.30327916666664 2.3810000000000002 M464 0.08684441 24.873465 0.9667573 1.0443094 22.041485 0.81353354 decam -12.567017 3.521278 356 object IBIS_wide_M464_337660 337660 0.095313 924.0 1948.0 0.21630314 1.0001477 0.001956196 0.29345706 -0.0020258958 0.9999923 16687526380 674.76807
/home/declsp/obsbot/rawdata/DECam_01481262.fits.fz N4 1481262 443.5472 61179.24558046 1.22 243.05675083157308 3.1848961156740065 243.06427499999998 3.26 M464 0.06469743 24.870888 0.9664494 1.030854 22.03502 0.80127865 decam -26.671347 13.272783 430 object IBIS_wide_M464_340330 340330 0.069608 924.0 1948.0 -0.52203596 1.0001329 0.0019960545 0.16520654 -0.001980442 0.9999706 16375551042 553.54926
/home/declsp/obsbot/rawdata/DECam_01481263.fits.fz N4 1481263 163.9589 61179.25105277 1.22 242.2997636241725 2.5008961215682772 242.30728333333334 2.576 M464 0.07849233 24.871128 0.9666638 1.0122268 21.99418 0.8019117 decam -18.748508 9.145655 349 object IBIS_wide_M464_340329 340329 0.0807 924.0 1948.0 -0.08801849 1.000271 0.0020656423 0.25177693 -0.0019978858 1.0000563 15902464291 204.46004
/home/declsp/obsbot/rawdata/DECam_01481264.fits.fz N4 1481264 363.7176 61179.25329443 1.21 244.21676736491634 1.7288961282135822 244.22428333333335 1.804 M464 0.08149577 24.870163 0.9638235 1.066708 22.023638 0.868051 decam -22.343649 16.858662 445 object IBIS_wide_M464_337336 337336 0.084644 924.0 1948.0 -0.32359245 1.0001287 0.002059076 0.12883604 -0.0019476926 0.9999706 16272984017 419.00485
/home/declsp/obsbot/rawdata/DECam_01481265.fits.fz N4 1481265 640.936 61179.25781121 1.21 246.273760275312 2.3538961228341684 246.28127916666668 2.429 M464 0.06975916 24.873432 0.96672857 1.2217054 22.0061 1.1496365 decam -28.580309 15.077861 518 object IBIS_wide_M464_337338 337338 0.063501 924.0 1948.0 -0.05563449 1.0003082 0.0020054302 0.11466043 -0.002004694 1.0000317 17255340894 557.51184
/home/declsp/obsbot/rawdata/DECam_01481266.fits.fz N4 1481266 741.2155 61179.26557184 1.22 247.97175884891212 2.6048961206725103 247.97927916666666 2.6799999999999997 M464 0.064437136 24.877642 0.9724797 1.2912239 22.018747 1.2592933 decam -18.972624 16.134823 553 object IBIS_wide_M464_340344 340344 0.065823 924.0 1948.0 -0.39614502 1.0000273 0.0021349194 0.16958377 -0.0019421803 1.0000104 17157145396 588.5964
/home/declsp/obsbot/rawdata/DECam_01481267.fits.fz N4 1481267 184.5188 61179.27445023 1.25 245.92976589554544 2.066896125304917 245.93728333333334 2.142 M464 0.068334654 24.867163 0.9690921 1.199493 22.03167 1.0950592 decam -13.774434 15.995347 429 object IBIS_wide_M464_340323 340323 0.065286 924.0 1948.0 -0.29862604 1.0000387 0.0021004677 0.24514374 -0.0018642213 1.0001516 15801009557 168.50122
/home/declsp/obsbot/rawdata/DECam_01481268.fits.fz N4 1481268 262.2384 61179.27693058 1.24 249.2137604945494 2.312896123187192 249.22127916666665 2.388 M464 0.059528213 24.857908 0.95889616 1.2470651 22.028938 1.2068653 decam -21.509228 32.44809 545 object IBIS_wide_M464_337357 337357 0.064069 924.0 1948.0 -0.7006075 1.0000811 0.0021403406 0.10749036 -0.002126649 1.000026 15979607936 217.28888
/home/declsp/obsbot/rawdata/DECam_01481269.fits.fz N4 1481269 800.0 61179.2802735 1.25 250.6417524369774 3.5178961128016963 250.64927916666667 3.593 M464 0.06836081 24.855862 0.9590579 1.3204951 22.019394 1.370043 decam -17.968277 29.425154 609 object IBIS_wide_M464_337361 337361 0.07132 924.0 1948.0 -0.20023702 1.0002451 0.0021360365 0.107002236 -0.001998961 1.0000713 18880758151 583.9233
/home/declsp/obsbot/rawdata/DECam_01481270.fits.fz N4 1481270 682.7558 61179.29142243 1.29 309.55253237123986 -13.753103736373648 309.5602666666667 -13.678 M464 0.04602454 24.865421 0.97552156 1.354026 21.854658 1.6471388 decam -32.044865 -11.558405 574 object IBIS_wide_M464_351986 351986 0.042467 924.0 1948.0 -0.4796614 1.0002099 0.0018917404 0.10789124 -0.001969046 1.0002311 17779949244 414.51016
/home/declsp/obsbot/rawdata/DECam_01481271.fits.fz N4 1481271 800.0 61179.29964565 1.26 309.44658615719 -12.293103749596114 309.454275 -12.218 M464 0.048696212 24.871832 0.9752705 1.3598101 21.836092 1.6700335 decam -26.904467 -20.428854 669 object IBIS_wide_M464_352003 352003 0.048059 924.0 1948.0 -0.022560209 1.0001038 0.0020019873 0.09818743 -0.0019452489 1.0001845 17896131308 479.03232
/home/declsp/obsbot/rawdata/DECam_01481272.fits.fz N4 1481272 800.0 61179.30924832 1.23 311.56251867098854 -14.161103732649808 311.57026666666667 -14.086 M464 0.04755105 24.878124 0.9749123 1.4997759 21.852356 1.9777819 decam -8.295713 -26.67039 542 object IBIS_wide_M464_351973 351973 0.049685 924.0 1948.0 -0.17136823 1.0003366 0.0018772491 0.15784086 -0.0019967486 1.0001965 17774365385 404.49353
/home/declsp/obsbot/rawdata/DECam_01481273.fits.fz N4 1481273 283.0583 61179.31884264 1.2 313.0025143851473 -14.286103731506262 313.01026666666667 -14.211 M464 0.050682597 24.895164 0.98425096 1.276203 21.84653 1.3958763 decam -6.56626 -36.064068 440 object IBIS_wide_M464_351972 351972 0.054689 924.0 1948.0 -0.5526842 1.0000811 0.0019260722 0.031966493 -0.0019327737 1.000092 16201925748 202.78178
/home/declsp/obsbot/rawdata/DECam_01481274.fits.fz N4 1481274 658.5961 61179.32242906 1.21 314.94649348328954 -14.879103726063743 314.9542666666667 -14.804 M464 0.04093197 24.889275 0.98093885 1.2825284 21.82383 1.4552152 decam -6.6930566 -36.68604 436 object IBIS_wide_M464_351967 351967 0.045511 924.0 1948.0 -0.06902368 1.0000522 0.0018179321 0.06831536 -0.0018959225 1.0002398 17607304432 452.57645
/home/declsp/obsbot/rawdata/DECam_01481275.fits.fz N4 1481275 800.0 61179.33042711 1.19 312.88163165108745 -10.615103764613668 312.889275 -10.54 M464 0.07131975 24.889141 0.9767977 1.5090617 21.854902 1.9574952 decam 3.0814936 -38.524204 564 object IBIS_wide_M464_352045 352045 0.074517 924.0 1948.0 -0.13902862 1.0003704 0.0017873757 0.22730152 -0.0021019643 1.0002216 17787564428 408.68555
/home/declsp/obsbot/rawdata/DECam_01481276.fits.fz N4 1481276 800.0 61179.34001276 1.16 313.21163704234306 -10.397103766552059 313.219275 -10.322 M464 0.10608796 24.875204 0.95841426 1.5919898 21.82364 2.3002467 decam 6.8546324 -41.971714 483 object IBIS_wide_M464_349060 349060 0.084137 924.0 1948.0 -0.119430676 1.000168 0.0017997151 0.09124933 -0.0019631968 1.0002624 17540157627 347.7888
/home/declsp/obsbot/rawdata/DECam_01481277.fits.fz N4 1481277 800.0 61179.34959567 1.14 311.89766628667735 -9.119103777863245 311.905275 -9.044 M464 0.073946625 24.886036 0.96405596 1.5744923 21.794424 2.2657137 decam 9.799497 -46.682247 562 object IBIS_wide_M464_349068 349068 0.077557 924.0 1948.0 -0.24602006 1.0001281 0.0019393442 0.11032405 -0.0020217644 1.0001004 17872424751 353.08963
/home/declsp/obsbot/rawdata/DECam_01481278.fits.fz N4 1481278 800.0 61179.36077368 1.11 313.98063061444645 -10.821103762779435 313.98827916666664 -10.746 M464 0.081259176 24.889423 0.96112806 1.3986884 21.854786 1.6812345 decam 2.8746235 -10.84265 438 object IBIS_wide_M464_349058 349058 0.084891 924.0 1948.0 0.17912227 1.0001311 0.0016994165 0.14331515 -0.0019125135 1.0002279 18015267850 475.84082
/home/declsp/obsbot/rawdata/DECam_01481279.fits.fz N4 1481279 214.7688 61179.37035877 1.09 316.0925652545878 -12.715103745790149 316.1002666666667 -12.64 M464 0.039285906 24.908363 0.97403216 1.401938 21.86845 1.6107342 decam 0.6207234 -12.2884 362 object IBIS_wide_M464_349028 349028 0.043336 924.0 1948.0 -0.26208583 1.0003093 0.0017806336 0.26783752 -0.001915671 1.0002563 15946343174 133.33597
/home/declsp/obsbot/rawdata/DECam_01481280.fits.fz N4 1481280 800.0 61179.37323872 1.11 320.84654205696876 -13.712103736747135 320.854275 -13.637 M464 0.065479636 24.900848 0.97129625 1.3546958 21.796215 1.6300267 decam -4.139119 -2.5058875 314 object IBIS_wide_M464_350892 350892 0.068996 924.0 1948.0 -0.19485603 1.0003332 0.0016920058 0.2552816 -0.0017909992 1.0001858 17904044562 490.78952
/home/declsp/obsbot/rawdata/DECam_01481281.fits.fz N4 1481281 506.517 61179.38281228 1.09 322.2965113429198 -14.374103730700444 322.30426666666665 -14.299 M464 0.075330116 24.886765 0.95484674 1.4280148 21.76029 1.9211215 decam -4.185626 -8.46446 251 object IBIS_wide_M464_350883 350883 0.073556 924.0 1948.0 0.09009028 1.0002068 0.0016383966 0.110204265 -0.0015338362 1.0001107 16860017791 263.65692
/home/declsp/obsbot/rawdata/DECam_01481282.fits.fz N4 1481282 340.158 61179.3890468 1.1 326.15850224165115 -14.75110372724101 326.16627083333333 -14.676 M464 0.055836767 24.911144 0.9785385 1.3733286 21.68074 1.8280879 decam -2.951543 0.4563058 226 object IBIS_wide_M464_354836 354836 0.051081 924.0 1948.0 -0.26020926 0.999979 0.0014976566 0.26269948 -0.0016055567 1.000194 16437627511 186.0731
/home/declsp/obsbot/rawdata/DECam_01481283.fits.fz N4 1481283 581.5266 61179.39331967 1.09 326.6215150740917 -14.506103729490528 326.629275 -14.431 M464 0.04101897 24.9096 0.97514135 1.402898 21.704105 1.872265 decam 2.5463006 7.6519556 243 object IBIS_wide_M464_357822 357822 0.047862 924.0 1948.0 -0.20193285 1.0001606 0.0015043536 0.08758327 -0.0014735002 1.0001695 17333892857 310.6006
/home/declsp/obsbot/rawdata/DECam_01481284.fits.fz N4 1481284 800.0 61179.40036884 1.09 327.6805348487405 -13.929103734768901 327.688275 -13.854 M464 0.051053908 24.905355 0.97133774 1.5201049 21.696148 2.2312973 decam 0.1791994 -0.1610699 210 object IBIS_wide_M464_357819 357819 0.047136 924.0 1948.0 0.028857775 1.000099 0.0014046137 0.12957327 -0.0015809354 1.0001585 17921037752 358.53583
/home/declsp/obsbot/rawdata/DECam_01481285.fits.fz N4 1481285 477.5174 61179.40994842 1.08 329.2765269360759 -14.16310373263152 329.284275 -14.088 M464 0.052726626 24.900322 0.9648616 1.4418635 21.667664 2.0803275 decam 3.324114 -0.29773468 208 object IBIS_wide_M464_357818 357818 0.047394 924.0 1948.0 -0.20843133 1.0001614 0.0013581897 0.057371177 -0.0015447574 1.0001259 16936913063 229.53954
/home/declsp/obsbot/rawdata/DECam_01481286.fits.fz N4 1481286 800.0 61179.41580015 1.07 330.5205177931954 -14.308103731304868 330.52827083333335 -14.233 M464 0.031218363 24.907318 0.9691054 1.3176873 21.543505 1.9234396 decam 0.06519175 2.6393943 213 object IBIS_wide_M464_357781 357781 0.038912 924.0 1948.0 0.053951304 1.0003402 0.0012130934 -0.17548972 -0.0014286607 1.0001253 18675714690 415.92157
/home/declsp/obsbot/rawdata/DECam_01481287.fits.fz N4 1481287 150.0 61179.42613103 1.14 346.61784620915404 -15.483305664931972 346.62564166666664 -15.408201944444444 M490 0.03384142 24.985107 1.0305644 1.421154 20.90888 3.6279867 decam -13.587966 17.791817 94 object "NGC7492 position 22" 0 0.0 924.0 1948.0 0.11901065 1.0004932 0.0007093452 0.048996516 -0.0007835994 1.0001516 16377445602 41.345245
/home/declsp/obsbot/rawdata/DECam_01481288.fits.fz N4 1481288 150.0 61179.42819402 1.14 346.8774485275817 -15.858865661449537 346.88525833333335 -15.783761944444445 M490 0.034571603 24.986467 1.0318553 1.5777069 20.616013 5.839746 decam -5.138602 16.861006 105 object "NGC7492 position 23" 0 0.0 924.0 1948.0 -0.053153064 1.0002718 0.00056413154 0.12855233 -0.00090882974 1.0003378 16597126301 25.686049
/home/declsp/obsbot/rawdata/DECam_01481289.fits.fz N4 1481289 150.0 61179.43288505 1.13 315.3310546819946 16.232940999683066 315.33887916666663 16.308045 M464 0.07972488 24.767122 0.86227393 1.4901375 20.1525 11.463772 decam 610.55743 -420.68753 107 object "NGC7006 position 6" 0 0.0 924.0 1948.0 -1.3740363 1.0025276 -0.0006180158 4.167134 -0.006498783 0.9998894 17285223047 13.084699
/home/declsp/obsbot/rawdata/DECam_01481290.fits.fz N4 1481290 5.0 61179.43580753 1.05 302.72841500890684 -30.2114535701363 302.73710833333337 -30.13635 M464 0.13380514 24.902086 0.96049297 1.1967454 19.409676 11.436899 decam -14.060869 58.662216 135 object "LTT7987 N4" 0 0.0 924.0 1948.0 -0.5179588 1.0000219 0.002485047 0.12397004 -0.0024423145 0.9999481 15493469958 0.43718144
/home/declsp/obsbot/rawdata/DECam_01481291.fits.fz N4 1481291 5.0 61179.43617485 1.05 302.36934834224013 -30.2114535701363 302.37804166666666 -30.13635 M464 0.14321716 24.892056 0.95166063 1.2045047 19.310879 12.925724 decam -19.089851 53.88571 147 object "LTT7987 N5" 0 0.0 924.0 1948.0 -0.58094835 1.0003614 0.0022735866 -0.0061227223 -0.0025305187 1.0001271 15501128552 0.38682553
/home/declsp/obsbot/rawdata/DECam_01481292.fits.fz N4 1481292 5.0 61179.43654313 1.05 303.08778793322506 -30.375753568241944 303.09649583333334 -30.30065 M464 0.110923365 24.899746 0.9584263 1.1877484 19.209583 13.604216 decam -31.191021 39.300545 164 object "LTT7987 S3" 0 0.0 924.0 1948.0 -0.2719972 1.000163 0.0024180321 0.09947556 -0.0026318014 0.9999884 15512572759 0.36753315
/home/declsp/obsbot/rawdata/DECam_01481293.fits.fz N4 1481293 5.0 61179.43690877 1.05 302.7284004332251 -30.375753568241944 302.73710833333337 -30.30065 M464 0.15053326 24.898796 0.957587 1.2098243 19.10132 15.620944 decam -38.66433 54.441822 133 object "LTT7987 S4" 0 0.0 924.0 1948.0 -0.12092608 1.0000675 0.0023792675 0.13340178 -0.002408472 1.00034 15526877314 0.32008308
