logs/db-2024-06-30.ecsv
# %ECSV 1.0
# ---
# datatype:
# - {name: filename, datatype: string}
# - {name: extension, datatype: string}
# - {name: expnum, datatype: int64}
# - {name: exptime, datatype: float32}
# - {name: mjd_obs, datatype: float64}
# - {name: airmass, datatype: float32}
# - {name: racenter, datatype: float64}
# - {name: deccenter, datatype: float64}
# - {name: rabore, datatype: float64}
# - {name: decbore, datatype: float64}
# - {name: band, datatype: string}
# - {name: ebv, datatype: float32}
# - {name: zeropoint, datatype: float32}
# - {name: transparency, datatype: float32}
# - {name: seeing, datatype: float32}
# - {name: sky, datatype: float32}
# - {name: expfactor, datatype: float32}
# - {name: camera, datatype: string}
# - {name: dx, datatype: float32}
# - {name: dy, datatype: float32}
# - {name: nmatched, datatype: int64}
# - {name: obstype, datatype: string}
# - {name: object, datatype: string}
# - {name: tileid, datatype: int64}
# - {name: tileebv, datatype: float32}
# - {name: affine_x0, datatype: float32}
# - {name: affine_y0, datatype: float32}
# - {name: affine_dx, datatype: float32}
# - {name: affine_dxx, datatype: float32}
# - {name: affine_dxy, datatype: float32}
# - {name: affine_dy, datatype: float32}
# - {name: affine_dyx, datatype: float32}
# - {name: affine_dyy, datatype: float32}
# - {name: checksum, datatype: string}
# - {name: efftime, datatype: float32}
# schema: astropy-2.0
filename extension expnum exptime mjd_obs airmass racenter deccenter rabore decbore band ebv zeropoint transparency seeing sky expfactor camera dx dy nmatched obstype object tileid tileebv affine_x0 affine_y0 affine_dx affine_dxx affine_dxy affine_dy affine_dyx affine_dyy checksum efftime
[from data line 44]
rawdata/DECam_01307433.fits.fz N4 1307433 324.0 60492.14507502 1.35 230.76876103057694 1.1148961334948613 230.776275 1.19 M411 0.05378144 24.373564 0.9882018 1.0308536 22.228672 0.7260753 decam -15.255 -23.074133 149 object IBIS_wide_M411_137507 137507 0.054341 924.0 1948.0 -0.09808768 1.0002301 0.0014268754 0.2769785 -0.0013696129 0.9997318 15784623084 446.2347
rawdata/DECam_01307434.fits.fz N4 1307434 342.0 60492.14919456 1.35 232.49076012278283 1.4268961308115662 232.498275 1.502 M411 0.04584704 24.362843 0.97849196 1.042311 22.185526 0.78776276 decam -17.631964 -18.116095 178 object IBIS_wide_M411_140498 140498 0.049558 924.0 1948.0 0.17278995 1.0002185 0.0015482289 0.18460609 -0.0010711588 0.9999076 15842390651 434.14084
rawdata/DECam_01307435.fits.fz N4 1307435 361.0 60492.15350838 1.36 234.27275907499867 1.7178961283082241 234.280275 1.793 M411 0.055420876 24.381517 0.99852526 1.0993083 22.184011 0.8476271 decam -21.46232 -15.732978 167 object IBIS_wide_M411_137514 137514 0.059351 924.0 1948.0 -0.41483933 0.99991864 0.0014601704 0.063065045 -0.0009138002 1.0000048 15870165430 425.8948
rawdata/DECam_01307436.fits.fz N4 1307436 500.0 60492.15806563 1.34 237.83075692220763 2.197896124177272 237.838275 2.273 M411 0.11839361 24.441021 1.0483253 1.0740482 22.17707 0.7298445 decam -24.39056 -16.376484 225 object IBIS_wide_M411_137663 137663 0.11273 924.0 1948.0 -0.31635338 1.0000091 0.0017222285 0.13289623 -0.0017158579 0.99987954 16078095111 685.07745
rawdata/DECam_01307437.fits.fz N4 1307437 500.0 60492.16421864 1.35 238.16576846590715 1.42389613083737 238.17328333333333 1.499 M411 0.10670359 24.413046 1.024798 1.1303025 22.165674 0.8598426 decam -18.434097 -19.804777 234 object IBIS_wide_M411_140642 140642 0.10004 924.0 1948.0 0.08580983 0.99977684 0.0014554989 0.19643302 -0.0014402561 1.0002731 16038423811 581.5018
rawdata/DECam_01307438.fits.fz N4 1307438 472.0 60492.17038098 1.38 237.81576096605633 1.1398961332798767 237.823275 1.215 M411 0.090149626 24.368502 0.9926966 1.2141536 22.18379 1.0588931 decam -23.378656 -29.451008 206 object IBIS_wide_M411_137656 137656 0.1001 924.0 1948.0 0.03862848 1.0001386 0.0017353315 0.20969966 -0.0014997927 0.9997078 16021694909 445.7485
rawdata/DECam_01307439.fits.fz N4 1307439 500.0 60492.17624226 1.35 242.0397610382232 1.1118961335206592 242.047275 1.187 M411 0.13942845 24.435135 1.0458609 1.3299936 22.185246 1.1219966 decam -16.283258 -17.750732 280 object IBIS_wide_M411_137330 137330 0.12517 924.0 1948.0 -0.29367745 1.0001332 0.001784929 0.1170037 -0.0016297387 1.000027 16046533736 445.63412
rawdata/DECam_01307440.fits.fz N4 1307440 500.0 60492.18239187 1.36 243.71376064794603 1.255896132282298 243.721275 1.331 M411 0.09468369 24.382017 0.99898386 1.4532758 22.174562 1.4916131 decam -19.373058 -17.681868 286 object IBIS_wide_M411_140321 140321 0.092707 924.0 1948.0 -0.2613397 0.9999446 0.0018265112 0.15865219 -0.001473599 1.0001364 16104933067 335.20755
rawdata/DECam_01307441.fits.fz N4 1307441 471.0 60492.1885348 1.36 246.44576817013464 1.5118961300804203 246.45328333333333 1.587 M411 0.06341315 24.365349 0.9837662 1.3039259 22.1756 1.2373974 decam -17.372868 -14.0177355 314 object IBIS_wide_M411_140301 140301 0.066776 924.0 1948.0 -0.120484024 1.0001798 0.0018268663 0.133802 -0.001579424 0.99992 16033525668 380.63763
