logs/db-2025-03-26.ecsv
# %ECSV 1.0
# ---
# datatype:
# - {name: filename, datatype: string}
# - {name: extension, datatype: string}
# - {name: expnum, datatype: int64}
# - {name: exptime, datatype: float32}
# - {name: mjd_obs, datatype: float64}
# - {name: airmass, datatype: float32}
# - {name: racenter, datatype: float64}
# - {name: deccenter, datatype: float64}
# - {name: rabore, datatype: float64}
# - {name: decbore, datatype: float64}
# - {name: band, datatype: string}
# - {name: ebv, datatype: float32}
# - {name: zeropoint, datatype: float32}
# - {name: transparency, datatype: float32}
# - {name: seeing, datatype: float32}
# - {name: sky, datatype: float32}
# - {name: expfactor, datatype: float32}
# - {name: camera, datatype: string}
# - {name: dx, datatype: float32}
# - {name: dy, datatype: float32}
# - {name: nmatched, datatype: int64}
# - {name: obstype, datatype: string}
# - {name: object, datatype: string}
# - {name: tileid, datatype: int64}
# - {name: tileebv, datatype: float32}
# - {name: affine_x0, datatype: float32}
# - {name: affine_y0, datatype: float32}
# - {name: affine_dx, datatype: float32}
# - {name: affine_dxx, datatype: float32}
# - {name: affine_dxy, datatype: float32}
# - {name: affine_dy, datatype: float32}
# - {name: affine_dyx, datatype: float32}
# - {name: affine_dyy, datatype: float32}
# - {name: checksum, datatype: string}
# - {name: efftime, datatype: float32}
# schema: astropy-2.0
filename extension expnum exptime mjd_obs airmass racenter deccenter rabore decbore band ebv zeropoint transparency seeing sky expfactor camera dx dy nmatched obstype object tileid tileebv affine_x0 affine_y0 affine_dx affine_dxx affine_dxy affine_dy affine_dyx affine_dyy checksum efftime
[from data line 44]
rawdata/DECam_01374581.fits.fz N4 1374581 500.0 60761.25671345 1.13 191.58271616420993 -6.3441038021619995 191.590275 -6.269 M517 0.024567617 25.00474 0.9975708 1.4152572 21.566078 2.0771804 decam 5.538203 -43.03708 183 object IBIS_wide_M517_534404 534404 0.026813 924.0 1948.0 -0.0522479 1.0004637 0.0001670389 0.16445547 -0.0004914418 0.99986994 17247474697 240.71092
rawdata/DECam_01374582.fits.fz N4 1374582 500.0 60761.26286486 1.12 193.87871698609075 -6.568103800211823 193.88627916666667 -6.493 M517 0.040180836 24.460848 0.6035189 1.6016232 21.532097 7.473281 decam 7.270467 -34.95414 137 object IBIS_wide_M517_531422 531422 0.03352 924.0 1948.0 0.0011050516 0.99999416 0.0001233814 -0.03715393 -2.6041622e-05 1.000183 17223066377 66.90502
rawdata/DECam_01374583.fits.fz N4 1374583 500.0 60761.26900486 1.14 194.61072442940738 -6.058103804649498 194.61827916666667 -5.983 M517 0.029857067 24.75418 0.7932611 2.0776694 21.516546 7.4289093 decam 7.377691 -34.123756 138 object IBIS_wide_M517_531423 531423 0.033067 924.0 1948.0 -0.055968024 1.0001605 0.00029136147 0.15660895 -6.128266e-05 0.99996424 18505102324 67.304634
rawdata/DECam_01374584.fits.fz N4 1374584 500.0 60761.27516593 1.13 196.81571585505705 -6.642103799567185 196.82327916666668 -6.567 M517 0.03989313 24.950659 0.9490988 1.3780792 21.558102 2.1919844 decam -3.3315606 -33.825085 174 object IBIS_wide_M517_531173 531173 0.040312 924.0 1948.0 -0.0822633 1.000035 0.00038717908 0.029397465 -0.00027284602 1.0000515 17206184511 228.1038
rawdata/DECam_01374585.fits.fz N4 1374585 500.0 60761.28131067 1.14 197.1697194169479 -6.406103801622389 197.17727916666666 -6.331 M517 0.04306599 25.00614 1.0004601 1.4381349 21.554682 2.1618426 decam 0.9976845 -25.79191 181 object IBIS_wide_M517_534159 534159 0.039335 924.0 1948.0 0.032264214 0.99995697 0.0003107584 -0.102168866 -0.0003658839 1.000042 17459355140 231.2842
rawdata/DECam_01374586.fits.fz N4 1374586 500.0 60761.28746287 1.14 200.43872031869677 -6.054103804684271 200.44627499999999 -5.979 M517 0.031641882 25.017864 1.0113226 1.4160134 21.567999 2.0261412 decam -4.7913437 -33.09873 154 object IBIS_wide_M517_531210 531210 0.037438 924.0 1948.0 0.09852269 1.000117 0.00039082565 0.04487507 -0.00035703252 0.9999894 17200498073 246.7745
rawdata/DECam_01374587.fits.fz N4 1374587 500.0 60761.29361338 1.15 201.77972207573612 -5.927103805787992 201.787275 -5.852 M517 0.031870693 25.023947 1.018636 1.2667204 21.521227 1.6744585 decam -11.186645 -32.593266 184 object IBIS_wide_M517_531191 531191 0.033976 924.0 1948.0 -0.21272124 1.0002625 0.0005733245 0.101835825 -0.0005791931 1.0001327 18377324820 298.604
rawdata/DECam_01374588.fits.fz N4 1374588 500.0 60761.29976057 1.14 204.24971986030437 -6.376103801883509 204.25727916666665 -6.301 M517 0.02809614 25.030182 1.0228608 1.3791844 21.531265 1.9437883 decam -6.448388 -30.953657 200 object IBIS_wide_M517_534170 534170 0.028645 924.0 1948.0 -0.060775213 1.0000079 0.0006022636 -0.099615045 -0.0004619418 1.0001124 17244602274 257.22968
rawdata/DECam_01374589.fits.fz N4 1374589 500.0 60761.30592237 1.16 204.80172816207903 -5.785103807021472 204.80927916666667 -5.71 M517 0.025303017 25.012302 1.0093852 1.4612613 21.535872 2.2452176 decam -10.7931185 -34.107574 219 object IBIS_wide_M517_534181 534181 0.027609 924.0 1948.0 -0.0073417146 1.0000576 0.0005616815 0.059925623 -0.00050943147 1.0000188 17266179372 222.69557
rawdata/DECam_01374590.fits.fz N4 1374590 500.0 60761.31207993 1.16 205.99971623589371 -6.048103804736427 206.00727083333334 -5.973 M517 0.02676231 25.033854 1.0296206 1.415317 21.532143 2.0313938 decam -3.5534842 -28.261288 172 object IBIS_wide_M517_531194 531194 0.02753 924.0 1948.0 -0.15373853 1.0001303 0.000596055 0.10431075 -0.0006899382 1.0001138 17224119757 246.13641
rawdata/DECam_01374591.fits.fz N4 1374591 500.0 60761.31824197 1.18 206.79572853754968 -5.434103810067806 206.80327499999999 -5.359 M517 0.029609388 25.009876 1.0103656 1.4459829 21.541922 2.1961415 decam -13.29758 -34.07968 194 object IBIS_wide_M517_531197 531197 0.026402 924.0 1948.0 0.06775648 1.0001194 0.00067010947 -0.0014330912 -0.0007054668 1.0000434 17529190652 227.67203
rawdata/DECam_01374592.fits.fz N4 1374592 500.0 60761.32438333 1.17 207.72570913557843 -6.806103798137836 207.733275 -6.731 M517 0.02628167 25.028246 1.0259593 1.3514283 21.542358 1.854067 decam -9.911618 -31.81337 192 object IBIS_wide_M517_534092 534092 0.028636 924.0 1948.0 -0.14236297 1.0002483 0.0007153882 0.1133105 -0.00058975664 1.0000947 17245206300 269.67743
rawdata/DECam_01374593.fits.fz N4 1374593 500.0 60761.33053531 1.19 209.66072691460454 -5.562103808957315 209.668275 -5.487 M517 0.025535695 25.022848 1.0241493 1.2847818 21.55699 1.6700395 decam -6.856351 -40.167713 181 object IBIS_wide_M517_531267 531267 0.029156 924.0 1948.0 -0.1859767 1.0001785 0.0008123937 0.10546423 -0.00064636214 1.0000197 17197507064 299.3941
rawdata/DECam_01374594.fits.fz N4 1374594 500.0 60761.33668808 1.19 211.43571186543906 -6.353103802083675 211.44327083333332 -6.278 M517 0.025375227 25.018599 1.0201477 1.2361151 21.567112 1.543799 decam -3.801885 -43.09568 206 object IBIS_wide_M517_534245 534245 0.026729 924.0 1948.0 0.09597225 1.0001895 0.0007696214 0.19744769 -0.0008864456 1.0000695 17271371517 323.87634
rawdata/DECam_01374595.fits.fz N4 1374595 500.0 60761.34284239 1.21 210.60371157029837 -6.915103797187301 210.61127916666666 -6.84 M517 0.030146178 25.019707 1.0244682 1.2015383 21.537699 1.4957817 decam 5.154817 -45.510242 205 object IBIS_wide_M517_534088 534088 0.028468 924.0 1948.0 -0.02008779 1.0000879 0.0007343702 -0.0015212956 -0.0008908084 1.0001037 17265198938 334.2734
rawdata/DECam_01374596.fits.fz N4 1374596 500.0 60761.34900406 1.21 213.41072247163177 -5.898103806039951 213.418275 -5.823 M517 0.035672676 25.010246 1.0155816 1.2962046 21.527618 1.787448 decam 6.9421406 -42.76036 192 object IBIS_wide_M517_534240 534240 0.034405 924.0 1948.0 0.22330347 1.0002366 0.00097071397 0.11327434 -0.0009291456 1.0001428 17681603614 279.7284
rawdata/DECam_01374597.fits.fz N4 1374597 500.0 60761.35517348 1.22 214.98373123505232 -5.550103809061444 214.99127916666666 -5.475 M517 0.03830933 25.010727 1.0176604 1.3779837 21.54029 1.9945571 decam 19.348196 -46.13136 223 object IBIS_wide_M517_531256 531256 0.043621 924.0 1948.0 -0.122933164 1.0000358 0.00084647216 0.14689179 -0.00066228857 1.0001761 17266659044 250.68222
rawdata/DECam_01374598.fits.fz N4 1374598 500.0 60761.36131495 1.23 214.7747023846403 -6.968103796724959 214.7822708333333 -6.893 M517 0.043879595 25.009886 1.018503 1.4137805 21.496552 2.1890824 decam 18.567804 -50.61707 199 object IBIS_wide_M517_534232 534232 0.044174 924.0 1948.0 -0.19738069 1.000313 0.0010278715 -0.018010048 -0.00115935 1.0001369 18556298236 228.40619
rawdata/DECam_01374599.fits.fz N4 1374599 500.0 60761.36746694 1.24 216.68171909046947 -6.428103801430884 216.68927916666667 -6.353 M517 0.057524968 25.006386 1.016853 1.4231328 21.50092 2.2234914 decam 2.5475438 -8.406212 228 object IBIS_wide_M517_539934 539934 0.048315 924.0 1948.0 -0.23460777 1.000124 0.0010153917 0.14770968 -0.0009129528 1.0002654 17419356908 224.87157
rawdata/DECam_01374600.fits.fz N4 1374600 500.0 60761.37362164 1.25 217.44270883570698 -6.825103797972178 217.45027499999998 -6.75 M517 0.06231538 25.003706 1.0159738 1.4417566 21.483307 2.3307862 decam 7.064552 -12.923509 209 object IBIS_wide_M517_536947 536947 0.05579 924.0 1948.0 -0.19061652 1.0000426 0.0010037995 0.0960742 -0.0009085809 1.0001421 17343894583 214.5199
rawdata/DECam_01374601.fits.fz N4 1374601 500.0 60761.37978858 1.26 220.58673014660513 -5.304103811195162 220.59427499999998 -5.229 M517 0.061091974 25.000427 1.0145354 1.4759259 21.476427 2.4728549 decam -3.6708498 -9.758918 215 object IBIS_wide_M517_539941 539941 0.066242 924.0 1948.0 -0.19614376 0.99997467 0.0011687991 0.18055184 -0.0010687448 1.0001135 17355770551 202.19545
rawdata/DECam_01374602.fits.fz N4 1374602 500.0 60761.38593309 1.26 221.23670105280587 -7.050103796009427 221.24427083333333 -6.975 M517 0.08110027 24.920603 0.942621 1.5656645 21.449928 3.3027139 decam 0.3018213 -12.575663 242 object IBIS_wide_M517_539920 539920 0.077544 924.0 1948.0 -0.13486728 1.0001172 0.001101555 0.13829622 -0.0010485076 1.0001875 17389065231 151.39066
rawdata/DECam_01374603.fits.fz N4 1374603 500.0 60761.39208774 1.29 221.59770946601972 -6.785103798320916 221.605275 -6.71 M517 0.08092535 24.997793 1.0169545 1.6934228 21.440926 3.3789997 decam 4.2782054 -13.687952 211 object IBIS_wide_M517_536937 536937 0.076246 924.0 1948.0 -0.37802684 1.0002005 0.0012467237 0.18761769 -0.0009242029 1.0001658 17470622052 147.97278
rawdata/DECam_01374616.fits.fz N4 1374616 10.0 60761.40504246 1.08 234.74059043331735 -28.58528747744383 234.74914583333333 -28.51018388888889 M464 0.11379964 24.873325 0.94116503 1.9718134 21.325869 5.5986953 decam -45.272552 -10.928604 332 object "LTT6248 M464 N4" 0 0.0 924.0 1948.0 -0.41870555 1.0001163 0.0017650445 -0.13040623 -0.0017153884 1.0000566 15442526071 1.7861304
rawdata/DECam_01374617.fits.fz N4 1374617 30.0 60761.40549217 1.08 234.7405770094025 -28.749586642275986 234.74914583333333 -28.674483055555555 M464 0.12067735 24.822954 0.8984988 2.068678 21.212961 7.5019674 decam -52.37476 -10.602009 457 object "LTT6248 M464 S4" 0 0.0 924.0 1948.0 -0.11622501 1.0001699 0.001817496 -0.20266855 -0.0016182398 1.000191 15532030890 3.998951
rawdata/DECam_01374618.fits.fz N4 1374618 10.0 60761.40620069 1.08 234.7405770094025 -28.749586642275986 234.74914583333333 -28.674483055555555 M464 0.12067735 24.891232 0.9568164 1.7358508 21.13086 5.0250444 decam -50.61859 -11.462438 298 object "LTT6248 M464 S4" 0 0.0 924.0 1948.0 -0.3001492 1.0001607 0.0017828004 -0.15183501 -0.0013702058 0.999999 15436085462 1.9900322
rawdata/DECam_01374619.fits.fz N4 1374619 4.0 60761.40664094 1.08 234.74059043331735 -28.58528747744383 234.74914583333333 -28.51018388888889 g 0.11379964 26.616407 1.0185984 2.0617166 21.045387 13.167923 decam -44.328808 -11.242787 452 object "LTT6248 g N4" 0 0.0 924.0 1948.0 -0.17017221 1.0000014 0.0017928678 -0.047217086 -0.0015665147 0.99997944 15496235984 0.3037685
rawdata/DECam_01374620.fits.fz N4 1374620 4.0 60761.40703305 1.08 234.7405770094025 -28.749586642275986 234.74914583333333 -28.674483055555555 g 0.12067735 26.601715 1.0049082 2.0522418 21.008028 14.451056 decam -51.79131 -20.631262 392 object "LTT6248 g S4" 0 0.0 924.0 1948.0 0.049235765 1.0004029 0.0018281479 -0.21208762 -0.0015182134 1.000357 15490830555 0.2767964
rawdata/DECam_01374621.fits.fz N4 1374621 4.0 60761.40740003 1.08 234.7405770094025 -28.749586642275986 234.74914583333333 -28.674483055555555 r 0.12067735 26.052696 0.4978267 1.8726057 20.316898 25.655668 decam -52.27748 -17.382824 420 object "LTT6248 r S4" 0 0.0 924.0 1948.0 0.16540165 1.0000199 0.0017633614 -0.065562926 -0.0017190845 1.00021 15620992920 0.15591097
rawdata/DECam_01374622.fits.fz N4 1374622 4.0 60761.4077748 1.08 234.74059043331735 -28.58528747744383 234.74914583333333 -28.51018388888889 r 0.11379964 26.780272 0.972991 1.9818816 20.491648 6.2307334 decam -51.339317 -21.1601 690 object "LTT6248 r N4" 0 0.0 924.0 1948.0 -0.17300358 1.0000331 0.0018002957 -0.018548146 -0.0015886268 1.0001792 15614410606 0.641979
