logs/db-2026-02-21.ecsv
# %ECSV 1.0
# ---
# datatype:
# - {name: filename, datatype: string}
# - {name: extension, datatype: string}
# - {name: expnum, datatype: int64}
# - {name: exptime, datatype: float32}
# - {name: mjd_obs, datatype: float64}
# - {name: airmass, datatype: float32}
# - {name: racenter, datatype: float64}
# - {name: deccenter, datatype: float64}
# - {name: rabore, datatype: float64}
# - {name: decbore, datatype: float64}
# - {name: band, datatype: string}
# - {name: ebv, datatype: float32}
# - {name: zeropoint, datatype: float32}
# - {name: transparency, datatype: float32}
# - {name: seeing, datatype: float32}
# - {name: sky, datatype: float32}
# - {name: expfactor, datatype: float32}
# - {name: camera, datatype: string}
# - {name: dx, datatype: float32}
# - {name: dy, datatype: float32}
# - {name: nmatched, datatype: int64}
# - {name: obstype, datatype: string}
# - {name: object, datatype: string}
# - {name: tileid, datatype: int64}
# - {name: tileebv, datatype: float32}
# - {name: affine_x0, datatype: float32}
# - {name: affine_y0, datatype: float32}
# - {name: affine_dx, datatype: float32}
# - {name: affine_dxx, datatype: float32}
# - {name: affine_dxy, datatype: float32}
# - {name: affine_dy, datatype: float32}
# - {name: affine_dyx, datatype: float32}
# - {name: affine_dyy, datatype: float32}
# - {name: checksum, datatype: string}
# - {name: efftime, datatype: float32}
# schema: astropy-2.0
filename extension expnum exptime mjd_obs airmass racenter deccenter rabore decbore band ebv zeropoint transparency seeing sky expfactor camera dx dy nmatched obstype object tileid tileebv affine_x0 affine_y0 affine_dx affine_dxx affine_dxy affine_dy affine_dyx affine_dyy checksum efftime
[from data line 81]
/home/declsp/obsbot/rawdata/DECam_01458679.fits.fz N4 1458679 573.6866 61093.33576222 1.12 202.44875178859533 -3.0511038306679477 202.456275 -2.976 M464 0.04020378 24.914936 0.98600405 1.0716269 21.78864 1.335077 decam -38.343395 7.382312 158 object IBIS_wide_M464_331228 331228 0.037249 924.0 1948.0 -0.09102404 1.0001922 0.0009422127 0.0029631546 -0.0008625874 1.0001197 16995095642 429.70297
/home/declsp/obsbot/rawdata/DECam_01458680.fits.fz N4 1458680 387.4577 61093.34274169 1.11 205.57974040631828 -3.9491038229196533 205.58727083333332 -3.874 M464 0.035827104 24.910069 0.9795791 1.0082505 21.778008 1.1674566 decam -42.610752 4.905842 197 object IBIS_wide_M464_334191 334191 0.03589 924.0 1948.0 -0.2933439 1.0001959 0.001065977 -0.05866117 -0.00081679004 1.0001518 16459681483 331.8819
/home/declsp/obsbot/rawdata/DECam_01458681.fits.fz N4 1458681 393.6876 61093.34754514 1.12 205.31475587813534 -3.0621038305731227 205.32227916666665 -2.987 M464 0.03541204 24.894184 0.9673362 0.9326769 21.767952 1.035592 decam -37.842743 13.488958 156 object IBIS_wide_M464_331208 331208 0.039775 924.0 1948.0 -0.11291344 1.000132 0.0010764888 0.12204543 -0.0008998697 1.0000597 16516953609 380.15704
/home/declsp/obsbot/rawdata/DECam_01458682.fits.fz N4 1458682 454.7572 61093.35244151 1.12 208.0817475377767 -3.0631038305645015 208.08927083333333 -2.988 M464 0.045464333 24.919287 0.9899622 0.9969458 21.771364 1.2096738 decam -39.216022 11.217977 169 object IBIS_wide_M464_331296 331296 0.044667 924.0 1948.0 0.31178525 1.0004704 0.0009494217 0.2512869 -0.00101026 1.0001055 16683721168 375.93375
/home/declsp/obsbot/rawdata/DECam_01458683.fits.fz N4 1458683 422.9475 61093.35805693 1.13 207.15275358154952 -2.7831038329776767 207.16027499999998 -2.708 M464 0.04530402 24.910017 0.9835641 0.9975741 21.755226 1.2490716 decam -31.045145 13.6747875 147 object IBIS_wide_M464_334287 334287 0.046307 924.0 1948.0 -0.19525793 1.0002061 0.0011235683 0.10270314 -0.0011681902 1.000147 17586348479 338.6095
/home/declsp/obsbot/rawdata/DECam_01458684.fits.fz N4 1458684 587.1764 61093.36334402 1.12 210.920750461784 -3.235103829081504 210.928275 -3.16 M464 0.07643816 24.892788 0.9660941 0.9958686 21.77531 1.5757768 decam -33.44376 11.729014 180 object IBIS_wide_M464_331274 331274 0.065176 924.0 1948.0 -0.017424405 1.0002931 0.0011565926 0.1563518 -0.0010989155 0.99997795 16981152781 372.62662
/home/declsp/obsbot/rawdata/DECam_01458685.fits.fz N4 1458685 554.7267 61093.37046807 1.12 212.32775174656084 -3.0571038306162257 212.335275 -2.982 M464 0.07565462 24.89326 0.96651334 0.98632413 21.758453 1.5598574 decam -32.158985 10.664559 187 object IBIS_wide_M464_331282 331282 0.060562 924.0 1948.0 -0.56742007 0.9999547 0.0012177508 -0.19705555 -0.0012027551 1.0001134 17101754246 355.62656
/home/declsp/obsbot/rawdata/DECam_01458686.fits.fz N4 1458686 410.0575 61093.37720394 1.11 213.79973810420108 -4.195103820794304 213.80727083333335 -4.12 M464 0.0403 24.908745 0.9783857 0.963389 21.7529 1.1292629 decam -33.424397 16.610126 245 object IBIS_wide_M464_331275 331275 0.043106 924.0 1948.0 -0.32885712 1.0002202 0.0013050514 -0.016664928 -0.0013497784 1.0001627 16560042821 363.1196
/home/declsp/obsbot/rawdata/DECam_01458687.fits.fz N4 1458687 150.0 61093.38306116 1.57 242.93096977963012 14.843091012554659 242.93874166666666 14.918195 M464 0.035497732 24.815977 0.9872679 1.1488371 21.550108 2.2170994 decam -20.928621 -4.550763 246 object "Pal14 position 13" 0 0.0 924.0 1948.0 -0.15049167 1.0004531 0.002413668 0.24452938 -0.0026247564 1.0001371 15860846965 67.65597
/home/declsp/obsbot/rawdata/DECam_01458688.fits.fz N4 1458688 150.0 61093.38514519 1.56 242.63124602409232 15.038847121863219 242.63902499999998 15.113951111111112 M464 0.031200195 24.811659 0.98133177 1.0958208 21.395304 2.274392 decam -23.475382 -8.931873 276 object "Pal14 position 14" 0 0.0 924.0 1948.0 -0.2812363 1.0005063 0.002363743 0.45362768 -0.0026100916 1.0000669 15941617145 65.9517
/home/declsp/obsbot/rawdata/DECam_01458689.fits.fz N4 1458689 150.0 61093.38720458 1.54 242.71873786971096 14.686669069548234 242.72650416666667 14.761773055555556 M464 0.03645842 24.827354 0.9915398 1.1018212 21.163454 2.8714638 decam -26.714283 -10.865685 239 object "Pal14 position 15" 0 0.0 924.0 1948.0 -0.45598122 1.0002949 0.0023901365 0.36564732 -0.00258327 1.0000949 16073104778 52.238167
/home/declsp/obsbot/rawdata/DECam_01458690.fits.fz N4 1458690 150.0 61093.38927742 1.53 242.90664692365021 15.014164066535134 242.914425 15.089268055555555 M464 0.035033792 25.466127 1.7820797 1.0471509 20.84172 1.0647542 decam 160.58127 -301.4952 12 object "Pal14 position 16" 0 0.0 924.0 1948.0 -1.6919496 1.0024017 -0.00034262874 -0.97801954 0.001142694 0.9998541 16326770179 140.87758
/home/declsp/obsbot/rawdata/DECam_01458691.fits.fz N4 1458691 150.0 61093.39134843 1.53 242.52739304476543 14.891264067666938 242.53516666666667 14.966368055555556 M464 0.03544317 24.828217 0.9902912 1.0319462 20.428242 4.915468 decam -36.062164 -5.716183 203 object "Pal14 position 17" 0 0.0 924.0 1948.0 -0.33814564 1.0005331 0.0023072055 0.09706926 -0.0025325397 1.000169 16809436417 30.515913
/home/declsp/obsbot/rawdata/DECam_01458692.fits.fz N4 1458692 15.0 61093.39510078 1.18 189.70078795747543 -49.79143632983654 189.712425 -49.71633305555556 M464 0.12849489 24.874676 0.96189153 1.2732201 20.017414 19.485176 decam -90.131516 25.498642 786 object "LTT4861 N4" 0 0.0 924.0 1948.0 -0.19307727 1.0001167 0.0006369074 0.26818228 -0.00073303655 1.0001575 15566053711 0.769816
/home/declsp/obsbot/rawdata/DECam_01458693.fits.fz N4 1458693 15.0 61093.39559432 1.18 189.21964629080875 -49.79143632983654 189.23128333333335 -49.71633305555556 M464 0.123391315 24.872318 0.95980626 1.0153289 19.89544 13.437825 decam -83.13367 9.841142 828 object "LTT4861 N5" 0 0.0 924.0 1948.0 -0.08415396 1.0000373 0.000574285 -0.154159 -0.0009789593 1.000217 15589309659 1.1162521
/home/declsp/obsbot/rawdata/DECam_01458694.fits.fz N4 1458694 15.0 61093.39609445 1.18 190.1818893914288 -49.95810327083149 190.19356666666667 -49.883 M464 0.13002166 24.875814 0.9629007 1.0050123 19.763462 15.49015 decam -73.54295 -1.70915 837 object "LTT4861 S3" 0 0.0 924.0 1948.0 -0.011066718 1.0002058 0.000704523 -0.04247074 -0.0008674171 1.000046 15619176396 0.96835726
/home/declsp/obsbot/rawdata/DECam_01458695.fits.fz N4 1458695 15.0 61093.39656979 1.18 189.70074772476212 -49.95810327083149 189.712425 -49.883 M464 0.11683266 24.868223 0.95619255 1.0967273 19.64018 19.062649 decam -70.34661 -3.5240762 848 object "LTT4861 S4" 0 0.0 924.0 1948.0 -0.20124532 1.000036 0.0006915424 0.083184406 -0.0008466621 1.0002247 15649270234 0.7868791
/home/declsp/obsbot/rawdata/DECam_01458696.fits.fz N4 1458696 15.0 61093.39720836 1.19 189.21960605809545 -49.95810327083149 189.23128333333335 -49.883 M464 0.12251485 24.880129 0.96872205 0.97529984 19.472136 17.940468 decam -57.66326 -0.046246734 821 object "LTT4861 S5" 0 0.0 924.0 1948.0 -0.15451062 0.99992883 0.00065624085 -0.33848953 -0.0007533381 1.0001721 15694632356 0.8360986
/home/declsp/obsbot/rawdata/DECam_01458697.fits.fz N4 1458697 15.0 61093.39891009 1.01 234.74177384719718 -28.584297477454864 234.7503291666667 -28.509193888888888 M464 0.11373475 24.904993 0.95518893 1.000375 19.18216 22.11421 decam -21.931042 -34.3847 501 object "LTT6248 N4" 0 0.0 924.0 1948.0 -0.28587222 1.0002624 0.002183264 0.18394734 -0.0017400851 1.000027 15806408885 0.67829686
/home/declsp/obsbot/rawdata/DECam_01458698.fits.fz N4 1458698 15.0 61093.39941629 1.01 234.38807384719718 -28.584297477454868 234.39662916666666 -28.509193888888888 M464 0.22622195 24.874277 0.9285444 0.8872512 19.047445 46.596493 decam -27.382113 -53.967796 344 object "LTT6248 N5" 0 0.0 924.0 1948.0 -0.37945545 1.0001441 0.0021100582 0.21688807 -0.0018944643 1.000189 15851776464 0.32191265
/home/declsp/obsbot/rawdata/DECam_01458699.fits.fz N4 1458699 15.0 61093.39992052 1.01 235.09544772966674 -28.750964697816126 235.10401666666667 -28.67586111111111 M464 0.13145722 24.903402 0.9537899 0.8970587 18.916039 25.881195 decam -16.52399 -42.834198 500 object "LTT6248 S3" 0 0.0 924.0 1948.0 0.020589286 0.99995965 0.002003241 0.2597782 -0.0020572473 1.0001757 15920156389 0.57957137
/home/declsp/obsbot/rawdata/DECam_01458700.fits.fz N4 1458700 15.0 61093.40039122 1.01 234.74176022966677 -28.750964697816126 234.7503291666667 -28.67586111111111 M464 0.12067507 24.91848 0.96712816 0.8963914 18.79706 25.965765 decam -16.94548 -45.893276 423 object "LTT6248 S4" 0 0.0 924.0 1948.0 -0.0071225963 1.000108 0.0022156301 -0.11061957 -0.0019320274 1.0001632 15983043800 0.57768375
/home/declsp/obsbot/rawdata/DECam_01458701.fits.fz N4 1458701 15.0 61093.40088634 1.01 234.38806022966676 -28.750964697816126 234.39662916666666 -28.67586111111111 M464 0.33074725 24.880741 0.93408877 0.9702252 18.669167 164.57567 decam -4.020356 -41.320118 306 object "LTT6248 S5" 0 0.0 924.0 1948.0 -0.5224115 1.0000069 0.0022782004 0.56485575 -0.0023145876 0.999915 16062271044 0.09114349
