logs/db-2025-12-27.ecsv
# %ECSV 1.0
# ---
# datatype:
# - {name: filename, datatype: string}
# - {name: extension, datatype: string}
# - {name: expnum, datatype: int64}
# - {name: exptime, datatype: float32}
# - {name: mjd_obs, datatype: float64}
# - {name: airmass, datatype: float32}
# - {name: racenter, datatype: float64}
# - {name: deccenter, datatype: float64}
# - {name: rabore, datatype: float64}
# - {name: decbore, datatype: float64}
# - {name: band, datatype: string}
# - {name: ebv, datatype: float32}
# - {name: zeropoint, datatype: float32}
# - {name: transparency, datatype: float32}
# - {name: seeing, datatype: float32}
# - {name: sky, datatype: float32}
# - {name: expfactor, datatype: float32}
# - {name: camera, datatype: string}
# - {name: dx, datatype: float32}
# - {name: dy, datatype: float32}
# - {name: nmatched, datatype: int64}
# - {name: obstype, datatype: string}
# - {name: object, datatype: string}
# - {name: tileid, datatype: int64}
# - {name: tileebv, datatype: float32}
# - {name: affine_x0, datatype: float32}
# - {name: affine_y0, datatype: float32}
# - {name: affine_dx, datatype: float32}
# - {name: affine_dxx, datatype: float32}
# - {name: affine_dxy, datatype: float32}
# - {name: affine_dy, datatype: float32}
# - {name: affine_dyx, datatype: float32}
# - {name: affine_dyy, datatype: float32}
# - {name: checksum, datatype: string}
# - {name: efftime, datatype: float32}
# schema: astropy-2.0
filename extension expnum exptime mjd_obs airmass racenter deccenter rabore decbore band ebv zeropoint transparency seeing sky expfactor camera dx dy nmatched obstype object tileid tileebv affine_x0 affine_y0 affine_dx affine_dxx affine_dxy affine_dy affine_dyx affine_dyy checksum efftime
rawdata/DECam_01444864.fits.fz N4 1444864 35.0 61037.20039255 1.33 130.84575785636983 -2.766103833124153 130.85327916666668 -2.691 M517 0.028679756 24.767086 0.8275662 1.0114578 21.3533 2.3947287 decam 35.04913 42.65468 202 object "pointing test" 0 0.0 924.0 1948.0 0.12192423 1.0002364 -0.0019899225 -0.123079956 0.0016314454 1.0001533 15496052782 14.615435
rawdata/DECam_01444865.fits.fz N4 1444865 353.008 61037.20465201 1.33 131.79176559654138 -2.1291038386099017 131.79928333333334 -2.054 M517 0.02747044 24.929396 0.96100605 0.9836546 21.414688 1.5755225 decam -4.4965296 10.594867 283 object IBIS_wide_M517_522233 522233 0.026173 924.0 1948.0 0.10780609 1.0003833 -0.0020037338 -0.19648324 0.0019914838 1.0002333 16842127895 224.05772
rawdata/DECam_01444866.fits.fz N4 1444866 399.5478 61037.20907622 1.31 134.33474118498248 -4.70810381635777 134.34227916666666 -4.633 M517 0.019629331 24.900229 0.9325395 1.0502584 21.490261 1.6827747 decam 7.3900533 16.642324 296 object IBIS_wide_M517_522201 522201 0.019506 924.0 1948.0 0.028793441 1.0002736 -0.0019611248 -0.16964422 0.0016782198 1.0001396 17052034185 237.43393
rawdata/DECam_01444867.fits.fz N4 1444867 312.0482 61037.21403696 1.29 133.0577452642396 -3.371103827908547 133.06527083333333 -3.2960000000000003 M517 0.017639834 24.98328 1.003451 1.0137305 21.56953 1.2353913 decam -1.2631012 27.580616 333 object IBIS_wide_M517_522209 522209 0.018646 924.0 1948.0 -0.037069604 1.0001962 -0.0019264302 -0.16618152 0.0017368717 1.0000668 16568128279 252.59058
rawdata/DECam_01444868.fits.fz N4 1444868 360.218 61037.21798477 1.28 132.47475954204785 -2.4861038355361167 132.48227916666667 -2.411 M517 0.017079836 24.943214 0.9655472 1.030796 21.545988 1.4003023 decam 7.0219884 34.28021 310 object IBIS_wide_M517_519246 519246 0.019984 924.0 1948.0 0.35691336 1.0000237 -0.0019887204 -0.014573852 0.0020211553 1.0001712 16800390292 257.243
rawdata/DECam_01444869.fits.fz N4 1444869 362.478 61037.22267454 1.29 137.90473688771414 -5.089103813058604 137.91227916666665 -5.014 M517 0.025219772 24.922247 0.9485986 1.0362011 21.581532 1.4975861 decam -0.47974125 49.441334 277 object IBIS_wide_M517_522269 522269 0.027995 924.0 1948.0 0.34921888 1.0002998 -0.0017456699 -0.1957318 0.0017283743 1.0002728 16693621504 242.0415
rawdata/DECam_01444870.fits.fz N4 1444870 255.1286 61037.22724629 1.26 134.42476125277986 -2.1651038383000074 134.43227916666666 -2.09 M517 0.019104231 25.00996 1.0234811 0.9344481 21.573793 1.0050368 decam -5.8916607 34.421356 299 object IBIS_wide_M517_522305 522305 0.018815 924.0 1948.0 0.40498525 1.0003387 -0.0018483476 -0.479365 0.0020219919 1.0001757 16301554661 253.85
rawdata/DECam_01444871.fits.fz N4 1444871 272.8884 61037.23225888 1.25 137.4767371183931 -4.296103819921318 137.4842708333333 -4.221 M517 0.021776237 25.022537 1.033749 1.0223342 21.588263 1.1788276 decam 5.6514707 20.865002 266 object IBIS_wide_M517_519286 519286 0.023778 924.0 1948.0 0.61098397 1.0001962 -0.0018446117 -0.07998574 0.0018163797 1.0000563 16374013772 231.49135
rawdata/DECam_01444872.fits.fz N4 1444872 630.9565 61037.23574186 1.24 138.1697310433742 -4.872103814938115 138.17727083333332 -4.797 M517 0.028679926 24.726591 0.78585154 0.9995423 21.497925 2.2056463 decam 1.5398397 11.771811 280 object IBIS_wide_M517_519284 519284 0.029724 924.0 1948.0 -0.10038275 1.0001749 -0.00167235 -0.06401599 0.0016064662 1.0001484 17821842744 286.0642
rawdata/DECam_01444873.fits.fz N4 1444873 800.0 61037.24338103 1.21 136.08174753777672 -3.0631038305645015 136.08927083333333 -2.988 M517 0.022943882 24.200344 0.48167425 1.0405195 21.380474 6.772784 decam 15.326376 11.030411 278 object IBIS_wide_M517_519312 519312 0.020555 924.0 1948.0 -0.00053165155 1.0001706 -0.0018763341 -0.057008993 0.0016302677 1.0000597 18747810128 118.11981
rawdata/DECam_01444875.fits.fz N4 1444875 255.2286 61037.2599703 1.17 137.8857442265306 -3.987103822591431 137.89327500000002 -3.912 M517 0.026165351 24.97711 0.97875994 0.87210083 20.222443 3.3757021 decam 12.259017 6.1639705 225 object IBIS_wide_M517_522272 522272 0.027377 924.0 1948.0 0.27233118 1.0001653 -0.0017426183 -0.36262268 0.0017958162 1.0000594 18678197127 75.60756
rawdata/DECam_01444876.fits.fz N4 1444876 354.2381 61037.2633602 1.18 142.14573188282284 -5.160103812443374 142.15327499999998 -5.085 M517 0.036380786 24.868938 0.88736755 0.8578605 21.518097 1.2885457 decam 8.864592 6.496901 236 object IBIS_wide_M517_522257 522257 0.036615 924.0 1948.0 0.48856428 1.0001594 -0.0017398215 -0.12903886 0.001589676 1.0000092 16743955794 274.9131
rawdata/DECam_01444877.fits.fz N4 1444877 800.0 61037.26780836 1.17 144.01471793610804 -6.2221038032234315 144.022275 -6.147 M517 0.025576472 24.31594 0.5323638 0.9162437 21.434227 4.109057 decam 17.533438 7.859511 222 object IBIS_wide_M517_528241 528241 0.029859 924.0 1948.0 0.4591716 1.000206 -0.0015089479 -0.2726736 0.0015925518 1.0001535 18646189612 194.69188
rawdata/DECam_01444878.fits.fz N4 1444878 516.5172 61037.2775001 1.15 140.6787444639396 -3.9611038228160074 140.686275 -3.886 M517 0.03653156 24.67771 0.74049777 0.8828379 21.536596 1.9095861 decam 14.25989 3.356431 232 object IBIS_wide_M517_522268 522268 0.035248 924.0 1948.0 -0.006253976 1.0001137 -0.0017631494 -0.15103343 0.0016022681 1.0001122 17327286522 270.48648
rawdata/DECam_01444879.fits.fz N4 1444879 458.1275 61037.2838685 1.14 143.28472627267323 -5.280103811403238 143.29227083333333 -5.205 M517 0.04722427 24.658653 0.72644955 0.87516534 21.53296 2.0849144 decam 18.064074 1.4896408 187 object IBIS_wide_M517_522258 522258 0.036362 924.0 1948.0 -0.09134758 1.0006036 -0.0014925967 -0.2607617 0.0014403324 1.0000994 17151264944 219.73444
rawdata/DECam_01444880.fits.fz N4 1444880 800.0 61037.289592 1.15 147.15573191847895 -5.157103812469373 147.163275 -5.082 M517 0.04887772 24.263731 0.5057459 0.8659768 21.472475 4.514074 decam 5.603092 -1.2678368 178 object IBIS_wide_M517_527956 527956 0.054454 924.0 1948.0 0.4960469 1.0004035 -0.001450229 -0.24758033 0.0016269521 1.0000858 18560645011 177.22351
rawdata/DECam_01444881.fits.fz N4 1444881 691.1161 61037.29920857 1.14 148.1867242078028 -5.447103809955042 148.19427083333332 -5.372 M517 0.037294395 24.429 0.5879558 0.89200187 21.52587 3.1275637 decam 5.950921 -13.109147 165 object IBIS_wide_M517_524971 524971 0.041594 924.0 1948.0 -0.26226655 1.0001775 -0.0013816198 0.07493444 0.00085888815 1.0001123 17917364719 220.97586
rawdata/DECam_01444882.fits.fz N4 1444882 368.7281 61037.3075722 1.12 149.96571193885393 -6.348103802127187 149.97327083333334 -6.273 M517 0.03761734 24.77634 0.80702657 0.8737014 21.607025 1.471642 decam 13.3059 -5.399381 157 object IBIS_wide_M517_527939 527939 0.03766 924.0 1948.0 0.023680216 1.0001554 -0.0013406328 -0.2615921 0.0014110754 1.0000461 16737748102 250.55556
rawdata/DECam_01444883.fits.fz N4 1444883 512.0673 61037.31219915 1.12 148.58673014660522 -5.304103811195162 148.594275 -5.229 M517 0.03769167 24.682655 0.7403107 0.8448357 21.619148 1.6181549 decam 15.458168 3.708231 162 object IBIS_wide_M517_527957 527957 0.039234 924.0 1948.0 0.6036199 1.0000998 -0.0014749002 -0.12380849 0.0012688267 1.0001968 17135812839 316.45135
rawdata/DECam_01444884.fits.fz N4 1444884 563.6871 61037.32349807 1.12 156.70471455141725 -6.453103801213245 156.712275 -6.378 M517 0.04232944 24.613771 0.69480103 0.8990644 21.644257 2.0918183 decam -0.4312678 18.014267 153 object IBIS_wide_M517_525421 525421 0.041564 924.0 1948.0 0.04443032 1.000458 -0.0010608517 -0.06331039 0.001376022 1.0001708 18499352511 269.4723
rawdata/DECam_01444885.fits.fz N4 1444885 223.4388 61037.33039046 1.12 154.23172783492808 -5.150103812530036 154.23927083333334 -5.075 M517 0.0416436 24.995453 0.98749095 0.91344786 21.745514 0.96952504 decam 15.265427 -2.6762571 150 object IBIS_wide_M517_528436 528436 0.044313 924.0 1948.0 0.14337237 1.0000616 -0.0012083038 -0.19109724 0.0013199698 1.0001922 16131761015 230.46213
rawdata/DECam_01444890.fits.fz N4 1444890 10.0 61037.3456799 1.05 130.3761489802335 -32.93424242676747 130.3851 -32.859138888888886 M517 0.33464447 25.134882 1.1102799 0.9743292 21.187847 8.888352 decam -23.329638 41.951298 1054 object "LTT3218 N4" 0 0.0 924.0 1948.0 0.11571144 1.0001321 -0.001976192 -0.16825613 0.0021057453 1.0000727 17535510551 1.125068
rawdata/DECam_01444891.fits.fz N4 1444891 10.0 61037.34617274 1.05 130.00609898023347 -32.93424242676747 130.01505 -32.859138888888886 M517 0.29259276 25.095709 1.070937 0.8881247 21.631533 4.058603 decam -21.576424 38.702328 1348 object "LTT3218 N5" 0 0.0 924.0 1948.0 0.33529443 1.0001713 -0.0021823389 -0.2446268 0.0024195977 1.0000799 15741776900 2.463902
rawdata/DECam_01444892.fits.fz N4 1444892 10.0 61037.34665409 1.05 130.74619871054136 -33.10090964695198 130.75516666666667 -33.02580611111111 M517 0.41609186 25.157112 1.1332486 0.88531166 21.431381 9.366909 decam -17.636423 31.90358 972 object "LTT3218 S3" 0 0.0 924.0 1948.0 0.22219859 1.0004517 -0.0022036186 0.07264022 0.0021402678 1.0001744 15419958098 1.0675881
rawdata/DECam_01444893.fits.fz N4 1444893 10.0 61037.34716645 1.05 130.37613204387472 -33.100909646952 130.3851 -33.02580611111111 M517 0.3320199 25.113354 1.0884829 0.9651712 21.36668 7.571976 decam -32.816177 43.27421 1101 object "LTT3218 S4" 0 0.0 924.0 1948.0 -0.0039300774 1.0001645 -0.002106291 -0.06907862 0.0021717953 1.0000168 15394104331 1.3206592
rawdata/DECam_01444894.fits.fz N4 1444894 10.0 61037.34767295 1.05 130.00608204387473 -33.10090964695198 130.01505 -33.02580611111111 M517 0.27418688 25.090313 1.0656271 0.83425665 21.557455 3.4532528 decam -20.310074 35.209595 1341 object "LTT3218 S5" 0 0.0 924.0 1948.0 -0.0023282503 1.0001585 -0.0021691045 0.1881046 0.0020833572 1.0000578 15396102944 2.8958204
rawdata/DECam_01444895.fits.fz N4 1444895 15.0 61037.34911469 1.01 158.0489082850337 -35.62021461516044 158.05815 -35.54511111111111 M517 0.09512646 25.067093 1.0364136 0.900548 21.480448 1.4724671 decam 3.5106966 14.606896 330 object "LTT3864 N4" 0 0.0 924.0 1948.0 0.22368687 1.0001411 -0.0012448844 -0.21697296 0.0012257057 1.0000782 15414672001 10.186985
rawdata/DECam_01444896.fits.fz N4 1444896 15.0 61037.34964323 1.01 157.66682911836705 -35.62021461516044 157.67607083333334 -35.54511111111111 M517 0.097239666 25.06485 1.0342742 0.88121575 21.418537 1.5189637 decam -4.1501713 2.7832382 279 object "LTT3864 N5" 0 0.0 924.0 1948.0 0.047952726 1.0003726 -0.0012130768 -0.09676317 0.0011243195 1.0001874 15419235007 9.875154
rawdata/DECam_01444897.fits.fz N4 1444897 15.0 61037.3501567 1.01 158.43095561147695 -35.78688155743227 158.44021666666666 -35.711778055555556 M517 0.09434271 25.061659 1.0312399 0.8449981 21.48125 1.3026403 decam 5.44488 -8.580382 334 object "LTT3864 S3" 0 0.0 924.0 1948.0 -0.034216948 1.0000677 -0.0011325058 0.060990203 0.0007766538 1.0000926 15413735724 11.515075
rawdata/DECam_01444898.fits.fz N4 1444898 15.0 61037.35065628 1.01 158.0488889448103 -35.78688155743227 158.05815 -35.711778055555556 M517 0.10869775 25.064999 1.0344157 0.81231844 21.438736 1.3613465 decam 12.195022 -5.039426 361 object "LTT3864 S4" 0 0.0 924.0 1948.0 0.005645129 1.0001853 -0.00118651 -0.1779423 0.00087947166 1.0001053 15419027062 11.018503
rawdata/DECam_01444899.fits.fz N4 1444899 15.0 61037.35116602 1.01 157.66680977814363 -35.78688155743227 157.67607083333334 -35.711778055555556 M517 0.09514436 25.06049 1.0301297 0.8064995 21.416216 1.2693883 decam 8.9706545 -9.728575 367 object "LTT3864 S5" 0 0.0 924.0 1948.0 -0.19103472 0.99986017 -0.0011675346 0.053145856 0.0012386163 1.0001489 15416832056 11.816715
rawdata/DECam_01444900.fits.fz N4 1444900 150.0 61037.35342245 1.88 219.85686430167692 -26.493274722543287 219.86525833333332 -26.41817111111111 M517 0.09862915 24.95818 1.0777537 1.1565275 19.673843 15.99891 decam 19.232513 2.7689466 754 object "NGC5694 position 6" 0 0.0 924.0 1948.0 -0.8915888 1.0001824 0.0012591654 0.4206817 -0.0016127295 1.0004752 18453987873 9.375639
rawdata/DECam_01444901.fits.fz N4 1444901 150.0 61037.35555699 1.85 219.82345912720416 -26.733795553290005 219.83187083333334 -26.658691944444445 M517 0.09772608 24.956896 1.0713187 0.9858718 19.31531 16.132969 decam 9.81878 9.590768 409 object "NGC5694 position 7" 0 0.0 924.0 1948.0 -0.28018305 1.0003223 0.0012024479 0.06816367 -0.001395906 1.0004815 20161224198 9.29773
rawdata/DECam_01444902.fits.fz N4 1444902 150.0 61037.35765595 1.83 220.0445840982025 -26.564400555112847 220.05298333333334 -26.489296944444444 M517 0.10384992 24.96648 1.0773587 0.96302164 18.911995 22.786158 decam 3.0837424 15.688403 613 object "NGC5694 position 8" 0 0.0 924.0 1948.0 0.9390849 1.0001205 0.0011075231 0.3425212 -0.0016383984 1.0004431 21559697925 6.582944
rawdata/DECam_01444903.fits.fz N4 1444903 150.0 61037.35976258 1.79 219.73500141763347 -26.555492499653003 219.74339999999998 -26.48038888888889 M517 0.09770926 24.984379 1.0882678 0.9861883 18.499357 32.534306 decam -1.5842294 22.58927 543 object "NGC5694 position 9" 0 0.0 924.0 1948.0 -1.1217891 1.0002677 0.00098949 -0.2840617 -0.0014778746 1.0003395 24329430242 4.610518
rawdata/DECam_01444904.fits.fz N4 1444904 150.0 61037.3618778 1.76 219.96963217809295 -26.760135553006076 219.9780458333333 -26.685031944444443 M517 0.10175493 24.97281 1.0715697 0.9984679 18.037811 53.44551 decam -2.128257 29.666954 270 object "NGC5694 position 10" 0 0.0 924.0 1948.0 -0.26494148 1.0000746 0.0013244036 -0.07485054 -0.0014628277 1.0003994 29529085519 2.8065968
rawdata/DECam_01444905.fits.fz N4 1444905 150.0 61037.36398403 1.74 219.9496422767169 -26.45248972298082 219.95803333333333 -26.37738611111111 M517 0.09881023 24.990116 1.085302 1.0911845 17.568111 93.52086 decam -2.8437216 30.826933 308 object "NGC5694 position 11" 0 0.0 924.0 1948.0 0.26845798 1.0004414 0.0012795147 0.725542 -0.0016320321 1.0004659 36363959009 1.6039202
