logs/db-2025-12-12.ecsv
# %ECSV 1.0
# ---
# datatype:
# - {name: filename, datatype: string}
# - {name: extension, datatype: string}
# - {name: expnum, datatype: int64}
# - {name: exptime, datatype: float32}
# - {name: mjd_obs, datatype: float64}
# - {name: airmass, datatype: float32}
# - {name: racenter, datatype: float64}
# - {name: deccenter, datatype: float64}
# - {name: rabore, datatype: float64}
# - {name: decbore, datatype: float64}
# - {name: band, datatype: string}
# - {name: ebv, datatype: float32}
# - {name: zeropoint, datatype: float32}
# - {name: transparency, datatype: float32}
# - {name: seeing, datatype: float32}
# - {name: sky, datatype: float32}
# - {name: expfactor, datatype: float32}
# - {name: camera, datatype: string}
# - {name: dx, datatype: float32}
# - {name: dy, datatype: float32}
# - {name: nmatched, datatype: int64}
# - {name: obstype, datatype: string}
# - {name: object, datatype: string}
# - {name: tileid, datatype: int64}
# - {name: tileebv, datatype: float32}
# - {name: affine_x0, datatype: float32}
# - {name: affine_y0, datatype: float32}
# - {name: affine_dx, datatype: float32}
# - {name: affine_dxx, datatype: float32}
# - {name: affine_dxy, datatype: float32}
# - {name: affine_dy, datatype: float32}
# - {name: affine_dyx, datatype: float32}
# - {name: affine_dyy, datatype: float32}
# - {name: checksum, datatype: string}
# - {name: efftime, datatype: float32}
# schema: astropy-2.0
filename extension expnum exptime mjd_obs airmass racenter deccenter rabore decbore band ebv zeropoint transparency seeing sky expfactor camera dx dy nmatched obstype object tileid tileebv affine_x0 affine_y0 affine_dx affine_dxx affine_dxy affine_dy affine_dyx affine_dyy checksum efftime
rawdata/DECam_01440706.fits.fz N4 1440706 5.0 61022.02086365 1.0 14.642865795345223 -29.432880523472747 14.651491666666667 -29.357776944444446 r 0.02444212 26.857765 1.0373044 1.3286742 17.2577 33.448597 decam 6.4927444 -34.108597 38 object pointing 0 0.0 924.0 1948.0 0.02216858 0.9997443 -0.00090746075 -0.43887237 0.0012596656 0.99985075 20207918390 0.1494831
rawdata/DECam_01440707.fits.fz N4 1440707 10.0 61022.02212224 1.0 14.642865795345223 -29.432880523472747 14.651491666666667 -29.357776944444446 r 0.02444212 26.872332 1.0513138 1.2247597 17.603159 20.133366 decam 1.3808297 9.9942665 50 object pointing 0 0.0 924.0 1948.0 0.10975519 0.9998673 -0.0007629246 -0.30226973 0.0012254321 0.9997545 22410659531 0.49668795
rawdata/DECam_01440708.fits.fz N4 1440708 30.0 61022.02265606 1.0 14.642865795345223 -29.432880523472747 14.651491666666667 -29.357776944444446 r 0.02444212 26.899649 1.078102 1.2345035 17.77578 16.59144 decam -2.572094 22.350563 66 object pointing 0 0.0 924.0 1948.0 -0.03525584 0.9999305 -0.0007891184 -0.2112788 0.0010663391 0.9997666 33386439325 1.8081613
rawdata/DECam_01440709.fits.fz N4 1440709 15.0 61022.02494016 1.21 343.16323338400645 -20.585453671937714 343.1712583333333 -20.51035 M517 0.03460902 25.024237 1.0287527 1.452623 18.230764 56.55835 decam -20.831783 68.26457 35 object "LTT9239 N4 M517" 0 0.0 924.0 1948.0 -0.336673 1.0001307 0.0004574605 0.08005006 -0.00072919007 1.0000669 16517315391 0.26521283
rawdata/DECam_01440710.fits.fz N4 1440710 15.0 61022.02545323 1.21 343.16323338400645 -20.585453671937714 343.1712583333333 -20.51035 M517 0.03460902 25.030134 1.0343553 1.3719437 18.345713 44.898212 decam -16.841253 72.69895 36 object "LTT9239 N4 M517" 0 0.0 924.0 1948.0 -0.0056144814 1.0000154 0.000521993 -0.07186831 -0.0006609116 0.9998898 16401232462 0.334089
rawdata/DECam_01440711.fits.fz N4 1440711 15.0 61022.02593087 1.21 343.16323338400645 -20.585453671937714 343.1712583333333 -20.51035 M438 0.03460902 24.761103 1.026534 1.5196013 18.250357 66.37266 decam -7.834308 69.92079 29 object "LTT9239 N4 M438" 0 0.0 924.0 1948.0 0.17642926 1.0003912 0.0004696455 0.06784701 -0.00087047025 1.000016 16270339824 0.22599667
rawdata/DECam_01440712.fits.fz N4 1440712 15.0 61022.02643126 1.22 343.16323338400645 -20.585453671937714 343.1712583333333 -20.51035 M490 0.03460902 25.006275 1.0662183 1.475467 18.341951 50.43589 decam -23.308084 83.92933 34 object "LTT9239 N4 M490" 0 0.0 924.0 1948.0 0.3483224 0.9999856 0.000570146 0.029530723 -0.0006700481 0.9999594 16356669282 0.29740727
rawdata/DECam_01440713.fits.fz N4 1440713 15.0 61022.02692618 1.22 343.16323338400645 -20.585453671937714 343.1712583333333 -20.51035 M464 0.03460902 24.923706 1.0146269 1.354101 18.423979 44.65282 decam -7.6570907 77.70887 34 object "LTT9239 M464" 0 0.0 924.0 1948.0 0.1878242 1.0000705 0.00052025664 0.0044201957 -0.00073391997 1.0000019 16268626661 0.33592504
rawdata/DECam_01440714.fits.fz N4 1440714 3.0 61022.02739828 1.22 343.16323338400645 -20.585453671937714 343.1712583333333 -20.51035 g 0.03460902 26.63603 1.0601617 1.5281945 18.571112 42.660316 decam -5.780252 71.02467 35 object "LTT9239 g" 0 0.0 924.0 1948.0 -0.3780303 1.00015 0.00040412066 0.02649985 -0.0008036534 0.999941 16093750370 0.07032297
rawdata/DECam_01440715.fits.fz N4 1440715 15.0 61022.02807182 1.17 349.88815735313506 -17.083381761113934 349.89601666666664 -17.008278055555557 M517 0.02964856 25.035706 1.0330335 1.5058223 19.076311 26.475975 decam -5.482742 81.79505 39 object "LTT9491 N4 M517" 0 0.0 924.0 1948.0 -0.035445172 1.0000991 0.00012816004 -0.40504813 -0.00063693523 0.9997845 15907823097 0.5665514
rawdata/DECam_01440716.fits.fz N4 1440716 15.0 61022.02856134 1.17 349.88815735313506 -17.083381761113934 349.89601666666664 -17.008278055555557 M438 0.02964856 24.77412 1.0285181 1.5965573 18.972136 35.436207 decam -17.996572 86.386604 25 object "LTT9491 N4 M438" 0 0.0 924.0 1948.0 0.0037941402 0.99958795 0.0002458506 -0.495045 0.00022453727 0.999669 15843524312 0.42329586
rawdata/DECam_01440717.fits.fz N4 1440717 15.0 61022.02902674 1.17 349.88815735313506 -17.083381761113934 349.89601666666664 -17.008278055555557 M490 0.02964856 25.015217 1.0653263 1.7632252 19.060781 35.336857 decam -14.544027 84.49841 29 object "LTT9491 N4 M490" 0 0.0 924.0 1948.0 -0.023599524 0.9995497 0.00029437116 -0.33659154 0.00017441929 0.9995284 15889349558 0.42448598
rawdata/DECam_01440718.fits.fz N4 1440718 15.0 61022.02951013 1.17 349.88815735313506 -17.083381761113934 349.89601666666664 -17.008278055555557 M464 0.02964856 24.938879 1.0183939 1.4684706 19.131 25.694683 decam -20.5579 78.5647 30 object "LTT9491 N4 N464" 0 0.0 924.0 1948.0 -0.050410718 0.99966973 0.00019880992 -0.34393427 -2.5963076e-05 0.9997314 15848760191 0.5837784
rawdata/DECam_01440719.fits.fz N4 1440719 3.0 61022.02999217 1.18 349.88815735313506 -17.083381761113934 349.89601666666664 -17.008278055555557 g 0.02964856 26.64664 1.0638888 1.2386339 19.25757 14.189614 decam -7.959997 74.44433 37 object "LTT9491 N4 g" 0 0.0 924.0 1948.0 0.02334752 0.9998959 0.00014012233 -0.5174327 -0.0008380857 0.99978733 15760379623 0.21142223
rawdata/DECam_01440720.fits.fz N4 1440720 150.0 61022.03037331 1.22 346.8216451943705 -15.620103719220527 346.8294458333333 -15.545 M438 0.03503893 24.765812 1.0335919 1.6169329 19.428293 25.25384 decam -19.191507 85.72684 63 object "NGC7492 position 0" 0 0.0 924.0 1948.0 0.03993467 1.0002121 0.00060670206 0.063111566 -8.267327e-05 1.0000867 18483353976 5.939691
rawdata/DECam_01440721.fits.fz N4 1440721 150.0 61022.03372757 1.24 346.7825840049654 -15.58562983065109 346.79038333333335 -15.510526111111112 M438 0.034763694 24.738539 1.0130333 2.0471764 20.056976 23.797909 decam 0.5254016 -1.0512284 51 object "NGC7492 position 1" 0 0.0 924.0 1948.0 -0.20182575 1.0003252 0.00035145457 -0.21372822 -0.0002057747 1.0001173 17142971658 6.303075
rawdata/DECam_01440722.fits.fz N4 1440722 150.0 61022.03580218 1.25 346.82817995074373 -15.69199566299845 346.83598333333333 -15.616891944444445 M438 0.035003427 24.762579 1.0383208 1.7553433 20.395205 12.283176 decam -9.94206 -13.539639 79 object "NGC7492 position 2" 0 0.0 924.0 1948.0 -0.1301208 1.0003408 0.00041056957 -0.13196585 -0.00031879573 1.0001174 16658087808 12.211825
rawdata/DECam_01440723.fits.fz N4 1440723 150.0 61022.03787275 1.26 346.8774478579032 -15.549951775426027 346.88524583333333 -15.474848055555556 M438 0.03550784 24.752907 1.031704 1.6365868 20.671822 8.457914 decam -6.4662805 -14.043173 68 object "NGC7492 position 3" 0 0.0 924.0 1948.0 -0.1473342 1.0000364 0.00035998013 -0.05632972 -0.00020327907 0.9999374 16351861360 17.734869
rawdata/DECam_01440724.fits.fz N4 1440724 150.0 61022.03994234 1.27 346.7173028515118 -15.637856774611535 346.7251041666667 -15.562753055555556 M438 0.03498728 24.756508 1.0377358 1.5559477 20.872797 6.2869487 decam -0.6656328 -16.72061 73 object "NGC7492 position 4" 0 0.0 924.0 1948.0 -0.25162578 0.9999566 0.00026443024 -0.2901349 0.00018087147 1.0000144 16239780825 23.858952
rawdata/DECam_01440725.fits.fz N4 1440725 150.0 61022.04202216 1.28 346.92160119213435 -15.681326774208499 346.9294041666667 -15.606223055555555 M438 0.03558435 24.756517 1.0403578 1.5817001 21.055223 5.5165205 decam -1.7205731 -17.756214 106 object "NGC7492 position 5" 0 0.0 924.0 1948.0 -0.074220054 1.0001415 0.00020383498 -0.18966165 -0.0007524033 0.9999056 16064516260 27.191053
rawdata/DECam_01440726.fits.fz N4 1440726 150.0 61022.04409196 1.29 346.78797476938405 -15.49938677589423 346.79577083333334 -15.424283055555556 M438 0.03427077 24.748615 1.0354142 1.7967618 21.16294 6.4747534 decam -2.4740114 -21.471048 78 object "NGC7492 position 6" 0 0.0 924.0 1948.0 -0.22148493 0.9996248 0.00022036547 -0.085854776 -0.00046000106 1.0000886 15995885429 23.166906
rawdata/DECam_01440727.fits.fz N4 1440727 35.0 61022.04716287 1.05 20.03350058951737 -14.913103725750792 20.041275 -14.838 g 0.02170302 26.697527 1.0924733 1.366697 21.644636 1.6647036 decam 6.084032 -0.37690085 94 object "Pointing test" 0 0.0 924.0 1948.0 -0.41977087 1.0004265 -0.0009796348 -0.14992468 0.0011030246 0.9999322 16084713060 21.024763
rawdata/DECam_01440728.fits.fz N4 1440728 429.1574 61022.04921013 1.05 24.00756634483666 -12.816103744877383 24.015270833333332 -12.741 M490 0.017971894 25.03972 1.0661751 1.3450556 21.793665 1.4676191 decam 9.543534 -21.429298 83 object IBIS_wide_M490_401077 401077 0.020676 924.0 1948.0 -0.043535624 1.0000386 -0.001314309 0.06472105 0.0013192728 0.9998437 16652978152 292.41745
rawdata/DECam_01440729.fits.fz N4 1440729 490.347 61022.05449344 1.05 23.41955673715931 -13.126103742071216 23.42727083333333 -13.051 M490 0.020485856 25.02574 1.0525333 1.3709207 21.832197 1.5354013 decam 24.281256 -18.426802 98 object IBIS_wide_M490_404060 404060 0.01958 924.0 1948.0 0.05596473 0.99994385 -0.0012974698 -0.21190016 0.001232022 0.9999498 16692954184 319.36078
rawdata/DECam_01440730.fits.fz N4 1440730 459.7073 61022.06050382 1.05 23.77053258753088 -13.872103735288889 23.778270833333334 -13.797 M490 0.0180188 25.02864 1.0553498 1.285035 21.83955 1.3111933 decam 17.80652 -20.484205 95 object IBIS_wide_M490_401052 401052 0.018533 924.0 1948.0 -0.26685822 1.0004162 -0.001023132 -0.6329515 0.0014042043 0.99997354 16709238553 350.60223
rawdata/DECam_01440731.fits.fz N4 1440731 374.3178 61022.066149 1.07 22.316554476778098 -13.329103740229801 22.324275 -13.254 M490 0.02177208 25.026653 1.0572499 1.1746726 21.814915 1.1538913 decam 16.024158 -15.396535 125 object IBIS_wide_M490_404061 404061 0.020574 924.0 1948.0 0.14301582 0.9998413 -0.0012454125 -0.24769352 0.0013368953 0.99998975 16460769445 324.39606
rawdata/DECam_01440732.fits.fz N4 1440732 290.2483 61022.07081852 1.06 25.437523657953243 -14.014103733993004 25.44526666666667 -13.939 M490 0.01698216 25.048616 1.0768982 1.0722698 21.837557 0.87606007 decam 19.263308 -4.533058 109 object IBIS_wide_M490_401053 401053 0.017214 924.0 1948.0 0.072766125 1.0002354 -0.0012989718 -0.4502183 0.001494194 0.99996156 16244962038 331.31094
rawdata/DECam_01440733.fits.fz N4 1440733 345.038 61022.07469886 1.06 30.873570223716765 -12.550103747279744 30.881266666666665 -12.475 M490 0.018443286 25.028257 1.0568932 1.1609646 21.87875 1.0363 decam 12.790485 2.1496634 99 object IBIS_wide_M490_402964 402964 0.01995 924.0 1948.0 0.4797043 1.0001055 -0.00153411 -0.29545936 0.0015092577 1.0000457 16277251988 332.95187
rawdata/DECam_01440734.fits.fz N4 1440734 234.3586 61022.07901659 1.06 29.79858212688566 -12.430103748361887 29.806275 -12.355 M490 0.018502058 25.038654 1.0670613 1.0609163 21.85994 0.86446595 decam 22.849146 -7.981779 87 object IBIS_wide_M490_404079 404079 0.019509 924.0 1948.0 -0.13440724 1.0001074 -0.001583007 -0.31697366 0.0016515793 0.99997777 16014350551 271.10217
rawdata/DECam_01440735.fits.fz N4 1440735 272.6284 61022.08204893 1.06 30.90652798704305 -13.885103735170318 30.914266666666666 -13.81 M490 0.018057894 25.03742 1.0658505 1.0183241 21.883478 0.7789669 decam 23.79108 1.1282587 78 object IBIS_wide_M490_402961 402961 0.020067 924.0 1948.0 -0.23161809 1.0002817 -0.0017177447 -0.32771915 0.0016558185 0.9999655 16073591622 349.98712
rawdata/DECam_01440736.fits.fz N4 1440736 281.2384 61022.08552982 1.07 31.449573941491444 -12.425103748406956 31.45726666666667 -12.35 M490 0.02078306 25.031832 1.0623039 1.0250108 21.858223 0.83117384 decam 24.027613 6.115459 99 object IBIS_wide_M490_405973 405973 0.020317 924.0 1948.0 -0.11536524 0.9996664 -0.0015411653 -0.056389034 0.0019225907 0.99991137 16162542339 338.3629
rawdata/DECam_01440737.fits.fz N4 1440737 281.3083 61022.08910875 1.06 31.36654185569645 -13.591103737848615 31.374270833333334 -13.516 M490 0.020810178 25.040125 1.068508 1.0354807 21.857906 0.83573806 decam 15.765997 0.067995004 88 object IBIS_wide_M490_405970 405970 0.020467 924.0 1948.0 0.39072415 1.0000327 -0.0016752123 -0.3642887 0.0016193921 0.9999232 16106444761 336.59863
rawdata/DECam_01440738.fits.fz N4 1440738 323.358 61022.09267176 1.07 32.27057504073446 -12.667103746223683 32.278275 -12.592 M490 0.021283068 25.030325 1.0608305 1.1155276 21.84847 0.9990702 decam 15.798324 -1.6546198 89 object IBIS_wide_M490_402972 402972 0.020584 924.0 1948.0 0.2722298 0.9999916 -0.0016798711 -0.16821125 0.001572288 0.9999759 16242501204 323.65894
rawdata/DECam_01440739.fits.fz N4 1440739 310.5782 61022.09671499 1.08 33.20359375940331 -12.030103751961875 33.211275 -11.955 M490 0.020291738 25.037897 1.0701951 1.1099297 21.851204 0.9664949 decam 17.608255 -3.5568783 95 object IBIS_wide_M490_402973 402973 0.021806 924.0 1948.0 0.2608258 0.9997998 -0.0013969972 -0.041176673 0.0015520933 0.9998561 16212664657 321.34488
rawdata/DECam_01440740.fits.fz N4 1440740 380.4279 61022.10062117 1.07 34.075539828657014 -13.653103737284361 34.08327083333333 -13.578 M490 0.018856551 25.043314 1.073597 1.1244484 21.858616 0.96603173 decam 16.36385 -3.6378593 85 object IBIS_wide_M490_405974 405974 0.020662 924.0 1948.0 -0.57615805 1.0000519 -0.0016555933 -0.35859114 0.0018784767 1.0000228 16411962961 393.80475
rawdata/DECam_01440741.fits.fz N4 1440741 338.0881 61022.10534825 1.08 35.398611157324595 -11.24810375896932 35.40627083333333 -11.173 M490 0.022008045 25.023502 1.0561001 1.1156459 21.816011 1.0477049 decam 21.119194 4.8317475 103 object IBIS_wide_M490_403908 403908 0.023237 924.0 1948.0 0.018866217 0.9998569 -0.0017951102 -0.06383865 0.0017892602 0.99996287 16322790288 322.694
rawdata/DECam_01440742.fits.fz N4 1440742 318.0283 61022.10957678 1.09 34.11256561487798 -12.975103743438964 34.120275 -12.9 M490 0.019793468 25.027992 1.0624022 1.0859203 21.835735 0.9525888 decam 16.742699 0.62121457 85 object IBIS_wide_M490_402968 402968 0.020911 924.0 1948.0 -0.08045269 1.0000359 -0.0014547878 -0.265531 0.0009361556 1.0002753 16214199703 333.85684
rawdata/DECam_01440743.fits.fz N4 1440743 340.0281 61022.11358649 1.09 33.148518551814014 -14.286103731506262 33.15627083333333 -14.211 M490 0.020942997 25.006618 1.0416915 1.077531 21.832714 0.9859076 decam 5.5287676 1.305529 108 object IBIS_wide_M490_405963 405963 0.022724 924.0 1948.0 0.7407286 0.99988735 -0.0017152713 -0.40840894 0.0015875857 0.9999952 16328182171 344.8884
rawdata/DECam_01440744.fits.fz N4 1440744 276.0385 61022.11785452 1.09 34.2965113429198 -14.374103730700444 34.30426666666667 -14.299 M490 0.022197738 25.029905 1.0642753 1.0096693 21.837946 0.83251894 decam 19.610247 -0.78958327 86 object IBIS_wide_M490_402947 402947 0.021988 924.0 1948.0 0.79499066 1.0002935 -0.001849644 -0.22775559 0.001720368 1.0000491 16142779222 331.57025
rawdata/DECam_01440745.fits.fz N4 1440745 298.9583 61022.12136892 1.09 35.82453620738132 -13.763103736282538 35.83227083333333 -13.688 M490 0.019680481 25.033829 1.0681282 1.0591334 21.842264 0.8905317 decam 22.411858 -5.013963 92 object IBIS_wide_M490_405957 405957 0.019305 924.0 1948.0 0.6462195 1.000303 -0.0016403317 -0.1905473 0.0016685668 1.0000781 16357585631 335.70764
rawdata/DECam_01440746.fits.fz N4 1440746 332.9681 61022.12516567 1.11 35.69455203639204 -13.143103741917129 35.70226666666667 -13.068 M490 0.01789715 25.02561 1.0639269 1.1017051 21.827883 0.97936416 decam 9.357232 4.6625834 96 object IBIS_wide_M490_403901 403901 0.019464 924.0 1948.0 -0.023372201 1.0003389 -0.0017501678 -0.15751867 0.0018141936 1.0000336 16291134090 339.98398
rawdata/DECam_01440747.fits.fz N4 1440747 387.3278 61022.12935398 1.12 36.061573821758884 -12.569103747108317 36.069270833333334 -12.494 M490 0.019476783 25.023088 1.0633872 1.205099 21.808243 1.2111003 decam 17.395079 3.6349714 88 object IBIS_wide_M490_411970 411970 0.019519 924.0 1948.0 0.096322805 1.0003024 -0.0017173489 -0.7068297 0.002208007 1.0001758 16458597729 319.8148
rawdata/DECam_01440748.fits.fz N4 1440748 401.6177 61022.13422253 1.09 40.4385016343617 -14.768103727084732 40.44627083333334 -14.693 M490 0.03078399 25.028166 1.0625712 1.2675406 21.858448 1.3669173 decam 5.370955 -9.373663 89 object IBIS_wide_M490_409881 409881 0.026438 924.0 1948.0 0.4554184 0.9998414 -0.00198375 -0.08695949 0.002009432 0.99995553 16443342607 293.81274
rawdata/DECam_01440749.fits.fz N4 1440749 393.4877 61022.13920769 1.1 41.98654188830777 -13.590103737857715 41.99427083333333 -13.515 M490 0.024729794 25.029163 1.0654808 1.2764287 21.867168 1.3179528 decam 16.251152 4.5679717 90 object IBIS_wide_M490_409903 409903 0.026527 924.0 1948.0 0.40896416 0.999844 -0.0020566222 -0.34389752 0.0018033397 0.99989086 16503534761 298.55978
rawdata/DECam_01440750.fits.fz N4 1440750 519.157 61022.14409325 1.11 42.6535642793597 -13.018103743049641 42.661274999999996 -12.943 M490 0.024915228 25.026772 1.0650669 1.3758023 21.869883 1.5356529 decam 9.593221 -2.755589 82 object IBIS_wide_M490_409904 409904 0.027569 924.0 1948.0 -0.072136156 0.999841 -0.0022471067 -0.4234357 0.0021442182 0.99992985 16723094621 338.0692
rawdata/DECam_01440751.fits.fz N4 1440751 546.9669 61022.15041671 1.12 42.15650646033988 -14.514103729417151 42.16426666666667 -14.439 M490 0.024480566 25.013958 1.0544819 1.3719513 21.859 1.5747147 decam 13.292625 -4.2970324 90 object IBIS_wide_M490_406859 406859 0.025551 924.0 1948.0 0.96514374 1.0000012 -0.0021447209 -0.04383176 0.0019690678 0.99983025 16846959840 347.3435
rawdata/DECam_01440752.fits.fz N4 1440752 634.0764 61022.15710612 1.13 45.637621437723446 -10.85410376248537 45.645270833333335 -10.779 M490 0.068664744 25.01851 1.0608355 1.3438531 21.828684 2.071548 decam 0.76047105 -5.68778 82 object IBIS_wide_M490_409920 409920 0.064867 924.0 1948.0 0.9846805 1.0002109 -0.0022494122 0.061323717 0.0021661357 0.99988866 17285095101 306.0882
rawdata/DECam_01440753.fits.fz N4 1440753 582.0066 61022.16475543 1.15 45.840600428299346 -11.492103756787062 45.84826666666667 -11.417 M490 0.06586155 25.018845 1.0650204 1.3254979 21.837708 1.9603475 decam 2.731385 -3.0144758 117 object IBIS_wide_M490_406876 406876 0.066998 924.0 1948.0 -0.17168091 1.0000393 -0.0021643252 -0.6628233 0.002304763 1.0001285 16931559417 296.8895
rawdata/DECam_01440754.fits.fz N4 1440754 481.2372 61022.17180497 1.16 45.459555260879235 -13.0401037428504 45.46726666666666 -12.965 M490 0.064201586 25.00117 1.0497252 1.1975853 21.839329 1.6330125 decam 1.6124926 -12.316503 96 object IBIS_wide_M490_409848 409848 0.058929 924.0 1948.0 1.0359844 0.9991682 -0.0018549392 -0.24980848 0.0023083517 1.0000684 16748398652 294.6929
rawdata/DECam_01440755.fits.fz N4 1440755 475.2972 61022.17769655 1.17 45.75253401030026 -13.954103734540757 45.760275 -13.879 M490 0.04299551 25.002573 1.0529922 1.2022963 21.843182 1.4191486 decam 7.5883946 -11.738437 90 object IBIS_wide_M490_406856 406856 0.055744 924.0 1948.0 0.20953321 1.0001495 -0.0022681374 -0.27053964 0.0024475078 0.9998991 16731719714 334.91718
rawdata/DECam_01440756.fits.fz N4 1440756 800.0 61022.18375777 1.13 52.54851314309889 -14.322103731176686 52.556266666666666 -14.247 M490 0.080356315 24.991436 1.0347102 1.0861987 21.867712 1.4852343 decam 1.8696175 -7.839226 101 object IBIS_wide_M490_409824 409824 0.071047 924.0 1948.0 0.3037104 0.99998647 -0.0023438497 -0.3170467 0.002434377 1.0000454 17601879429 538.63556
