logs/db-2025-12-22.ecsv
# %ECSV 1.0
# ---
# datatype:
# - {name: filename, datatype: string}
# - {name: extension, datatype: string}
# - {name: expnum, datatype: int64}
# - {name: exptime, datatype: float32}
# - {name: mjd_obs, datatype: float64}
# - {name: airmass, datatype: float32}
# - {name: racenter, datatype: float64}
# - {name: deccenter, datatype: float64}
# - {name: rabore, datatype: float64}
# - {name: decbore, datatype: float64}
# - {name: band, datatype: string}
# - {name: ebv, datatype: float32}
# - {name: zeropoint, datatype: float32}
# - {name: transparency, datatype: float32}
# - {name: seeing, datatype: float32}
# - {name: sky, datatype: float32}
# - {name: expfactor, datatype: float32}
# - {name: camera, datatype: string}
# - {name: dx, datatype: float32}
# - {name: dy, datatype: float32}
# - {name: nmatched, datatype: int64}
# - {name: obstype, datatype: string}
# - {name: object, datatype: string}
# - {name: tileid, datatype: int64}
# - {name: tileebv, datatype: float32}
# - {name: affine_x0, datatype: float32}
# - {name: affine_y0, datatype: float32}
# - {name: affine_dx, datatype: float32}
# - {name: affine_dxx, datatype: float32}
# - {name: affine_dxy, datatype: float32}
# - {name: affine_dy, datatype: float32}
# - {name: affine_dyx, datatype: float32}
# - {name: affine_dyy, datatype: float32}
# - {name: checksum, datatype: string}
# - {name: efftime, datatype: float32}
# schema: astropy-2.0
filename extension expnum exptime mjd_obs airmass racenter deccenter rabore decbore band ebv zeropoint transparency seeing sky expfactor camera dx dy nmatched obstype object tileid tileebv affine_x0 affine_y0 affine_dx affine_dxx affine_dxy affine_dy affine_dyx affine_dyy checksum efftime
[from data line 43]
rawdata/DECam_01443376.fits.fz N4 1443376 417.7775 61032.16591648 1.14 55.09255347986779 -13.097103742334026 55.10026666666667 -13.022 M517 0.049914107 25.05466 1.046185 1.2642496 21.764221 1.7211542 decam 14.607866 18.969168 123 object IBIS_wide_M517_507063 507063 0.062797 924.0 1948.0 -0.1148536 1.000003 -0.0024446363 -0.0894017 0.0024229945 0.9999891 16674338954 242.731
rawdata/DECam_01443377.fits.fz N4 1443377 450.7474 61032.17105207 1.16 53.81052309730576 -14.275103731606942 53.818275 -14.2 M517 0.045433108 25.036192 1.0318408 1.2849613 21.761461 1.7932286 decam 14.041247 19.268047 111 object IBIS_wide_M517_510045 510045 0.051731 924.0 1948.0 0.9133253 1.0001017 -0.0024392677 0.018014032 0.0023936278 1.0000165 16710533091 251.36081
rawdata/DECam_01443378.fits.fz N4 1443378 535.8469 61032.17661616 1.23 51.854617838430165 -11.153103759817967 51.862275000000004 -11.078 M517 0.05531563 25.032768 1.0401957 1.3148522 21.686264 2.153811 decam 9.370994 12.508207 112 object IBIS_wide_M517_510142 510142 0.058404 924.0 1948.0 0.20971778 0.9999698 -0.0023462232 -0.02281521 0.0024932874 1.0000255 17137367497 248.79013
rawdata/DECam_01443379.fits.fz N4 1443379 567.7567 61032.18312592 1.27 52.4656540881747 -9.488103774606158 52.47327083333333 -9.413 M517 0.052179553 25.021982 1.0365366 1.3668984 21.64907 2.4092264 decam 13.27744 15.524614 117 object IBIS_wide_M517_510168 510168 0.056442 924.0 1948.0 -0.03671084 0.9999668 -0.0022471338 -0.70160884 0.0024447811 0.9999999 17234142637 235.65935
rawdata/DECam_01443380.fits.fz N4 1443380 800.0 61032.19001839 1.31 52.229657854525904 -9.506103774447102 52.237275000000004 -9.431 M517 0.06597389 24.982534 1.005981 1.614804 21.616299 4.060382 decam 10.07112 9.564225 115 object IBIS_wide_M517_507182 507182 0.062054 924.0 1948.0 0.85642433 0.99995416 -0.0024405473 -0.45518497 0.0023167927 1.000127 18293199503 197.0258
rawdata/DECam_01443381.fits.fz N4 1443381 800.0 61032.1996101 1.37 51.432644367780256 -10.267103767706688 51.44027916666667 -10.192 M517 0.06270493 24.984823 1.0178435 1.841778 21.57371 5.358488 decam 11.4709 0.5179535 103 object IBIS_wide_M517_507181 507181 0.062186 924.0 1948.0 0.2457945 0.9999932 -0.0022540237 -0.122704506 0.0027568352 1.00028 18336081941 149.29584
rawdata/DECam_01443382.fits.fz N4 1443382 800.0 61032.21125703 1.34 130.44875178859536 -3.051103830667948 130.456275 -2.976 M517 0.028256161 25.021942 1.0481919 1.4802258 21.590586 2.5674443 decam 19.518955 -18.162834 334 object IBIS_wide_M517_519244 519244 0.025892 924.0 1948.0 0.12556924 1.0002474 -0.0019841222 -0.40937507 0.001983728 1.0001609 19872159949 311.5939
rawdata/DECam_01443383.fits.fz N4 1443383 513.4371 61032.22085014 1.3 130.11275717503264 -2.1471038384549566 130.120275 -2.072 M517 0.02561575 25.02345 1.0429423 1.3673389 21.588934 2.1526525 decam 21.558847 -22.965277 355 object IBIS_wide_M517_522236 522236 0.028956 924.0 1948.0 -0.0070879254 1.0004486 -0.0018910356 -0.27004853 0.0019990741 1.0001819 17220075410 238.51369
rawdata/DECam_01443384.fits.fz N4 1443384 471.1673 61032.22711713 1.29 132.2417495166929 -2.7671038331155375 132.24927083333333 -2.692 M517 0.020935662 25.020105 1.038068 1.31828 21.61779 1.9042311 decam 25.689323 -24.623648 322 object IBIS_wide_M517_522231 522231 0.020678 924.0 1948.0 0.32781756 1.0003366 -0.001983547 -0.19685091 0.001874193 1.0000727 17112811423 247.4318
rawdata/DECam_01443385.fits.fz N4 1443385 405.1978 61032.23288785 1.27 133.5797404063183 -3.9491038229196533 133.58727083333332 -3.874 M517 0.017362146 25.026937 1.0412779 1.24657 21.661013 1.5803854 decam 28.980675 -17.253439 286 object IBIS_wide_M517_522207 522207 0.017552 924.0 1948.0 0.013989165 1.0001625 -0.001941199 -0.28721195 0.0016992879 1.0001423 17126248450 256.39175
rawdata/DECam_01443386.fits.fz N4 1443386 379.8378 61032.23789282 1.25 134.76274166852332 -4.257103820258437 134.770275 -4.182 M517 0.019435354 25.03009 1.0409652 1.2466669 21.676622 1.5692331 decam 28.470484 -13.265674 307 object IBIS_wide_M517_519216 519216 0.019435 924.0 1948.0 0.361399 1.0000223 -0.0018579863 -0.24507019 0.0018250673 1.0001532 16857195194 242.05315
rawdata/DECam_01443387.fits.fz N4 1443387 420.5276 61032.24260295 1.24 136.4747276566827 -5.1651038124000435 136.48227083333333 -5.09 M517 0.022075316 25.037167 1.046093 1.3031601 21.694223 1.6927143 decam 27.764202 -16.428755 280 object IBIS_wide_M517_522114 522114 0.021376 924.0 1948.0 -0.38960794 1.0003462 -0.0018150514 -0.38319963 0.0017502457 1.0002038 16759108812 248.43388
rawdata/DECam_01443388.fits.fz N4 1443388 372.5278 61032.24779015 1.23 133.74774956737696 -2.759103833184466 133.75527083333333 -2.684 M517 0.017703025 25.028036 1.0356725 1.2769625 21.681454 1.6275021 decam 31.437397 -19.31172 263 object IBIS_wide_M517_522210 522210 0.01765 924.0 1948.0 0.08702474 1.0004263 -0.0018450746 -0.12743805 0.001752283 1.0001698 16995543715 228.89543
rawdata/DECam_01443389.fits.fz N4 1443389 357.0779 61032.25256456 1.22 139.0997061442609 -6.731103798791621 139.10727083333333 -6.656 M517 0.033383064 25.047476 1.052694 1.1801752 21.709902 1.441379 decam 26.734528 -14.617728 267 object IBIS_wide_M517_519275 519275 0.037306 924.0 1948.0 0.1642402 1.0002067 -0.0017862311 -0.07521275 0.001551786 1.0001876 16904512073 247.73354
rawdata/DECam_01443390.fits.fz N4 1443390 332.2081 61032.25702963 1.21 139.4357118654391 -6.353103802083675 139.44327083333334 -6.278 M517 0.034125973 25.039558 1.0433726 1.1015971 21.723444 1.2646734 decam 35.519787 -13.657449 232 object IBIS_wide_M517_522261 522261 0.034632 924.0 1948.0 0.45441532 1.0002352 -0.0017150205 -0.33863783 0.0016482716 1.0001286 16554727918 262.68292
rawdata/DECam_01443391.fits.fz N4 1443391 326.1981 61032.26120682 1.2 138.93373241542062 -5.4571038098683 138.94127916666667 -5.382 M517 0.03793634 25.03876 1.0409359 1.1264687 21.69653 1.3901873 decam 32.230335 -16.947298 241 object IBIS_wide_M517_519278 519278 0.032174 924.0 1948.0 0.15869953 1.000002 -0.0018117932 -0.18272303 0.0016592514 1.0001199 16795261033 234.64328
rawdata/DECam_01443392.fits.fz N4 1443392 276.5484 61032.26530573 1.2 141.00972587203344 -5.954103805553385 141.01727916666667 -5.879 M517 0.029702526 25.046803 1.0486755 1.0825341 21.73095 1.1642615 decam 27.140598 -16.530558 245 object IBIS_wide_M517_519270 519270 0.031876 924.0 1948.0 -0.21255256 1.0001347 -0.00176241 -0.18428731 0.0016240034 1.000123 16263774364 237.53119
rawdata/DECam_01443393.fits.fz N4 1443393 336.478 61032.26882994 1.19 140.28973417865177 -5.315103811099789 140.29727916666667 -5.24 M517 0.0299508 25.047104 1.0472857 1.2031848 21.745682 1.4196966 decam 31.273462 -19.747532 228 object IBIS_wide_M517_519279 519279 0.031117 924.0 1948.0 0.17213443 1.0002748 -0.0017507053 -0.31520084 0.0014845592 1.0002087 16415442189 237.00697
rawdata/DECam_01443394.fits.fz N4 1443394 367.3778 61032.27306081 1.19 141.03873455553156 -4.9301038144358795 141.046275 -4.855 M517 0.039834894 25.049757 1.0498492 1.2351313 21.73682 1.596444 decam 32.340664 -14.584028 198 object IBIS_wide_M517_519280 519280 0.034904 924.0 1948.0 0.15958442 1.0002203 -0.0017211309 -0.14534472 0.0020833819 1.0001557 16509182509 230.12257
rawdata/DECam_01443395.fits.fz N4 1443395 435.7274 61032.277629 1.18 142.98373123505235 -5.5501038090614445 142.99127916666666 -5.475 M517 0.03922439 25.049616 1.0480319 1.2713233 21.73972 1.6807235 decam 25.78152 -20.38346 230 object IBIS_wide_M517_519272 519272 0.037587 924.0 1948.0 0.23625855 1.0002033 -0.0015126041 -0.4095805 0.0014358907 1.0001162 16772447122 259.24988
rawdata/DECam_01443396.fits.fz N4 1443396 367.6478 61032.2830034 1.17 144.6817190904695 -6.428103801430884 144.68927916666667 -6.353 M517 0.027478348 25.048887 1.0456511 1.2406683 21.757366 1.465512 decam 37.8651 -22.954851 188 object IBIS_wide_M517_527950 527950 0.028651 924.0 1948.0 0.59102035 1.0001048 -0.001527879 -0.29182723 0.0015905665 1.0001241 16513581756 250.86644
rawdata/DECam_01443397.fits.fz N4 1443397 335.8481 61032.28757576 1.16 144.5747163615302 -6.039103804814658 144.58227083333333 -5.964 M517 0.026859442 25.058756 1.0535094 1.2201108 21.765772 1.3758271 decam 30.32994 -23.480736 195 object IBIS_wide_M517_524965 524965 0.029272 924.0 1948.0 -0.019622989 1.0002201 -0.0015955635 -0.22711387 0.0015634181 1.0002292 16404509374 244.10634
rawdata/DECam_01443398.fits.fz N4 1443398 468.6672 61032.29176816 1.16 145.8767113498834 -6.388103801779064 145.88427083333335 -6.313 M517 0.029580709 25.032415 1.0282578 1.4068673 21.790436 1.9084444 decam 35.5054 -23.976908 182 object IBIS_wide_M517_527949 527949 0.031696 924.0 1948.0 0.123535015 1.000107 -0.0014569436 -0.06699043 0.0015233578 1.0000435 16802097003 245.57552
rawdata/DECam_01443399.fits.fz N4 1443399 428.9375 61032.29750484 1.15 147.08471996344852 -6.36910380194443 147.09227916666666 -6.294 M517 0.054076377 25.050837 1.0441784 1.2552655 21.79281 1.708246 decam 35.911766 -25.40213 204 object IBIS_wide_M517_527953 527953 0.06043 924.0 1948.0 0.30517825 0.9999186 -0.0014143913 -0.22859707 0.0014332706 1.0000495 16645773489 251.0982
rawdata/DECam_01443400.fits.fz N4 1443400 360.4179 61032.30279698 1.15 149.2367010528059 -7.050103796009426 149.24427083333333 -6.975 M517 0.043953195 25.05121 1.0445385 1.168886 21.800386 1.3801848 decam 27.82852 -28.294554 165 object IBIS_wide_M517_527936 527936 0.051877 924.0 1948.0 -0.10285072 1.0001075 -0.0013774541 -0.18861982 0.0013946246 1.0000963 16493885315 261.13742
rawdata/DECam_01443401.fits.fz N4 1443401 304.8882 61032.30728555 1.14 149.59770946601975 -6.7851037983209155 149.605275 -6.71 M517 0.034787398 25.063227 1.0544717 1.1225319 21.813963 1.1613128 decam 30.522705 -26.387527 183 object IBIS_wide_M517_524953 524953 0.040764 924.0 1948.0 0.16288602 1.000155 -0.0013685365 -0.13605115 0.0014456548 1.0001482 16234590459 262.53754
rawdata/DECam_01443402.fits.fz N4 1443402 279.6483 61032.31113335 1.14 149.26672157078198 -5.6531038081675336 149.27427083333333 -5.578 M517 0.04019461 25.054182 1.0457239 1.0608926 21.802654 1.1026193 decam 21.22688 -24.10561 167 object IBIS_wide_M517_527941 527941 0.037884 924.0 1948.0 0.53490454 1.000178 -0.001404878 -0.31968665 0.0016025319 1.0002137 16266315812 253.6218
rawdata/DECam_01443403.fits.fz N4 1443403 266.7383 61032.31468945 1.14 150.64872700511452 -5.87110380627451 150.65627916666668 -5.796 M517 0.03949365 25.062887 1.0541415 1.1135515 21.782015 1.2128434 decam 30.610216 -19.977293 158 object IBIS_wide_M517_527940 527940 0.037019 924.0 1948.0 0.10301166 1.0001377 -0.0013531484 -0.16452542 0.0011823071 1.0000473 16408881020 219.92807
rawdata/DECam_01443404.fits.fz N4 1443404 271.7083 61032.31809142 1.14 152.74572100309152 -6.298103802562269 152.75327916666666 -6.223 M517 0.033405095 25.064817 1.0560167 1.1246961 21.784986 1.1835523 decam 29.762486 -20.765215 159 object IBIS_wide_M517_528432 528432 0.037441 924.0 1948.0 0.03455474 1.0001658 -0.0012736922 -0.0725576 0.0011649922 1.0000728 16231909486 229.57019
rawdata/DECam_01443405.fits.fz N4 1443405 316.9381 61032.32174085 1.14 154.97570246533323 -6.9631037967685785 154.98327083333334 -6.888 M517 0.043125562 25.054771 1.0462909 1.1612796 21.782154 1.3692313 decam 32.24118 -16.767324 186 object IBIS_wide_M517_528409 528409 0.042915 924.0 1948.0 0.1400705 1.0001893 -0.0011891875 -0.18094397 0.0011912242 1.0001885 16400055489 231.47156
rawdata/DECam_01443406.fits.fz N4 1443406 311.8881 61032.32572855 1.13 154.19671535392115 -6.399103801683319 154.204275 -6.324 M517 0.058096435 25.05754 1.0472844 1.1083152 21.773771 1.3732795 decam 28.06169 -27.145924 156 object IBIS_wide_M517_528411 528411 0.044383 924.0 1948.0 0.13767913 0.9999616 -0.0011287458 -0.26335156 0.001333896 1.0000451 16380219183 227.1119
rawdata/DECam_01443407.fits.fz N4 1443407 338.9579 61032.32967797 1.13 154.52672058397414 -6.0351038048494265 154.53427499999998 -5.96 M517 0.054067895 25.065186 1.0546842 1.1771476 21.76838 1.496599 decam 37.403122 -16.726803 186 object IBIS_wide_M517_525428 525428 0.045466 924.0 1948.0 0.20695706 1.0001776 -0.0010753173 -0.17414036 0.0010913898 1.0000176 16386840413 226.48544
rawdata/DECam_01443408.fits.fz N4 1443408 150.0 61032.33648621 1.01 137.1574184473768 -37.36572236971764 137.16687083333332 -37.290618888888886 M490 0.32692304 25.025444 1.0446378 1.0800813 21.780664 7.796934 decam -2.0871956 19.991488 1804 object "Pyxis position 18" 0 0.0 924.0 1948.0 0.20520045 1.0001787 -0.001926371 0.04642884 0.0019184443 1.0000718 16480987126 19.23833
rawdata/DECam_01443409.fits.fz N4 1443409 150.0 61032.33854044 1.01 136.95171105723202 -36.99095737479233 136.96111666666667 -36.91585388888889 M490 0.3097695 25.018736 1.0382025 1.0310401 21.784395 6.391717 decam -11.892959 20.471163 1937 object "Pyxis position 19" 0 0.0 924.0 1948.0 0.18929374 1.0000111 -0.0020175134 -0.05902972 0.0018964349 1.000155 16003122298 23.467873
rawdata/DECam_01443410.fits.fz N4 1443410 150.0 61032.34060571 1.01 136.78066144248098 -37.388239591633344 136.79011666666668 -37.31313611111111 M490 0.39302567 25.022131 1.0414541 1.0441602 21.707233 12.217036 decam -9.759588 23.300123 1859 object "Pyxis position 20" 0 0.0 924.0 1948.0 0.37981027 1.0000247 -0.002015875 -0.20388317 0.002073695 1.0001118 16300320476 12.277937
rawdata/DECam_01443411.fits.fz N4 1443411 150.0 61032.3426718 1.01 137.25514986791808 -37.18162042777241 137.26457916666666 -37.106516944444444 M490 0.29679164 25.021305 1.0406629 1.0598013 21.635496 7.066501 decam -15.212684 23.442724 1858 object "Pyxis position 21" 0 0.0 924.0 1948.0 -0.021585537 1.0002089 -0.0019192907 -0.23146763 0.0019649744 1.0000802 15958173951 21.226912
rawdata/DECam_01443412.fits.fz N4 1443412 150.0 61032.34472526 1.01 136.7185379936529 -37.07620042919801 136.72795416666665 -37.00109694444444 M490 0.33961394 25.017365 1.0368924 1.1021712 21.52679 11.334725 decam -9.74931 27.600306 1901 object "Pyxis position 22" 0 0.0 924.0 1948.0 0.41108963 1.0001022 -0.0020014818 -0.22074755 0.0019986501 1.0000801 16063554949 13.233668
rawdata/DECam_01443413.fits.fz N4 1443413 150.0 61032.34680061 1.02 137.03209506658652 -37.451909590765624 137.0415583333333 -37.37680611111111 M490 0.34890202 25.024397 1.0455264 1.1022285 21.305899 14.595223 decam -17.290522 31.832462 1753 object "Pyxis position 23" 0 0.0 924.0 1948.0 0.17912623 0.9999534 -0.0019182111 -0.04565366 0.0020670337 1.0000886 16279688750 10.277335
rawdata/DECam_01443414.fits.fz N4 1443414 150.0 61032.34887982 1.02 137.12003958225128 -36.99614543027798 137.12944583333334 -36.92104194444445 M490 0.29558417 25.018667 1.0400232 0.9996973 21.087193 10.387962 decam -19.759003 25.850962 1916 object "Pyxis position 24" 0 0.0 924.0 1948.0 0.46510878 1.0001127 -0.0019196406 -0.016469175 0.001937683 1.0000325 16321416714 14.439791
rawdata/DECam_01443415.fits.fz N4 1443415 150.0 61032.35095142 1.02 137.12003958225128 -36.99614543027798 137.12944583333334 -36.92104194444445 M464 0.29558417 24.913687 0.964848 1.0402158 20.779955 19.81062 decam -30.651548 28.107534 1736 object "Pyxis position 24" 0 0.0 924.0 1948.0 0.17271037 1.000186 -0.0019140654 -0.18178415 0.0019592093 1.0000391 16526847906 7.5716968
rawdata/DECam_01443416.fits.fz N4 1443416 150.0 61032.35303034 1.02 137.12003958225128 -36.99614543027798 137.12944583333334 -36.92104194444445 M464 0.29558417 24.916298 0.96717 1.0679765 20.403376 29.394518 decam -21.423553 19.198908 1671 object "Pyxis position 24" 0 0.0 924.0 1948.0 0.08223755 1.0002605 -0.0019543422 -0.25539172 0.0019659952 1.0000665 16947957295 5.1029925
rawdata/DECam_01443417.fits.fz N4 1443417 10.0 61032.35617994 1.04 130.3761489802335 -32.93424242676747 130.3851 -32.859138888888886 M517 0.33464447 25.123917 1.0973631 1.0110668 20.14866 25.429338 decam -27.747795 36.111237 953 object "LTT3218 N4" 0 0.0 924.0 1948.0 -0.12791492 0.99996907 -0.0021680589 -0.1282701 0.0022690645 1.0000912 15503343888 0.39324656
