logs/db-2025-12-18.ecsv
# %ECSV 1.0
# ---
# datatype:
# - {name: filename, datatype: string}
# - {name: extension, datatype: string}
# - {name: expnum, datatype: int64}
# - {name: exptime, datatype: float32}
# - {name: mjd_obs, datatype: float64}
# - {name: airmass, datatype: float32}
# - {name: racenter, datatype: float64}
# - {name: deccenter, datatype: float64}
# - {name: rabore, datatype: float64}
# - {name: decbore, datatype: float64}
# - {name: band, datatype: string}
# - {name: ebv, datatype: float32}
# - {name: zeropoint, datatype: float32}
# - {name: transparency, datatype: float32}
# - {name: seeing, datatype: float32}
# - {name: sky, datatype: float32}
# - {name: expfactor, datatype: float32}
# - {name: camera, datatype: string}
# - {name: dx, datatype: float32}
# - {name: dy, datatype: float32}
# - {name: nmatched, datatype: int64}
# - {name: obstype, datatype: string}
# - {name: object, datatype: string}
# - {name: tileid, datatype: int64}
# - {name: tileebv, datatype: float32}
# - {name: affine_x0, datatype: float32}
# - {name: affine_y0, datatype: float32}
# - {name: affine_dx, datatype: float32}
# - {name: affine_dxx, datatype: float32}
# - {name: affine_dxy, datatype: float32}
# - {name: affine_dy, datatype: float32}
# - {name: affine_dyx, datatype: float32}
# - {name: affine_dyy, datatype: float32}
# - {name: checksum, datatype: string}
# - {name: efftime, datatype: float32}
# schema: astropy-2.0
filename extension expnum exptime mjd_obs airmass racenter deccenter rabore decbore band ebv zeropoint transparency seeing sky expfactor camera dx dy nmatched obstype object tileid tileebv affine_x0 affine_y0 affine_dx affine_dxx affine_dxy affine_dy affine_dyx affine_dyy checksum efftime
[from data line 43]
rawdata/DECam_01442445.fits.fz N4 1442445 249.6086 61028.12799499 1.09 43.207495409946084 -14.941103725492999 43.215270833333335 -14.866 M464 0.03224282 24.956167 1.017876 0.8562712 21.928726 0.6568236 decam -2.1651103 25.695925 101 object IBIS_wide_M464_309843 309843 0.033332 924.0 1948.0 -0.58739007 1.0003932 -0.0019736052 -0.7230873 0.0024521209 1.0000163 15947353638 380.0238
rawdata/DECam_01442446.fits.fz N4 1442446 318.2682 61028.13122972 1.11 44.72057747886745 -12.586103746954906 44.728275000000004 -12.511 M464 0.046690945 24.94013 1.00708 0.86325794 21.902433 0.78104603 decam 9.159817 19.95175 101 object IBIS_wide_M464_309850 309850 0.046686 924.0 1948.0 -0.2554829 1.000147 -0.0021372444 -0.39502707 0.002434217 0.99991244 16245823422 407.48965
rawdata/DECam_01442447.fits.fz N4 1442447 334.7582 61028.13521422 1.1 44.832498681495224 -14.73410372739726 44.840266666666665 -14.659 M464 0.048092443 24.965235 1.0285234 0.843543 21.932375 0.69979143 decam 10.082636 20.812803 83 object IBIS_wide_M464_309838 309838 0.04758 924.0 1948.0 -0.034076635 1.0001495 -0.0021159989 -0.30976546 0.0020005887 1.0000513 16184578129 478.36856
rawdata/DECam_01442448.fits.fz N4 1442448 398.7078 61028.13941236 1.11 47.158568996395616 -12.729103745663668 47.166270833333336 -12.654 M464 0.06954897 24.948435 1.0148126 0.8550223 21.907042 0.88479644 decam 8.480901 20.282303 115 object IBIS_wide_M464_306868 306868 0.06283 924.0 1948.0 0.08557929 1.000081 -0.0021324928 0.019672183 0.0019319396 1.0001297 16340992014 450.62094
rawdata/DECam_01442449.fits.fz N4 1442449 293.6083 61028.14436392 1.12 47.75657585532683 -12.640103746467474 47.764275 -12.565 M464 0.045270924 24.944878 1.0135735 0.84604084 21.898657 0.7388268 decam 2.022932 26.430992 109 object IBIS_wide_M464_309854 309854 0.058364 924.0 1948.0 0.0036813694 1.0001569 -0.0023459739 0.081348665 0.0021855799 1.000066 16130712193 397.398
rawdata/DECam_01442450.fits.fz N4 1442450 321.5082 61028.14809724 1.12 47.26252587834354 -13.948103734595513 47.270266666666664 -13.873 M464 0.0563067 24.944931 1.0136237 0.840516 21.890293 0.7951138 decam -3.995069 22.60971 94 object IBIS_wide_M464_306865 306865 0.056539 924.0 1948.0 0.5673433 1.00018 -0.0022109235 -0.23603876 0.0023264159 1.0000432 16159700290 404.35495
rawdata/DECam_01442451.fits.fz N4 1442451 349.758 61028.15214341 1.13 48.770568363835466 -12.88610374424434 48.778275 -12.811 M464 0.054534007 24.92172 0.9942242 0.89226127 21.861794 0.9475765 decam 6.208668 27.925272 105 object IBIS_wide_M464_306869 306869 0.053812 924.0 1948.0 0.58676374 1.000011 -0.0023625218 -0.36319548 0.002236546 0.9999533 16374324617 369.1079
rawdata/DECam_01442452.fits.fz N4 1442452 269.8185 61028.15650966 1.12 50.04051037059964 -14.402103730443917 50.04826666666666 -14.327 M464 0.05007923 24.938791 1.007907 0.85960287 21.895697 0.8003629 decam 7.433445 26.823412 103 object IBIS_wide_M464_309828 309828 0.050025 924.0 1948.0 0.46040288 1.0000305 -0.002362757 0.1835837 0.002301602 0.9999292 16035640877 337.1202
rawdata/DECam_01442453.fits.fz N4 1442453 293.0083 61028.1599478 1.12 50.45849472140986 -14.960103725318026 50.46627083333333 -14.885 M464 0.040610768 24.932907 1.0024589 0.8825052 21.898752 0.79459536 decam 2.5545726 22.35772 130 object IBIS_wide_M464_309822 309822 0.046367 924.0 1948.0 -0.37889037 1.0001471 -0.0023403405 -0.27458218 0.0023748504 0.9998696 16095660549 368.7516
rawdata/DECam_01442454.fits.fz N4 1442454 301.9183 61028.16366332 1.12 52.54851314309889 -14.322103731176686 52.556266666666666 -14.247 M464 0.080356315 24.931149 1.0008371 0.8462014 21.880737 0.99029326 decam -1.1184925 22.819523 97 object IBIS_wide_M464_309824 309824 0.071047 924.0 1948.0 0.2682434 0.99973226 -0.0022533028 -0.34321594 0.002457936 0.99999225 16153105748 304.8777
rawdata/DECam_01442455.fits.fz N4 1442455 329.8881 61028.16751458 1.13 52.85353548484821 -13.910103734942261 52.861275 -13.835 M464 0.055868607 24.935167 1.0066143 0.83309114 21.89265 0.7911503 decam -13.1272955 17.625324 87 object IBIS_wide_M464_307145 307145 0.061471 924.0 1948.0 -0.2839699 1.0000703 -0.0023971512 -0.059282877 0.0024622865 1.0000625 16189580645 416.97275
rawdata/DECam_01442456.fits.fz N4 1442456 301.4182 61028.17164966 1.14 54.96760100967038 -11.623103755613888 54.97527083333333 -11.548 M464 0.06257371 24.943848 1.0167804 0.8235247 21.850346 0.82995397 decam -13.480756 16.273073 143 object IBIS_wide_M464_307163 307163 0.071603 924.0 1948.0 0.6405223 1.000057 -0.0023737282 -0.38002655 0.0023747615 0.99999416 16253599577 363.17462
rawdata/DECam_01442457.fits.fz N4 1442457 326.7081 61028.17546532 1.16 54.60662065806298 -11.20410375936245 54.61427916666666 -11.129 M464 0.06050217 24.965492 1.0415229 0.89911294 21.779617 0.9991175 decam -9.512315 18.807297 157 object IBIS_wide_M464_310138 310138 0.070599 924.0 1948.0 0.5975245 1.0000465 -0.0023559984 0.2675246 0.0023937705 1.0000181 16620316247 326.99667
rawdata/DECam_01442458.fits.fz N4 1442458 318.0381 61028.17959042 1.18 54.30964436778025 -10.267103767706688 54.31727916666667 -10.192 M464 0.070651524 24.921799 1.004559 0.8768463 21.807606 1.079363 decam -6.7201023 10.707076 112 object IBIS_wide_M464_307169 307169 0.058059 924.0 1948.0 0.12580271 1.0000252 -0.0023332047 -0.1561754 0.002523663 0.99997795 16220831677 294.6535
rawdata/DECam_01442459.fits.fz N4 1442459 363.1878 61028.18363651 1.2 51.37053739603752 -13.727103736610509 51.37827083333334 -13.652 M464 0.08327044 24.916748 1.004013 0.8579782 21.817768 1.1310465 decam -3.127413 19.027925 111 object IBIS_wide_M464_306840 306840 0.072291 924.0 1948.0 -0.8946821 1.0000442 -0.0023437296 -0.5120521 0.0023847292 0.99995434 16336486193 321.10776
rawdata/DECam_01442460.fits.fz N4 1442460 337.0681 61028.18832251 1.22 50.85751394590624 -14.419103730288134 50.865270833333334 -14.344 M464 0.05645512 24.91327 1.0049229 0.8495548 21.809954 0.92813784 decam 0.6304061 8.727471 124 object IBIS_wide_M464_306839 306839 0.053653 924.0 1948.0 0.88301253 1.000419 -0.0024077338 -0.31737074 0.002431228 0.9999735 16265567299 363.16602
rawdata/DECam_01442461.fits.fz N4 1442461 328.8481 61028.19257024 1.24 52.464592851737095 -11.767103754323013 52.47226666666666 -11.692 M464 0.051634196 24.915258 1.0109079 0.839143 21.783033 0.89362127 decam 6.8982053 8.001888 114 object IBIS_wide_M464_310140 310140 0.056715 924.0 1948.0 0.3038521 0.99999803 -0.002400381 -0.6374226 0.002618205 1.000043 16262573486 367.99496
rawdata/DECam_01442462.fits.fz N4 1442462 301.0682 61028.1967261 1.27 53.708658743037944 -9.466103774800544 53.716274999999996 -9.391 M464 0.031556427 24.911398 1.0135456 0.86219686 21.75255 0.8463959 decam 2.7557786 -7.1573253 114 object IBIS_wide_M464_307171 307171 0.04297 924.0 1948.0 0.28281608 1.0001123 -0.0024060088 -0.2870486 0.0025441386 0.99997807 16226608524 355.70612
rawdata/DECam_01442463.fits.fz N4 1442463 382.7877 61028.20052511 1.29 52.9996411430864 -10.053103769605324 53.00727083333333 -9.978 M464 0.03949242 24.90284 1.0097269 0.8725895 21.751867 0.93260795 decam 4.576311 -4.208346 121 object IBIS_wide_M464_307160 307160 0.044467 924.0 1948.0 0.84975195 1.0002187 -0.002344331 -0.24863893 0.0025803957 1.0000312 16476260750 410.44867
rawdata/DECam_01442464.fits.fz N4 1442464 800.0 61028.20735196 1.41 132.24971986030442 -6.376103801883506 132.25727916666668 -6.301 M464 0.02666074 24.887585 1.0204827 1.0274881 21.786606 1.174123 decam 9.163241 -29.093666 386 object IBIS_wide_M464_322186 322186 0.023162 924.0 1948.0 0.42575487 1.0002427 -0.0019406084 -0.16003583 0.0019284094 1.0002463 17834450683 681.3596
rawdata/DECam_01442465.fits.fz N4 1442465 445.7873 61028.21695327 1.35 131.200731211368 -4.857103815067992 131.20827083333333 -4.782 M464 0.020717757 24.900297 1.0198562 0.98225045 21.824541 0.97030854 decam 10.77474 -49.20419 374 object IBIS_wide_M464_319219 319219 0.02141 924.0 1948.0 -0.12248854 1.0002354 -0.0020769017 -0.30991948 0.0019938021 1.0001053 16754698069 459.4284
rawdata/DECam_01442466.fits.fz N4 1442466 325.948 61028.22245593 1.33 133.33770874083302 -6.831103797919862 133.34527500000002 -6.756 M464 0.027133858 24.90042 1.0157892 0.9355438 21.857512 0.89400333 decam 1.3144779 -42.573402 360 object IBIS_wide_M464_319209 319209 0.027687 924.0 1948.0 -0.17885673 1.0001808 -0.0019306889 -0.34515357 0.0015891463 1.0001886 16259324012 364.59372
rawdata/DECam_01442467.fits.fz N4 1442467 296.7782 61028.22658074 1.31 132.81672392410815 -6.094103804336536 132.82427916666666 -6.019 M464 0.023785716 24.904104 1.0150642 0.9059455 21.865393 0.80724335 decam 14.201608 -36.60927 351 object IBIS_wide_M464_319211 319211 0.022871 924.0 1948.0 0.010391075 1.0001534 -0.0020621065 -0.38449863 0.0018947086 1.0001438 16239361256 367.64404
rawdata/DECam_01442468.fits.fz N4 1442468 361.0779 61028.23181473 1.3 133.56673225164053 -5.470103809755528 133.57427916666668 -5.395 M464 0.023676414 24.909615 1.0181352 0.99699265 21.671251 1.1557469 decam -9.359237 5.055817 267 object IBIS_wide_M464_319212 319212 0.021021 924.0 1948.0 0.45326892 1.0002393 -0.0020344309 -0.22469077 0.0016523531 1.0002131 18320148010 312.41953
rawdata/DECam_01442469.fits.fz N4 1442469 353.1978 61028.23636303 1.28 132.26873985775632 -4.009103822401394 132.27627083333334 -3.934 M464 0.019298507 24.91631 1.0202347 1.0952489 21.875717 1.1055657 decam 4.2453074 17.533058 321 object IBIS_wide_M464_322206 322206 0.02028 924.0 1948.0 0.0005938637 1.0002887 -0.0019811853 -0.08052633 0.0017181371 1.0001448 16323552101 319.4725
rawdata/DECam_01442470.fits.fz N4 1442470 309.1781 61028.24076475 1.27 133.28474543196648 -4.2981038199040285 133.29227916666667 -4.223 M464 0.015663246 24.918247 1.0199597 0.9794606 21.868084 0.86492693 decam 1.3355355 16.087952 271 object IBIS_wide_M464_319221 319221 0.017412 924.0 1948.0 0.3103584 1.0003124 -0.0020040583 -0.29613265 0.0019156727 1.0001588 16344415362 357.46152
rawdata/DECam_01442471.fits.fz N4 1442471 346.7679 61028.24465029 1.26 135.3527167928195 -6.008103805084103 135.36027083333332 -5.933 M464 0.02783937 24.895723 0.99696875 0.99326426 21.908646 0.9743002 decam 6.7499413 20.971863 319 object IBIS_wide_M464_319127 319127 0.02864 924.0 1948.0 0.36468065 1.0001508 -0.0018152127 -0.12408973 0.001833526 1.0001651 16269938148 355.91486
rawdata/DECam_01442472.fits.fz N4 1442472 468.0171 61028.24898675 1.24 134.7957285375497 -5.434103810067805 134.80327499999999 -5.359 M464 0.023443175 24.907827 1.0040115 1.1838853 21.92452 1.2917461 decam -2.0236163 24.6633 310 object IBIS_wide_M464_319213 319213 0.023009 924.0 1948.0 -0.10004923 1.0003719 -0.0018295592 -0.13664193 0.0016306427 1.0001014 16709341370 362.3135
rawdata/DECam_01442473.fits.fz N4 1442473 336.878 61028.25471423 1.22 134.33474118498248 -4.70810381635777 134.34227916666666 -4.633 M464 0.019629331 24.921165 1.0122551 1.0699213 21.942875 0.98533887 decam 6.626046 14.428521 283 object IBIS_wide_M464_322201 322201 0.019506 924.0 1948.0 0.04080419 1.0002447 -0.0019344363 -0.1460171 0.0017283676 1.0001389 16292727417 341.8905
rawdata/DECam_01442474.fits.fz N4 1442474 475.3571 61028.25893208 1.21 137.03970872501236 -6.832103797911142 137.047275 -6.757 M464 0.040365662 24.905012 0.99526125 1.2079616 21.964664 1.4701262 decam 1.9925188 24.516375 261 object IBIS_wide_M464_322105 322105 0.040827 924.0 1948.0 -0.22168782 1.0002168 -0.0018005571 -0.19433966 0.0016828913 1.0001266 16558716440 323.34442
rawdata/DECam_01442475.fits.fz N4 1442475 397.1176 61028.26474712 1.2 134.76274166852332 -4.257103820258437 134.770275 -4.182 M464 0.019435354 24.913649 1.0011514 1.2380966 21.963196 1.3104854 decam 2.6815913 14.359931 292 object IBIS_wide_M464_319216 319216 0.019435 924.0 1948.0 0.34293932 1.0001979 -0.0019521755 -0.27977312 0.0019492996 1.0001638 16508637366 303.03094
rawdata/DECam_01442476.fits.fz N4 1442476 369.9077 61028.26969337 1.2 137.90473688771414 -5.089103813058604 137.91227916666665 -5.014 M464 0.025219772 24.92074 1.0077103 1.1862926 21.967453 1.2329638 decam 3.215687 14.966926 261 object IBIS_wide_M464_322269 322269 0.027995 924.0 1948.0 0.5126819 1.0002786 -0.0018202877 -0.047028605 0.001700521 1.000198 16273683115 300.01508
rawdata/DECam_01442477.fits.fz N4 1442477 352.6379 61028.2742965 1.19 138.93373241542062 -5.4571038098683 138.94127916666667 -5.382 M464 0.03793634 24.924044 1.0087078 1.072101 21.930353 1.1346978 decam 1.3571389 11.929777 235 object IBIS_wide_M464_319278 319278 0.032174 924.0 1948.0 0.14990912 0.99998534 -0.0017448983 -0.15352656 0.0016404301 1.0001082 16485769931 310.77695
rawdata/DECam_01442478.fits.fz N4 1442478 331.0979 61028.27869826 1.19 141.00972587203344 -5.954103805553385 141.01727916666667 -5.879 M464 0.029702526 24.934254 1.0182378 0.99853075 21.967098 0.88075113 decam 0.6414522 10.994935 238 object IBIS_wide_M464_319270 319270 0.031876 924.0 1948.0 -0.2069878 1.0000086 -0.0018205284 -0.08502147 0.0014546445 1.0000445 16161491253 375.92673
rawdata/DECam_01442479.fits.fz N4 1442479 316.438 61028.28285166 1.18 142.01071727213713 -6.268103802823277 142.01827500000002 -6.193 M464 0.0380769 24.92734 1.0096985 1.046022 21.952677 1.0529523 decam 3.0070317 3.8188841 227 object IBIS_wide_M464_322254 322254 0.0371 924.0 1948.0 0.24133474 1.0004094 -0.0016643418 -0.18187337 0.0016366551 1.0001309 16248282645 300.52454
rawdata/DECam_01442480.fits.fz N4 1442480 417.7274 61028.28682938 1.18 142.90071903688474 -5.844103806509046 142.90827083333335 -5.769 M464 0.03796555 24.92469 1.007238 1.1464294 21.963 1.2574751 decam 4.6137733 8.303951 216 object IBIS_wide_M464_322255 322255 0.037776 924.0 1948.0 0.21470757 1.0002463 -0.0016935224 -0.25086278 0.0013400868 0.9999997 16569878195 332.19534
rawdata/DECam_01442482.fits.fz N4 1442482 367.7177 61028.29657039 1.17 144.5747163615302 -6.039103804814658 144.58227083333333 -5.964 M464 0.026859442 24.931812 1.0117857 1.0871456 21.216894 2.0499566 decam 1.506154 1.1288713 186 object IBIS_wide_M464_324965 324965 0.029272 924.0 1948.0 0.109928966 1.0002277 -0.0016046134 -0.12231376 0.0014811486 1.0002625 17143808653 179.3783
rawdata/DECam_01442483.fits.fz N4 1442483 284.6083 61028.30117071 1.16 145.33971494067504 -6.140103803936575 145.34727083333334 -6.065 M464 0.025585765 24.926212 1.004516 1.0567186 21.997047 0.94538105 decam 6.906878 5.587004 182 object IBIS_wide_M464_327948 327948 0.029478 924.0 1948.0 0.078305185 1.0001953 -0.0016243578 -0.12465582 0.0015097945 1.0001413 16023852043 301.05142
rawdata/DECam_01442484.fits.fz N4 1442484 392.1476 61028.30482088 1.16 146.4537244612987 -5.750103807325405 146.461275 -5.675 M464 0.07033286 24.89668 0.97756135 0.98063225 21.96874 1.2153484 decam 3.2222347 7.6496825 171 object IBIS_wide_M464_327955 327955 0.060936 924.0 1948.0 -0.019784318 1.0001608 -0.0015288381 -0.05084464 0.0013841176 1.0001947 16371727530 322.66272
rawdata/DECam_01442485.fits.fz N4 1442485 353.3179 61028.3097287 1.15 147.52872437341367 -6.062103804614727 147.53627916666667 -5.987 M464 0.0566353 24.927713 1.0038412 0.9548515 21.971865 0.98407817 decam 12.105484 9.106547 170 object IBIS_wide_M464_324968 324968 0.060027 924.0 1948.0 0.027267486 1.0000237 -0.0015009048 -0.37968314 0.0016753013 1.000114 16222807170 359.0344
rawdata/DECam_01442486.fits.fz N4 1442486 340.388 61028.31416716 1.15 148.89072456922705 -6.048103804736425 148.89827916666667 -5.973 M464 0.041437645 24.924572 1.0009423 0.99565345 21.967682 0.96892345 decam 10.217398 8.821727 194 object IBIS_wide_M464_324955 324955 0.040422 924.0 1948.0 -0.011866287 1.0003061 -0.0014092873 -0.36253348 0.0013653418 1.0001485 16234476684 351.30536
