logs/db-2024-07-05.ecsv
# %ECSV 1.0
# ---
# datatype:
# - {name: filename, datatype: string}
# - {name: extension, datatype: string}
# - {name: expnum, datatype: int64}
# - {name: exptime, datatype: float32}
# - {name: mjd_obs, datatype: float64}
# - {name: airmass, datatype: float32}
# - {name: racenter, datatype: float64}
# - {name: deccenter, datatype: float64}
# - {name: rabore, datatype: float64}
# - {name: decbore, datatype: float64}
# - {name: band, datatype: string}
# - {name: ebv, datatype: float32}
# - {name: zeropoint, datatype: float32}
# - {name: transparency, datatype: float32}
# - {name: seeing, datatype: float32}
# - {name: sky, datatype: float32}
# - {name: expfactor, datatype: float32}
# - {name: camera, datatype: string}
# - {name: dx, datatype: float32}
# - {name: dy, datatype: float32}
# - {name: nmatched, datatype: int64}
# - {name: obstype, datatype: string}
# - {name: object, datatype: string}
# - {name: tileid, datatype: int64}
# - {name: tileebv, datatype: float32}
# - {name: affine_x0, datatype: float32}
# - {name: affine_y0, datatype: float32}
# - {name: affine_dx, datatype: float32}
# - {name: affine_dxx, datatype: float32}
# - {name: affine_dxy, datatype: float32}
# - {name: affine_dy, datatype: float32}
# - {name: affine_dyx, datatype: float32}
# - {name: affine_dyy, datatype: float32}
# - {name: checksum, datatype: string}
# - {name: efftime, datatype: float32}
# schema: astropy-2.0
filename extension expnum exptime mjd_obs airmass racenter deccenter rabore decbore band ebv zeropoint transparency seeing sky expfactor camera dx dy nmatched obstype object tileid tileebv affine_x0 affine_y0 affine_dx affine_dxx affine_dxy affine_dy affine_dyx affine_dyy checksum efftime
rawdata/DECam_01309122.fits.fz N4 1309122 30.0 60496.95267114 1.0 192.10133381560578 -27.67260248753193 192.10981666666666 -27.59749888888889 r 0.06783607 26.886436 1.0650618 1.1000166 18.534096 7.9852037 decam -18.64965 9.118064 197 object pointing 0 0.0 924.0 1948.0 -0.13596614 1.0000544 0.0003379332 0.10127168 -0.0005587508 1.0000073 24402369485 3.7569487
rawdata/DECam_01309123.fits.fz N4 1309123 50.0 60496.96182783 1.1 191.93972036063917 -6.051103804710349 191.94727500000002 -5.976 g 0.024069086 26.70185 1.1054533 1.0479778 20.950655 1.8677678 decam 16.298561 45.625935 115 object test_g 0 0.0 924.0 1948.0 -0.04421079 0.99991465 0.0005098916 0.16110314 -0.00051269005 0.99983186 16785998783 26.769922
rawdata/DECam_01309121.fits.fz N4 1309121 5.0 60496.95068362 1.0 192.10133381560578 -27.67260248753193 192.10981666666666 -27.59749888888889 r 0.06783607 26.874361 1.0532811 1.4019319 17.944876 22.800467 decam 12.496671 11.225092 114 object pointing 0 0.0 924.0 1948.0 -0.16159055 1.0000229 0.0004048676 0.1371145 -0.0005486543 0.9999079 17963021884 0.21929376
rawdata/DECam_01309124.fits.fz N4 1309124 500.0 60496.97260863 1.12 191.93972036063917 -6.051103804710349 191.94727500000002 -5.976 M464 0.024069086 24.95988 1.0284721 1.052476 21.666517 1.1477978 decam 12.71413 -0.7670117 133 object IBIS_wide_M464_331419 331419 0.027799 924.0 1948.0 -0.102256835 0.9998227 0.00027919357 0.12613517 -0.0003874044 0.9998448 17039061307 435.6168
rawdata/DECam_01309125.fits.fz N4 1309125 500.0 60496.97878067 1.13 192.04072030790078 -5.7491038073340865 192.04827083333333 -5.6739999999999995 M464 0.03221895 24.968626 1.0389873 1.068356 21.672663 1.2143534 decam 2.6232996 8.665593 87 object IBIS_wide_M464_334405 334405 0.029078 924.0 1948.0 -0.021444524 1.0001302 0.00016440511 0.107918486 -2.1283784e-05 0.9998409 17116981829 411.74173
rawdata/DECam_01309126.fits.fz N4 1309126 366.0 60496.98493218 1.13 195.28472821099362 -5.460103809842274 195.292275 -5.385 M464 0.031936254 24.952885 1.0240334 0.9691328 21.731216 0.973484 decam 2.426094 14.305546 119 object IBIS_wide_M464_331426 331426 0.032526 924.0 1948.0 -0.14766222 1.0005218 0.00018224653 -0.03940489 -0.00018760253 0.99999356 16457539509 375.9692
rawdata/DECam_01309127.fits.fz N4 1309127 368.0 60496.98951981 1.13 195.72772757332163 -5.172103812339381 195.73527083333332 -5.097 M464 0.03779706 24.967503 1.0379124 1.0318288 21.745907 1.0968345 decam 6.981834 11.345591 120 object IBIS_wide_M464_334412 334412 0.033036 924.0 1948.0 -0.30343246 1.000597 0.00038866544 0.19665131 4.0172e-05 0.99979126 16489442813 335.51096
rawdata/DECam_01309128.fits.fz N4 1309128 299.0 60496.99413362 1.13 196.256720903963 -6.012103805049338 196.264275 -5.937 M464 0.036834344 24.956675 1.0276134 1.0396936 21.759716 1.1152796 decam 9.436967 7.7790933 125 object IBIS_wide_M464_331175 331175 0.035659 924.0 1948.0 -0.105319336 0.99985063 0.00017188751 0.07391127 0.00018674757 0.9999144 16254218938 268.0942
rawdata/DECam_01309129.fits.fz N4 1309129 304.0 60496.99795426 1.13 198.35773240283618 -5.458103809859626 198.36527916666668 -5.383 M464 0.04092491 24.961142 1.03185 1.0439329 21.793013 1.1079897 decam 2.4920387 14.703224 127 object IBIS_wide_M464_331217 331217 0.03807 924.0 1948.0 -0.06551537 0.99992114 0.00032250554 0.12723564 -0.0005311182 0.9998177 16276802336 274.3708
rawdata/DECam_01309130.fits.fz N4 1309130 340.0 60497.00182523 1.14 200.21773943276372 -4.867103814981409 200.22527916666667 -4.792 M464 0.037620317 24.958527 1.0315517 1.132973 21.830679 1.241671 decam 7.179591 9.319566 122 object IBIS_wide_M464_331215 331215 0.03778 924.0 1948.0 -0.14999186 0.99979466 0.0005235646 0.1959691 -0.0003095979 0.99975127 16282870599 273.82455
rawdata/DECam_01309131.fits.fz N4 1309131 338.0 60497.00612005 1.14 198.942724177139 -6.076103804493021 198.95027916666666 -6.001 M464 0.037907198 24.96057 1.0334927 1.2873598 21.80542 1.6367565 decam 7.8236265 1.3731068 115 object IBIS_wide_M464_331211 331211 0.041492 924.0 1948.0 -0.04317755 1.0000271 0.0002476885 0.195107 -0.00034470123 1.0000433 16302706180 206.50597
rawdata/DECam_01309132.fits.fz N4 1309132 366.0 60497.01039344 1.14 201.87573519882267 -4.873103814929458 201.883275 -4.798 M464 0.031663433 24.956429 1.0295591 1.2670754 21.86213 1.4614522 decam 0.10786991 6.40595 116 object IBIS_wide_M464_331214 331214 0.03381 924.0 1948.0 -0.1663143 1.000321 0.000534422 0.24066211 -0.0010117419 1.0001755 16367599840 250.43582
rawdata/DECam_01309133.fits.fz N4 1309133 492.0 60497.01498257 1.15 202.1427385544554 -4.564103817603741 202.150275 -4.489 M464 0.031564627 24.94481 1.0207623 1.1940141 21.86035 1.327502 decam 5.7700186 3.6589122 120 object IBIS_wide_M464_334200 334200 0.033776 924.0 1948.0 -0.03325937 1.0002661 0.00054998876 0.10479292 -0.0006173225 0.99995965 16664390902 370.6209
rawdata/DECam_01309134.fits.fz N4 1309134 446.0 60497.02103163 1.15 202.4357220128697 -5.619103808462645 202.44327083333334 -5.5440000000000005 M464 0.028407313 24.96035 1.0354759 1.14337 21.858185 1.1635286 decam 4.1953096 7.080691 151 object IBIS_wide_M464_331192 331192 0.032014 924.0 1948.0 -0.25025156 1.0001045 0.000798081 0.29094565 -0.0007179042 0.9996574 16530702244 383.31677
rawdata/DECam_01309135.fits.fz N4 1309135 401.0 60497.02655753 1.16 203.5737243949195 -5.755103807281987 203.581275 -5.68 M464 0.026824446 24.962725 1.0399435 1.1516963 21.8544 1.1684525 decam 9.231406 1.3613636 131 object IBIS_wide_M464_334176 334176 0.029096 924.0 1948.0 -0.18562846 1.0003345 0.00064077956 0.09565835 -0.0008566327 1.0002351 16473199830 343.18896
rawdata/DECam_01309136.fits.fz N4 1309136 360.0 60497.03154861 1.17 204.60173122254892 -4.856103815076649 204.6092708333333 -4.781 M464 0.029714664 24.950468 1.0304506 1.0866635 21.890299 1.047379 decam 5.553271 5.686924 143 object IBIS_wide_M464_331202 331202 0.028921 924.0 1948.0 -0.06700526 0.9999445 0.00041508366 -0.018199971 -0.00052954856 1.0004478 16311198487 343.71512
rawdata/DECam_01309137.fits.fz N4 1309137 356.0 60497.03606591 1.17 207.02373377818896 -4.998103813846939 207.031275 -4.923 M464 0.033264995 24.959623 1.0391765 1.1687311 21.923174 1.1799731 decam 7.3325105 5.147881 132 object IBIS_wide_M464_334183 334183 0.028034 924.0 1948.0 -0.10329037 0.99989384 0.0006839114 0.09949455 -0.00059404224 0.9999357 16238337689 301.70178
rawdata/DECam_01309138.fits.fz N4 1309138 314.0 60497.04053978 1.17 207.78374093515842 -4.731103816158713 207.79127916666667 -4.656 M464 0.029080262 24.962719 1.0421441 1.1549501 21.93818 1.1024253 decam 11.938735 5.892948 164 object IBIS_wide_M464_334184 334184 0.028731 924.0 1948.0 0.0687016 1.0001253 0.0007087578 0.10190344 -0.0005880779 1.0000992 16350749411 284.82654
rawdata/DECam_01309139.fits.fz N4 1309139 346.0 60497.04453533 1.18 208.47472765668266 -5.1651038124000435 208.48227083333333 -5.09 M464 0.025859574 24.94435 1.026833 1.1341127 21.94613 1.071027 decam 6.591554 4.8873167 119 object IBIS_wide_M464_334098 334098 0.02785 924.0 1948.0 0.070872754 1.0000663 0.00058500736 0.090298034 -0.0007469235 0.9999437 16277965331 323.0544
rawdata/DECam_01309140.fits.fz N4 1309140 336.0 60497.04890512 1.19 207.68172930168225 -5.699103807768207 207.68927916666667 -5.624 M464 0.031119347 24.951653 1.0359557 1.2698154 21.936378 1.3784153 decam 5.00541 8.60414 129 object IBIS_wide_M464_334097 334097 0.027857 924.0 1948.0 -0.025365148 0.99998355 0.0009003517 0.0749992 -0.0003086856 1.000039 16218709505 243.75816
rawdata/DECam_01309141.fits.fz N4 1309141 336.0 60497.05314555 1.19 210.67773859643756 -4.560103817638346 210.68527500000002 -4.485 M464 0.027432827 24.959454 1.0434258 1.2205143 21.97925 1.180788 decam -1.0421481 15.58156 145 object IBIS_wide_M464_334254 334254 0.03145 924.0 1948.0 -0.18595555 1.0000143 0.0006575873 0.22376937 -0.0009516714 1.0000389 16166151518 284.55573
rawdata/DECam_01309142.fits.fz N4 1309142 411.0 60497.05739335 1.19 211.2817359304841 -5.170103812356712 211.28927916666666 -5.095 M464 0.024189368 24.96436 1.0481503 1.1468235 21.987322 1.0062 decam 3.604765 14.08584 176 object IBIS_wide_M464_334248 334248 0.027633 924.0 1948.0 -0.15312959 1.0000448 0.0007310055 0.1731222 -0.00095599587 1.0001554 16340149844 408.46753
rawdata/DECam_01309143.fits.fz N4 1309143 377.0 60497.06250761 1.2 212.1747386802902 -4.55210381770755 212.182275 -4.477 M464 0.03172825 24.948612 1.0352484 1.2159076 22.001457 1.2015138 decam 4.3304853 6.5406723 174 object IBIS_wide_M464_334251 334251 0.035247 924.0 1948.0 -0.34464186 1.0000868 0.00087266136 0.03751382 -0.00076308707 1.0001119 16346314035 313.77084
rawdata/DECam_01309144.fits.fz N4 1309144 333.0 60497.06722159 1.21 213.40373441927883 -4.561103817629695 213.41127083333333 -4.486 M464 0.03551814 24.950123 1.0388893 1.1009582 22.019287 0.9886307 decam 0.3831273 4.7632103 139 object IBIS_wide_M464_334250 334250 0.037387 924.0 1948.0 -0.20050018 0.9997321 0.0010353143 0.059092008 -0.00084577966 1.0000921 16140103081 336.8295
rawdata/DECam_01309145.fits.fz N4 1309145 369.0 60497.07142763 1.21 213.0097258720334 -5.954103805553385 213.01727916666667 -5.879 M464 0.03298068 24.95812 1.0465696 1.0867289 21.979954 0.9695489 decam 4.0788493 4.222067 148 object IBIS_wide_M464_331254 331254 0.033124 924.0 1948.0 -0.19625379 1.0001214 0.00072576595 0.12566657 -0.0011750361 0.9999191 16332461588 380.5894
rawdata/DECam_01309146.fits.fz N4 1309146 301.0 60497.07605083 1.21 214.01071727213707 -6.268103802823276 214.018275 -6.193 M464 0.03566059 24.94088 1.0300815 1.0768204 21.962856 1.0142701 decam 3.4136155 -3.0061731 150 object IBIS_wide_M464_334238 334238 0.037386 924.0 1948.0 -0.14524795 1.0002644 0.00069570687 0.1201623 -0.00066150853 0.9999999 16121955873 296.76514
rawdata/DECam_01309147.fits.fz N4 1309147 322.0 60497.07989373 1.23 215.2847262726732 -5.280103811403238 215.29227083333333 -5.205 M464 0.048049267 24.953415 1.046469 1.1476749 21.998533 1.1720484 decam 2.687912 -2.8669481 168 object IBIS_wide_M464_334242 334242 0.046369 924.0 1948.0 -0.03117376 0.99988526 0.0009786077 0.17449415 -0.0007739163 1.0000156 16732758973 274.73267
rawdata/DECam_01309148.fits.fz N4 1309148 326.0 60497.08397082 1.22 215.96870742945046 -6.648103799514909 215.97627083333333 -6.573 M464 0.057059184 24.940264 1.0316818 1.1893226 22.039413 1.3097425 decam 2.7351043 -5.1337266 196 object IBIS_wide_M464_330956 330956 0.04527 924.0 1948.0 -0.43466067 1.0000107 0.0012838942 0.09612435 -0.0008504033 0.99995166 16115881020 248.9039
rawdata/DECam_01309149.fits.fz N4 1309149 355.0 60497.0881165 1.24 216.5747163615302 -6.039103804814658 216.58227083333335 -5.964 M464 0.046442285 24.950714 1.0460824 1.1871253 22.037931 1.2036966 decam -4.7834535 1.0871893 200 object IBIS_wide_M464_336949 336949 0.047986 924.0 1948.0 0.06782832 0.9998991 0.0011524623 0.12776287 -0.0010077164 1.0000318 16229820750 294.9248
rawdata/DECam_01309150.fits.fz N4 1309150 500.0 60497.09258107 1.25 218.7787472488402 -4.1101038215288215 218.78627916666667 -4.035 M464 0.11178033 24.912645 1.0121803 1.1849513 22.038074 1.8937545 decam 2.165788 3.0414293 155 object IBIS_wide_M464_336963 336963 0.092462 924.0 1948.0 0.10645379 0.9998658 0.0011941526 0.11995785 -0.0010281429 1.000106 16498736825 264.0258
rawdata/DECam_01309151.fits.fz N4 1309151 396.0 60497.09871857 1.26 217.87671134988338 -6.388103801779063 217.88427083333335 -6.313 M464 0.053392496 24.931698 1.0322832 1.1662635 22.046793 1.2436119 decam 3.0723982 -1.854859 192 object IBIS_wide_M464_339933 339933 0.05791 924.0 1948.0 0.040778365 1.0001551 0.001052681 -0.021298263 -0.0011629129 1.0001323 16256411660 318.4273
rawdata/DECam_01309152.fits.fz N4 1309152 440.0 60497.10366546 1.25 219.85571104038897 -6.94810379689944 219.86327916666667 -6.873 M464 0.058862973 24.933739 1.0320382 1.1954918 22.046871 1.3444562 decam 4.9054556 -6.372067 195 object IBIS_wide_M464_339921 339921 0.064041 924.0 1948.0 -0.07491217 1.0000386 0.001365412 0.051758904 -0.0009709738 1.0001875 16412232642 327.26987
rawdata/DECam_01309153.fits.fz N4 1309153 480.0 60497.1091241 1.27 222.97774317652002 -4.100103821615222 222.985275 -4.025 M464 0.08283133 24.926046 1.0291021 1.1682887 22.043976 1.5049767 decam 6.0225935 -7.686715 222 object IBIS_wide_M464_337441 337441 0.093837 924.0 1948.0 -0.200295 0.99977505 0.001197542 0.010721373 -0.0011536047 1.0001541 16747483494 318.9418
rawdata/DECam_01309154.fits.fz N4 1309154 471.0 60497.11503295 1.28 223.41472789422644 -5.145103812573364 223.42227083333333 -5.07 M464 0.07517858 24.922874 1.0282763 1.176533 22.06556 1.4383135 decam 5.785843 -5.265954 214 object IBIS_wide_M464_340424 340424 0.078825 924.0 1948.0 -0.11146278 1.0001005 0.0011352041 0.2066416 -0.0011198451 1.0001761 16416215314 327.46686
rawdata/DECam_01309155.fits.fz N4 1309155 455.0 60497.12084491 1.31 223.0237324531598 -5.454103809894321 223.03127916666665 -5.379 M464 0.07263835 24.917368 1.029597 1.1260105 22.05027 1.329817 decam 0.48564553 -16.089441 217 object IBIS_wide_M464_337438 337438 0.072915 924.0 1948.0 0.119637445 1.0000547 0.0012097378 0.10507584 -0.0009952052 1.0000211 16415798723 342.1523
rawdata/DECam_01309156.fits.fz N4 1309156 446.0 60497.12647597 1.34 222.29472424729008 -6.071103804536489 222.30227916666666 -5.996 M464 0.058573946 24.90691 1.0262281 1.1585044 22.031504 1.3432794 decam 11.929008 -18.103382 194 object IBIS_wide_M464_336938 336938 0.068474 924.0 1948.0 -0.2348675 0.9999198 0.001607945 0.08600285 -0.0010869587 1.0001101 16385806668 332.02325
rawdata/DECam_01309157.fits.fz N4 1309157 384.0 60497.13255471 1.36 232.56875360200783 2.779896119164873 232.57627499999998 2.855 M464 0.043074828 24.908972 1.0325446 1.2368373 22.15478 1.241894 decam 3.5195668 -4.531656 222 object IBIS_wide_M464_340505 340505 0.046717 924.0 1948.0 -0.5576932 1.0001856 0.0017198072 0.16842191 -0.0012077612 0.999984 16259337263 309.20514
rawdata/DECam_01309158.fits.fz N4 1309158 417.0 60497.13735408 1.37 234.96675252567238 3.5068961128966096 234.97427916666666 3.582 M464 0.06548751 24.908262 1.034058 1.28041 22.152117 1.5253536 decam 7.297105 -10.52273 239 object IBIS_wide_M464_337688 337688 0.059848 924.0 1948.0 -0.15012312 1.0000801 0.0014844815 0.03861113 -0.0012034175 0.9999889 16255810357 273.37924
rawdata/DECam_01309159.fits.fz N4 1309159 443.0 60497.14253694 1.37 235.4597507525972 2.564896121017053 235.46727083333334 2.64 M464 0.06850589 24.907574 1.0334033 1.1982595 22.135406 1.383132 decam 10.168125 -19.996323 277 object IBIS_wide_M464_340501 340501 0.066874 924.0 1948.0 0.027156694 0.99995685 0.0016094983 0.1924973 -0.001333295 1.0000457 16303650825 320.2876
rawdata/DECam_01309160.fits.fz N4 1309160 500.0 60497.14803006 1.38 235.75976744364755 1.7088961283856574 235.76728333333332 1.784 M464 0.082289144 24.898516 1.0269903 1.2307073 22.12269 1.6285628 decam 14.528388 -16.227825 250 object IBIS_wide_M464_337493 337493 0.085712 924.0 1948.0 -0.118725374 1.0000077 0.0016728952 0.32819605 -0.001449449 0.99998033 16494658620 307.01917
rawdata/DECam_01309161.fits.fz N4 1309161 500.0 60497.15417788 1.39 237.40775786973037 2.0008961258729716 237.415275 2.076 M464 0.12690252 24.886675 1.0180055 1.2039828 22.07228 2.1732702 decam 16.055412 -20.383043 277 object IBIS_wide_M464_340648 340648 0.11229 924.0 1948.0 0.10118413 1.0000567 0.0016611328 0.17494145 -0.001526179 1.0001693 16529935881 230.06802
rawdata/DECam_01309162.fits.fz N4 1309162 500.0 60497.16032806 1.38 240.97175409838385 2.700896119845517 240.979275 2.776 M464 0.08988185 24.897778 1.0262918 1.3351474 22.108671 2.0331345 decam 18.494936 -13.465584 311 object IBIS_wide_M464_340645 340645 0.1023 924.0 1948.0 -0.1549544 1.0000887 0.0015751552 0.24508852 -0.001412162 0.9998188 16540280496 245.92569
