logs/db-2026-02-15.ecsv
# %ECSV 1.0
# ---
# datatype:
# - {name: filename, datatype: string}
# - {name: extension, datatype: string}
# - {name: expnum, datatype: int64}
# - {name: exptime, datatype: float32}
# - {name: mjd_obs, datatype: float64}
# - {name: airmass, datatype: float32}
# - {name: racenter, datatype: float64}
# - {name: deccenter, datatype: float64}
# - {name: rabore, datatype: float64}
# - {name: decbore, datatype: float64}
# - {name: band, datatype: string}
# - {name: ebv, datatype: float32}
# - {name: zeropoint, datatype: float32}
# - {name: transparency, datatype: float32}
# - {name: seeing, datatype: float32}
# - {name: sky, datatype: float32}
# - {name: expfactor, datatype: float32}
# - {name: camera, datatype: string}
# - {name: dx, datatype: float32}
# - {name: dy, datatype: float32}
# - {name: nmatched, datatype: int64}
# - {name: obstype, datatype: string}
# - {name: object, datatype: string}
# - {name: tileid, datatype: int64}
# - {name: tileebv, datatype: float32}
# - {name: affine_x0, datatype: float32}
# - {name: affine_y0, datatype: float32}
# - {name: affine_dx, datatype: float32}
# - {name: affine_dxx, datatype: float32}
# - {name: affine_dxy, datatype: float32}
# - {name: affine_dy, datatype: float32}
# - {name: affine_dyx, datatype: float32}
# - {name: affine_dyy, datatype: float32}
# - {name: checksum, datatype: string}
# - {name: efftime, datatype: float32}
# schema: astropy-2.0
filename extension expnum exptime mjd_obs airmass racenter deccenter rabore decbore band ebv zeropoint transparency seeing sky expfactor camera dx dy nmatched obstype object tileid tileebv affine_x0 affine_y0 affine_dx affine_dxx affine_dxy affine_dy affine_dyx affine_dyy checksum efftime
/home/declsp/obsbot/rawdata/DECam_01457086.fits.fz N4 1457086 15.0 61087.01598594 1.07 57.082910562594094 -39.134436511725795 57.092595833333334 -39.059333055555555 M464 0.01304523 24.929102 0.9887462 1.2804644 18.483038 32.097958 decam -22.827885 45.825596 40 object "LTT1788 N4" 0 0.0 924.0 1948.0 0.57607985 0.99958247 -0.002243099 0.40418288 0.0029770033 0.9995106 16216167128 0.46731946
/home/declsp/obsbot/rawdata/DECam_01457087.fits.fz N4 1457087 15.0 61087.01648238 1.08 56.6824855625941 -39.1344365117258 56.692170833333336 -39.059333055555555 M464 0.011692572 24.946383 1.0066752 1.0817605 18.611496 19.537312 decam -13.830528 55.498203 34 object "LTT1788 N5" 0 0.0 924.0 1948.0 0.6950768 1.0005398 -0.002634474 -0.6772554 0.002520318 0.9999902 16116454161 0.7677617
/home/declsp/obsbot/rawdata/DECam_01457088.fits.fz N4 1457088 15.0 61087.01697476 1.07 57.48329587640457 -39.30110345378338 57.493004166666665 -39.226 M464 0.0115917595 24.928057 0.98779434 1.0718095 18.743752 17.55097 decam -2.476795 45.71325 40 object "LTT1788 S3" 0 0.0 924.0 1948.0 1.1413734 1.0005635 -0.0026661218 -0.2870254 0.0019515761 1.0000352 16020962335 0.8546536
/home/declsp/obsbot/rawdata/DECam_01457089.fits.fz N4 1457089 15.0 61087.01744524 1.08 57.08288754307122 -39.30110345378338 57.092595833333334 -39.226 M464 0.0186828 24.923887 0.9860318 1.050061 18.86124 16.028234 decam -4.6148596 49.04183 45 object "LTT1788 S4" 0 0.0 924.0 1948.0 -0.50684685 0.9997929 -0.0026370157 -0.78028387 0.0028275447 0.9998249 15957023514 0.93584853
/home/declsp/obsbot/rawdata/DECam_01457090.fits.fz N4 1457090 15.0 61087.0179268 1.08 56.682462543071225 -39.30110345378338 56.692170833333336 -39.226 M464 0.016055398 24.931393 0.99287176 1.0680745 18.9797 14.390724 decam 2.9592469 54.350037 46 object "LTT1788 S5" 0 0.0 924.0 1948.0 -0.96312034 1.0006449 -0.0028258741 -0.14347401 0.002862432 1.0000833 15893463668 1.0423381
/home/declsp/obsbot/rawdata/DECam_01457091.fits.fz N4 1457091 15.0 61087.0198216 1.01 89.0930033306711 -27.849770541142576 89.1015 -27.774666944444444 M464 0.038579706 24.935564 0.98246706 1.3689879 19.757635 13.449586 decam 20.457695 33.64836 155 object "LTT2415 N4" 0 0.0 924.0 1948.0 0.71280223 0.9999322 -0.0026114061 -0.33431906 0.0026949935 0.9999166 15630878126 1.115276
/home/declsp/obsbot/rawdata/DECam_01457092.fits.fz N4 1457092 15.0 61087.02032119 1.01 88.74173249733775 -27.849770541142576 88.75022916666667 -27.774666944444444 M464 0.03469151 24.936752 0.98354274 1.2016144 19.85357 9.2091465 decam 18.476297 20.352383 140 object "LTT2415 N5" 0 0.0 924.0 1948.0 0.6080929 1.0000417 -0.0027290082 -0.55651176 0.0026833855 0.99986136 15599934661 1.6288154
/home/declsp/obsbot/rawdata/DECam_01457093.fits.fz N4 1457093 15.0 61087.0208092 1.01 89.4442443826225 -28.016436650418257 89.45275416666667 -27.941333055555557 M464 0.029162224 24.932983 0.98013353 1.1377591 20.00056 6.9812546 decam 27.625557 6.7044716 191 object "LTT2415 S3" 0 0.0 924.0 1948.0 0.69020873 1.0003016 -0.0026138956 -0.41842246 0.0026298864 0.99980414 15588723002 2.1486108
/home/declsp/obsbot/rawdata/DECam_01457094.fits.fz N4 1457094 15.0 61087.02130411 1.01 89.09299021595584 -28.016436650418257 89.1015 -27.941333055555557 M464 0.035507463 24.936981 0.98374903 0.99705523 20.086136 5.149837 decam 29.377325 20.837114 164 object "LTT2415 S4" 0 0.0 924.0 1948.0 0.6193751 1.0001742 -0.0028508154 -0.011871375 0.002939769 1.0000311 15551110463 2.9127135
/home/declsp/obsbot/rawdata/DECam_01457095.fits.fz N4 1457095 15.0 61087.02181157 1.0 88.7417193826225 -28.016436650418257 88.75022916666667 -27.941333055555557 M464 0.034228936 24.944744 0.9887756 0.97692496 20.252338 4.1444087 decam 17.156715 3.8796163 170 object "LTT2415 S5" 0 0.0 924.0 1948.0 -0.28621826 1.0001038 -0.0027936988 -0.5137517 0.0027954378 0.9999576 15533614855 3.6193342
/home/declsp/obsbot/rawdata/DECam_01457096.fits.fz N4 1457096 150.0 61087.0234571 1.05 66.17760956937195 -21.262047554160247 66.18567083333333 -21.186943888888887 M464 0.02082129 24.934698 0.9897807 1.137923 20.649754 3.6067812 decam 3.7032607 38.965317 111 object "Eridanus position 0" 0 0.0 924.0 1948.0 0.32143664 1.000056 -0.0025691811 0.0066207377 0.0026123344 0.9999088 16660679422 41.58833
/home/declsp/obsbot/rawdata/DECam_01457097.fits.fz N4 1457097 150.0 61087.02551756 1.05 66.13727395494 -21.22757172116806 66.14533333333333 -21.152468055555556 M464 0.021679644 24.92107 0.9774345 1.1119155 21.049313 2.459353 decam 3.8145406 42.014496 167 object "Eridanus position 1" 0 0.0 924.0 1948.0 0.9530104 1.0001625 -0.0025562446 0.43896645 0.0024619664 0.99981296 16294342735 60.991653
/home/declsp/obsbot/rawdata/DECam_01457098.fits.fz N4 1457098 150.0 61087.02761656 1.06 66.18438479183928 -21.33393977567057 66.19245 -21.258836111111112 M464 0.018834848 24.93496 0.99205494 1.1095145 21.379763 1.7251394 decam -8.858095 50.675972 112 object "Eridanus position 2" 0 0.0 924.0 1948.0 0.013062995 0.9998773 -0.0024814906 -0.17120913 0.0025668954 1.0000002 15960946496 86.94949
/home/declsp/obsbot/rawdata/DECam_01457099.fits.fz N4 1457099 150.0 61087.0297297 1.06 66.235271735655 -21.19189255485429 66.24332916666667 -21.116788888888887 M464 0.023466978 24.927443 0.9852103 1.060282 21.587818 1.3634995 decam 5.9889355 60.320694 165 object "Eridanus position 3" 0 0.0 924.0 1948.0 -1.0273633 1.0000392 -0.0026602314 0.1100617 0.002438349 0.9998163 15994527519 110.01104
/home/declsp/obsbot/rawdata/DECam_01457100.fits.fz N4 1457100 150.0 61087.03181338 1.07 66.06981693081215 -21.27979060954017 66.07787916666668 -21.204686944444443 M464 0.019282347 24.930874 0.990361 1.0245144 21.779327 1.0293888 decam 0.43432814 65.909096 117 object "Eridanus position 4" 0 0.0 924.0 1948.0 0.067651816 1.0002446 -0.002343786 -0.09409309 0.0027962937 0.9999782 15770515180 145.71754
/home/declsp/obsbot/rawdata/DECam_01457106.fits.fz N4 1457106 589.0362 61087.07067887 1.28 130.2047454108243 -3.352103828072435 130.21227083333332 -3.277 M464 0.02373916 24.887934 0.99391556 1.3203886 21.850471 1.7875638 decam -15.056293 -58.133118 368 object IBIS_wide_M464_322229 322229 0.025948 924.0 1948.0 0.37682804 1.0000409 -0.0018179637 -0.15473115 0.0017292394 1.0001165 17079604917 329.51898
/home/declsp/obsbot/rawdata/DECam_01457105.fits.fz N4 1457105 755.805 61087.05950818 1.42 50.34453917261496 -13.673103737102284 50.35227083333333 -13.598 M464 0.056351237 24.844894 0.9831551 1.1278256 21.689676 2.0680022 decam -17.08269 -23.91107 93 object IBIS_wide_M464_309831 309831 0.059447 924.0 1948.0 -0.3240673 1.0000685 -0.0020931866 -0.23732333 0.002391821 1.0001702 17661925640 365.47592
/home/declsp/obsbot/rawdata/DECam_01457104.fits.fz N4 1457104 596.0961 61087.05224607 1.37 52.165622816397956 -10.800103762966538 52.17327083333333 -10.725 M464 0.04853845 24.840113 0.9688332 1.0339379 21.674328 1.6824138 decam -19.609917 -22.59922 110 object IBIS_wide_M464_307159 307159 0.055976 924.0 1948.0 0.774623 1.0000052 -0.0021757302 0.2966976 0.0022223752 1.00006 17217721011 354.31006
/home/declsp/obsbot/rawdata/DECam_01457103.fits.fz N4 1457103 728.7152 61087.04344602 1.31 51.5835948906722 -11.843103753641179 51.59127083333333 -11.768 M464 0.058453437 24.880827 0.9935346 1.0741941 21.71892 1.7354095 decam -3.666738 -10.3426075 108 object IBIS_wide_M464_310139 310139 0.062837 924.0 1948.0 0.5859734 0.9999596 -0.0021598032 -0.02721618 0.002462876 0.99996513 17528874989 419.90967
/home/declsp/obsbot/rawdata/DECam_01457102.fits.fz N4 1457102 560.7463 61087.03662576 1.27 53.74565874483471 -9.652103773156332 53.753279166666665 -9.577 M464 0.028623763 24.888857 0.9927201 1.0274887 21.657913 1.3374151 decam -16.973852 -10.84955 123 object IBIS_wide_M464_310157 310157 0.042231 924.0 1948.0 -0.057580158 0.9997706 -0.0021445737 -0.23123203 0.0023552354 1.0000389 17122483252 419.27615
/home/declsp/obsbot/rawdata/DECam_01457101.fits.fz N4 1457101 30.0 61087.03425808 1.25 53.20553281514243 -11.217047648135699 53.21319166666667 -11.141943888888889 M464 0.038224995 24.901869 1.0005696 1.1088696 21.591627 1.7307501 decam 23.117052 86.34772 59 object pointing 0 0.0 924.0 1948.0 0.23574694 0.9995265 -0.0020990097 0.1929036 0.0023040988 0.9999327 15494914169 17.333525
/home/declsp/obsbot/rawdata/DECam_01457085.fits.fz N4 1457085 30.0 61087.01290012 1.0 82.26945841374328 -30.191769681473957 82.27815000000001 -30.116666111111112 r 0.01669333 26.84846 1.0284514 1.0344547 17.511889 15.838498 decam -10.469097 3.7083995 191 object pointing 0 0.0 924.0 1948.0 -0.00859229 0.9999876 -0.002765213 -0.101675406 0.0024758845 0.9999963 38388338292 1.894119
/home/declsp/obsbot/rawdata/DECam_01457084.fits.fz N4 1457084 5.0 61087.01162321 1.0 82.26945841374328 -30.191769681473957 82.27815000000001 -30.116666111111112 r 0.01669333 26.848995 1.0289586 1.4164375 17.086561 43.844303 decam 0.047552995 -43.51631 114 object pointing 0 0.0 924.0 1948.0 0.16233984 0.99978983 -0.0026841199 -0.081020646 0.0021016505 1.0001128 21031943884 0.1140399
/home/declsp/obsbot/rawdata/DECam_01457107.fits.fz N4 1457107 524.9666 61087.07783579 1.27 132.92273434576947 -4.568103817569139 132.93027083333334 -4.493 M464 0.017766787 24.901302 1.0041643 1.2065663 21.861792 1.3814112 decam -17.673164 -66.132515 320 object IBIS_wide_M464_322204 322204 0.018127 924.0 1948.0 0.15076928 1.0002003 -0.0017572447 -0.08392926 0.0017493106 1.0000778 16847710097 380.02197
/home/declsp/obsbot/rawdata/DECam_01457108.fits.fz N4 1457108 443.9572 61087.08551927 1.24 133.63972770426616 -5.16110381243471 133.64727083333335 -5.086 M464 0.01787916 24.900318 0.99709177 1.2032039 21.875292 1.3603144 decam 12.51202 3.1290479 312 object IBIS_wide_M464_322198 322198 0.019197 924.0 1948.0 0.04760622 1.0003445 -0.0017890433 -0.31614324 0.0017708951 1.0000086 16525944458 326.36368
/home/declsp/obsbot/rawdata/DECam_01457110.fits.fz N4 1457110 555.3964 61087.09744847 1.21 135.02373377818898 -4.998103813846939 135.031275 -4.923 M464 0.023227148 24.901316 0.99187744 1.2412221 21.85893 1.5239178 decam 20.610504 -0.5478454 288 object IBIS_wide_M464_322199 322199 0.022054 924.0 1948.0 0.032166246 1.0000224 -0.0017492729 -0.3525925 0.0016673481 1.0000641 17172335253 364.453
/home/declsp/obsbot/rawdata/DECam_01457109.fits.fz N4 1457109 525.2767 61087.09100291 1.23 131.89475161290423 -3.0761038304524315 131.902275 -3.001 M464 0.022022659 24.906307 1.0005504 1.258218 21.83819 1.5679014 decam 22.064762 -7.341087 267 object IBIS_wide_M464_319245 319245 0.020851 924.0 1948.0 0.120758094 1.0003049 -0.0017319274 -0.25495455 0.0018062816 1.0000637 17031037346 335.01895
/home/declsp/obsbot/rawdata/DECam_01457111.fits.fz N4 1457111 639.3759 61087.10421283 1.19 136.8177193906059 -6.120103804110475 136.82527499999998 -6.045 M464 0.023397878 24.907904 0.9938231 1.2790815 21.87943 1.570642 decam 11.330241 9.214752 284 object IBIS_wide_M464_319126 319126 0.028039 924.0 1948.0 0.11197174 1.0001085 -0.0017308223 -0.08096531 0.0013788065 0.99999416 17197656931 407.07935
/home/declsp/obsbot/rawdata/DECam_01457112.fits.fz N4 1457112 741.0953 61087.11195032 1.19 135.4447522001138 -3.5471038263901105 135.45227916666667 -3.472 M464 0.018641287 24.887312 0.9751524 1.483387 21.86577 2.1468022 decam 15.217057 19.907528 272 object IBIS_wide_M464_319311 319311 0.019651 924.0 1948.0 0.76465434 1.0003146 -0.0016927714 -0.3263713 0.0014460005 1.0001093 17607802105 345.20892
/home/declsp/obsbot/rawdata/DECam_01457113.fits.fz N4 1457113 629.026 61087.12088081 1.17 136.36974135507225 -3.843103823835061 136.3772708333333 -3.768 M464 0.019138478 24.912315 0.9937795 1.4018228 21.880999 1.8120801 decam 5.9723573 7.8938503 225 object IBIS_wide_M464_322295 322295 0.020247 924.0 1948.0 0.12511195 1.0001018 -0.0017211474 -0.16828631 0.0015649826 1.0000355 18011672274 347.12924
/home/declsp/obsbot/rawdata/DECam_01457114.fits.fz N4 1457114 626.936 61087.12867847 1.17 142.4477157735959 -6.081103804449554 142.45527083333334 -6.006 M464 0.040350243 24.912693 0.9941259 1.270675 21.87938 1.7344711 decam 5.5549545 10.152771 191 object IBIS_wide_M464_319269 319269 0.037865 924.0 1948.0 -0.33207616 1.0003659 -0.0016030797 -0.045171272 0.0011436155 1.0000852 17122335252 361.45657
/home/declsp/obsbot/rawdata/DECam_01457115.fits.fz N4 1457115 602.0562 61087.13625554 1.16 141.40373441927886 -4.561103817629695 141.41127083333333 -4.486 M464 0.03446404 24.911236 0.9907543 1.238257 21.886824 1.5728011 decam 1.8282732 10.081662 226 object IBIS_wide_M464_322266 322266 0.034575 924.0 1948.0 -0.053772725 0.9999847 -0.00147712 -0.18136692 0.0016653128 1.000016 16912211376 382.79233
/home/declsp/obsbot/rawdata/DECam_01457116.fits.fz N4 1457116 424.5373 61087.14354927 1.15 142.78973732531205 -4.2751038201028475 142.79727083333333 -4.2 M464 0.039908152 24.922018 0.9985904 1.1248014 21.870947 1.3426932 decam 2.899267 -4.3547797 196 object IBIS_wide_M464_319274 319274 0.034796 924.0 1948.0 -0.068628766 1.0002047 -0.0015134136 -0.20988679 0.0014011173 1.0000464 16581036134 316.18338
/home/declsp/obsbot/rawdata/DECam_01457117.fits.fz N4 1457117 503.0167 61087.14878679 1.15 144.31073716775234 -4.2911038199645395 144.31827083333334 -4.216 M464 0.04610964 24.907759 0.98556125 1.1871948 21.883165 1.586903 decam -5.6124516 0.5771125 208 object IBIS_wide_M464_324984 324984 0.043426 924.0 1948.0 -0.32887647 1.0001937 -0.0013109996 0.0058510397 0.0012429319 1.0000622 16703942767 316.98013
/home/declsp/obsbot/rawdata/DECam_01457118.fits.fz N4 1457118 486.9469 61087.15495 1.15 147.15573191847895 -5.157103812469373 147.163275 -5.082 M464 0.04887772 24.917147 0.99411976 1.1589434 21.899132 1.4940481 decam -6.25602 -11.61319 170 object IBIS_wide_M464_327956 327956 0.054454 924.0 1948.0 0.4702655 1.0002522 -0.0013065612 -0.15915725 0.0013614685 1.000012 16691508086 325.9245
/home/declsp/obsbot/rawdata/DECam_01457119.fits.fz N4 1457119 487.5169 61087.1609085 1.14 149.26672157078198 -5.6531038081675336 149.27427083333333 -5.578 M464 0.04019461 24.915733 0.9907888 1.2209926 21.9148 1.5399162 decam 2.2488399 -20.90708 156 object IBIS_wide_M464_327941 327941 0.037884 924.0 1948.0 0.6040973 1.00005 -0.0012499461 -0.16952144 0.0013985899 1.0000473 16675502439 316.58667
/home/declsp/obsbot/rawdata/DECam_01457120.fits.fz N4 1457120 522.2167 61087.16690054 1.14 150.64872700511452 -5.87110380627451 150.65627916666668 -5.796 M464 0.03949365 24.931824 1.0055821 1.1993743 21.911943 1.4391336 decam 11.032324 -12.618776 159 object IBIS_wide_M464_327940 327940 0.037019 924.0 1948.0 0.011130372 0.99997556 -0.0011715101 -0.08930368 0.0011332384 0.9999071 17026299027 362.86877
/home/declsp/obsbot/rawdata/DECam_01457121.fits.fz N4 1457121 475.627 61087.17343929 1.13 149.99872758523742 -5.171103812348046 150.00627083333336 -5.096 M464 0.032470305 24.909569 0.9831577 1.2130376 21.921354 1.4459846 decam 7.843016 -5.1957273 161 object IBIS_wide_M464_327942 327942 0.033021 924.0 1948.0 0.26663122 1.000059 -0.0011679924 -0.035817653 0.0014821653 1.0000292 16522638005 328.9295
/home/declsp/obsbot/rawdata/DECam_01457122.fits.fz N4 1457122 462.1769 61087.17943048 1.12 154.97570246533323 -6.9631037967685785 154.98327083333334 -6.888 M464 0.043125562 24.931723 1.0013658 1.1639044 21.928118 1.3707523 decam -4.71194 -21.5755 181 object IBIS_wide_M464_328409 328409 0.042915 924.0 1948.0 0.18987988 1.0000619 -0.0010468275 -0.12862428 0.00088256266 1.0000538 16596145933 337.17026
/home/declsp/obsbot/rawdata/DECam_01457123.fits.fz N4 1457123 437.4472 61087.18512684 1.12 155.2447156704254 -6.654103799462632 155.25227916666668 -6.579 M464 0.041484367 24.93747 1.0066814 1.1069622 21.916862 1.2254165 decam -2.267045 -11.839925 164 object IBIS_wide_M464_325426 325426 0.042569 924.0 1948.0 0.16003965 0.99989605 -0.0008467053 -0.3883226 0.0010317441 1.0001193 16452670816 356.97836
