logs/db-2024-07-05.ecsv
# %ECSV 1.0
# ---
# datatype:
# - {name: filename, datatype: string}
# - {name: extension, datatype: string}
# - {name: expnum, datatype: int64}
# - {name: exptime, datatype: float32}
# - {name: mjd_obs, datatype: float64}
# - {name: airmass, datatype: float32}
# - {name: racenter, datatype: float64}
# - {name: deccenter, datatype: float64}
# - {name: rabore, datatype: float64}
# - {name: decbore, datatype: float64}
# - {name: band, datatype: string}
# - {name: ebv, datatype: float32}
# - {name: zeropoint, datatype: float32}
# - {name: transparency, datatype: float32}
# - {name: seeing, datatype: float32}
# - {name: sky, datatype: float32}
# - {name: expfactor, datatype: float32}
# - {name: camera, datatype: string}
# - {name: dx, datatype: float32}
# - {name: dy, datatype: float32}
# - {name: nmatched, datatype: int64}
# - {name: obstype, datatype: string}
# - {name: object, datatype: string}
# - {name: tileid, datatype: int64}
# - {name: tileebv, datatype: float32}
# - {name: affine_x0, datatype: float32}
# - {name: affine_y0, datatype: float32}
# - {name: affine_dx, datatype: float32}
# - {name: affine_dxx, datatype: float32}
# - {name: affine_dxy, datatype: float32}
# - {name: affine_dy, datatype: float32}
# - {name: affine_dyx, datatype: float32}
# - {name: affine_dyy, datatype: float32}
# - {name: checksum, datatype: string}
# - {name: efftime, datatype: float32}
# schema: astropy-2.0
filename extension expnum exptime mjd_obs airmass racenter deccenter rabore decbore band ebv zeropoint transparency seeing sky expfactor camera dx dy nmatched obstype object tileid tileebv affine_x0 affine_y0 affine_dx affine_dxx affine_dxy affine_dy affine_dyx affine_dyy checksum efftime
[from data line 86]
rawdata/DECam_01309207.fits.fz N4 1309207 426.0 60497.34373123 1.04 341.8105230973057 -14.275103731606944 341.81827499999997 -14.2 M464 0.04223758 24.973358 1.0238198 1.1197655 21.86377 1.1765543 decam 12.497128 -3.9148946 114 object IBIS_wide_M464_357981 357981 0.044794 924.0 1948.0 -0.04763403 1.0003489 0.00059248565 -0.07644076 -0.00053201814 1.000162 16526463126 362.07422
rawdata/DECam_01309208.fits.fz N4 1309208 437.0 60497.34901997 1.04 340.85353548484824 -13.91010373494226 340.861275 -13.835 M464 0.04756448 24.975603 1.0259377 1.166184 21.855791 1.3210431 decam 15.645403 -2.1353226 123 object IBIS_wide_M464_355081 355081 0.049096 924.0 1948.0 0.01967894 1.0000088 0.0005306914 -0.047288377 -0.000816069 1.0001435 16613108721 330.7992
rawdata/DECam_01309209.fits.fz N4 1309209 423.0 60497.35443704 1.04 343.7395231317284 -14.274103731616098 343.747275 -14.199 M464 0.043634932 24.980658 1.0307261 1.1607 21.845718 1.2785327 decam 18.25439 3.3378158 116 object IBIS_wide_M464_354997 354997 0.042352 924.0 1948.0 -0.37129146 0.99996746 0.00052992813 -0.04969536 -0.00037964003 1.000331 16508989812 330.848
rawdata/DECam_01309210.fits.fz N4 1309210 30.0 60497.36096881 1.7 34.0147432224527 -4.516103818018955 34.022279166666664 -4.441 g 0.018983403 26.575504 1.0809399 1.6558803 21.410612 3.7333612 decam 9.196307 38.502457 51 object corr_g 0 0.0 924.0 1948.0 0.3346751 1.0002414 -0.001485545 -0.15919864 0.0011768693 1.0005095 15931449652 8.035654
rawdata/DECam_01309211.fits.fz N4 1309211 500.0 60497.36256808 1.68 34.0147432224527 -4.516103818018955 34.022279166666664 -4.441 M411 0.018983403 24.276022 0.9995044 1.5875611 21.9095 3.0900726 decam -5.5237722 11.899511 47 object IBIS_deep_xmm_M411_46 0 0.0 924.0 1948.0 0.28921157 1.0001317 -0.0016008648 -0.29560143 0.0014802429 1.0003134 16184341609 161.80849
rawdata/DECam_01309212.fits.fz N4 1309212 500.0 60497.36871223 1.61 34.26873538921562 -4.85610381507665 34.276275 -4.781 M411 0.019563725 24.257893 0.9620745 1.384788 21.920954 2.4144852 decam -7.9650397 16.179632 57 object IBIS_deep_xmm_M411_62 0 0.0 924.0 1948.0 0.5047205 1.000268 -0.0012968124 -0.077831596 0.0014084904 0.999947 16236652174 207.08348
rawdata/DECam_01309213.fits.fz N4 1309213 500.0 60497.37487454 1.55 35.43371728955237 -6.548103800386016 35.44127916666667 -6.473 M411 0.026178287 24.263577 0.94949037 1.521752 21.933086 2.966573 decam 1.6677897 18.616962 58 object IBIS_deep_xmm_M411_69 0 0.0 924.0 1948.0 0.40992284 1.0001322 -0.0014702466 -0.3491611 0.0016251869 1.0005491 16188122326 168.54465
rawdata/DECam_01309214.fits.fz N4 1309214 500.0 60497.38104066 1.5 34.6177339331631 -5.335103810926375 34.625279166666665 -5.26 M411 0.021502892 24.300549 0.9674294 1.3713284 21.914036 2.2283337 decam -16.18753 10.005127 55 object IBIS_deep_xmm_M411_80 0 0.0 924.0 1948.0 -0.1377956 1.0001634 -0.0017395642 0.058971528 0.0012281504 1.0003934 16190471818 224.3829
rawdata/DECam_01309215.fits.fz N4 1309215 500.0 60497.38719927 1.45 35.17671574549542 -6.0831038044321675 35.184270833333336 -6.008 M411 0.02505659 24.324055 0.97355866 1.2293862 21.929916 1.7266124 decam -0.9559232 7.768352 56 object IBIS_deep_xmm_M411_83 0 0.0 924.0 1948.0 -0.33656922 1.0004684 -0.0015653933 -0.16346923 0.0010105072 1.0003909 16184646716 289.58438
rawdata/DECam_01309216.fits.fz N4 1309216 500.0 60497.39334437 1.41 35.463722102774724 -6.222103803223431 35.47127916666667 -6.147 M411 0.026782516 24.320765 0.95877755 1.2209351 21.927736 1.7344271 decam -10.782126 4.6158466 54 object IBIS_deep_xmm_M411_84 0 0.0 924.0 1948.0 0.34979585 1.000202 -0.0010811542 -0.37764457 0.0013490677 0.99998236 16264668623 288.27963
rawdata/DECam_01309217.fits.fz N4 1309217 446.0 60497.39949107 1.37 34.944734141888084 -5.318103811073778 34.95227916666666 -5.243 M411 0.022160035 24.324728 0.95055115 1.3649786 21.909672 2.1283607 decam -3.1458611 -6.631776 44 object IBIS_deep_xmm_M411_6 0 0.0 924.0 1948.0 0.100606374 0.99961996 -0.0012288953 -0.42900297 0.0024242168 0.999726 16093139101 209.55095
rawdata/DECam_01309218.fits.fz N4 1309218 465.0 60497.40500927 1.34 35.335719521026185 -5.808103806821725 35.34327083333333 -5.733 M411 0.02400516 24.33932 0.95458764 1.4226042 21.906878 2.280892 decam -8.749033 -11.398522 47 object IBIS_deep_xmm_M411_8 0 0.0 924.0 1948.0 -0.15802473 0.9998 -0.0009973093 -0.18618423 0.0014198576 1.0002184 16128104307 203.86761
rawdata/DECam_01309219.fits.fz N4 1309219 500.0 60497.41073938 1.31 34.34073873262257 -4.547103817750802 34.348275 -4.472 M411 0.02002408 24.350782 0.95588326 1.3552935 21.87573 2.03756 decam -5.6452775 -13.324172 59 object IBIS_deep_xmm_M411_61 0 0.0 924.0 1948.0 -0.0016223079 1.0002496 -0.0014006833 -0.081733 0.0013534408 0.99998194 16209347643 245.39156
rawdata/DECam_01309220.fits.fz N4 1309220 500.0 60497.41689647 1.28 35.62472188390667 -5.941103805666346 35.632275 -5.866 M411 0.02627673 24.334059 0.93265146 1.231141 21.874954 1.8011566 decam -16.82106 -21.03785 46 object IBIS_deep_xmm_M411_9 0 0.0 924.0 1948.0 0.107235335 1.0001353 -0.00145065 -0.4116922 0.0012794234 1.000264 16212071830 277.5994
rawdata/DECam_01309221.fits.fz N4 1309221 500.0 60497.4230517 1.25 34.89373785269465 -5.006103813777643 34.90127916666666 -4.931 M411 0.020386744 24.35053 0.93823653 1.1240253 21.785805 1.5274581 decam -28.602684 -17.30657 39 object IBIS_deep_xmm_M411_5 0 0.0 924.0 1948.0 0.5643238 0.99989057 -0.001540959 0.10450992 0.0014380799 1.0001465 16372931865 327.34122
