logs/db-2025-03-03.ecsv
# %ECSV 1.0
# ---
# datatype:
# - {name: filename, datatype: string}
# - {name: extension, datatype: string}
# - {name: expnum, datatype: int64}
# - {name: exptime, datatype: float32}
# - {name: mjd_obs, datatype: float64}
# - {name: airmass, datatype: float32}
# - {name: racenter, datatype: float64}
# - {name: deccenter, datatype: float64}
# - {name: rabore, datatype: float64}
# - {name: decbore, datatype: float64}
# - {name: band, datatype: string}
# - {name: ebv, datatype: float32}
# - {name: zeropoint, datatype: float32}
# - {name: transparency, datatype: float32}
# - {name: seeing, datatype: float32}
# - {name: sky, datatype: float32}
# - {name: expfactor, datatype: float32}
# - {name: camera, datatype: string}
# - {name: dx, datatype: float32}
# - {name: dy, datatype: float32}
# - {name: nmatched, datatype: int64}
# - {name: obstype, datatype: string}
# - {name: object, datatype: string}
# - {name: tileid, datatype: int64}
# - {name: tileebv, datatype: float32}
# - {name: affine_x0, datatype: float32}
# - {name: affine_y0, datatype: float32}
# - {name: affine_dx, datatype: float32}
# - {name: affine_dxx, datatype: float32}
# - {name: affine_dxy, datatype: float32}
# - {name: affine_dy, datatype: float32}
# - {name: affine_dyx, datatype: float32}
# - {name: affine_dyy, datatype: float32}
# - {name: checksum, datatype: string}
# - {name: efftime, datatype: float32}
# schema: astropy-2.0
filename extension expnum exptime mjd_obs airmass racenter deccenter rabore decbore band ebv zeropoint transparency seeing sky expfactor camera dx dy nmatched obstype object tileid tileebv affine_x0 affine_y0 affine_dx affine_dxx affine_dxy affine_dy affine_dyx affine_dyy checksum efftime
[from data line 131]
rawdata/DECam_01370583.fits.fz N4 1370583 10.0 60738.40498788 1.0 234.7405770094025 -28.749586642275986 234.74914583333333 -28.674483055555555 M411 0.12067735 24.562828 1.0566498 0.9550688 19.371094 6.1157074 decam -0.70260304 -21.919596 192 object "LTT6248 M411 S4" 0 0.0 924.0 1948.0 -0.23033784 1.000178 0.0018441629 0.016070351 -0.00196427 1.0000226 15544440005 1.6351339
rawdata/DECam_01370584.fits.fz N4 1370584 30.0 60738.40544353 1.0 234.7405770094025 -28.749586642275986 234.74914583333333 -28.674483055555555 M411 0.12067735 24.58348 1.0769417 0.9864594 19.218678 7.226117 decam 8.068161 -22.507856 320 object "LTT6248 M411 S4" 0 0.0 924.0 1948.0 -0.059793632 1.0001769 0.0017835796 0.07057031 -0.0020865411 1.0000782 15945621974 4.151607
rawdata/DECam_01370585.fits.fz N4 1370585 10.0 60738.4061453 1.0 234.74059043331735 -28.58528747744383 234.74914583333333 -28.51018388888889 M490 0.11379964 25.041172 1.0579587 0.9350027 19.2552 6.506352 decam 4.991227 -29.270123 411 object "LTT6248 M490 N4" 0 0.0 924.0 1948.0 -0.15961939 1.0002651 0.0019153351 0.24147175 -0.0019398713 0.9999682 15672712645 1.5369595
rawdata/DECam_01370586.fits.fz N4 1370586 10.0 60738.4066038 1.0 234.7405770094025 -28.749586642275986 234.74914583333333 -28.674483055555555 M490 0.12067735 25.030947 1.0480418 0.9198399 19.13531 7.166615 decam 2.209584 -45.29581 352 object "LTT6248 M490 S4" 0 0.0 924.0 1948.0 0.14101613 1.0001192 0.0018892207 -0.05530819 -0.001923383 1.0000026 15698490474 1.3953589
rawdata/DECam_01370587.fits.fz N4 1370587 30.0 60738.4070737 1.0 234.7405770094025 -28.749586642275986 234.74914583333333 -28.674483055555555 M490 0.12067735 25.040846 1.0576408 0.85500515 18.980808 7.0131083 decam 16.059584 -36.418285 527 object "LTT6248 M490 S4" 0 0.0 924.0 1948.0 0.12859464 1.0001867 0.0018424138 0.18581453 -0.0019255676 1.0000734 16481941292 4.277704
rawdata/DECam_01370588.fits.fz N4 1370588 10.0 60738.40779601 1.0 234.74059043331735 -28.58528747744383 234.74914583333333 -28.51018388888889 M517 0.11379964 25.082735 1.0497696 0.8577685 19.16361 6.0544024 decam 2.9698987 -36.74986 425 object "LTT6248 M517 N4" 0 0.0 924.0 1948.0 -0.20504166 1.0000879 0.0019681456 0.17032357 -0.0020316853 1.0001125 15713700749 1.6516906
rawdata/DECam_01370589.fits.fz N4 1370589 10.0 60738.40824018 1.0 234.7405770094025 -28.749586642275986 234.74914583333333 -28.674483055555555 M517 0.12067735 25.094526 1.0612326 0.80794775 19.045233 5.8641267 decam 2.608734 -42.569004 393 object "LTT6248 M517 S4" 0 0.0 924.0 1948.0 0.11504433 1.0001627 0.0018689921 0.07298347 -0.0018540611 1.000014 15742481522 1.7052838
rawdata/DECam_01370590.fits.fz N4 1370590 30.0 60738.40870559 1.0 234.7405770094025 -28.749586642275986 234.74914583333333 -28.674483055555555 M517 0.12067735 25.082748 1.049782 0.873137 18.896116 8.024753 decam 12.411313 -31.652632 526 object "LTT6248 M517 S4" 0 0.0 924.0 1948.0 0.02383408 1.0001693 0.0018630712 0.1536213 -0.0019143975 1.0000064 16628021606 3.7384331
