logs/db-2024-07-02.ecsv
# %ECSV 1.0
# ---
# datatype:
# - {name: filename, datatype: string}
# - {name: extension, datatype: string}
# - {name: expnum, datatype: int64}
# - {name: exptime, datatype: float32}
# - {name: mjd_obs, datatype: float64}
# - {name: airmass, datatype: float32}
# - {name: racenter, datatype: float64}
# - {name: deccenter, datatype: float64}
# - {name: rabore, datatype: float64}
# - {name: decbore, datatype: float64}
# - {name: band, datatype: string}
# - {name: ebv, datatype: float32}
# - {name: zeropoint, datatype: float32}
# - {name: transparency, datatype: float32}
# - {name: seeing, datatype: float32}
# - {name: sky, datatype: float32}
# - {name: expfactor, datatype: float32}
# - {name: camera, datatype: string}
# - {name: dx, datatype: float32}
# - {name: dy, datatype: float32}
# - {name: nmatched, datatype: int64}
# - {name: obstype, datatype: string}
# - {name: object, datatype: string}
# - {name: tileid, datatype: int64}
# - {name: tileebv, datatype: float32}
# - {name: affine_x0, datatype: float32}
# - {name: affine_y0, datatype: float32}
# - {name: affine_dx, datatype: float32}
# - {name: affine_dxx, datatype: float32}
# - {name: affine_dxy, datatype: float32}
# - {name: affine_dy, datatype: float32}
# - {name: affine_dyx, datatype: float32}
# - {name: affine_dyy, datatype: float32}
# - {name: checksum, datatype: string}
# - {name: efftime, datatype: float32}
# schema: astropy-2.0
filename extension expnum exptime mjd_obs airmass racenter deccenter rabore decbore band ebv zeropoint transparency seeing sky expfactor camera dx dy nmatched obstype object tileid tileebv affine_x0 affine_y0 affine_dx affine_dxx affine_dxy affine_dy affine_dyx affine_dyy checksum efftime
rawdata/DECam_01308218.fits.fz N4 1308218 30.0 60493.94824592 1.0 189.75568121224012 -30.49760245572181 189.7644 -30.42249888888889 r 0.07010071 0.0 0.0 0.0 17.555256 0.0 decam 0.0 0.0 0 object pointing 0 0.0 0.0 0.0 0.0 0.0 0.0 0.0 0.0 0.0 37417040557 0.0
rawdata/DECam_01308216.fits.fz N4 1308216 10.0 60493.9466869 1.0 189.75568121224012 -30.49760245572181 189.7644 -30.42249888888889 r 0.07010071 0.0 0.0 0.0 17.081083 0.0 decam 0.0 0.0 0 object pointing 0 0.0 0.0 0.0 0.0 0.0 0.0 0.0 0.0 0.0 26734337025 0.0
rawdata/DECam_01308215.fits.fz N4 1308215 5.0 60493.94540708 1.0 189.75568121224012 -30.49760245572181 189.7644 -30.42249888888889 r 0.07010071 0.0 0.0 0.0 16.715548 0.0 decam 0.0 0.0 0 object pointing 0 0.0 0.0 0.0 0.0 0.0 0.0 0.0 0.0 0.0 23324073781 0.0
rawdata/DECam_01308217.fits.fz N4 1308217 10.0 60493.94771748 1.0 189.75568121224012 -30.49760245572181 189.7644 -30.42249888888889 r 0.07010071 0.0 0.0 0.0 17.373327 0.0 decam 0.0 0.0 0 object pointing 0 0.0 0.0 0.0 0.0 0.0 0.0 0.0 0.0 0.0 24059527061 0.0
rawdata/DECam_01308219.fits.fz N4 1308219 60.0 60493.95367631 1.09 189.4927122091482 -6.875103797536173 189.50027916666664 -6.8 g 0.023198279 26.69991 1.1017519 1.2034487 19.523489 9.149851 decam 1.030891 71.307625 98 object Pointing 0 0.0 924.0 1948.0 -0.02815931 0.999947 0.00017291919 0.24481228 -0.00032735048 0.9998418 21331285742 6.557484
rawdata/DECam_01308220.fits.fz N4 1308220 500.0 60493.95575194 1.09 189.45470420969173 -6.854103797719305 189.46227083333335 -6.779 M464 0.023208717 24.97627 1.0374999 1.2970759 20.44927 4.491931 decam 13.315604 -12.273136 104 object IBIS_wide_M464_334402 334402 0.025234 924.0 1948.0 -0.062051073 0.9999905 -6.246764e-06 0.12182119 -0.00012374317 1.0000807 20021868033 111.3107
rawdata/DECam_01308221.fits.fz N4 1308221 500.0 60493.96189858 1.1 190.00571570122096 -6.652103799480058 190.01327916666665 -6.577 M464 0.021419395 24.97688 1.0402834 1.2845399 21.237152 2.1296775 decam 22.873657 -21.91574 108 object IBIS_wide_M464_331417 331417 0.02471 924.0 1948.0 -0.08189221 1.0001037 0.00015607588 -0.00141268 0.00033833613 0.99989396 17662993951 234.77733
rawdata/DECam_01308222.fits.fz N4 1308222 500.0 60493.96804387 1.1 190.9757024653332 -6.963103796768579 190.98327083333334 -6.888 M464 0.02647117 24.972286 1.0358921 1.2258637 21.47462 1.5720088 decam 22.818682 -15.777784 116 object IBIS_wide_M464_334401 334401 0.026252 924.0 1948.0 -0.11297233 1.0000143 0.0002381208 0.08489761 0.00014011489 1.0000805 17221603815 318.06436
rawdata/DECam_01308223.fits.fz N4 1308223 500.0 60493.97419763 1.1 192.7047145514172 -6.453103801213244 192.712275 -6.378 M464 0.032138094 24.98134 1.0445665 1.3340797 21.507803 1.7754351 decam 28.666195 -21.603445 81 object IBIS_wide_M464_331413 331413 0.030811 924.0 1948.0 -0.08503719 0.99985737 -5.819074e-05 -0.05811102 0.0004465532 0.9998576 17401589125 281.62112
rawdata/DECam_01308224.fits.fz N4 1308224 500.0 60493.98035892 1.11 193.37671892271476 -6.153103803823528 193.384275 -6.078 M464 0.038602028 24.968569 1.0345407 1.376322 21.532389 1.8909107 decam 26.792248 -12.132249 127 object IBIS_wide_M464_331424 331424 0.032576 924.0 1948.0 0.038572654 0.9998068 0.000346346 -0.017354818 6.562031e-05 0.9997662 17186027717 264.42285
rawdata/DECam_01308225.fits.fz N4 1308225 500.0 60493.98649982 1.11 193.65971092765167 -6.955103796838372 193.66727916666667 -6.88 M464 0.035859417 24.966404 1.0324793 1.3163182 21.533867 1.7343955 decam 26.61891 -5.0037374 140 object IBIS_wide_M464_334397 334397 0.033736 924.0 1948.0 -0.116893314 1.0000808 0.00022623349 -0.00056532334 -8.483741e-05 1.0000695 17109112620 288.28488
rawdata/DECam_01308226.fits.fz N4 1308226 500.0 60493.99264234 1.12 193.87871698609075 -6.568103800211823 193.88627916666667 -6.493 M464 0.040180836 24.966743 1.0349935 1.4531304 21.531519 2.116084 decam 31.458801 -9.6005125 106 object IBIS_wide_M464_331422 331422 0.03352 924.0 1948.0 -0.052207932 0.9998762 -7.2090304e-05 0.066967584 -9.208608e-05 1.0000705 17101088685 236.2855
rawdata/DECam_01308227.fits.fz N4 1308227 500.0 60493.99878556 1.13 194.48671088585817 -6.694103799114081 194.494275 -6.619 M464 0.04030189 24.954983 1.0260141 1.5461364 21.544706 2.417889 decam 23.750685 -5.357158 102 object IBIS_wide_M464_334408 334408 0.036679 924.0 1948.0 -0.18923554 0.999865 0.0001642789 0.09665216 -0.00018221674 0.99990726 17108526691 206.79196
rawdata/DECam_01308228.fits.fz N4 1308228 500.0 60494.00493358 1.13 195.83871139418716 -6.385103801805175 195.84627083333334 -6.31 M464 0.037157126 24.951832 1.0230409 1.5245178 21.532526 2.3911796 decam 20.361689 -6.9410777 118 object IBIS_wide_M464_334158 334158 0.037334 924.0 1948.0 0.01918416 0.9996241 0.00045833646 0.16438638 -0.00053167675 1.000094 17651238558 209.1018
rawdata/DECam_01308229.fits.fz N4 1308229 500.0 60494.0111084 1.14 196.81571585505705 -6.642103799567185 196.82327916666668 -6.567 M464 0.03989313 24.95651 1.0296378 1.3512552 21.549019 1.8346498 decam 27.247965 -19.169716 125 object IBIS_wide_M464_331173 331173 0.040312 924.0 1948.0 -0.09684199 0.99977773 0.00022538909 0.14992738 -0.0003478154 0.99994236 17090660192 272.53156
rawdata/DECam_01308230.fits.fz N4 1308230 500.0 60494.0172891 1.14 201.0297271067782 -5.547103809087475 201.037275 -5.472 M464 0.03786733 24.958654 1.0316715 1.454057 21.593645 2.0304646 decam 24.940687 -19.66454 125 object IBIS_wide_M464_331213 331213 0.035527 924.0 1948.0 -0.07504689 1.0000925 0.00028328257 0.15320493 -0.000729914 0.99998105 17027164824 246.24905
rawdata/DECam_01308231.fits.fz N4 1308231 500.0 60494.02343357 1.15 200.61072869428585 -5.74510380736882 200.61827916666667 -5.67 M464 0.03348011 24.954859 1.030252 1.4292524 21.597559 1.9682645 decam 24.91747 -21.40849 141 object IBIS_wide_M464_334196 334196 0.036798 924.0 1948.0 -0.030155627 1.0002737 0.00033382315 -0.0016717248 -0.00058482133 1.0002623 17003166153 254.03091
rawdata/DECam_01308232.fits.fz N4 1308232 500.0 60494.02959394 1.15 202.5767090622072 -6.54110380044698 202.58427083333333 -6.466 M464 0.030887438 24.931473 1.0082991 1.9474765 21.549242 3.9865634 decam 14.5813465 -13.7737255 90 object IBIS_wide_M464_331189 331189 0.032595 924.0 1948.0 -0.020109523 1.0001843 0.0008329508 0.10662113 -0.0003331105 0.99992365 17093742279 125.42131
rawdata/DECam_01308233.fits.fz N4 1308233 500.0 60494.03574927 1.15 204.24971986030437 -6.376103801883509 204.25727916666665 -6.301 M464 0.02809614 24.956156 1.0314844 1.5925722 21.658382 2.304581 decam 13.394303 -14.310144 143 object IBIS_wide_M464_334170 334170 0.028645 924.0 1948.0 -0.047542498 1.0000232 0.0006657524 0.17121857 -0.00044496724 0.99991375 16923446989 216.95918
rawdata/DECam_01308234.fits.fz N4 1308234 500.0 60494.04190089 1.16 205.62271835213528 -6.193103803475665 205.63027499999998 -6.118 M464 0.029135771 24.960758 1.0380623 1.4652781 21.683636 1.890049 decam 16.68206 -8.5096655 149 object IBIS_wide_M464_334179 334179 0.028091 924.0 1948.0 -0.13085066 1.0000069 0.00033754925 0.23179099 -0.0006662809 1.0001156 16915638215 264.5434
rawdata/DECam_01308235.fits.fz N4 1308235 500.0 60494.04807445 1.17 205.337708740833 -6.831103797919862 205.34527500000002 -6.756 M464 0.033952948 24.956001 1.0357149 1.5982615 21.664694 2.3076737 decam 4.9079123 1.7886611 157 object IBIS_wide_M464_331193 331193 0.032618 924.0 1948.0 -0.01418125 1.0000634 0.0005782713 0.15119918 -0.0008689092 0.99992955 16985935265 216.66841
rawdata/DECam_01308236.fits.fz N4 1308236 500.0 60494.05430702 1.17 210.1697310433742 -4.872103814938115 210.17727083333332 -4.797 M464 0.029979276 24.956371 1.0360695 1.568288 21.735235 2.0808144 decam 4.702291 7.4436345 113 object IBIS_wide_M464_331268 331268 0.029481 924.0 1948.0 0.04810262 0.9999714 0.0007873677 0.11298067 -0.0008583793 1.000027 17002011759 240.29054
rawdata/DECam_01308237.fits.fz N4 1308237 500.0 60494.06045715 1.19 208.36571984556005 -6.377103801874804 208.37327916666666 -6.302 M464 0.024306085 24.965391 1.0491472 1.648891 21.70893 2.3169584 decam 2.7670343 12.2480135 137 object IBIS_wide_M464_334095 334095 0.028587 924.0 1948.0 -0.08844719 1.0001768 0.00054185727 0.05770314 -0.00066338904 1.0000967 16863578245 215.80016
rawdata/DECam_01308238.fits.fz N4 1308238 500.0 60494.06660185 1.19 210.57072743764192 -5.839103806552477 210.57827916666668 -5.764 M464 0.026596528 24.953505 1.0377241 1.7729794 21.729273 2.6869469 decam -1.0900277 17.745895 138 object IBIS_wide_M464_334247 334247 0.02855 924.0 1948.0 -0.27026108 0.999678 0.00083699444 0.09680652 -0.0001710023 0.9998505 16834765464 186.08481
rawdata/DECam_01308239.fits.fz N4 1308239 500.0 60494.07274714 1.2 210.60371157029837 -6.915103797187301 210.61127916666666 -6.84 M464 0.030146178 24.942436 1.0293777 1.5170779 21.723642 2.0185757 decam 4.4059324 4.870861 161 object IBIS_wide_M464_334088 334088 0.028468 924.0 1948.0 -0.04609081 1.0003179 0.0006558496 0.04919963 -0.0005089028 1.0001117 16854879375 247.69942
rawdata/DECam_01308240.fits.fz N4 1308240 500.0 60494.07890196 1.22 212.00372423537013 -5.767103807177786 212.011275 -5.692 M464 0.027071357 24.947264 1.0383536 1.4454176 21.73365 1.799235 decam 7.93475 2.80678 160 object IBIS_wide_M464_334246 334246 0.027457 924.0 1948.0 -0.037868414 1.0000786 0.0010558035 0.096810155 -0.00076772366 1.0001199 16948872397 277.89587
rawdata/DECam_01308241.fits.fz N4 1308241 500.0 60494.08504395 1.22 214.98373123505232 -5.550103809061444 214.99127916666666 -5.475 M464 0.03830933 24.95319 1.0440379 1.4350618 21.734875 1.7523398 decam 6.5722294 -1.6767418 186 object IBIS_wide_M464_331256 331256 0.043621 924.0 1948.0 -0.04836619 1.0001053 0.001013606 0.020500489 -0.00052702165 0.99992126 16853739532 285.3328
rawdata/DECam_01308242.fits.fz N4 1308242 500.0 60494.0911829 1.24 214.90071903688468 -5.844103806509046 214.90827083333332 -5.769 M464 0.04372916 24.940035 1.0358428 1.630763 21.728632 2.3305016 decam 10.217896 -11.537621 138 object IBIS_wide_M464_334239 334239 0.042415 924.0 1948.0 -0.21212968 0.9999034 0.0010340892 0.13945386 -0.000772713 0.9998304 16925491248 214.54608
rawdata/DECam_01308243.fits.fz N4 1308243 500.0 60494.09732575 1.23 216.68171909046947 -6.428103801430884 216.68927916666667 -6.353 M464 0.057524968 24.937866 1.0315877 1.5996207 21.734442 2.239676 decam 8.208415 -19.986938 187 object IBIS_wide_M464_339934 339934 0.048315 924.0 1948.0 -0.25035417 0.99995494 0.0010742082 0.09458013 -0.0008982586 1.0000281 16905397244 223.24657
rawdata/DECam_01308244.fits.fz N4 1308244 500.0 60494.10347586 1.26 218.55473429319298 -4.573103817525884 218.56227083333334 -4.498 M464 0.076255456 24.918396 1.019714 1.6015512 21.746819 2.2997925 decam 13.790963 -18.628628 173 object IBIS_wide_M464_339946 339946 0.083826 924.0 1948.0 -0.19930977 1.0002593 0.000906347 0.31086248 -0.0009637468 1.0003794 17248877983 217.41092
rawdata/DECam_01308245.fits.fz N4 1308245 500.0 60494.10961151 1.25 219.83472633814475 -5.920103805848812 219.84227916666666 -5.845 M464 0.06209751 24.93292 1.0312605 1.714823 21.741182 2.5803695 decam 9.977425 -19.762718 199 object IBIS_wide_M464_339938 339938 0.065033 924.0 1948.0 0.077452146 1.000417 0.00067876105 0.09295055 -0.0012092886 0.9999307 16885238818 193.77069
rawdata/DECam_01308246.fits.fz N4 1308246 500.0 60494.11575653 1.27 220.89072456922702 -6.048103804736427 220.89827916666667 -5.973 M464 0.06456464 24.903095 1.0075772 1.9059625 21.683752 3.549129 decam 15.671584 -24.95664 162 object IBIS_wide_M464_336939 336939 0.063568 924.0 1948.0 -0.31060842 1.0001321 0.001175604 0.14742489 -0.00095124485 0.99995774 16925544941 140.87964
rawdata/DECam_01308247.fits.fz N4 1308247 500.0 60494.12190868 1.28 221.23670105280587 -7.050103796009427 221.24427083333333 -6.975 M464 0.08110027 24.892658 1.0000541 2.1664023 21.720507 4.517468 decam 14.2890835 -24.203 175 object IBIS_wide_M464_339920 339920 0.077544 924.0 1948.0 -0.052625835 0.99988484 0.0009751204 0.31178045 -0.000780466 1.0000108 16840546684 110.68147
rawdata/DECam_01308248.fits.fz N4 1308248 500.0 60494.13006391 1.31 225.54174543389308 -3.3491038280983108 225.54927083333334 -3.274 M464 0.1441894 24.85924 0.97592413 2.0902328 21.716122 4.4889426 decam 9.210274 -23.746845 161 object IBIS_wide_M464_340429 340429 0.13881 924.0 1948.0 -0.20195755 1.0004085 0.0012928838 0.15692104 -0.0012426007 1.0001265 16844491699 111.3848
rawdata/DECam_01308249.fits.fz N4 1308249 500.0 60494.13620716 1.34 225.83075173954705 -3.0581038306076045 225.838275 -2.983 M464 0.12842089 24.7883 0.9200256 1.8425497 21.634434 4.2847404 decam 5.9599495 -33.858368 169 object IBIS_wide_M464_337454 337454 0.12833 924.0 1948.0 -0.33226576 1.0001682 0.0013303317 0.19109419 -0.0010188497 0.9997807 18916576936 116.693184
rawdata/DECam_01308250.fits.fz N4 1308250 500.0 60494.14235837 1.37 227.18276681286184 -1.863103840899233 227.19028333333335 -1.788 M464 0.06976611 24.87041 0.99862933 2.0037816 21.735014 3.9686975 decam 10.405568 -34.553074 160 object IBIS_wide_M464_337458 337458 0.075369 924.0 1948.0 0.18092802 0.9996861 0.0010818623 0.18295453 -0.0012777663 0.9999856 16814919824 125.985916
rawdata/DECam_01308251.fits.fz N4 1308251 500.0 60494.14892848 1.38 233.25076200885405 2.0068961258213323 233.25827916666668 2.082 M464 0.04566242 24.682053 0.84135777 2.0949717 21.646065 6.660261 decam 3.7299068 -30.542433 187 object IBIS_wide_M464_340499 340499 0.047936 924.0 1948.0 -0.17778249 1.0002064 0.0016137521 0.16991052 -0.0011951195 0.99994016 16974127730 75.07213
rawdata/DECam_01308252.fits.fz N4 1308252 500.0 60494.15507761 1.37 234.98376101522257 1.1208961334432652 234.991275 1.196 M464 0.0797212 24.349531 0.6180914 2.215158 21.47665 16.06039 decam 0.42907122 -33.35075 184 object IBIS_wide_M464_337492 337492 0.083575 924.0 1948.0 -0.028253872 1.000562 0.0016337826 0.061655343 -0.0011254547 1.0002395 17194254989 31.132494
rawdata/DECam_01308253.fits.fz N4 1308253 500.0 60494.16121527 1.38 236.33276970100127 0.9738961347073083 236.34028333333333 1.049 M464 0.093977004 24.667507 0.8301614 1.7241399 21.58178 4.917555 decam -3.4816215 -39.438663 220 object IBIS_wide_M464_337491 337491 0.094705 924.0 1948.0 -0.09280127 1.000118 0.001481418 0.07339167 -0.0013865754 0.9999971 18217565802 101.67655
rawdata/DECam_01308254.fits.fz N4 1308254 500.0 60494.16750237 1.38 241.57374728480602 3.0988961164154953 241.58127083333335 3.174 M464 0.10224712 24.72004 0.8713164 1.653478 21.693134 3.7056508 decam -5.6847467 -29.625883 301 object IBIS_wide_M464_340656 340656 0.087869 924.0 1948.0 -0.15929836 1.0002141 0.0017268336 0.19815573 -0.0015467824 0.9999951 16889251099 134.92906
rawdata/DECam_01308255.fits.fz N4 1308255 500.0 60494.1736383 1.37 242.90675839461773 1.8828961268884723 242.914275 1.958 M464 0.09336307 24.867077 0.99556816 1.8756102 21.803528 3.284977 decam -4.298028 -33.185715 318 object IBIS_wide_M464_337341 337341 0.088638 924.0 1948.0 -0.019249449 1.0003047 0.0017574455 0.37280926 -0.0017682961 1.0001311 16854029605 152.20807
rawdata/DECam_01308256.fits.fz N4 1308256 500.0 60494.17979089 1.38 244.21676736491634 1.7288961282135822 244.22428333333335 1.804 M464 0.08149577 24.878914 1.0086157 1.9596833 21.81402 3.4743226 decam -0.93403673 -38.4471 323 object IBIS_wide_M464_337336 337336 0.084644 924.0 1948.0 -0.21462092 0.99996406 0.0017374142 0.1333903 -0.0015506166 0.99996257 16853947225 143.91295
rawdata/DECam_01308257.fits.fz N4 1308257 500.0 60494.185942 1.39 245.19276027696208 1.378896131224424 245.200275 1.454 M464 0.077833116 24.897352 1.0280665 1.6324623 21.793125 2.3760798 decam 1.0528312 -40.9407 399 object IBIS_wide_M464_340320 340320 0.074928 924.0 1948.0 -0.3607908 0.999937 0.0018964505 0.1137291 -0.001506042 1.000012 16860145452 210.43063
