logs/db-2026-05-15.ecsv
# %ECSV 1.0
# ---
# datatype:
# - {name: filename, datatype: string}
# - {name: extension, datatype: string}
# - {name: expnum, datatype: int64}
# - {name: exptime, datatype: float32}
# - {name: mjd_obs, datatype: float64}
# - {name: airmass, datatype: float32}
# - {name: racenter, datatype: float64}
# - {name: deccenter, datatype: float64}
# - {name: rabore, datatype: float64}
# - {name: decbore, datatype: float64}
# - {name: band, datatype: string}
# - {name: ebv, datatype: float32}
# - {name: zeropoint, datatype: float32}
# - {name: transparency, datatype: float32}
# - {name: seeing, datatype: float32}
# - {name: sky, datatype: float32}
# - {name: expfactor, datatype: float32}
# - {name: camera, datatype: string}
# - {name: dx, datatype: float32}
# - {name: dy, datatype: float32}
# - {name: nmatched, datatype: int64}
# - {name: obstype, datatype: string}
# - {name: object, datatype: string}
# - {name: tileid, datatype: int64}
# - {name: tileebv, datatype: float32}
# - {name: affine_x0, datatype: float32}
# - {name: affine_y0, datatype: float32}
# - {name: affine_dx, datatype: float32}
# - {name: affine_dxx, datatype: float32}
# - {name: affine_dxy, datatype: float32}
# - {name: affine_dy, datatype: float32}
# - {name: affine_dyx, datatype: float32}
# - {name: affine_dyy, datatype: float32}
# - {name: checksum, datatype: string}
# - {name: efftime, datatype: float32}
# schema: astropy-2.0
filename extension expnum exptime mjd_obs airmass racenter deccenter rabore decbore band ebv zeropoint transparency seeing sky expfactor camera dx dy nmatched obstype object tileid tileebv affine_x0 affine_y0 affine_dx affine_dxx affine_dxy affine_dy affine_dyx affine_dyy checksum efftime
/home/declsp/obsbot/rawdata/DECam_01480289.fits.fz N4 1480289 5.0 61176.13016341 1.0 208.92644388107087 -31.360102445645612 208.93524166666666 -31.28499888888889 r 0.05615825 26.118505 0.52505195 3.9948733 22.071157 12.696645 decam 386.63873 561.12823 12 object pointing 0 0.0 924.0 1948.0 -241.18976 1.2091392 -0.00040456062 27.017315 -0.02426185 0.997804 15430188682 0.39380482
/home/declsp/obsbot/rawdata/DECam_01480290.fits.fz N4 1480290 5.0 61176.13253307 1.0 208.92644388107087 -31.360102445645612 208.93524166666666 -31.28499888888889 r 0.05615825 25.80132 0.39203724 1.9147971 21.46865 9.118225 decam 27.414906 -71.216125 231 object pointing 0 0.0 924.0 1948.0 0.34743804 1.0000343 0.0014794957 0.10582779 -0.0013836932 0.9999772 15473225396 0.54835236
/home/declsp/obsbot/rawdata/DECam_01480291.fits.fz N4 1480291 10.0 61176.13423377 1.0 208.92644388107087 -31.360102445645612 208.93524166666666 -31.28499888888889 r 0.05615825 26.53993 0.7740559 2.0172207 20.967297 4.1190195 decam -1.8615668 -1.526741 396 object pointing 0 0.0 924.0 1948.0 0.008769698 1.0001421 0.0015003614 0.0039563137 -0.0013462399 0.9999774 15695925055 2.4277623
/home/declsp/obsbot/rawdata/DECam_01480292.fits.fz N4 1480292 10.0 61176.13524011 1.0 208.92644388107087 -31.360102445645612 208.93524166666666 -31.28499888888889 r 0.05615825 26.33029 0.63814014 1.284991 20.898838 2.6216552 decam -14.695166 -8.481614 411 object pointing 0 0.0 924.0 1948.0 0.0038316175 1.0001786 0.0015058068 0.00886048 -0.0014299774 1.0000868 15712488366 3.814384
/home/declsp/obsbot/rawdata/DECam_01480293.fits.fz N4 1480293 30.0 61176.1356872 1.0 208.92644388107087 -31.360102445645612 208.93524166666666 -31.28499888888889 r 0.05615825 26.390066 0.67425835 1.138132 20.918102 1.8105695 decam -0.8405538 6.2511735 514 object pointing 0 0.0 924.0 1948.0 -0.014025131 0.99997306 0.0015004099 0.19001158 -0.0013963995 1.0000794 16381181769 16.569372
/home/declsp/obsbot/rawdata/DECam_01480294.fits.fz N4 1480294 35.0 61176.13911416 1.7 160.81571585505705 -6.642103799567185 160.82327916666665 -6.567 M517 0.044132356 22.953333 0.16521652 1.1739832 20.984642 106.923515 decam -20.290764 46.42001 48 object "pointing test" 0 0.0 924.0 1948.0 0.40094867 0.9995415 -0.0010270472 -0.36805263 0.0010404617 1.0001924 15589261903 0.3273368
/home/declsp/obsbot/rawdata/DECam_01480295.fits.fz N4 1480295 800.0 61176.14330101 1.13 208.82375547191947 -2.4691038356825232 208.83127499999998 -2.394 M517 0.048750017 24.131365 0.44626585 1.007925 21.554806 5.325961 decam -0.51009274 15.027852 207 object IBIS_wide_M517_531299 531299 0.049047 924.0 1948.0 -0.49166307 1.0000782 0.0011135062 0.112489514 -0.0009594546 1.0000346 18328557526 150.20763
/home/declsp/obsbot/rawdata/DECam_01480296.fits.fz N4 1480296 800.0 61176.15290136 1.14 209.18276544422102 -2.1601038383430495 209.19028333333333 -2.085 M517 0.054136433 24.019836 0.4033467 1.0391482 21.538235 7.058031 decam 8.726259 10.673122 159 object IBIS_wide_M517_534285 534285 0.051518 924.0 1948.0 -0.19636463 0.9998559 0.0009918809 0.23595333 -0.0010366229 0.99997586 18305379074 113.34606
/home/declsp/obsbot/rawdata/DECam_01480297.fits.fz N4 1480297 800.0 61176.16261799 1.14 214.8987570761873 -2.1671038382827916 214.906275 -2.092 M517 0.05766711 23.02882 0.16190925 1.0715454 21.405643 52.618656 decam 5.7116566 13.9828205 101 object IBIS_wide_M517_534266 534266 0.057742 924.0 1948.0 -0.48245463 1.0002273 0.001218035 -0.1441932 -0.0013428158 0.9999939 18823838177 15.203733
/home/declsp/obsbot/rawdata/DECam_01480298.fits.fz N4 1480298 800.0 61176.17220708 1.14 214.88375147131407 -3.0961038302800103 214.891275 -3.021 M517 0.059834927 22.5459 0.10377769 1.0740213 21.488766 119.18636 decam 9.759425 14.175799 112 object IBIS_wide_M517_534262 534262 0.057147 924.0 1948.0 -0.5099732 1.0006269 0.0012366513 0.26712704 -0.0011765659 0.99994165 18403064885 6.7121773
/home/declsp/obsbot/rawdata/DECam_01480299.fits.fz N4 1480299 800.0 61176.18179567 1.15 216.3117525984153 -2.9331038316850546 216.31927499999998 -2.858 M517 0.06400896 23.659243 0.28982556 1.0922117 21.584991 14.508404 decam 13.485663 20.648275 188 object IBIS_wide_M517_539955 539955 0.062817 924.0 1948.0 -0.15651546 1.0000885 0.0013187827 0.13127135 -0.001236225 0.9999494 18230494807 55.140457
/home/declsp/obsbot/rawdata/DECam_01480300.fits.fz N4 1480300 800.0 61176.19141986 1.14 219.79875438223263 -3.2681038287969186 219.80627916666666 -3.193 M517 0.11028301 22.402206 0.090913095 1.1136193 21.469246 169.96965 decam 12.795889 15.742025 143 object IBIS_wide_M517_539950 539950 0.093048 924.0 1948.0 -0.0436184 1.0003134 0.0011680737 0.18232897 -0.0011633929 0.9999991 18469147165 4.7067227
/home/declsp/obsbot/rawdata/DECam_01480301.fits.fz N4 1480301 492.587 61176.20102864 1.15 221.21074943864198 -3.3701038279171716 221.218275 -3.295 M517 0.092852786 21.04079 0.025987022 0.9946753 21.464518 1673.0394 decam 16.133432 22.529121 54 object IBIS_wide_M517_540514 540514 0.093949 924.0 1948.0 0.06173256 0.9991846 0.0012879905 0.46543735 -0.0013435686 1.0001228 17325174494 0.2944264
