logs/db-2026-02-22.ecsv
# %ECSV 1.0
# ---
# datatype:
# - {name: filename, datatype: string}
# - {name: extension, datatype: string}
# - {name: expnum, datatype: int64}
# - {name: exptime, datatype: float32}
# - {name: mjd_obs, datatype: float64}
# - {name: airmass, datatype: float32}
# - {name: racenter, datatype: float64}
# - {name: deccenter, datatype: float64}
# - {name: rabore, datatype: float64}
# - {name: decbore, datatype: float64}
# - {name: band, datatype: string}
# - {name: ebv, datatype: float32}
# - {name: zeropoint, datatype: float32}
# - {name: transparency, datatype: float32}
# - {name: seeing, datatype: float32}
# - {name: sky, datatype: float32}
# - {name: expfactor, datatype: float32}
# - {name: camera, datatype: string}
# - {name: dx, datatype: float32}
# - {name: dy, datatype: float32}
# - {name: nmatched, datatype: int64}
# - {name: obstype, datatype: string}
# - {name: object, datatype: string}
# - {name: tileid, datatype: int64}
# - {name: tileebv, datatype: float32}
# - {name: affine_x0, datatype: float32}
# - {name: affine_y0, datatype: float32}
# - {name: affine_dx, datatype: float32}
# - {name: affine_dxx, datatype: float32}
# - {name: affine_dxy, datatype: float32}
# - {name: affine_dy, datatype: float32}
# - {name: affine_dyx, datatype: float32}
# - {name: affine_dyy, datatype: float32}
# - {name: checksum, datatype: string}
# - {name: efftime, datatype: float32}
# schema: astropy-2.0
filename extension expnum exptime mjd_obs airmass racenter deccenter rabore decbore band ebv zeropoint transparency seeing sky expfactor camera dx dy nmatched obstype object tileid tileebv affine_x0 affine_y0 affine_dx affine_dxx affine_dxy affine_dy affine_dyx affine_dyy checksum efftime
[from data line 40]
/home/declsp/obsbot/rawdata/DECam_01459043.fits.fz N4 1459043 275.6582 61094.34417319 1.12 208.0817475377767 -3.0631038305645015 208.08927083333333 -2.988 M490 0.045464333 24.98623 1.0278946 0.8904269 21.821869 0.83292073 decam -5.0138206 13.369396 163 object IBIS_wide_M490_431296 431296 0.044667 924.0 1948.0 0.22378808 0.99995285 0.0010862887 0.13831219 -0.0010338521 1.0001218 16145274827 330.9537
/home/declsp/obsbot/rawdata/DECam_01459044.fits.fz N4 1459044 268.0083 61094.34770315 1.13 208.44474909292808 -2.8331038325468403 208.45227083333333 -2.758 M490 0.04169973 24.982979 1.0266812 0.9110391 21.84317 0.83858573 decam -9.57619 22.881369 162 object IBIS_wide_M490_434282 434282 0.045486 924.0 1948.0 -0.06773492 0.99997115 0.0011754045 0.10818233 -0.0010511504 1.0001211 16070948827 319.59558
/home/declsp/obsbot/rawdata/DECam_01459045.fits.fz N4 1459045 256.7084 61094.35113871 1.11 209.21273345476862 -4.652103816842374 209.22027083333333 -4.577 M490 0.029582944 24.983139 1.0231138 0.87386894 21.848438 0.7079276 decam -4.6595736 18.050364 184 object IBIS_wide_M490_434255 434255 0.028945 924.0 1948.0 -0.16826689 1.0002718 0.0012058518 0.13491476 -0.0012502321 1.0001588 16033215602 362.61957
/home/declsp/obsbot/rawdata/DECam_01459046.fits.fz N4 1459046 251.2783 61094.35442513 1.12 210.31474694683652 -3.6781038252595386 210.322275 -3.6029999999999998 M490 0.050765593 24.988327 1.0298797 0.84964526 21.84715 0.7649853 decam -6.4823785 17.189297 207 object IBIS_wide_M490_431273 431273 0.0503 924.0 1948.0 0.10622526 1.0002629 0.00119635 0.215376 -0.0013268272 1.0001973 16033138656 328.47467
/home/declsp/obsbot/rawdata/DECam_01459047.fits.fz N4 1459047 286.6082 61094.35765335 1.12 211.66774720755612 -3.647103825527109 211.675275 -3.572 M490 0.046953566 24.97796 1.0200949 0.8827667 21.85007 0.8180704 decam -4.171346 23.62287 186 object IBIS_wide_M490_431272 431272 0.051047 924.0 1948.0 0.05388392 1.0000579 0.0011322257 0.15118612 -0.0013448948 1.000113 16108791466 350.3466
/home/declsp/obsbot/rawdata/DECam_01459048.fits.fz N4 1459048 241.8084 61094.36128661 1.11 213.40373441927883 -4.561103817629695 213.41127083333333 -4.486 M490 0.03551814 24.991325 1.0308561 0.885354 21.829294 0.7580048 decam -3.1606917 15.943064 189 object IBIS_wide_M490_434250 434250 0.037387 924.0 1948.0 -0.47661254 0.99990594 0.0012559001 0.036413986 -0.0013969206 1.0001305 16005737650 319.0064
/home/declsp/obsbot/rawdata/DECam_01459049.fits.fz N4 1459049 296.3381 61094.36440148 1.11 212.58874173697646 -4.250103820318943 212.596275 -4.175 M490 0.04367633 24.980885 1.0209913 1.0060688 21.846645 1.0364039 decam -13.501729 25.01691 203 object IBIS_wide_M490_431266 431266 0.039319 924.0 1948.0 -0.15417351 1.0001626 0.0012877499 0.19802651 -0.0013986169 1.0001043 16172923504 285.92917
/home/declsp/obsbot/rawdata/DECam_01459050.fits.fz N4 1459050 321.4479 61094.36813498 1.09 214.01071727213707 -6.268103802823276 214.018275 -6.193 M490 0.03566059 24.992868 1.0285838 0.97707814 21.760334 0.9813226 decam -8.233753 24.025496 211 object IBIS_wide_M490_434238 434238 0.037386 924.0 1948.0 -0.32830495 1.000173 0.0012170092 0.005540134 -0.0014626852 1.0000471 16303483331 327.56598
/home/declsp/obsbot/rawdata/DECam_01459051.fits.fz N4 1459051 274.6182 61094.37218577 1.11 215.1927365830478 -4.748103816011576 215.200275 -4.673 M490 0.051578697 24.99162 1.0311351 0.9022898 21.817078 0.8860545 decam -13.745962 18.090265 206 object IBIS_wide_M490_434243 434243 0.048445 924.0 1948.0 0.074431136 1.0001208 0.0013391007 0.030469406 -0.0013949387 1.000177 16109816080 309.93375
/home/declsp/obsbot/rawdata/DECam_01459052.fits.fz N4 1459052 302.888 61094.37567867 1.11 214.65374011195937 -4.806103815509522 214.66127916666667 -4.731 M490 0.048752777 24.996075 1.0353754 0.9183725 21.816616 0.8936288 decam -17.415905 26.20091 205 object IBIS_wide_M490_431257 431257 0.044534 924.0 1948.0 -0.5220151 1.0003603 0.0013459492 0.22597998 -0.0013607978 1.0001757 16196543149 338.94165
/home/declsp/obsbot/rawdata/DECam_01459053.fits.fz N4 1459053 150.0 61094.38029023 1.58 242.90664692365021 15.014164066535134 242.914425 15.089268055555555 M490 0.035033792 24.903748 1.035627 1.0971159 21.784723 1.4188582 decam -18.944843 3.896421 250 object "Pal14 position 16" 0 0.0 924.0 1948.0 -0.2101878 1.0005345 0.0023667489 0.572713 -0.0027140786 1.000147 15783910078 105.71881
/home/declsp/obsbot/rawdata/DECam_01459054.fits.fz N4 1459054 150.0 61094.3823391 1.56 242.52739304476543 14.891264067666938 242.53516666666667 14.966368055555556 M490 0.03544317 24.90256 1.0307453 0.9788679 21.720287 1.2051249 decam -19.995996 7.2392282 257 object "Pal14 position 17" 0 0.0 924.0 1948.0 0.10579473 1.0005084 0.0022584538 0.24804966 -0.002606177 1.0001919 15855089377 124.46843
/home/declsp/obsbot/rawdata/DECam_01459055.fits.fz N4 1459055 150.0 61094.38440498 1.55 242.90373216468876 14.729899902484341 242.9115 14.805003888888889 M490 0.035730157 24.911383 1.0372728 1.022563 21.61777 1.4244646 decam -11.662464 10.433276 289 object "Pal14 position 18" 0 0.0 924.0 1948.0 -0.5140684 1.0006576 0.0024270916 0.29221964 -0.0024804575 1.000154 15851373766 105.30273
/home/declsp/obsbot/rawdata/DECam_01459056.fits.fz N4 1459056 150.0 61094.38645309 1.55 242.73433944296332 15.104874899032255 242.74212083333333 15.179978888888888 M490 0.0338947 24.91067 1.036591 1.0607253 21.43108 1.8001572 decam -10.437566 13.498484 295 object "Pal14 position 19" 0 0.0 924.0 1948.0 -0.46509808 1.0003941 0.002420892 0.16430466 -0.0026533653 1.0001212 16042377287 83.32606
/home/declsp/obsbot/rawdata/DECam_01459057.fits.fz N4 1459057 150.0 61094.3885182 1.52 242.5937746325596 14.707402124913301 242.6015416666667 14.782506111111111 M490 0.038255446 24.91498 1.0350658 1.0312129 21.184767 2.1808283 decam -5.3393903 18.781658 259 object "Pal14 position 20" 0 0.0 924.0 1948.0 -0.4646078 1.0004311 0.0023369824 0.1872188 -0.002666121 1.0001382 16079424489 68.781204
/home/declsp/obsbot/rawdata/DECam_01459058.fits.fz N4 1459058 150.0 61094.39059037 1.53 242.98492140014162 14.913732123015675 242.99269583333336 14.98883611111111 M490 0.035996806 24.921465 1.0431583 0.9973398 20.833744 2.7436635 decam -2.4577684 12.978083 250 object "Pal14 position 21" 0 0.0 924.0 1948.0 -0.22712167 1.0000781 0.0023593882 0.37570384 -0.0025019138 1.0001304 16358986184 54.671425
/home/declsp/obsbot/rawdata/DECam_01459059.fits.fz N4 1459059 15.0 61094.3944438 1.18 189.70078795747543 -49.79143632983654 189.712425 -49.71633305555556 M490 0.12849489 24.96484 1.0188735 1.1026591 20.424044 8.387641 decam -60.01283 42.71542 946 object "LTT4861 N4" 0 0.0 924.0 1948.0 -0.2820671 1.0001981 0.00073700864 -0.07901905 -0.00072998094 1.000215 15515039397 1.7883455
/home/declsp/obsbot/rawdata/DECam_01459060.fits.fz N4 1459060 15.0 61094.39493886 1.19 189.21964629080875 -49.79143632983654 189.23128333333335 -49.71633305555556 M490 0.123391315 24.958523 1.0148009 1.0167365 20.304132 7.7893667 decam -47.414913 27.788336 940 object "LTT4861 N5" 0 0.0 924.0 1948.0 -0.071820974 0.9998942 0.00051463937 0.11428502 -0.0011322267 1.0001665 15532942474 1.9257021
/home/declsp/obsbot/rawdata/DECam_01459061.fits.fz N4 1459061 15.0 61094.39542032 1.18 190.1818893914288 -49.95810327083149 190.19356666666667 -49.883 M490 0.13002166 24.964674 1.0187175 0.95135105 20.190882 7.8268456 decam -43.04054 16.459757 959 object "LTT4861 S3" 0 0.0 924.0 1948.0 -0.051752783 1.0000213 0.000734645 0.16420072 -0.0007875563 1.0000784 15548507684 1.9164809
/home/declsp/obsbot/rawdata/DECam_01459062.fits.fz N4 1459062 15.0 61094.3959055 1.19 189.70074772476212 -49.95810327083149 189.712425 -49.883 M490 0.11683266 24.962078 1.0181307 0.9153111 20.080622 7.3781114 decam -44.208923 26.124186 989 object "LTT4861 S4" 0 0.0 924.0 1948.0 0.16399397 1.0001967 0.00066037336 0.12066882 -0.00084187975 1.0001448 15566850884 2.0330405
/home/declsp/obsbot/rawdata/DECam_01459063.fits.fz N4 1459063 15.0 61094.39639179 1.19 189.21960605809545 -49.95810327083149 189.23128333333335 -49.883 M490 0.12251485 24.961264 1.0173668 0.8715627 19.95625 7.80679 decam -45.625618 8.746055 975 object "LTT4861 S5" 0 0.0 924.0 1948.0 -0.32922143 0.9999322 0.0006499455 -0.10404174 -0.00066655694 1.0001649 15586521733 1.9214044
/home/declsp/obsbot/rawdata/DECam_01459064.fits.fz N4 1459064 15.0 61094.39807692 1.01 234.74177384719718 -28.584297477454864 234.7503291666667 -28.509193888888888 M490 0.11373475 24.997803 1.0183791 0.9627678 19.664375 10.980716 decam -10.639096 -17.720055 586 object "LTT6248 N4" 0 0.0 924.0 1948.0 -0.27349442 1.0003177 0.0022021083 0.11996479 -0.0019851702 1.0000936 15662476505 1.3660312
/home/declsp/obsbot/rawdata/DECam_01459065.fits.fz N4 1459065 15.0 61094.39854766 1.01 234.38807384719718 -28.584297477454868 234.39662916666666 -28.509193888888888 M490 0.22622195 24.997715 1.0182961 0.9150768 19.5476 23.4802 decam -3.8596513 -27.70813 417 object "LTT6248 N5" 0 0.0 924.0 1948.0 -0.42083836 1.0003121 0.0022286512 0.20921211 -0.0020329843 1.0001111 15682406135 0.63883615
/home/declsp/obsbot/rawdata/DECam_01459066.fits.fz N4 1459066 15.0 61094.39902465 1.01 235.09544772966674 -28.750964697816126 235.10401666666667 -28.67586111111111 M490 0.13145722 24.993788 1.0146195 0.9314812 19.412931 14.701822 decam -1.4649521 -18.588701 542 object "LTT6248 S3" 0 0.0 924.0 1948.0 -0.16873492 1.0000217 0.0020663491 0.39715424 -0.0021073858 1.0001003 15721877115 1.0202817
/home/declsp/obsbot/rawdata/DECam_01459067.fits.fz N4 1459067 15.0 61094.39949444 1.01 234.74176022966677 -28.750964697816126 234.7503291666667 -28.67586111111111 M490 0.12067507 25.001987 1.0223107 0.91659427 19.314413 14.28548 decam -2.215254 -23.082333 486 object "LTT6248 S4" 0 0.0 924.0 1948.0 0.01390941 1.0000558 0.002114588 0.30789155 -0.0020207318 0.9999949 15760318507 1.0500172
/home/declsp/obsbot/rawdata/DECam_01459068.fits.fz N4 1459068 15.0 61094.39997626 1.01 234.38806022966676 -28.750964697816126 234.39662916666666 -28.67586111111111 M490 0.33074725 24.993124 1.0139989 0.95495707 19.187513 72.357445 decam -8.209024 -32.53949 374 object "LTT6248 S5" 0 0.0 924.0 1948.0 -0.3938585 1.0000498 0.0023263274 0.5551311 -0.0023159666 0.9999944 15810672627 0.20730416
