logs/db-2026-04-16.ecsv
# %ECSV 1.0
# ---
# datatype:
# - {name: filename, datatype: string}
# - {name: extension, datatype: string}
# - {name: expnum, datatype: int64}
# - {name: exptime, datatype: float32}
# - {name: mjd_obs, datatype: float64}
# - {name: airmass, datatype: float32}
# - {name: racenter, datatype: float64}
# - {name: deccenter, datatype: float64}
# - {name: rabore, datatype: float64}
# - {name: decbore, datatype: float64}
# - {name: band, datatype: string}
# - {name: ebv, datatype: float32}
# - {name: zeropoint, datatype: float32}
# - {name: transparency, datatype: float32}
# - {name: seeing, datatype: float32}
# - {name: sky, datatype: float32}
# - {name: expfactor, datatype: float32}
# - {name: camera, datatype: string}
# - {name: dx, datatype: float32}
# - {name: dy, datatype: float32}
# - {name: nmatched, datatype: int64}
# - {name: obstype, datatype: string}
# - {name: object, datatype: string}
# - {name: tileid, datatype: int64}
# - {name: tileebv, datatype: float32}
# - {name: affine_x0, datatype: float32}
# - {name: affine_y0, datatype: float32}
# - {name: affine_dx, datatype: float32}
# - {name: affine_dxx, datatype: float32}
# - {name: affine_dxy, datatype: float32}
# - {name: affine_dy, datatype: float32}
# - {name: affine_dyx, datatype: float32}
# - {name: affine_dyy, datatype: float32}
# - {name: checksum, datatype: string}
# - {name: efftime, datatype: float32}
# schema: astropy-2.0
filename extension expnum exptime mjd_obs airmass racenter deccenter rabore decbore band ebv zeropoint transparency seeing sky expfactor camera dx dy nmatched obstype object tileid tileebv affine_x0 affine_y0 affine_dx affine_dxx affine_dxy affine_dy affine_dyx affine_dyy checksum efftime
[from data line 41]
/home/declsp/obsbot/rawdata/DECam_01475849.fits.fz N4 1475849 340.9478 61147.0693627 1.13 171.02373377818898 -4.998103813846938 171.031275 -4.923 M490 0.040777303 24.985664 1.0292231 0.9777854 21.919811 0.6771012 decam 6.6189175 0.71768814 136 object IBIS_wide_M490_428191 428191 0.043292 924.0 1948.0 -0.0140159475 1.000025 -0.00038633693 0.06943229 5.570836e-05 0.99999434 16226649054 503.5404
/home/declsp/obsbot/rawdata/DECam_01475850.fits.fz N4 1475850 274.9182 61147.07377486 1.13 176.40271153455436 -6.6521037994800585 176.410275 -6.577 M490 0.03139409 24.98282 1.0265319 0.9555942 21.913172 0.6541798 decam 9.236745 -1.5061822 155 object IBIS_wide_M490_425259 425259 0.035685 924.0 1948.0 -0.0481168 1.0000355 -0.00016067056 -0.009173006 9.541063e-05 0.9997865 16273601969 420.2487
/home/declsp/obsbot/rawdata/DECam_01475851.fits.fz N4 1475851 166.3589 61147.07728013 1.13 176.80171575259143 -6.372103801918321 176.809275 -6.297 M490 0.03330256 24.979063 1.0229857 0.92048013 21.90581 0.6154917 decam 9.253146 -7.1570144 137 object IBIS_wide_M490_428245 428245 0.031458 924.0 1948.0 0.016507534 0.9998962 -0.00016116854 0.12471945 -0.00012547363 0.99991935 15772516855 270.2862
/home/declsp/obsbot/rawdata/DECam_01475852.fits.fz N4 1475852 242.7784 61147.07968667 1.12 170.3347411849825 -4.70810381635777 170.34227916666669 -4.633 M490 0.056820534 24.989315 1.0308187 0.91931206 21.927526 0.5905199 decam 14.206559 -12.190979 134 object IBIS_wide_M490_428193 428193 0.04284 924.0 1948.0 -0.016087867 1.0001408 -0.0004590402 -0.114207335 0.00032384382 0.9999441 15980434223 411.12653
/home/declsp/obsbot/rawdata/DECam_01475853.fits.fz N4 1475853 236.2085 61147.08282117 1.12 169.28474543196648 -4.2981038199040285 169.29227916666667 -4.223 M490 0.043059953 24.989073 1.0305886 0.91994965 21.91477 0.5985926 decam 24.135416 -0.4231207 138 object IBIS_wide_M490_425213 425213 0.045303 924.0 1948.0 0.038080163 0.9998578 -0.00072851253 -0.09256501 0.00045566104 0.9998495 15954109020 394.60645
/home/declsp/obsbot/rawdata/DECam_01475854.fits.fz N4 1475854 116.6592 61147.08619412 1.13 179.9687074294505 -6.648103799514909 179.97627083333333 -6.573 M490 0.020318275 24.981897 1.0256586 0.9317807 21.932396 0.6121942 decam -0.29721302 -8.7358265 151 object IBIS_wide_M490_424964 424964 0.024854 924.0 1948.0 -0.057878993 1.0000063 -4.4451106e-05 0.11351556 -0.00019774528 0.9999558 15653608087 190.55914
/home/declsp/obsbot/rawdata/DECam_01475855.fits.fz N4 1475855 285.3082 61147.08797301 1.12 174.67773859643756 -4.560103817638346 174.685275 -4.485 M490 0.053008594 24.972692 1.015156 0.9456825 21.918324 0.6496931 decam 13.381775 -15.679724 140 object IBIS_wide_M490_428262 428262 0.043609 924.0 1948.0 0.063714564 1.0000819 -0.0003768403 0.034648526 0.0002240655 0.99995726 16094326444 439.14304
/home/declsp/obsbot/rawdata/DECam_01475856.fits.fz N4 1475856 174.4089 61147.09171087 1.12 180.68171909046947 -6.428103801430882 180.68927916666667 -6.353 M490 0.022222608 24.980158 1.0221602 1.049978 21.889297 0.81093615 decam -1.3302138 -6.7574015 141 object IBIS_wide_M490_433942 433942 0.024267 924.0 1948.0 -0.063741766 0.99993896 7.153093e-05 0.16235718 2.5610874e-05 0.99998266 15919914272 215.07108
/home/declsp/obsbot/rawdata/DECam_01475857.fits.fz N4 1475857 300.7181 61147.09404201 1.13 179.1927365830478 -4.748103816011575 179.200275 -4.673 M490 0.025716294 24.983255 1.0269428 1.0545859 21.833334 0.8564222 decam 6.3263593 -6.807396 142 object IBIS_wide_M490_428251 428251 0.02534 924.0 1948.0 0.022563688 1.0000539 -8.54601e-05 0.13079427 -6.405612e-06 0.99997514 17378961633 351.13303
/home/declsp/obsbot/rawdata/DECam_01475858.fits.fz N4 1475858 330.9479 61147.09791491 1.13 183.52872437341364 -6.062103804614727 183.53627916666667 -5.987 M490 0.049676206 24.985817 1.0293688 1.0529569 21.898216 0.80047274 decam -3.114701 1.2334279 162 object IBIS_wide_M490_430960 430960 0.046669 924.0 1948.0 -0.11053611 1.0000985 0.00014840048 0.03464566 4.0696887e-06 0.9999769 16227252639 413.44058
/home/declsp/obsbot/rawdata/DECam_01475859.fits.fz N4 1475859 281.8082 61147.10225521 1.12 176.5887417369765 -4.250103820318942 176.596275 -4.175 M490 0.020513022 24.998041 1.0391362 1.0788127 21.932373 0.7960289 decam 20.580585 4.00945 125 object IBIS_wide_M490_425274 425274 0.023837 924.0 1948.0 0.0026282892 1.0001096 -0.00023532151 0.13542962 9.64079e-05 0.99993503 16057424473 354.01755
/home/declsp/obsbot/rawdata/DECam_01475860.fits.fz N4 1475860 127.1091 61147.10638675 1.13 184.58673014660516 -5.304103811195164 184.594275 -5.229 M490 0.032588813 24.99173 1.0349886 1.0870028 21.881268 0.85698974 decam 0.77798176 2.1288853 141 object IBIS_wide_M490_433949 433949 0.038753 924.0 1948.0 -0.04961726 1.0003467 0.00015879364 0.14821588 -0.00038137162 1.0000982 15695188460 148.32045
/home/declsp/obsbot/rawdata/DECam_01475861.fits.fz N4 1475861 269.2881 61147.10817882 1.11 185.23670105280587 -7.050103796009429 185.24427083333333 -6.975 M490 0.035431266 24.98722 1.026966 1.0434806 21.902475 0.7810626 decam 7.5483236 -9.755513 158 object IBIS_wide_M490_433928 433928 0.028931 924.0 1948.0 -0.10869536 1.0000708 0.00015194724 0.15865494 -0.00010114315 0.999927 16052076182 344.77145
/home/declsp/obsbot/rawdata/DECam_01475862.fits.fz N4 1475862 322.7379 61147.11179314 1.11 178.78973732531205 -4.2751038201028475 178.79727083333333 -4.2 M490 0.023278594 24.98489 1.0247651 1.1264818 21.927921 0.89270574 decam 10.982533 5.550387 138 object IBIS_wide_M490_425266 425266 0.025232 924.0 1948.0 0.014302382 1.0001553 -0.00021079676 0.02031306 9.508563e-05 0.99997133 16169618587 361.52777
/home/declsp/obsbot/rawdata/DECam_01475863.fits.fz N4 1475863 249.8684 61147.1158362 1.11 178.0837485941837 -3.965103822781458 178.09127916666665 -3.89 M490 0.02821819 24.995256 1.0345948 0.99630165 21.938988 0.67851967 decam 12.962799 12.586375 135 object IBIS_wide_M490_428269 428269 0.025251 924.0 1948.0 0.04024583 0.999936 -0.00020584564 0.16565906 6.812708e-05 1.0000823 15990790547 368.2552
/home/declsp/obsbot/rawdata/DECam_01475864.fits.fz N4 1475864 267.9283 61147.11904283 1.12 179.47474539792256 -3.8571038237141715 179.482275 -3.782 M490 0.024558745 24.973457 1.0158725 1.0373861 21.932045 0.77053344 decam 12.942834 9.375867 168 object IBIS_wide_M490_424983 424983 0.026176 924.0 1948.0 -0.04398668 1.0000111 5.021398e-06 0.104026765 2.665723e-05 1.0000075 16054947323 347.71796
/home/declsp/obsbot/rawdata/DECam_01475865.fits.fz N4 1475865 210.5585 61147.12245855 1.11 177.23174826471305 -4.0011038224705 177.23927916666668 -3.926 M490 0.030007027 24.971985 1.0126553 0.9901764 21.957968 0.68745553 decam 4.4333005 18.847044 160 object IBIS_wide_M490_425285 425285 0.025724 924.0 1948.0 -0.04107292 1.000034 -0.00027739018 0.09695393 9.6327734e-05 1.0000458 15860636321 306.2867
/home/declsp/obsbot/rawdata/DECam_01475866.fits.fz N4 1475866 313.5379 61147.12554987 1.12 182.45274530289527 -3.366103827951675 182.46027083333334 -3.291 M490 0.026292074 24.781395 0.8511653 0.90948886 21.864653 0.8982919 decam 8.721603 17.672674 133 object IBIS_wide_M490_433959 433959 0.029544 924.0 1948.0 -0.13765751 1.0000432 7.347048e-05 0.11819714 -0.00030561324 0.9999903 16193462604 349.0379
/home/declsp/obsbot/rawdata/DECam_01475867.fits.fz N4 1475867 278.9081 61147.12951405 1.12 185.21074943864198 -3.3701038279171716 185.218275 -3.295 M490 0.040055927 24.985588 1.0272849 0.9490318 21.882147 0.6605799 decam 7.4380546 4.578765 151 object IBIS_wide_M490_434522 434522 0.036542 924.0 1948.0 -0.16874386 1.0001827 0.00016233594 -0.02287288 -4.915765e-05 0.9999984 16101265454 422.21707
/home/declsp/obsbot/rawdata/DECam_01475868.fits.fz N4 1475868 283.2982 61147.13307876 1.12 186.70275362850208 -3.367103827943049 186.71027916666665 -3.292 M490 0.044628713 24.902216 0.9513544 0.9802011 21.857718 0.8402098 decam 12.420234 8.855459 136 object IBIS_wide_M490_434521 434521 0.035798 924.0 1948.0 -0.052643448 1.0000525 0.00026177312 0.12286603 -0.00027267236 0.9999619 16101706616 337.17554
/home/declsp/obsbot/rawdata/DECam_01475869.fits.fz N4 1475869 259.9383 61147.13670933 1.12 183.7987543822326 -3.2681038287969186 183.80627916666666 -3.193 M490 0.031070828 24.989834 1.0313106 1.036094 21.891436 0.77420306 decam 9.507861 17.881527 142 object IBIS_wide_M490_433958 433958 0.031878 924.0 1948.0 -0.054799672 0.9999717 8.4298386e-05 0.07159729 3.9032075e-05 1.0000454 16047171598 335.7495
/home/declsp/obsbot/rawdata/DECam_01475870.fits.fz N4 1475870 301.6281 61147.14037455 1.12 192.6517456193111 -4.279103820068271 192.65927916666666 -4.204 M490 0.025208868 24.982811 1.0246613 0.9796056 21.866001 0.71791184 decam 10.6441765 -0.14104874 180 object IBIS_wide_M490_431433 431433 0.025634 924.0 1948.0 -0.100274384 1.0001537 0.00048664564 0.06693834 -0.00055671006 1.0000072 16153098557 420.14645
/home/declsp/obsbot/rawdata/DECam_01475871.fits.fz N4 1475871 118.0293 61147.1441818 1.1 193.13971862363053 -6.174103803640907 193.147275 -6.099 M490 0.031960763 24.992167 1.0297843 0.95090514 21.84507 0.67795604 decam 9.09034 -9.211005 142 object IBIS_wide_M490_434399 434399 0.03213 924.0 1948.0 -0.13763829 1.0001022 0.00050605554 0.05580366 -0.00047686388 0.9999948 15692079728 174.0958
/home/declsp/obsbot/rawdata/DECam_01475872.fits.fz N4 1475872 217.8386 61147.1459955 1.12 186.99975589217914 -3.060103830590364 187.00727916666665 -2.985 M490 0.03647058 24.980957 1.0229139 0.9314801 21.890623 0.636898 decam 19.025661 29.051315 147 object IBIS_wide_M490_431538 431538 0.03218 924.0 1948.0 -0.082293965 1.0000088 0.00018805698 0.044205606 -0.00024966386 1.0000722 15912251808 342.03058
/home/declsp/obsbot/rawdata/DECam_01475873.fits.fz N4 1475873 289.3083 61147.14899201 1.12 193.94674182482072 -4.2411038203967335 193.954275 -4.166 M490 0.020000186 24.985407 1.0271147 1.0118568 21.862019 0.76498324 decam 4.936688 4.2400494 177 object IBIS_wide_M490_431434 431434 0.021507 924.0 1948.0 -0.11830578 0.999907 0.00070445385 0.10142266 -0.0004238401 1.0000017 16132410987 378.18906
/home/declsp/obsbot/rawdata/DECam_01475874.fits.fz N4 1475874 385.9978 61147.15265297 1.1 195.18872446129868 -5.750103807325405 195.196275 -5.675 M490 0.03240866 23.97287 0.4027426 1.1350418 21.738382 6.961524 decam 9.615389 6.244637 147 object IBIS_wide_M490_434409 434409 0.03345 924.0 1948.0 -0.22665031 1.0002018 0.0005436172 0.18745181 -0.0005394856 0.99994075 16495066527 55.44731
/home/declsp/obsbot/rawdata/DECam_01475875.fits.fz N4 1475875 799.9999 61147.15746652 1.13 196.1087638786279 -2.456103835794479 196.11628333333334 -2.3810000000000002 M490 0.020307967 24.490313 0.6521824 2.4133463 21.781958 11.637924 decam 0.94483 22.951723 139 object IBIS_wide_M490_431479 431479 0.023496 924.0 1948.0 -0.05344474 0.99994296 0.0006906925 0.22891743 -0.0009196736 1.0000604 17609477212 68.74077
/home/declsp/obsbot/rawdata/DECam_01475876.fits.fz N4 1475876 800.0 61147.16713236 1.13 195.13175774417113 -2.0281038394792463 195.139275 -1.9529999999999998 M490 0.023671195 24.88479 0.9379075 1.0758364 21.838007 1.0638534 decam -10.487193 11.432634 185 object IBIS_wide_M490_434466 434466 0.022326 924.0 1948.0 -0.14161451 1.0000772 0.0005501694 0.1775842 -0.000512838 0.9999674 17681073322 751.98334
/home/declsp/obsbot/rawdata/DECam_01475877.fits.fz N4 1475877 365.9781 61147.17677385 1.13 198.28976640158967 -1.9571038400903054 198.29728333333335 -1.8820000000000001 M490 0.030726165 24.98269 1.0264094 1.114241 21.854874 0.9380283 decam 3.6524012 20.354261 165 object IBIS_wide_M490_431477 431477 0.027741 924.0 1948.0 -0.10484435 1.000311 0.00062272564 0.23063554 -0.00095386466 1.0000508 16331115321 390.15677
/home/declsp/obsbot/rawdata/DECam_01475878.fits.fz N4 1475878 378.688 61147.18133803 1.13 199.34476164228238 -2.085103838988639 199.35227916666668 -2.01 M490 0.028311588 24.979433 1.0233339 1.1402752 21.857393 0.9859074 decam -1.739493 17.642345 143 object IBIS_wide_M490_434461 434461 0.027518 924.0 1948.0 -0.06167622 1.0001718 0.00068951066 0.11778017 -0.00092259276 1.0000075 16348516576 384.10098
/home/declsp/obsbot/rawdata/DECam_01475879.fits.fz N4 1475879 524.5671 61147.18603201 1.13 200.97275854751297 -1.847103841036914 200.980275 -1.772 M490 0.032188255 24.981527 1.0253096 1.2159398 21.85266 1.1213942 decam 0.6966882 17.993332 173 object IBIS_wide_M490_431236 431236 0.031402 924.0 1948.0 -0.033834632 1.0002913 0.00087391166 0.14450935 -0.00083459227 0.9999594 16808066074 467.7812
/home/declsp/obsbot/rawdata/DECam_01475880.fits.fz N4 1475880 663.447 61147.19245613 1.13 203.81476271840916 -1.8461038410455188 203.82227916666668 -1.771 M490 0.035101872 24.982613 1.026335 1.3238482 21.84543 1.3351141 decam 0.08889218 11.414108 140 object IBIS_wide_M490_431232 431232 0.035078 924.0 1948.0 -0.16484481 1.0002203 0.00086732703 0.16981316 -0.00093158416 0.9999678 17134228979 496.92157
/home/declsp/obsbot/rawdata/DECam_01475881.fits.fz N4 1475881 474.9077 61147.20047928 1.14 204.34276375476495 -1.582103843316914 204.35027916666667 -1.5070000000000001 M490 0.027115684 24.981556 1.0271989 1.2094953 21.847488 1.1147953 decam -4.0865555 17.398952 160 object IBIS_wide_M490_434218 434218 0.030935 924.0 1948.0 0.070010506 0.9998713 0.0009204363 0.028629366 -0.0006975638 1.0000069 16925441418 426.0044
/home/declsp/obsbot/rawdata/DECam_01475882.fits.fz N4 1475882 499.1975 61147.206342 1.15 201.3177596672466 -1.5601038435061694 201.325275 -1.485 M490 0.028793624 24.987543 1.0347546 1.2562761 21.846392 1.1905612 decam -10.286764 32.343143 158 object IBIS_wide_M490_434222 434222 0.031492 924.0 1948.0 -0.078721 1.0000769 0.00075442257 0.17833355 -0.00071759033 0.99984336 16696419553 419.296
/home/declsp/obsbot/rawdata/DECam_01475883.fits.fz N4 1475883 800.0 61147.21262311 1.14 206.6717668426773 -1.8561038409594688 206.67928333333333 -1.7810000000000001 M490 0.042527787 24.972025 1.0182215 1.6007699 21.857143 1.9682844 decam -4.838416 36.801003 150 object IBIS_wide_M490_431304 431304 0.044541 924.0 1948.0 -0.20889209 1.0000945 0.0010514635 0.32339388 -0.0011588009 1.0000508 17602944803 406.44534
/home/declsp/obsbot/rawdata/DECam_01475884.fits.fz N4 1475884 588.8168 61147.2222239 1.12 208.80774344846375 -3.5981038259500036 208.81527083333333 -3.523 M490 0.03919427 24.980759 1.0227267 1.4333262 21.828548 1.5946907 decam -5.203299 28.080843 195 object IBIS_wide_M490_431294 431294 0.04101 924.0 1948.0 -0.13005996 0.99988866 0.0010314789 0.039511733 -0.0010794057 1.000013 16974922271 369.23572
/home/declsp/obsbot/rawdata/DECam_01475885.fits.fz N4 1475885 662.2559 61147.22936683 1.14 210.8787585220876 -1.853103840985284 210.88627499999998 -1.778 M490 0.06468137 24.988651 1.0339335 1.4063728 21.857918 1.4728082 decam -2.1723208 34.229527 176 object IBIS_wide_M490_431309 431309 0.05922 924.0 1948.0 -0.41071308 1.0002129 0.0011492221 0.044099934 -0.0010206758 0.9999172 17325431961 449.6552
/home/declsp/obsbot/rawdata/DECam_01475886.fits.fz N4 1475886 765.2454 61147.23752899 1.14 213.4967654886704 -2.151103838420523 213.50428333333335 -2.076 M490 0.06668299 24.976414 1.0223454 1.5078902 21.856247 1.7340868 decam 0.57041305 33.22963 184 object IBIS_wide_M490_434269 434269 0.061081 924.0 1948.0 -0.48923394 1.0002688 0.0011645465 0.13992143 -0.0012690874 0.99996734 17585958079 441.29593
/home/declsp/obsbot/rawdata/DECam_01475887.fits.fz N4 1475887 800.0 61147.24671364 1.13 216.26475548116656 -3.11810383009034 216.27227916666666 -3.043 M490 0.066179335 24.966585 1.0112957 1.5293083 21.85448 1.8191892 decam 4.180057 32.314537 203 object IBIS_wide_M490_440257 440257 0.06358 924.0 1948.0 0.12974273 1.0001649 0.0012735886 0.22183381 -0.0012729289 1.0000113 17474318133 439.75635
