logs/db-2026-02-18.ecsv
# %ECSV 1.0
# ---
# datatype:
# - {name: filename, datatype: string}
# - {name: extension, datatype: string}
# - {name: expnum, datatype: int64}
# - {name: exptime, datatype: float32}
# - {name: mjd_obs, datatype: float64}
# - {name: airmass, datatype: float32}
# - {name: racenter, datatype: float64}
# - {name: deccenter, datatype: float64}
# - {name: rabore, datatype: float64}
# - {name: decbore, datatype: float64}
# - {name: band, datatype: string}
# - {name: ebv, datatype: float32}
# - {name: zeropoint, datatype: float32}
# - {name: transparency, datatype: float32}
# - {name: seeing, datatype: float32}
# - {name: sky, datatype: float32}
# - {name: expfactor, datatype: float32}
# - {name: camera, datatype: string}
# - {name: dx, datatype: float32}
# - {name: dy, datatype: float32}
# - {name: nmatched, datatype: int64}
# - {name: obstype, datatype: string}
# - {name: object, datatype: string}
# - {name: tileid, datatype: int64}
# - {name: tileebv, datatype: float32}
# - {name: affine_x0, datatype: float32}
# - {name: affine_y0, datatype: float32}
# - {name: affine_dx, datatype: float32}
# - {name: affine_dxx, datatype: float32}
# - {name: affine_dxy, datatype: float32}
# - {name: affine_dy, datatype: float32}
# - {name: affine_dyx, datatype: float32}
# - {name: affine_dyy, datatype: float32}
# - {name: checksum, datatype: string}
# - {name: efftime, datatype: float32}
# schema: astropy-2.0
filename extension expnum exptime mjd_obs airmass racenter deccenter rabore decbore band ebv zeropoint transparency seeing sky expfactor camera dx dy nmatched obstype object tileid tileebv affine_x0 affine_y0 affine_dx affine_dxx affine_dxy affine_dy affine_dyx affine_dyy checksum efftime
[from data line 41]
/home/declsp/obsbot/rawdata/DECam_01457896.fits.fz N4 1457896 420.7071 61090.27390098 1.1 178.98373123505235 -5.550103809061444 178.99127916666666 -5.475 M490 0.02395411 24.99956 1.0368218 1.2146032 21.785429 1.351971 decam 13.106702 7.3818126 157 object IBIS_wide_M490_425264 425264 0.026033 924.0 1948.0 -0.13789742 1.0003836 -0.0001501046 0.19968441 9.720668e-05 0.9999797 16560884728 311.18054
/home/declsp/obsbot/rawdata/DECam_01457897.fits.fz N4 1457897 430.937 61090.27911052 1.1 181.2477260887398 -5.62610380840189 181.25527499999998 -5.551 M490 0.02884369 25.002623 1.039751 1.2189624 21.773537 1.4145119 decam 8.228362 -7.2209215 168 object IBIS_wide_M490_430967 430967 0.028002 924.0 1948.0 0.035401233 1.0001895 3.2267988e-05 0.028812379 -0.0001740359 1.0001377 16616515627 304.6542
/home/declsp/obsbot/rawdata/DECam_01457898.fits.fz N4 1457898 450.3468 61090.28447904 1.1 185.6377327543153 -5.4301038101025005 185.64527916666665 -5.355 M490 0.038037535 25.009058 1.0459306 1.2147505 21.759584 1.4955107 decam 19.052444 -24.698027 152 object IBIS_wide_M490_430948 430948 0.037795 924.0 1948.0 -0.05149476 1.0002362 0.00029313914 0.08507195 -0.00030151455 0.99998397 16757397499 301.13245
/home/declsp/obsbot/rawdata/DECam_01457899.fits.fz N4 1457899 445.6968 61090.29003178 1.1 185.99872758523736 -5.171103812348045 186.00627083333333 -5.096 M490 0.04727838 25.007944 1.0448583 1.157237 21.748507 1.4619911 decam 6.886067 -20.915867 166 object IBIS_wide_M490_433934 433934 0.04269 924.0 1948.0 -0.10421343 1.0002011 0.00027497686 0.19080542 -0.00029766007 1.0000312 16700298069 304.85605
/home/declsp/obsbot/rawdata/DECam_01457900.fits.fz N4 1457900 495.4065 61090.29554907 1.11 183.6097394551699 -4.865103814998726 183.61727916666666 -4.79 M490 0.0632103 25.019955 1.0583998 1.2207388 21.766378 1.7412485 decam 21.841934 -12.160184 157 object IBIS_wide_M490_430965 430965 0.040154 924.0 1948.0 -0.114842385 1.0002505 0.00011755371 -0.02596812 -0.0001827631 1.0001186 16767375096 284.51224
/home/declsp/obsbot/rawdata/DECam_01457901.fits.fz N4 1457901 441.8369 61090.30168992 1.11 188.4417417272044 -4.251103820310299 188.449275 -4.176 M490 0.04756264 24.996578 1.0358566 1.1854162 21.748539 1.5693108 decam 12.772265 -22.330357 173 object IBIS_wide_M490_431450 431450 0.038957 924.0 1948.0 -0.06549055 1.0001578 0.00031873514 0.011680438 -0.00029692738 1.0001292 16687906568 281.54837
/home/declsp/obsbot/rawdata/DECam_01457902.fits.fz N4 1457902 469.2167 61090.30731559 1.11 195.09573798405538 -4.6181038171365625 195.103275 -4.543 M490 0.028418295 25.008303 1.0471022 1.1939664 21.742754 1.3777595 decam 15.241573 -43.426758 172 object IBIS_wide_M490_434414 434414 0.028211 924.0 1948.0 -0.111645296 1.0002974 0.0006943743 0.30395478 -0.0007400744 1.000167 16748457599 340.56503
/home/declsp/obsbot/rawdata/DECam_01457903.fits.fz N4 1457903 509.7564 61090.31308023 1.12 194.39774813577475 -4.015103822349564 194.40527916666665 -3.94 M490 0.02143784 25.038774 1.078861 1.3366629 21.716082 1.5960997 decam 11.288069 -31.721788 183 object IBIS_wide_M490_434420 434420 0.021871 924.0 1948.0 -0.22148229 1.0002861 0.00069673284 -0.055926003 -0.00036147726 1.0001553 16916590910 319.37628
/home/declsp/obsbot/rawdata/DECam_01457904.fits.fz N4 1457904 606.8056 61090.31930149 1.12 196.1437498996069 -3.8191038240422914 196.15127916666665 -3.7439999999999998 M490 0.031857368 25.007484 1.0482135 1.3695029 21.716341 1.902646 decam 7.978427 -31.891016 169 object IBIS_wide_M490_431472 431472 0.028791 924.0 1948.0 -0.08794088 1.0003617 0.00058419467 -0.036980223 -0.0005781504 1.0001608 17220076862 318.92725
/home/declsp/obsbot/rawdata/DECam_01457905.fits.fz N4 1457905 575.8657 61090.32665919 1.12 198.52974046977403 -3.942103822980111 198.5372708333333 -3.867 M490 0.032956596 24.997698 1.0388079 1.3269142 21.72227 1.8222641 decam 12.909304 -31.170647 151 object IBIS_wide_M490_434206 434206 0.031845 924.0 1948.0 -0.07135337 1.0002553 0.0005934696 0.036955036 -0.00040164485 1.0000701 17154557061 316.0166
/home/declsp/obsbot/rawdata/DECam_01457906.fits.fz N4 1457906 525.7261 61090.33366613 1.11 199.32473546723702 -4.460103818503299 199.33227083333333 -4.385 M490 0.032632995 25.01545 1.0540167 1.2462457 21.72669 1.5463405 decam 1.2983407 -21.240522 160 object IBIS_wide_M490_434204 434204 0.035792 924.0 1948.0 -0.03555673 1.0002114 0.0007381906 0.20870088 -0.00076398393 1.0000354 16984966407 339.9808
/home/declsp/obsbot/rawdata/DECam_01457907.fits.fz N4 1457907 550.2659 61090.34005902 1.11 201.47974459112677 -3.9471038229369264 201.487275 -3.872 M490 0.047299474 25.008911 1.0476887 1.2305102 21.714174 1.7029319 decam 5.2464705 -17.209566 174 object IBIS_wide_M490_434202 434202 0.038566 924.0 1948.0 -0.08062508 1.000161 0.0007618566 -0.011566033 -0.0008299087 1.0000252 17000775946 323.12857
/home/declsp/obsbot/rawdata/DECam_01457908.fits.fz N4 1457908 467.1866 61090.34674402 1.11 203.53673563107512 -4.444103818641671 203.54427083333331 -4.369 M490 0.037469298 24.999329 1.0384823 1.2255571 21.721148 1.5994632 decam 6.245812 -19.573719 180 object IBIS_wide_M490_434189 434189 0.032954 924.0 1948.0 -0.16455372 1.0002545 0.00082480465 0.20795168 -0.0002359164 1.0000317 16792549683 292.08963
/home/declsp/obsbot/rawdata/DECam_01457909.fits.fz N4 1457909 465.0166 61090.35246468 1.12 204.56374756552157 -3.604103825898223 204.571275 -3.529 M490 0.038154397 25.005396 1.0461996 1.1631081 21.733427 1.4153181 decam 7.8143744 -15.544754 166 object IBIS_wide_M490_431207 431207 0.035232 924.0 1948.0 -0.37102628 1.0003271 0.00085215626 0.029114483 -0.000888624 1.0001082 16746699764 328.55978
/home/declsp/obsbot/rawdata/DECam_01457910.fits.fz N4 1457910 438.0468 61090.35817297 1.12 205.99374294022928 -3.6591038254235353 206.00127083333334 -3.584 M490 0.042122237 25.010698 1.0513213 1.1242946 21.720154 1.3615805 decam 6.3604155 -5.5054703 185 object IBIS_wide_M490_431206 431206 0.037674 924.0 1948.0 -0.016265739 1.0002081 0.0010222665 0.10282358 -0.0008034952 1.0001118 16711041205 321.71936
/home/declsp/obsbot/rawdata/DECam_01457911.fits.fz N4 1457911 504.1063 61090.36360364 1.12 209.51475603210974 -3.0401038307627726 209.52227916666666 -2.965 M490 0.06578794 25.00841 1.049107 1.1103232 21.72203 1.5600625 decam 7.3220367 -11.3126 143 object IBIS_wide_M490_431297 431297 0.052131 924.0 1948.0 -0.54979974 1.0000985 0.0011431484 0.15758501 -0.0013299927 1.000064 16896856285 323.1321
/home/declsp/obsbot/rawdata/DECam_01457912.fits.fz N4 1457912 341.6575 61090.36975874 1.11 208.83673956706087 -4.855103815085307 208.84427916666667 -4.78 M490 0.026813498 25.013948 1.0525619 1.0048574 21.726046 0.970978 decam 9.737025 -8.017166 178 object IBIS_wide_M490_431269 431269 0.027738 924.0 1948.0 -0.27646017 1.0000944 0.001169856 0.012823864 -0.0012626459 1.0000974 16367379192 351.86945
/home/declsp/obsbot/rawdata/DECam_01457913.fits.fz N4 1457913 351.3775 61090.37401962 1.11 210.9067458938711 -4.251103820310299 210.91427916666666 -4.176 M490 0.042461418 25.018435 1.0569186 0.97607607 21.693918 1.0395005 decam 12.108047 -7.4970613 198 object IBIS_wide_M490_431271 431271 0.038187 924.0 1948.0 0.18381065 1.0002567 0.001159128 0.29895484 -0.001204646 1.0002149 16511291300 338.02533
/home/declsp/obsbot/rawdata/DECam_01457914.fits.fz N4 1457914 150.0 61090.38008719 1.63 242.81575692934746 14.736501013534783 242.823525 14.811605 M490 0.035430316 24.92935 1.0700014 1.3866225 21.591599 2.587816 decam 14.693507 -17.875652 262 object "Pal14 position 10" 0 0.0 924.0 1948.0 -0.22897315 1.0003583 0.002350922 0.29852027 -0.0028173272 1.000234 15867736965 57.963936
/home/declsp/obsbot/rawdata/DECam_01457915.fits.fz N4 1457915 150.0 61090.38217625 1.63 242.79746249688176 15.044161010703132 242.80524166666663 15.119265 M490 0.033133317 24.925669 1.0663787 1.1089538 21.471262 1.834682 decam 6.8765025 -10.682671 252 object "Pal14 position 11" 0 0.0 924.0 1948.0 0.3465407 1.000374 0.002356079 0.23349378 -0.0026772453 1.0001365 15913939116 81.75804
/home/declsp/obsbot/rawdata/DECam_01457916.fits.fz N4 1457916 150.0 61090.38423945 1.6 242.5867507084143 14.793982124117457 242.59452083333332 14.86908611111111 M490 0.037000854 24.934336 1.0690908 1.1608322 21.30118 2.37436 decam 7.857579 -11.80362 242 object "Pal14 position 12" 0 0.0 924.0 1948.0 -0.3749333 1.0003928 0.0023818258 0.61061245 -0.002667904 1.0001336 16001419799 63.174915
/home/declsp/obsbot/rawdata/DECam_01457917.fits.fz N4 1457917 150.0 61090.38629124 1.6 242.93096977963012 14.843091012554659 242.93874166666666 14.918195 M490 0.035497732 24.933533 1.0682993 1.2506986 21.047619 3.4506028 decam 10.502625 -10.369905 240 object "Pal14 position 13" 0 0.0 924.0 1948.0 -0.232567 1.0006771 0.002416062 0.17427936 -0.0028678458 1.0001556 16193782571 43.470665
/home/declsp/obsbot/rawdata/DECam_01457918.fits.fz N4 1457918 150.0 61090.38836643 1.59 242.63124602409232 15.038847121863219 242.63902499999998 15.113951111111112 M490 0.031200195 24.928196 1.0611349 1.2771713 20.705652 4.837384 decam 6.7799506 -10.606439 272 object "Pal14 position 14" 0 0.0 924.0 1948.0 -0.10151008 1.0005102 0.0023267423 0.50064903 -0.0025387995 1.0000983 16496132901 31.008493
/home/declsp/obsbot/rawdata/DECam_01457919.fits.fz N4 1457919 150.0 61090.39042781 1.57 242.71873786971096 14.686669069548234 242.72650416666667 14.761773055555556 M490 0.03645842 24.933851 1.0628123 1.3070277 20.290434 7.6122813 decam 10.500272 -6.4397144 221 object "Pal14 position 15" 0 0.0 924.0 1948.0 -0.47739765 1.0003854 0.0023579726 0.30408993 -0.0027405724 1.000084 17009424839 19.705
/home/declsp/obsbot/rawdata/DECam_01457920.fits.fz N4 1457920 15.0 61090.39421306 1.16 189.70078795747543 -49.79143632983654 189.712425 -49.71633305555556 M490 0.12849489 24.98561 1.0347883 1.3348784 19.91664 18.867043 decam -49.530293 43.459736 830 object "LTT4861 N4" 0 0.0 924.0 1948.0 0.046725046 1.0001259 0.00064619706 -0.031892154 -0.0007041904 1.0000364 15600115595 0.79503715
/home/declsp/obsbot/rawdata/DECam_01457921.fits.fz N4 1457921 15.0 61090.39470292 1.16 189.21964629080875 -49.79143632983654 189.23128333333335 -49.71633305555556 M490 0.123391315 24.98774 1.036821 1.2629085 19.794422 18.195683 decam -40.497734 33.27576 820 object "LTT4861 N5" 0 0.0 924.0 1948.0 -0.31899893 1.0000602 0.0005880441 0.05094093 -0.0009407122 1.0001483 15629747692 0.8243714
/home/declsp/obsbot/rawdata/DECam_01457922.fits.fz N4 1457922 15.0 61090.39519047 1.16 190.1818893914288 -49.95810327083149 190.19356666666667 -49.883 M490 0.13002166 24.991625 1.0405374 1.1324754 19.698704 16.592808 decam -29.973158 40.17775 882 object "LTT4861 S3" 0 0.0 924.0 1948.0 -0.28495777 1.0000823 0.00071555737 0.30743057 -0.0009197114 1.0001332 15659376900 0.9040061
/home/declsp/obsbot/rawdata/DECam_01457923.fits.fz N4 1457923 15.0 61090.39569542 1.16 189.70074772476212 -49.95810327083149 189.712425 -49.883 M490 0.11683266 24.991596 1.0405104 1.1533881 19.565723 17.808311 decam -45.79569 24.4545 905 object "LTT4861 S4" 0 0.0 924.0 1948.0 -0.15527777 1.0000753 0.000687523 -0.28927797 -0.00080043817 1.0002483 15695783384 0.84230334
/home/declsp/obsbot/rawdata/DECam_01457924.fits.fz N4 1457924 15.0 61090.39619176 1.16 189.21960605809545 -49.95810327083149 189.23128333333335 -49.883 M490 0.12251485 24.98973 1.0387244 1.1704226 19.43132 21.633165 decam -28.205872 20.014711 839 object "LTT4861 S5" 0 0.0 924.0 1948.0 -0.00045228083 1.0000279 0.00057379104 0.31428903 -0.0005904326 1.0002491 15732720268 0.6933798
/home/declsp/obsbot/rawdata/DECam_01457925.fits.fz N4 1457925 15.0 61090.3978941 1.02 234.74177384719718 -28.584297477454864 234.7503291666667 -28.509193888888888 M490 0.11373475 25.018042 1.0394231 1.0679159 19.090961 22.06061 decam -2.0104303 -24.186792 542 object "LTT6248 N4" 0 0.0 924.0 1948.0 -0.21244667 1.0000631 0.0020683664 0.18899988 -0.0017563712 1.0000107 15872409771 0.67994493
/home/declsp/obsbot/rawdata/DECam_01457926.fits.fz N4 1457926 15.0 61090.39838813 1.02 234.38807384719718 -28.584297477454868 234.39662916666666 -28.509193888888888 M490 0.22622195 25.028994 1.049962 1.238977 18.973888 68.83092 decam 14.559001 -36.81603 335 object "LTT6248 N5" 0 0.0 924.0 1948.0 -0.41059566 0.99978167 0.0021830134 0.18731114 -0.0020494324 1.0002252 15915569791 0.21792533
/home/declsp/obsbot/rawdata/DECam_01457927.fits.fz N4 1457927 15.0 61090.39888236 1.02 235.09544772966674 -28.750964697816126 235.10401666666667 -28.67586111111111 M490 0.13145722 25.012056 1.0337094 1.067436 18.84932 31.350048 decam 1.1043327 -27.711048 487 object "LTT6248 S3" 0 0.0 924.0 1948.0 -0.059027616 1.000091 0.0021836658 0.24353883 -0.0020275202 1.0000889 15986698319 0.47846818
/home/declsp/obsbot/rawdata/DECam_01457928.fits.fz N4 1457928 15.0 61090.39938311 1.02 234.74176022966677 -28.750964697816126 234.7503291666667 -28.67586111111111 M490 0.12067507 25.0115 1.0331789 1.1589286 18.724722 38.58651 decam 0.15857834 -47.399025 410 object "LTT6248 S4" 0 0.0 924.0 1948.0 0.16187565 1.0002837 0.002200782 0.15116651 -0.0018329627 1.0000421 16058092230 0.3887369
