logs/db-2025-12-13.ecsv
# %ECSV 1.0
# ---
# datatype:
# - {name: filename, datatype: string}
# - {name: extension, datatype: string}
# - {name: expnum, datatype: int64}
# - {name: exptime, datatype: float32}
# - {name: mjd_obs, datatype: float64}
# - {name: airmass, datatype: float32}
# - {name: racenter, datatype: float64}
# - {name: deccenter, datatype: float64}
# - {name: rabore, datatype: float64}
# - {name: decbore, datatype: float64}
# - {name: band, datatype: string}
# - {name: ebv, datatype: float32}
# - {name: zeropoint, datatype: float32}
# - {name: transparency, datatype: float32}
# - {name: seeing, datatype: float32}
# - {name: sky, datatype: float32}
# - {name: expfactor, datatype: float32}
# - {name: camera, datatype: string}
# - {name: dx, datatype: float32}
# - {name: dy, datatype: float32}
# - {name: nmatched, datatype: int64}
# - {name: obstype, datatype: string}
# - {name: object, datatype: string}
# - {name: tileid, datatype: int64}
# - {name: tileebv, datatype: float32}
# - {name: affine_x0, datatype: float32}
# - {name: affine_y0, datatype: float32}
# - {name: affine_dx, datatype: float32}
# - {name: affine_dxx, datatype: float32}
# - {name: affine_dxy, datatype: float32}
# - {name: affine_dy, datatype: float32}
# - {name: affine_dyx, datatype: float32}
# - {name: affine_dyy, datatype: float32}
# - {name: checksum, datatype: string}
# - {name: efftime, datatype: float32}
# schema: astropy-2.0
filename extension expnum exptime mjd_obs airmass racenter deccenter rabore decbore band ebv zeropoint transparency seeing sky expfactor camera dx dy nmatched obstype object tileid tileebv affine_x0 affine_y0 affine_dx affine_dxx affine_dxy affine_dy affine_dyx affine_dyy checksum efftime
rawdata/DECam_01441035.fits.fz N4 1441035 5.0 61023.02189545 1.0 18.088988493946893 -30.87760245130482 18.097741666666668 -30.802498888888888 r 0.02275979 26.821508 1.0032369 2.104782 17.455793 74.20584 decam 18.395727 -83.55132 28 object pointing 0 0.0 924.0 1948.0 -0.349517 1.000143 -0.00086692785 -0.31543258 0.0011756402 1.0001105 19394847653 0.06738014
rawdata/DECam_01441036.fits.fz N4 1441036 30.0 61023.0231397 1.0 18.088988493946893 -30.87760245130482 18.097741666666668 -30.802498888888888 r 0.02275979 26.803808 0.9870134 2.0878835 17.830215 53.435783 decam -11.407125 -2.5766492 40 object pointing 0 0.0 924.0 1948.0 -0.3479961 1.0001291 -0.00083334104 -0.38253748 0.0014351506 0.9996719 32478007938 0.5614216
rawdata/DECam_01441037.fits.fz N4 1441037 15.0 61023.0263713 1.23 343.16323338400645 -20.585453671937714 343.1712583333333 -20.51035 M517 0.03460902 24.985397 0.9957877 2.0825942 18.439869 102.935486 decam -16.605425 43.419594 30 object "LTT9239 N4 M517" 0 0.0 924.0 1948.0 -0.050596576 1.0001291 0.0006072027 -0.019539755 -0.00078274484 1.0000868 16308508160 0.14572234
rawdata/DECam_01441038.fits.fz N4 1441038 15.0 61023.02685882 1.23 343.16323338400645 -20.585453671937714 343.1712583333333 -20.51035 M438 0.03460902 24.678186 0.95585114 2.5461679 18.307167 205.87766 decam -8.501332 41.5053 20 object "LTT9239 N4 M438" 0 0.0 924.0 1948.0 0.3516122 1.000145 0.00071505574 -0.21684255 -0.0006997258 1.0002317 16216372365 0.0728588
rawdata/DECam_01441039.fits.fz N4 1441039 15.0 61023.02736448 1.23 343.16323338400645 -20.585453671937714 343.1712583333333 -20.51035 M490 0.03460902 24.963333 1.0267315 2.0135775 18.41728 94.79991 decam -22.94872 56.011913 30 object "LTT9239 N4 M490" 0 0.0 924.0 1948.0 0.28658345 1.0000896 0.0005443587 0.084422685 -0.0010270047 1.0000038 16280960631 0.158228
rawdata/DECam_01441040.fits.fz N4 1441040 15.0 61023.0278535 1.24 343.16323338400645 -20.585453671937714 343.1712583333333 -20.51035 M464 0.03460902 24.87652 0.9754749 2.18909 18.48938 119.75542 decam -13.195323 57.84516 29 object "LTT9239 M464" 0 0.0 924.0 1948.0 0.17867397 1.0000266 0.0005964415 -0.12717941 -0.000983874 0.99994403 16205284350 0.1252553
rawdata/DECam_01441041.fits.fz N4 1441041 3.0 61023.02832282 1.24 343.16323338400645 -20.585453671937714 343.1712583333333 -20.51035 g 0.03460902 26.591269 1.0205346 1.939916 18.639706 70.053 decam -11.543189 54.347027 30 object "LTT9239 g" 0 0.0 924.0 1948.0 0.019418811 1.0002447 0.00071486353 0.02016925 -0.0008551613 0.999939 16032436726 0.04282472
rawdata/DECam_01441042.fits.fz N4 1441042 15.0 61023.02882893 1.18 349.88815735313506 -17.083381761113934 349.89601666666664 -17.008278055555557 M517 0.02964856 24.989231 0.99133444 1.997352 19.123724 48.553574 decam -19.318253 58.329086 31 object "LTT9491 N4 M517" 0 0.0 924.0 1948.0 0.09255576 0.99981534 0.00024666832 -0.40741697 1.5863887e-05 0.9997261 15868278326 0.3089371
rawdata/DECam_01441043.fits.fz N4 1441043 15.0 61023.02932237 1.18 349.88815735313506 -17.083381761113934 349.89601666666664 -17.008278055555557 M438 0.02964856 24.744267 1.0031427 2.0399306 18.98988 60.107365 decam -15.319321 73.04666 22 object "LTT9491 N4 M438" 0 0.0 924.0 1948.0 0.28800243 1.0013694 -4.9901915e-05 -0.32970747 0.00069399265 0.99992484 15819623772 0.24955344
rawdata/DECam_01441044.fits.fz N4 1441044 15.0 61023.0297877 1.19 349.88815735313506 -17.083381761113934 349.89601666666664 -17.008278055555557 M490 0.02964856 24.959482 1.0156984 2.204221 19.086994 59.717113 decam -14.6167755 69.3218 28 object "LTT9491 N4 M490" 0 0.0 924.0 1948.0 0.038726743 0.9996698 0.00018203205 -0.45171198 -5.6710953e-05 0.9995526 15861427862 0.25118428
rawdata/DECam_01441045.fits.fz N4 1441045 15.0 61023.03025149 1.19 349.88815735313506 -17.083381761113934 349.89601666666664 -17.008278055555557 M464 0.02964856 24.865818 0.95603764 2.4848163 19.160364 81.8609 decam -14.817428 67.94683 23 object "LTT9491 N4 N464" 0 0.0 924.0 1948.0 0.0033386173 0.99951136 0.00013681568 -0.38180944 -5.6365094e-05 0.99970806 15826649386 0.18323766
rawdata/DECam_01441046.fits.fz N4 1441046 3.0 61023.03074542 1.19 349.88815735313506 -17.083381761113934 349.89601666666664 -17.008278055555557 g 0.02964856 26.58827 1.0097836 2.197666 19.304543 47.58057 decam -8.67625 57.31381 29 object "LTT9491 N4 g" 0 0.0 924.0 1948.0 0.020554751 0.9994893 0.0003939526 -0.34483343 -0.00024892416 0.99960303 15735540327 0.06305095
rawdata/DECam_01441047.fits.fz N4 1441047 150.0 61023.03111516 1.24 346.75700311413834 -15.739913718109475 346.76480833333335 -15.66481 M438 0.03516305 24.709568 0.9863603 2.4697223 19.457983 63.61039 decam 1.1315868 67.26339 45 object "NGC7492 position 7" 0 0.0 924.0 1948.0 0.11596923 1.0003377 0.00043788858 -0.061237726 -0.00050785084 0.9998791 18332126510 2.3581054
rawdata/DECam_01441048.fits.fz N4 1441048 150.0 61023.03421251 1.25 346.96233041072753 -15.570545664124165 346.97012916666665 -15.495441944444444 M438 0.03632592 24.704311 0.9840669 2.8182507 20.058659 48.517857 decam -8.128565 -10.300784 183 object "NGC7492 position 8" 0 0.0 924.0 1948.0 -0.51990575 1.0003433 0.00044394186 -0.1937946 -0.00025026477 1.0000396 17090436635 3.0916452
rawdata/DECam_01441049.fits.fz N4 1441049 150.0 61023.03629769 1.27 346.67479741499466 -15.561641775317755 346.6825958333333 -15.486538055555556 M438 0.034417696 24.697773 0.9830897 2.5566049 20.402922 29.010937 decam -17.117529 -15.078357 42 object "NGC7492 position 9" 0 0.0 924.0 1948.0 0.04314969 1.000204 0.00017911836 -0.3067733 -0.0011006427 1.0001029 16671900592 5.170464
rawdata/DECam_01441050.fits.fz N4 1441050 150.0 61023.03839187 1.27 346.8926771018406 -15.766254828976145 346.90048333333334 -15.691151111111111 M438 0.034932733 24.699493 0.9846492 2.398729 20.707083 19.313866 decam -20.866858 -3.9929662 46 object "NGC7492 position 10" 0 0.0 924.0 1948.0 0.120987326 0.99999815 0.00021584824 -0.20473808 -0.00030584921 1.0000511 16306881278 7.766441
rawdata/DECam_01441051.fits.fz N4 1441051 150.0 61023.04049499 1.29 346.8741804726038 -15.458604831827234 346.88197499999995 -15.38350111111111 M438 0.03484899 24.690083 0.98107177 2.3917303 20.950758 15.599723 decam -29.289211 -20.83711 61 object "NGC7492 position 11" 0 0.0 924.0 1948.0 0.029797727 0.9995904 0.0004795848 -0.15316032 -0.00015694628 0.99990976 16117136806 9.615556
rawdata/DECam_01441052.fits.fz N4 1441052 150.0 61023.04257729 1.3 346.6628043118407 -15.708683718399213 346.67060833333335 -15.63358 M438 0.035406247 24.696247 0.9891422 2.2756388 21.125755 11.934848 decam -32.95363 -17.465614 55 object "NGC7492 position 12" 0 0.0 924.0 1948.0 -0.08933016 1.0000974 0.00024861633 -0.05493997 -0.00021008006 1.0000874 16006831573 12.568237
rawdata/DECam_01441053.fits.fz N4 1441053 150.0 61023.04464069 1.31 347.00819785806453 -15.659532607743925 347.01599999999996 -15.584428888888889 M438 0.036330115 24.750996 1.0429187 2.4681792 21.25187 11.379405 decam -26.541866 -21.28319 300 object "NGC7492 position 13" 0 0.0 924.0 1948.0 -0.44489205 1.0004039 0.0002334539 -0.3475607 -0.0007905384 0.9998474 15930905231 13.181708
rawdata/DECam_01441054.fits.fz N4 1441054 30.0 61023.04758895 1.05 20.033742256184034 -14.913103725750792 20.041516666666666 -14.838 g 0.021702839 26.658255 1.0536638 2.1364675 21.720564 4.074613 decam -34.069855 -14.202468 70 object check 0 0.0 924.0 1948.0 -0.2275733 1.0001408 -0.0011567756 -0.29625583 0.0011845566 0.9999923 15946034217 7.3626623
rawdata/DECam_01441055.fits.fz N4 1441055 800.0 61023.04953312 1.05 23.41955673715931 -13.126103742071216 23.42727083333333 -13.051 M464 0.020485856 24.866219 0.9292821 2.0363014 21.933617 4.0012503 decam 4.3171053 -7.688359 89 object IBIS_wide_M464_304060 304060 0.01958 924.0 1948.0 0.14382644 0.9998701 -0.0012670424 -0.1708325 0.0010316822 0.9998623 17281563878 199.9375
rawdata/DECam_01441056.fits.fz N4 1441056 706.4758 61023.05913388 1.06 24.00756634483666 -12.816103744877383 24.015270833333332 -12.741 M464 0.017971894 24.926023 0.98392415 1.7129824 21.967339 2.4154012 decam 8.965659 -8.798867 82 object IBIS_wide_M464_301077 301077 0.020676 924.0 1948.0 -0.32613882 0.99954325 -0.0011966908 -0.171469 0.0009643816 0.999698 17126059152 292.48798
rawdata/DECam_01441057.fits.fz N4 1441057 800.0 61023.06763919 1.06 24.304536405728108 -13.757103736337205 24.312270833333333 -13.682 M464 0.020906312 24.90876 0.9684023 1.7411935 21.972645 2.617961 decam 10.410527 -8.666736 107 object IBIS_wide_M464_304038 304038 0.018673 924.0 1948.0 0.015079103 1.0000501 -0.001315965 -0.31256753 0.0014152727 0.999977 17389997581 305.58133
rawdata/DECam_01441058.fits.fz N4 1441058 800.0 61023.07723767 1.08 24.821553005437288 -13.375103739812108 24.829275000000003 -13.3 M464 0.020927932 24.93059 0.9921377 1.7710572 21.953249 2.6490097 decam 1.3562506 0.6744313 99 object IBIS_wide_M464_304041 304041 0.01943 924.0 1948.0 0.11669663 1.0000099 -0.0012789846 -0.051237375 0.0011012676 1.0001673 17281318319 301.99963
rawdata/DECam_01441059.fits.fz N4 1441059 800.0 61023.08696476 1.07 30.135551816249347 -13.150103741853668 30.143266666666666 -13.075 M464 0.018501475 24.903528 0.9657298 1.7026114 21.993551 2.4371033 decam 13.588692 1.9389052 87 object IBIS_wide_M464_302963 302963 0.018608 924.0 1948.0 0.040989112 1.000323 -0.001447235 -0.07764605 0.0012447635 0.9998847 17212794039 328.25854
rawdata/DECam_01441060.fits.fz N4 1441060 800.0 61023.0965574 1.08 29.93554107223582 -13.615103737630228 29.943270833333333 -13.54 M464 0.01957228 24.911377 0.9747354 2.0811522 21.968918 3.6984997 decam 15.24553 8.041676 93 object IBIS_wide_M464_305969 305969 0.018027 924.0 1948.0 0.040808003 1.0000949 -0.0014727763 -0.25894564 0.001488478 1.0000516 17315609099 216.30392
rawdata/DECam_01441061.fits.fz N4 1441061 800.0 61023.1065508 1.1 35.72166213247095 -9.501103774491284 35.729279166666664 -9.426 M517 0.021730626 24.988409 0.9779652 2.0621066 21.80311 4.1815844 decam 19.770565 18.447468 98 object IBIS_wide_M517_505989 505989 0.025361 924.0 1948.0 0.27783647 1.0000982 -0.0017915413 -0.44225815 0.0018465809 1.0000504 17658740033 191.31505
rawdata/DECam_01441062.fits.fz N4 1441062 537.0767 61023.11614993 1.11 35.76162755941506 -10.612103764640363 35.76927083333333 -10.537 M517 0.023000337 25.028645 1.0165156 1.7526522 21.800337 2.8351324 decam 13.504064 15.0259 105 object IBIS_wide_M517_503910 503910 0.023123 924.0 1948.0 0.64115286 1.0002358 -0.0017028529 -0.16500768 0.0015771878 1.000001 17184301501 189.4362
rawdata/DECam_01441063.fits.fz N4 1441063 468.0173 61023.12269134 1.12 35.76159187013987 -11.950103752680578 35.76927083333333 -11.875 M517 0.019991107 25.03077 1.0201406 1.5047269 21.830034 1.9882983 decam 8.963998 2.992381 90 object IBIS_wide_M517_500922 500922 0.021054 924.0 1948.0 -0.13191062 1.0000354 -0.0018446035 -0.36897564 0.0018929199 0.9999522 16715763161 235.38586
rawdata/DECam_01441064.fits.fz N4 1441064 477.0074 61023.1284814 1.1 39.758599113519956 -11.841103753659127 39.766275 -11.766 M517 0.03656056 25.018549 1.0054936 1.5483073 21.747126 2.5771768 decam 18.450588 13.473739 80 object IBIS_wide_M517_506927 506927 0.030031 924.0 1948.0 -1.0566483 0.99974835 -0.0021726503 -0.073299564 0.0018164447 1.0000427 21781992742 185.08913
rawdata/DECam_01441065.fits.fz N4 1441065 800.0 61023.13430346 1.11 39.86155385552032 -13.085103742442755 39.86926666666667 -13.01 M517 0.028999802 25.00367 0.99339885 1.9720654 21.866987 3.6689832 decam 17.163637 8.907559 111 object IBIS_wide_M517_509890 509890 0.027166 924.0 1948.0 -0.54841816 0.99987376 -0.0020139285 -0.28636113 0.002125932 1.0000618 17610901480 218.04407
rawdata/DECam_01441066.fits.fz N4 1441066 800.0 61023.1438778 1.13 39.68053484874048 -13.929103734768901 39.688275 -13.854 M517 0.022993058 24.978235 0.97351295 2.1242902 21.86715 4.2961507 decam 15.576755 5.8721876 92 object IBIS_wide_M517_509883 509883 0.024333 924.0 1948.0 -0.13819303 1.0000799 -0.0018302577 -0.21792005 0.0017875186 1.00003 17771198671 186.21321
rawdata/DECam_01441067.fits.fz N4 1441067 800.0 61023.15346578 1.16 40.36057259155592 -12.610103746738297 40.36827083333334 -12.535 M517 0.0326124 24.949867 0.9529776 2.3714066 21.856007 6.051497 decam 11.869696 7.929704 85 object IBIS_wide_M517_506925 506925 0.03005 924.0 1948.0 0.28032652 0.9996122 -0.0018684833 -0.314311 0.002239552 1.0001487 17960424530 132.1987
rawdata/DECam_01441068.fits.fz N4 1441068 800.0 61023.16313411 1.15 44.84554960711758 -13.351103740030052 44.853270833333326 -13.276 M517 0.04666479 24.996353 0.99307233 2.0705628 21.894413 4.463323 decam 4.6675158 10.978206 88 object IBIS_wide_M517_506862 506862 0.045272 924.0 1948.0 0.2425346 0.9999305 -0.002007134 -0.07422153 0.0022629069 1.000008 18195251719 179.23865
rawdata/DECam_01441069.fits.fz N4 1441069 800.0 61023.17273354 1.17 45.875548914479126 -13.502103738658075 45.883275 -13.427 M517 0.06360843 25.01142 1.0101817 1.9590931 21.888725 4.3431816 decam 3.073781 2.729824 99 object IBIS_wide_M517_509842 509842 0.063343 924.0 1948.0 -0.3433534 1.0001185 -0.0021169262 -0.33071512 0.0023879416 1.0000279 17548455089 184.19676
rawdata/DECam_01441070.fits.fz N4 1441070 775.5655 61023.18232795 1.19 47.75657585532683 -12.640103746467474 47.764275 -12.565 M517 0.045270924 25.012909 1.0148163 1.8272885 21.881472 3.3831275 decam -1.5560532 9.744414 114 object IBIS_wide_M517_509854 509854 0.058364 924.0 1948.0 0.1533325 0.9999196 -0.0023439417 -0.052262902 0.002389133 1.000075 17650913789 229.24513
rawdata/DECam_01441071.fits.fz N4 1441071 735.3558 61023.19194354 1.12 56.95949162914557 -15.045103724534885 56.96727083333334 -14.97 M517 0.040333975 25.024881 1.014623 1.8260708 21.936079 3.0473702 decam -3.3535428 17.126875 130 object IBIS_wide_M517_507053 507053 0.050016 924.0 1948.0 0.8102114 1.0001746 -0.0024477574 -0.21340023 0.0023534915 1.0000141 18923343511 241.30832
rawdata/DECam_01441072.fits.fz N4 1441072 661.4462 61023.20077926 1.16 55.53250246500226 -14.861103726229382 55.540274999999994 -14.786 M517 0.0545706 25.011484 1.0086242 1.6746061 21.918526 2.9183588 decam -1.9130654 11.052929 125 object IBIS_wide_M517_507052 507052 0.056881 924.0 1948.0 0.04369205 1.0002311 -0.0023414663 -0.4017865 0.0023196356 1.0000501 17400201013 226.65007
rawdata/DECam_01441073.fits.fz N4 1441073 571.5467 61023.20877528 1.19 55.73952313172839 -14.274103731616098 55.747275 -14.199 M517 0.07852052 25.017605 1.0192161 1.5838935 21.875227 3.120353 decam 8.539247 9.113891 117 object IBIS_wide_M517_507061 507061 0.060858 924.0 1948.0 -0.33523965 1.0002201 -0.0025315247 -0.44170666 0.0024219411 1.0001245 16958994515 183.16731
rawdata/DECam_01441074.fits.fz N4 1441074 691.236 61023.21617636 1.31 51.14360188177385 -11.74210375454722 51.151275 -11.667 M517 0.061100796 24.994247 1.0168916 1.5207891 21.806366 2.8701355 decam 4.1099854 8.076055 111 object IBIS_wide_M517_510141 510141 0.067154 924.0 1948.0 0.1769045 1.000081 -0.002300751 -0.32618952 0.002663683 1.0000818 17467052342 240.83742
rawdata/DECam_01441075.fits.fz N4 1441075 744.7857 61023.2245106 1.36 52.976667941919196 -9.041103778550859 52.984275 -8.966 M517 0.056591615 25.000946 1.0314165 1.6390573 21.736704 3.4131913 decam 8.8477125 -3.3253942 119 object IBIS_wide_M517_507193 507193 0.055118 924.0 1948.0 -0.037819784 0.99993676 -0.0024228962 -0.5788536 0.002308285 1.0000213 17766052367 218.20802
rawdata/DECam_01441076.fits.fz N4 1441076 800.0 61023.23351027 1.43 50.59657899444331 -12.395103748677323 50.60427083333334 -12.32 M517 0.09031738 24.994383 1.036766 1.676677 21.722954 4.5195465 decam 12.575619 -1.2977508 93 object IBIS_wide_M517_509834 509834 0.075431 924.0 1948.0 0.3778047 1.0002215 -0.0022324587 -0.13691585 0.0023953044 1.0002263 18751708172 177.00891
