logs/db-2024-10-30.ecsv
# %ECSV 1.0
# ---
# datatype:
# - {name: filename, datatype: string}
# - {name: extension, datatype: string}
# - {name: expnum, datatype: int64}
# - {name: exptime, datatype: float32}
# - {name: mjd_obs, datatype: float64}
# - {name: airmass, datatype: float32}
# - {name: racenter, datatype: float64}
# - {name: deccenter, datatype: float64}
# - {name: rabore, datatype: float64}
# - {name: decbore, datatype: float64}
# - {name: band, datatype: string}
# - {name: ebv, datatype: float32}
# - {name: zeropoint, datatype: float32}
# - {name: transparency, datatype: float32}
# - {name: seeing, datatype: float32}
# - {name: sky, datatype: float32}
# - {name: expfactor, datatype: float32}
# - {name: camera, datatype: string}
# - {name: dx, datatype: float32}
# - {name: dy, datatype: float32}
# - {name: nmatched, datatype: int64}
# - {name: obstype, datatype: string}
# - {name: object, datatype: string}
# - {name: tileid, datatype: int64}
# - {name: tileebv, datatype: float32}
# - {name: affine_x0, datatype: float32}
# - {name: affine_y0, datatype: float32}
# - {name: affine_dx, datatype: float32}
# - {name: affine_dxx, datatype: float32}
# - {name: affine_dxy, datatype: float32}
# - {name: affine_dy, datatype: float32}
# - {name: affine_dyx, datatype: float32}
# - {name: affine_dyy, datatype: float32}
# - {name: checksum, datatype: string}
# - {name: efftime, datatype: float32}
# schema: astropy-2.0
filename extension expnum exptime mjd_obs airmass racenter deccenter rabore decbore band ebv zeropoint transparency seeing sky expfactor camera dx dy nmatched obstype object tileid tileebv affine_x0 affine_y0 affine_dx affine_dxx affine_dxy affine_dy affine_dyx affine_dyy checksum efftime
rawdata/DECam_01336940.fits.fz N4 1336940 30.0 60613.99383305 1.0 323.711986832587 -29.770935519628853 323.72064166666667 -29.695831944444443 r 0.04665174 26.882936 1.0616335 0.9119956 17.830408 9.715528 decam -15.875804 11.004098 158 object pointing 0 0.0 924.0 1948.0 -0.048432797 0.99983263 0.0016301997 0.15015936 -0.0013445395 0.99981755 32567851424 3.0878406
rawdata/DECam_01336939.fits.fz N4 1336939 5.0 60613.99239004 1.0 323.711986832587 -29.770935519628853 323.72064166666667 -29.695831944444443 r 0.04665174 26.870342 1.0493898 1.5178146 17.357134 42.50757 decam -14.421406 -34.79731 94 object pointing 0 0.0 924.0 1948.0 0.041696876 1.0001029 0.0015222334 0.085392445 -0.0014326959 0.9998035 19788119134 0.117626116
rawdata/DECam_01336941.fits.fz N4 1336941 5.0 60614.00035724 1.04 343.16323338400645 -20.585453671937714 343.1712583333333 -20.51035 g 0.03460902 26.709785 1.1031485 0.9789438 19.412933 7.048881 decam -22.592031 31.748392 45 object "LTT9239 N4 g" 0 0.0 924.0 1948.0 -0.2199697 0.99983704 0.0005308754 0.04189406 -0.0009903661 0.9999426 15917519789 0.70933247
rawdata/DECam_01336942.fits.fz N4 1336942 15.0 60614.00158724 1.04 343.16323338400645 -20.585453671937714 343.1712583333333 -20.51035 M438 0.03460902 24.809195 1.0281243 0.9842689 19.670664 5.311466 decam -11.311176 30.23027 32 object "LTT9239 N4 M438" 0 0.0 924.0 1948.0 -0.30742958 0.99967414 0.00048269806 -0.056534365 -0.0010852535 0.9998591 15610805207 2.824079
rawdata/DECam_01336943.fits.fz N4 1336943 15.0 60614.00209319 1.04 343.16323338400645 -20.585453671937714 343.1712583333333 -20.51035 M490 0.03460902 24.981396 1.00858 0.9484492 19.820362 4.440794 decam -15.763799 30.164402 43 object "LTT9239 N4 M490" 0 0.0 924.0 1948.0 -0.24251935 0.99991864 0.0004848945 -0.0046949 -0.0008584081 1.0000154 15612640410 3.3777745
rawdata/DECam_01336944.fits.fz N4 1336944 15.0 60614.0025954 1.04 343.16323338400645 -20.585453671937714 343.1712583333333 -20.51035 M517 0.03460902 24.773905 1.0100572 0.9288948 19.895205 3.9579716 decam -15.254876 29.386549 45 object "LTT9239 N517" 0 0.0 924.0 1948.0 -0.20346168 0.9997749 0.00048045313 -0.095156334 -0.00093624985 0.9999672 15552309754 3.78982
rawdata/DECam_01336945.fits.fz N4 1336945 3.0 60614.00313131 1.04 343.16323338400645 -20.585453671937714 343.1712583333333 -20.51035 g 0.03460902 26.703075 1.0963532 0.98119676 20.056084 3.9647787 decam -22.938675 15.62911 41 object "LTT9239 g" 0 0.0 924.0 1948.0 -0.25435504 0.9997754 0.0005459565 0.03911371 -0.0010099364 0.9998218 15546699922 0.75666267
rawdata/DECam_01336946.fits.fz N4 1336946 3.0 60614.00438927 1.17 349.98603191649534 -5.1572707569123715 349.993575 -5.082166944444444 g 0.04115696 26.651798 1.0672815 1.1799256 20.124874 6.143415 decam 0.49854124 35.09424 32 object "Feige110 N4 g" 0 0.0 924.0 1948.0 -0.1812431 1.0003079 0.00052421517 0.007916986 -0.00027537445 0.9999753 15700962932 0.48832774
rawdata/DECam_01336947.fits.fz N4 1336947 12.0 60614.0050877 1.17 349.98603191649534 -5.1572707569123715 349.993575 -5.082166944444444 M438 0.04115696 24.734234 0.99142 1.14405 20.273487 4.7252264 decam -3.5301838 32.686337 26 object "Feige110 N4 M438" 0 0.0 924.0 1948.0 0.041951653 1.000347 0.00031968928 0.06443223 -0.000345286 1.0001187 15586760830 2.5395608
rawdata/DECam_01336948.fits.fz N4 1336948 12.0 60614.00555354 1.17 349.98603191649534 -5.1572707569123715 349.993575 -5.082166944444444 M490 0.04115696 24.948488 1.0018238 1.0784299 20.374424 3.6596797 decam -1.7834227 33.177334 33 object "Feige110 N4 M490" 0 0.0 924.0 1948.0 -0.06166187 1.000361 0.00031598663 0.029416302 -0.0002234963 1.0000894 15629109959 3.2789755
rawdata/DECam_01336949.fits.fz N4 1336949 12.0 60614.00602008 1.17 349.98603191649534 -5.1572707569123715 349.993575 -5.082166944444444 M517 0.04115696 24.739624 0.99926656 1.1091199 20.362183 3.906195 decam -2.472254 33.105988 33 object "Feige110 N4 N517" 0 0.0 924.0 1948.0 -0.10338673 1.0002937 0.00034688463 -0.08118948 -0.0002532258 1.0000867 15615243918 3.0720432
rawdata/DECam_01336950.fits.fz N4 1336950 2.0 60614.00648759 1.17 349.98603191649534 -5.1572707569123715 349.993575 -5.082166944444444 g 0.04115696 26.646645 1.0622292 1.1722656 20.501501 4.327462 decam -3.4925096 39.898975 31 object "Feige110 N4 g" 0 0.0 924.0 1948.0 -0.0905608 1.0003748 0.000611889 -0.016136745 -0.00020565758 0.9999313 15555274347 0.46216464
rawdata/DECam_01336951.fits.fz N4 1336951 3.0 60614.0072795 1.08 349.88815735313506 -17.083381761113934 349.89601666666664 -17.008278055555557 g 0.02964856 26.694656 1.0947189 1.1028377 20.74972 2.6062784 decam 6.021747 26.417652 34 object "LTT9491 N4 g" 0 0.0 924.0 1948.0 -0.16881193 1.0000157 0.00015154146 -0.44411495 -0.00034208226 0.9995854 15465809292 1.1510665
rawdata/DECam_01336952.fits.fz N4 1336952 15.0 60614.00848139 1.07 349.88815735313506 -17.083381761113934 349.89601666666664 -17.008278055555557 M438 0.02964856 24.786352 1.0143429 1.08694 20.953451 2.07183 decam -9.171909 15.830908 25 object "LTT9491 N4 M438" 0 0.0 924.0 1948.0 0.22051086 0.9995195 0.00023778844 -0.19460064 -8.079138e-05 0.99953485 15443807523 7.239976
rawdata/DECam_01336953.fits.fz N4 1336953 15.0 60614.00898861 1.07 349.88815735313506 -17.083381761113934 349.89601666666664 -17.008278055555557 M490 0.02964856 24.971924 1.0052758 1.0475132 20.99879 1.8609723 decam -4.576537 20.397743 37 object "LTT9491 N4 M490" 0 0.0 924.0 1948.0 -0.060534075 0.9999909 8.178625e-05 -0.2156527 -0.00031278672 0.999716 15455165276 8.060303
rawdata/DECam_01336954.fits.fz N4 1336954 15.0 60614.00952476 1.07 349.88815735313506 -17.083381761113934 349.89601666666664 -17.008278055555557 M517 0.02964856 24.76216 1.0040051 1.062605 20.877542 2.14016 decam -17.10788 6.0115385 38 object "LTT9491 N4 N517" 0 0.0 924.0 1948.0 -0.054944422 1.0000362 0.00018873446 -0.30712116 -0.00018825036 0.9997343 15448534807 7.008822
rawdata/DECam_01336955.fits.fz N4 1336955 3.0 60614.01005524 1.07 349.88815735313506 -17.083381761113934 349.89601666666664 -17.008278055555557 g 0.02964856 26.692307 1.0906425 1.0668063 21.100115 1.7739955 decam -19.071741 20.592854 34 object "LTT9491 N4 g" 0 0.0 924.0 1948.0 -0.07120381 0.99998784 0.00022568995 -0.22279058 -0.00010919248 0.9995949 15438382791 1.6910979
rawdata/DECam_01336956.fits.fz N4 1336956 5.0 60614.01248106 2.01 36.89749574878932 -14.816103726643346 36.90526666666667 -14.741 g 0.021967677 26.500813 1.0592656 1.3349845 21.023365 4.0507345 decam -26.673044 64.270065 37 object "" 0 0.0 924.0 1948.0 0.6695429 1.0004065 -0.0017537444 -0.18082118 0.0018333631 1.0005182 15496014991 1.234344
rawdata/DECam_01336957.fits.fz N4 1336957 20.0 60614.01414385 1.98 36.89749574878932 -14.816103726643346 36.90526666666667 -14.741 M438 0.021967677 24.539278 1.0156099 1.3502195 21.303268 3.6488795 decam -0.24521813 2.5394742 27 object "" 0 0.0 924.0 1948.0 0.5489485 1.0002512 -0.0017403738 0.20310505 0.002363552 1.0001944 15442215073 5.4811344
rawdata/DECam_01336958.fits.fz N4 1336958 500.0 60614.01630022 1.04 338.0405103705997 -14.402103730443914 338.0482666666667 -14.327 M438 0.06552047 24.808764 1.0277169 1.0193565 21.675005 0.8998506 decam 0.36334115 -0.3324768 122 object IBIS_wide_M438_257764 257764 0.053088 924.0 1948.0 -0.04553007 1.0000478 0.0006553865 -0.038360976 -0.00030309474 0.9999908 16668821907 555.64777
rawdata/DECam_01336959.fits.fz N4 1336959 493.0 60614.02247677 1.04 339.0795100305475 -14.531103729261213 339.0872708333333 -14.456 M438 0.04742359 24.811016 1.0298505 0.9228961 21.746128 0.6883409 decam 8.027748 -4.6082954 113 object IBIS_wide_M438_257761 257761 0.048726 924.0 1948.0 -0.03573759 0.9999093 0.0006618149 0.15363841 -0.00040001862 0.9999673 16577817051 716.2149
rawdata/DECam_01336960.fits.fz N4 1336960 376.0 60614.02854411 1.04 341.5405138459939 -14.541103729169471 341.548275 -14.466 M438 0.042883586 24.803667 1.0229045 1.0267969 21.743908 0.86494356 decam 11.201154 -9.096972 88 object IBIS_wide_M438_254995 254995 0.043445 924.0 1948.0 0.07404235 1.0000972 0.00017634401 -0.07537306 -0.00019527359 0.99999386 16349414779 434.71042
rawdata/DECam_01336961.fits.fz N4 1336961 282.0 60614.03328177 1.04 342.965507762973 -14.713103727590244 342.973275 -14.638 M438 0.03940095 24.788193 1.0084285 1.044775 21.781841 0.88968444 decam 9.757196 -2.5814073 85 object IBIS_wide_M438_254994 254994 0.040984 924.0 1948.0 -0.05284042 1.0001165 0.0004450234 -0.026593884 -0.0005499934 1.0000502 16048610742 316.96634
rawdata/DECam_01336962.fits.fz N4 1336962 300.0 60614.04015169 1.78 35.74373683096528 -4.325103819670615 35.751270833333336 -4.25 M438 0.027691286 24.631018 1.0509526 1.1098175 21.64735 1.517457 decam -5.578941 24.286636 55 object IBIS_deep_xmm_M438_1 0 0.0 924.0 1948.0 0.6253665 0.9998529 -0.0021096726 -0.2542142 0.0011319893 1.0002961 16190192052 197.69917
rawdata/DECam_01336963.fits.fz N4 1336963 300.0 60614.04402284 1.73 35.74373683096528 -4.325103819670615 35.751270833333336 -4.25 M490 0.027691286 24.843739 1.0069772 1.0569417 21.503094 1.5077558 decam 2.809218 34.99475 78 object IBIS_deep_xmm_M490_1 0 0.0 924.0 1948.0 0.34883794 0.99977 -0.0019153256 -0.24686278 0.0011417371 1.0003194 16491387384 198.9712
rawdata/DECam_01336964.fits.fz N4 1336964 408.0 60614.04787193 1.68 35.430745412197254 -4.300103819886738 35.43827916666666 -4.225 M490 0.022121742 24.860788 1.0136757 1.0888942 21.519943 1.526743 decam 7.901823 24.01161 64 object IBIS_deep_xmm_M490_2 0 0.0 924.0 1948.0 -0.0007226899 0.9999836 -0.0017188803 -0.104549035 0.0009867643 1.0003818 17044858685 267.23553
rawdata/DECam_01336965.fits.fz N4 1336965 445.0 60614.05430286 1.61 35.430745412197254 -4.300103819886738 35.43827916666666 -4.225 M517 0.022121742 24.687067 1.021604 1.0323609 21.17185 1.7691925 decam 14.678337 25.157568 71 object IBIS_deep_xmm_M517_2 0 0.0 924.0 1948.0 0.28691447 1.0000782 -0.0016380391 -0.37369493 0.001141245 1.0003319 17203803885 251.52719
rawdata/DECam_01336966.fits.fz N4 1336966 463.0 60614.05981646 1.54 35.14874397462863 -4.443103818650318 35.15627916666667 -4.368 M438 0.020384904 24.68547 1.0402935 1.0578676 21.687786 1.2017916 decam 16.672861 25.26947 51 object IBIS_deep_xmm_M438_3 0 0.0 924.0 1948.0 0.39653808 0.9999815 -0.0019064955 -0.41485977 0.0014387333 1.0002983 16616025520 385.25812
rawdata/DECam_01336967.fits.fz N4 1336967 500.0 60614.06554869 1.49 35.14874397462863 -4.443103818650318 35.15627916666667 -4.368 M490 0.020384904 24.899733 1.0150913 1.0060697 21.542759 1.1882987 decam 17.122322 21.675623 62 object IBIS_deep_xmm_M490_3 0 0.0 924.0 1948.0 0.23377843 1.0000948 -0.0017353428 -0.3696545 0.0011790146 1.0001584 17240697279 420.7696
rawdata/DECam_01336968.fits.fz N4 1336968 337.0 60614.07170135 1.45 35.14874397462863 -4.443103818650318 35.15627916666667 -4.368 M517 0.020384904 24.726206 1.0322909 0.96491045 21.208027 1.3913997 decam 23.574213 13.30237 59 object IBIS_deep_xmm_M517_3 0 0.0 924.0 1948.0 0.2589345 0.99999225 -0.0018207716 -0.49627668 0.0013780717 1.000185 16779490287 242.20215
rawdata/DECam_01336969.fits.fz N4 1336969 401.0 60614.07597443 1.41 34.96173713736164 -4.697103816452966 34.969274999999996 -4.622 M438 0.02246037 24.725132 1.0442995 0.964296 21.726181 0.89638954 decam 11.475001 15.855461 63 object IBIS_deep_xmm_M438_4 0 0.0 924.0 1948.0 -0.11482206 1.0000156 -0.0015702163 -0.09018507 0.0014064881 1.000154 16359145439 447.35016
rawdata/DECam_01336970.fits.fz N4 1336970 432.0 60614.08099833 1.38 34.96173713736164 -4.697103816452966 34.969274999999996 -4.622 M490 0.02246037 24.912756 1.0070397 0.8986529 21.558899 0.9125384 decam 19.878029 2.729396 77 object IBIS_deep_xmm_M490_4 0 0.0 924.0 1948.0 0.15911286 0.999887 -0.001645725 -0.078646846 0.0014465889 1.0001516 16858237960 473.40472
rawdata/DECam_01336971.fits.fz N4 1336971 268.0 60614.08639703 1.34 34.96173713736164 -4.697103816452966 34.969274999999996 -4.622 M517 0.02246037 24.730728 1.0184861 0.9708941 21.234556 1.3632563 decam 10.722386 -7.4384894 74 object IBIS_deep_xmm_M517_4 0 0.0 924.0 1948.0 0.1325801 0.99990517 -0.0016603821 -0.07354469 0.0014286445 1.0001428 16388545348 196.58812
rawdata/DECam_01336972.fits.fz N4 1336972 309.0 60614.08986901 1.32 34.944734141888084 -5.318103811073778 34.95227916666666 -5.243 M438 0.022160035 24.734838 1.0300994 1.0351349 21.756918 0.98595214 decam 10.605324 -5.979729 53 object IBIS_deep_xmm_M438_6 0 0.0 924.0 1948.0 0.6153584 0.9995778 -0.001374751 -0.47553355 0.0025590276 0.99958915 16107620480 313.40262
rawdata/DECam_01336973.fits.fz N4 1336973 439.0 60614.09382727 1.3 34.944734141888084 -5.318103811073778 34.95227916666666 -5.243 M517 0.022160035 24.72503 1.0066816 1.0174029 21.250858 1.4898884 decam 18.426584 -1.6873956 67 object IBIS_deep_xmm_M517_6 0 0.0 924.0 1948.0 -0.23243988 0.9999288 -0.001124899 -0.4990646 0.0024451395 0.9995961 17002629562 294.65292
rawdata/DECam_01336974.fits.fz N4 1336974 310.0 60614.09928957 1.27 35.09972648996677 -5.595103808670939 35.107275 -5.52 M517 0.025305253 24.74189 1.0175314 0.95614237 21.259869 1.2654957 decam 20.49061 -1.9298496 76 object IBIS_deep_xmm_M517_7 0 0.0 924.0 1948.0 0.65819407 1.0001178 -0.0019265305 -0.2795902 0.0019312578 1.0000218 16511019380 244.96332
rawdata/DECam_01336975.fits.fz N4 1336975 485.0 60614.10325136 1.25 35.335719521026185 -5.808103806821725 35.34327083333333 -5.733 M517 0.02400516 24.752825 1.0245426 1.0497218 21.274366 1.4743925 decam 16.86282 -2.2562318 76 object IBIS_deep_xmm_M517_8 0 0.0 924.0 1948.0 -0.0970339 0.99988484 -0.0012690976 -0.22605075 0.0015845926 1.0000236 17175457972 328.94904
rawdata/DECam_01336976.fits.fz N4 1336976 419.0 60614.10923894 1.23 35.62472188390667 -5.941103805666346 35.632275 -5.866 M517 0.02627673 24.742323 1.0114334 1.1333948 21.290285 1.7263184 decam 17.325914 -8.482794 71 object IBIS_deep_xmm_M517_9 0 0.0 924.0 1948.0 -0.056208596 0.9999832 -0.0016003042 -0.24546057 0.0015535619 1.0001658 16924274456 242.71306
rawdata/DECam_01336977.fits.fz N4 1336977 500.0 60614.11446108 1.21 35.93972126419123 -5.986103805275302 35.947275000000005 -5.911 M438 0.02605925 24.752605 1.0185307 1.1885583 21.817268 1.1893334 decam 17.877293 -10.841434 63 object IBIS_deep_xmm_M438_10 0 0.0 924.0 1948.0 0.646179 1.0001663 -0.0017350727 -0.05896245 0.0015059328 0.9999003 16496971044 420.40356
rawdata/DECam_01336978.fits.fz N4 1336978 500.0 60614.12062582 1.2 36.25572599568031 -5.9451038056315895 36.26327916666666 -5.87 M438 0.027104508 24.762709 1.0254704 1.1523067 21.821697 1.092934 decam 16.653496 -17.018873 69 object IBIS_deep_xmm_M438_11 0 0.0 924.0 1948.0 -0.33586717 1.0000998 -0.0016487007 -0.27262124 0.0016152218 1.0001302 16614899292 457.48413
rawdata/DECam_01336979.fits.fz N4 1336979 402.0 60614.12678997 1.18 36.25572599568031 -5.9451038056315895 36.26327916666666 -5.87 M490 0.027104508 24.94912 1.0042273 1.1230379 21.638535 1.2371597 decam 20.34045 -18.128252 79 object IBIS_deep_xmm_M490_11 0 0.0 924.0 1948.0 -0.13327828 0.99991345 -0.0014955868 -0.12442019 0.0013694301 0.99993587 16788998631 324.93784
rawdata/DECam_01336980.fits.fz N4 1336980 393.0 60614.13182714 1.17 36.55071931967042 -5.823103806691448 36.55827083333333 -5.748 M438 0.03065804 24.757366 1.0127689 1.2237712 21.839224 1.2246956 decam 5.8186846 -4.5799513 60 object IBIS_deep_xmm_M438_12 0 0.0 924.0 1948.0 0.62878436 1.0002543 -0.0018876776 -0.38600734 0.001592753 1.0000974 16250082056 320.8961
rawdata/DECam_01336981.fits.fz N4 1336981 457.0 60614.13674996 1.16 36.80572184415615 -5.632103808349813 36.813270833333334 -5.557 M438 0.028117586 24.765682 1.0179933 1.1514862 21.848452 1.058998 decam 5.078844 0.98537654 65 object IBIS_deep_xmm_M438_13 0 0.0 924.0 1948.0 0.30120873 1.0003432 -0.0014970701 -0.46238905 0.0019603122 0.9997273 16380129783 431.54
