logs/db-2024-07-08.ecsv
# %ECSV 1.0
# ---
# datatype:
# - {name: filename, datatype: string}
# - {name: extension, datatype: string}
# - {name: expnum, datatype: int64}
# - {name: exptime, datatype: float32}
# - {name: mjd_obs, datatype: float64}
# - {name: airmass, datatype: float32}
# - {name: racenter, datatype: float64}
# - {name: deccenter, datatype: float64}
# - {name: rabore, datatype: float64}
# - {name: decbore, datatype: float64}
# - {name: band, datatype: string}
# - {name: ebv, datatype: float32}
# - {name: zeropoint, datatype: float32}
# - {name: transparency, datatype: float32}
# - {name: seeing, datatype: float32}
# - {name: sky, datatype: float32}
# - {name: expfactor, datatype: float32}
# - {name: camera, datatype: string}
# - {name: dx, datatype: float32}
# - {name: dy, datatype: float32}
# - {name: nmatched, datatype: int64}
# - {name: obstype, datatype: string}
# - {name: object, datatype: string}
# - {name: tileid, datatype: int64}
# - {name: tileebv, datatype: float32}
# - {name: affine_x0, datatype: float32}
# - {name: affine_y0, datatype: float32}
# - {name: affine_dx, datatype: float32}
# - {name: affine_dxx, datatype: float32}
# - {name: affine_dxy, datatype: float32}
# - {name: affine_dy, datatype: float32}
# - {name: affine_dyx, datatype: float32}
# - {name: affine_dyy, datatype: float32}
# - {name: checksum, datatype: string}
# - {name: efftime, datatype: float32}
# schema: astropy-2.0
filename extension expnum exptime mjd_obs airmass racenter deccenter rabore decbore band ebv zeropoint transparency seeing sky expfactor camera dx dy nmatched obstype object tileid tileebv affine_x0 affine_y0 affine_dx affine_dxx affine_dxy affine_dy affine_dyx affine_dyy checksum efftime
[from data line 86]
rawdata/DECam_01310079.fits.fz N4 1310079 267.0 60500.33899519 1.04 345.62350069791705 -14.910103725778411 345.631275 -14.835 M464 0.034717184 24.99269 1.0422106 0.9402292 21.872984 0.75980556 decam 2.6339593 11.026304 97 object IBIS_wide_M464_357975 357975 0.034823 924.0 1948.0 -0.35595945 1.0004672 0.0004538889 0.05260112 -0.0005860416 1.0001112 16315170055 351.4057
rawdata/DECam_01310080.fits.fz N4 1310080 253.0 60500.34243609 1.04 346.8784930144711 -14.892103725944098 346.88626666666664 -14.817 M464 0.032565374 24.98529 1.0351326 0.9089074 21.880217 0.7060801 decam 9.334311 18.482767 106 object IBIS_wide_M464_357954 357954 0.03454 924.0 1948.0 -0.07659 1.0000443 0.0004049473 -0.091938436 -0.00018996629 1.000221 16021217045 358.31628
rawdata/DECam_01310081.fits.fz N4 1310081 252.0 60500.34572347 1.05 348.1804977535753 -14.760103727158276 348.18826666666666 -14.685 M464 0.03424316 24.9934 1.045106 0.9288878 21.876432 0.7362486 decam 9.274 13.038679 104 object IBIS_wide_M464_357963 357963 0.033889 924.0 1948.0 -0.10726093 0.99996626 0.0003747149 0.044470962 -0.00030566962 0.99983084 16032664802 342.2757
rawdata/DECam_01310082.fits.fz N4 1310082 50.0 60500.3502305 1.72 34.265731728070264 -5.173103812330712 34.273275 -5.098 g 0.02235076 26.59754 1.1065621 1.1802747 21.40327 1.8722311 decam -3.361218 63.54998 74 object coord_check 0 0.0 924.0 1948.0 -0.25971815 1.0004808 -0.0012641291 -0.13950765 0.00073808467 1.0002968 16278494983 26.706104
rawdata/DECam_01310083.fits.fz N4 1310083 500.0 60500.35207855 1.7 34.265731728070264 -5.173103812330712 34.273275 -5.098 M464 0.02235076 24.881433 1.081865 1.0356532 21.587475 1.3672874 decam -11.226657 -0.9025671 82 object IBIS_deep_xmm_M464_63 0 0.0 924.0 1948.0 -0.1734466 1.0005323 -0.001439888 -0.12602644 0.0011782638 1.000401 17024618920 365.68756
rawdata/DECam_01310084.fits.fz N4 1310084 500.0 60500.35822398 1.65 35.463722102774724 -6.222103803223431 35.47127916666667 -6.147 M464 0.026782516 24.895105 1.0840328 1.1411923 21.603018 1.6376014 decam -9.831555 -8.503296 76 object IBIS_deep_xmm_M464_84 0 0.0 924.0 1948.0 0.35107455 1.0002258 -0.0013654857 -0.11809583 0.0013773895 1.0002127 17208734938 305.32462
rawdata/DECam_01310085.fits.fz N4 1310085 337.0 60500.36439664 1.58 34.13474617631922 -4.222103820560953 34.14227916666667 -4.147 M464 0.021127248 24.897411 1.0703477 1.0116336 21.583828 1.2619874 decam -5.81025 0.8829051 70 object IBIS_deep_xmm_M464_45 0 0.0 924.0 1948.0 -0.017461184 1.0001597 -0.001745377 -0.09945307 0.001235287 1.0004092 16503139722 267.0391
rawdata/DECam_01310086.fits.fz N4 1310086 423.0 60500.36865269 1.54 35.09972648996677 -5.595103808670939 35.107275 -5.52 M464 0.025305253 24.896372 1.0602996 1.1039729 21.607887 1.5090593 decam -8.368665 -10.175637 68 object IBIS_deep_xmm_M464_7 0 0.0 924.0 1948.0 0.81095374 1.0002555 -0.0019792216 -0.25906265 0.0016449861 1.0001711 16745071189 280.30707
rawdata/DECam_01310087.fits.fz N4 1310087 343.0 60500.37391937 1.5 34.89373785269465 -5.006103813777643 34.90127916666666 -4.931 M464 0.020386744 24.917246 1.0717617 1.1055394 21.568422 1.4668157 decam -8.829383 -7.384875 50 object IBIS_deep_xmm_M464_5 0 0.0 924.0 1948.0 0.5875495 0.99988544 -0.0016942448 -0.106887065 0.0014938632 1.0003003 16733143255 233.83987
rawdata/DECam_01310088.fits.fz N4 1310088 414.0 60500.37824323 1.47 35.62472188390667 -5.941103805666346 35.632275 -5.866 M464 0.02627673 24.91392 1.0617139 1.1831577 21.616705 1.6737565 decam -2.86549 -12.922765 62 object IBIS_deep_xmm_M464_9 0 0.0 924.0 1948.0 0.0007821997 1.0000602 -0.0017243573 -0.37831232 0.0014092036 1.0003549 16742325610 247.34781
rawdata/DECam_01310089.fits.fz N4 1310089 410.0 60500.38338755 1.43 35.358732916878374 -5.417103810215255 35.366279166666665 -5.342 M464 0.022672184 24.920843 1.0594912 1.1805192 21.613409 1.6153512 decam 1.3559817 -10.890909 76 object IBIS_deep_xmm_M464_26 0 0.0 924.0 1948.0 0.12322174 0.999903 -0.0015546618 -0.127713 0.0014165475 1.0002415 16704092145 253.81477
rawdata/DECam_01310090.fits.fz N4 1310090 464.0 60500.38849203 1.4 36.09471269887169 -6.296103802579671 36.102270833333336 -6.221 M464 0.032051947 24.89434 1.0273918 1.0825763 21.630947 1.4841937 decam 8.5026 -19.275776 47 object IBIS_deep_xmm_M464_86 0 0.0 924.0 1948.0 -0.37679198 0.9999037 -0.0016812996 -0.1972353 0.0011798235 1.0002502 16874120904 312.62766
rawdata/DECam_01310091.fits.fz N4 1310091 456.0 60500.39421838 1.36 35.93972126419123 -5.986103805275302 35.947275000000005 -5.911 M464 0.02605925 24.937145 1.0596886 1.0998222 21.647694 1.3453591 decam 8.517563 -24.61091 72 object IBIS_deep_xmm_M464_10 0 0.0 924.0 1948.0 0.4265607 1.0003799 -0.0015711329 -0.25026873 0.0013492384 0.9999959 16808022704 338.94296
rawdata/DECam_01310092.fits.fz N4 1310092 380.0 60500.39985076 1.33 35.24073574577581 -4.824103815353696 35.248275 -4.749 M464 0.022416845 24.943825 1.0594726 1.1157908 21.623762 1.3683503 decam 11.682877 -30.187069 73 object IBIS_deep_xmm_M464_24 0 0.0 924.0 1948.0 -0.2736455 1.0007163 -0.001749328 -0.4033447 0.0013870582 1.0003028 16726835904 277.70667
rawdata/DECam_01310093.fits.fz N4 1310093 397.0 60500.40461057 1.31 36.40771779219082 -6.232103803136447 36.415275 -6.157 M464 0.033881694 24.94496 1.0560975 1.0974282 21.646294 1.3847479 decam 13.26515 -29.665781 68 object IBIS_deep_xmm_M464_87 0 0.0 924.0 1948.0 -0.15709339 0.99972206 -0.0014906353 0.05841603 0.0013069159 1.0000898 16628921475 286.6948
rawdata/DECam_01310094.fits.fz N4 1310094 387.0 60500.40956099 1.29 34.970742367185075 -4.185103820880726 34.978275 -4.11 M464 0.020531662 24.957733 1.0640775 1.0624281 21.597631 1.2251775 decam 11.030754 -34.884487 73 object IBIS_deep_xmm_M464_76 0 0.0 924.0 1948.0 0.17457874 1.0002731 -0.0015599024 -0.12294114 0.0012991738 1.0001782 16859785167 315.8726
rawdata/DECam_01310095.fits.fz N4 1310095 374.0 60500.41439885 1.27 36.055725427431156 -5.349103810804979 36.063270833333334 -5.274 M464 0.024518557 24.968315 1.0699569 1.2127734 21.6348 1.5482891 decam 11.64273 -35.173126 52 object IBIS_deep_xmm_M464_48 0 0.0 924.0 1948.0 0.03917428 1.0001799 -0.0016528157 -0.2833802 0.0012912662 1.0003078 16569810217 241.55696
rawdata/DECam_01310096.fits.fz N4 1310096 354.0 60500.41909227 1.25 36.515728148013 -5.465103809798902 36.523275 -5.39 M464 0.025040146 24.962465 1.0597075 1.2003585 21.636396 1.535726 decam 6.721195 -30.920012 78 object IBIS_deep_xmm_M464_30 0 0.0 924.0 1948.0 -0.6341346 1.0001969 -0.0017090648 -0.1709335 0.001385111 1.0001887 16587887461 230.50987
rawdata/DECam_01310097.fits.fz N4 1310097 453.0 60500.42354346 1.23 36.960726310801675 -5.922103805831434 36.96827916666667 -5.8469999999999995 M464 0.028302534 24.957499 1.0504105 1.1388817 21.620592 1.4434992 decam 6.409233 -28.288128 71 object IBIS_deep_xmm_M464_89 0 0.0 924.0 1948.0 0.81905043 0.9999157 -0.0014490518 0.025910689 0.0014750435 1.0000565 16826285201 313.82074
rawdata/DECam_01310098.fits.fz N4 1310098 439.0 60500.4291384 1.21 36.80572184415615 -5.632103808349813 36.813270833333334 -5.557 M464 0.028117586 24.958559 1.046993 1.2365515 21.46791 1.9521068 decam 6.9922075 -31.077496 72 object IBIS_deep_xmm_M464_13 0 0.0 924.0 1948.0 0.20349216 1.0001148 -0.0016324203 -0.32735857 0.001612423 0.9999154 16997934080 224.88524
