logs/db-2026-03-22.ecsv
# %ECSV 1.0
# ---
# datatype:
# - {name: filename, datatype: string}
# - {name: extension, datatype: string}
# - {name: expnum, datatype: int64}
# - {name: exptime, datatype: float32}
# - {name: mjd_obs, datatype: float64}
# - {name: airmass, datatype: float32}
# - {name: racenter, datatype: float64}
# - {name: deccenter, datatype: float64}
# - {name: rabore, datatype: float64}
# - {name: decbore, datatype: float64}
# - {name: band, datatype: string}
# - {name: ebv, datatype: float32}
# - {name: zeropoint, datatype: float32}
# - {name: transparency, datatype: float32}
# - {name: seeing, datatype: float32}
# - {name: sky, datatype: float32}
# - {name: expfactor, datatype: float32}
# - {name: camera, datatype: string}
# - {name: dx, datatype: float32}
# - {name: dy, datatype: float32}
# - {name: nmatched, datatype: int64}
# - {name: obstype, datatype: string}
# - {name: object, datatype: string}
# - {name: tileid, datatype: int64}
# - {name: tileebv, datatype: float32}
# - {name: affine_x0, datatype: float32}
# - {name: affine_y0, datatype: float32}
# - {name: affine_dx, datatype: float32}
# - {name: affine_dxx, datatype: float32}
# - {name: affine_dxy, datatype: float32}
# - {name: affine_dy, datatype: float32}
# - {name: affine_dyx, datatype: float32}
# - {name: affine_dyy, datatype: float32}
# - {name: checksum, datatype: string}
# - {name: efftime, datatype: float32}
# schema: astropy-2.0
filename extension expnum exptime mjd_obs airmass racenter deccenter rabore decbore band ebv zeropoint transparency seeing sky expfactor camera dx dy nmatched obstype object tileid tileebv affine_x0 affine_y0 affine_dx affine_dxx affine_dxy affine_dy affine_dyx affine_dyy checksum efftime
/home/declsp/obsbot/rawdata/DECam_01465464.fits.fz N4 1465464 5.0 61122.10758114 1.0 150.69650893251287 -30.65260245392435 150.70524166666667 -30.57749888888889 r 0.08058637 26.81174 0.99425226 2.0099506 21.071962 3.1039891 decam 10.212185 -41.787735 335 object pointing 0 0.0 924.0 1948.0 0.17736168 0.99993116 -0.0013520641 -0.03469454 0.0013912934 1.0000589 15554213037 1.6108304
/home/declsp/obsbot/rawdata/DECam_01465465.fits.fz N4 1465465 30.0 61122.10919354 1.0 150.69650893251287 -30.65260245392435 150.70524166666667 -30.57749888888889 r 0.08058637 26.662302 0.86640507 1.3849784 21.03061 2.0175588 decam 9.625525 12.088581 525 object pointing 0 0.0 924.0 1948.0 0.077101134 1.000136 -0.0013227395 -0.028273858 0.0013475709 1.0000513 16400217639 14.869455
/home/declsp/obsbot/rawdata/DECam_01465466.fits.fz N4 1465466 35.0 61122.11216322 1.15 133.96673306788665 -4.688103816530851 133.97427083333332 -4.6129999999999995 M517 0.016962452 24.957237 0.95793194 1.5433412 21.713259 2.3538084 decam -15.428511 68.05444 185 object "pointing test" 0 0.0 924.0 1948.0 0.098107375 0.99997145 -0.0020713955 -0.26058504 0.0019579676 0.99992234 15502503102 14.869519
/home/declsp/obsbot/rawdata/DECam_01465467.fits.fz N4 1465467 800.0 61122.11558027 1.11 159.72772757332166 -5.172103812339381 159.73527083333332 -5.097 M517 0.048509955 24.886648 0.89189744 1.725673 21.650866 3.5489624 decam 16.740294 -34.5389 132 object IBIS_wide_M517_528420 528420 0.048507 924.0 1948.0 0.23672481 0.99991244 -0.000984786 -0.18086769 0.000952901 0.99992645 18121126958 225.41801
/home/declsp/obsbot/rawdata/DECam_01465468.fits.fz N4 1465468 770.946 61122.12518453 1.11 160.10773933182068 -4.876103814903483 160.11527916666665 -4.801 M517 0.050859034 25.012947 1.0019246 1.5907278 21.682663 2.3210347 decam 11.581128 -38.53927 154 object IBIS_wide_M517_525435 525435 0.049252 924.0 1948.0 -0.16785102 1.0001386 -0.0009848331 -0.01606301 0.000769239 0.9999359 17959019466 332.15616
/home/declsp/obsbot/rawdata/DECam_01465469.fits.fz N4 1465469 543.1671 61122.13442784 1.11 161.1797295193613 -5.006103813777644 161.18727083333332 -4.931 M517 0.044089694 25.022772 1.0110313 1.4529574 21.693262 1.8835726 decam 12.690576 -24.35239 138 object IBIS_wide_M517_528170 528170 0.043482 924.0 1948.0 -0.020865409 1.0002266 -0.00081511587 0.00021221206 0.0010160565 0.9999484 17126000870 288.37067
/home/declsp/obsbot/rawdata/DECam_01465470.fits.fz N4 1465470 588.5469 61122.14121646 1.11 168.11973204903813 -5.146103812564698 168.127275 -5.071 M517 0.04183253 25.025887 1.0139366 1.5437362 21.648386 2.203037 decam 7.7504253 -36.171852 139 object IBIS_wide_M517_528195 528195 0.0422 924.0 1948.0 -0.15069684 1.0002335 -0.00064143696 -0.086773016 0.0007245874 1.0000669 18310596950 267.15253
/home/declsp/obsbot/rawdata/DECam_01465471.fits.fz N4 1465471 800.0 61122.14835089 1.11 169.63972770426614 -5.161103812434709 169.64727083333332 -5.086 M517 0.040948983 25.014557 1.0034103 1.6897541 21.645153 2.702744 decam 8.86746 -38.732723 136 object IBIS_wide_M517_528190 528190 0.041351 924.0 1948.0 -0.022897033 0.9998782 -0.0006836926 0.032337483 0.00057041115 1.0000826 18233959221 295.99548
/home/declsp/obsbot/rawdata/DECam_01465472.fits.fz N4 1465472 800.0 61122.15793129 1.11 168.92273434576947 -4.568103817569138 168.93027083333334 -4.493 M517 0.041979253 24.996138 0.98653126 1.8496916 21.648806 3.338626 decam 10.136434 -25.322964 137 object IBIS_wide_M517_528196 528196 0.042669 924.0 1948.0 0.0740342 1.0001748 -0.00069357577 -0.17004235 0.00072120473 1.0001142 18652965287 239.61954
/home/declsp/obsbot/rawdata/DECam_01465473.fits.fz N4 1465473 800.0 61122.16766521 1.1 174.93373241542062 -5.4571038098683 174.94127916666667 -5.382 M517 0.043759946 25.019732 1.0065908 1.6050731 21.641336 2.4242332 decam 1.9404769 -35.003098 160 object IBIS_wide_M517_525270 525270 0.045884 924.0 1948.0 -0.057490945 1.0002204 -0.0003913422 -0.0772158 0.00042826968 1.0000525 18141677292 330.00125
/home/declsp/obsbot/rawdata/DECam_01465474.fits.fz N4 1465474 800.0 61122.177295 1.11 171.40673186705797 -4.798103815578777 171.41427083333332 -4.723 M517 0.048452955 25.007113 0.99655485 1.7163714 21.661469 2.7848191 decam 3.5410209 -13.805102 141 object IBIS_wide_M517_525206 525206 0.046253 924.0 1948.0 0.021138264 1.000173 -0.00055849546 0.031795263 0.0007509402 1.0000921 18010596281 287.2718
/home/declsp/obsbot/rawdata/DECam_01465475.fits.fz N4 1465475 596.417 61122.18694332 1.1 175.2817359304841 -5.170103812356712 175.28927916666666 -5.095 M517 0.047406245 25.030533 1.0166534 1.3896976 21.621193 1.8154492 decam 8.325896 -18.4488 139 object IBIS_wide_M517_528256 528256 0.035629 924.0 1948.0 0.07146875 1.0004615 -0.00035644096 -0.06120574 0.00042705008 0.999994 18260313717 328.5231
/home/declsp/obsbot/rawdata/DECam_01465476.fits.fz N4 1465476 697.9064 61122.19416344 1.11 175.57573948876168 -4.8621038150247005 175.58327916666667 -4.787 M517 0.021772115 25.01916 1.0076741 1.5611825 21.626633 2.3273177 decam 2.418587 -14.746647 131 object IBIS_wide_M517_525273 525273 0.025699 924.0 1948.0 0.20829786 1.0002562 -0.0003846349 0.06477583 0.0005062457 0.99998784 17744683692 299.87585
/home/declsp/obsbot/rawdata/DECam_01465477.fits.fz N4 1465477 752.7162 61122.20267387 1.11 180.65973526609704 -4.867103814981409 180.667275 -4.792 M517 0.026463708 25.012331 1.0013553 1.7571533 21.580048 3.115813 decam 7.7004514 -13.70521 150 object IBIS_wide_M517_530969 530969 0.027572 924.0 1948.0 -0.05010817 1.0001067 -0.00020649703 0.025565224 0.00035434583 0.99992675 18035794800 241.57938
/home/declsp/obsbot/rawdata/DECam_01465478.fits.fz N4 1465478 800.0 61122.21170679 1.11 182.55473429319298 -4.573103817525883 182.56227083333334 -4.498 M517 0.031702816 24.990995 0.9818706 2.0952806 21.547544 4.746797 decam 10.212156 -16.10639 162 object IBIS_wide_M517_533954 533954 0.032756 924.0 1948.0 0.026716456 1.0001215 -7.821658e-05 0.11224763 3.7287507e-05 1.0000815 18369467909 168.53468
/home/declsp/obsbot/rawdata/DECam_01465479.fits.fz N4 1465479 800.0 61122.22137582 1.11 187.4037440428427 -4.007103822418671 187.411275 -3.932 M517 0.048871357 24.994253 0.984821 2.046199 21.52987 4.573911 decam 11.068476 -23.811375 151 object IBIS_wide_M517_534435 534435 0.042123 924.0 1948.0 0.026801305 0.9998798 0.00022703064 0.11221582 -0.00024965423 1.0001447 18412103274 174.90501
/home/declsp/obsbot/rawdata/DECam_01465480.fits.fz N4 1465480 800.0 61122.23100046 1.12 190.5327471740397 -3.6511038254925845 190.540275 -3.576 M517 0.02526376 25.010704 1.0014601 1.776932 21.536472 3.3267243 decam 16.557816 -22.160158 166 object IBIS_wide_M517_531456 531456 0.029816 924.0 1948.0 0.0012260746 0.99996454 0.00026135368 -0.053571243 -0.0005953521 0.9999911 18338580179 240.47679
/home/declsp/obsbot/rawdata/DECam_01465481.fits.fz N4 1465481 800.0 61122.24057953 1.12 192.2907494541066 -3.3681038279344238 192.298275 -3.293 M517 0.027492465 24.993662 0.98586315 2.1031852 21.53222 4.8268766 decam 14.520136 -19.491602 145 object IBIS_wide_M517_534441 534441 0.025079 924.0 1948.0 0.031632327 0.99989706 0.0002635206 0.28325087 -0.00022238685 1.0000268 18369677153 165.73863
/home/declsp/obsbot/rawdata/DECam_01465482.fits.fz N4 1465482 800.0 61122.25025485 1.12 196.8817557936792 -3.074103830469673 196.88927916666668 -2.999 M517 0.019552892 24.982248 0.9755532 2.1982234 21.529423 5.39864 decam 15.236243 -27.50644 156 object IBIS_wide_M517_531473 531473 0.025203 924.0 1948.0 -0.097476594 1.0003409 0.0005207977 -0.034382768 -0.0007496467 1.0000572 18518199928 148.18547
/home/declsp/obsbot/rawdata/DECam_01465483.fits.fz N4 1465483 800.0 61122.25992241 1.12 200.47474696372416 -3.676103825276803 200.482275 -3.601 M517 0.03230747 24.976664 0.9705483 2.3602724 21.527763 6.297476 decam 17.713484 -32.793476 168 object IBIS_wide_M517_531222 531222 0.036753 924.0 1948.0 0.053692434 1.0001287 0.00066688063 0.14305624 -0.00030642378 1.0001074 18464675106 127.03503
/home/declsp/obsbot/rawdata/DECam_01465484.fits.fz N4 1465484 800.0 61122.2695405 1.12 203.39574530289528 -3.3661038279516755 203.40327083333332 -3.291 M517 0.03545771 24.980558 0.97403604 2.3042026 21.535028 5.919311 decam 11.457918 -34.557186 148 object IBIS_wide_M517_534212 534212 0.035795 924.0 1948.0 -0.1803301 1.0003395 0.00080298417 0.080352694 -0.0006150807 1.0000783 18377668887 135.15086
/home/declsp/obsbot/rawdata/DECam_01465485.fits.fz N4 1465485 800.0 61122.27916223 1.12 206.3887537364634 -3.353103828063809 206.39627916666666 -3.278 M517 0.03939021 24.999376 0.9910656 1.9775792 21.565449 4.09589 decam 13.791428 -24.94771 176 object IBIS_wide_M517_534192 534192 0.040352 924.0 1948.0 -0.16042453 1.0005363 0.00092289114 0.049834583 -0.00065963855 1.0000806 19406331021 195.31773
/home/declsp/obsbot/rawdata/DECam_01465486.fits.fz N4 1465486 800.0 61122.28874058 1.12 208.36974135507225 -3.843103823835061 208.37727083333334 -3.768 M517 0.037430815 24.991146 0.9835815 2.0106711 21.570063 4.2804747 decam 15.851941 -21.405071 169 object IBIS_wide_M517_534279 534279 0.038166 924.0 1948.0 -0.05030265 1.0002935 0.00095843733 0.062248293 -0.0008476669 1.0002124 18341804155 186.89516
/home/declsp/obsbot/rawdata/DECam_01465487.fits.fz N4 1465487 800.0 61122.29834251 1.13 210.920750461784 -3.235103829081504 210.928275 -3.16 M517 0.07643816 25.017015 1.0089145 1.8243794 21.563456 3.3810024 decam 15.029409 -10.28355 180 object IBIS_wide_M517_531274 531274 0.065176 924.0 1948.0 0.04654242 1.0006571 0.0009350181 0.14069434 -0.0009620587 0.99986887 18281324646 236.61621
/home/declsp/obsbot/rawdata/DECam_01465488.fits.fz N4 1465488 800.0 61122.30792704 1.12 212.6787444639396 -3.961103822816007 212.68627500000002 -3.886 M517 0.049618285 25.007076 0.9981201 1.9421684 21.556618 3.926775 decam 21.316467 -7.457826 207 object IBIS_wide_M517_534252 534252 0.046327 924.0 1948.0 -0.19498748 1.0002823 0.0010854567 0.14824025 -0.0009816326 1.0000455 18460362022 203.72952
/home/declsp/obsbot/rawdata/DECam_01465489.fits.fz N4 1465489 800.0 61122.31753025 1.13 215.47474539792253 -3.8571038237141715 215.482275 -3.782 M517 0.052854594 25.020906 1.0125362 1.614696 21.566763 2.6221151 decam 9.195449 -10.694597 220 object IBIS_wide_M517_530975 530975 0.055365 924.0 1948.0 -0.57239497 0.999989 0.0012880313 0.1649067 -0.0012251089 1.000081 18293999500 305.0972
/home/declsp/obsbot/rawdata/DECam_01465490.fits.fz N4 1465490 800.0 61122.32711896 1.12 216.65973526609707 -4.86710381498141 216.66727500000002 -4.792 M517 0.06201976 25.007294 0.9983188 1.824569 21.559385 3.4557426 decam 9.135459 -10.210094 196 object IBIS_wide_M517_536961 536961 0.061045 924.0 1948.0 -0.06560633 0.9999355 0.0012476724 0.06082078 -0.0010784491 1.0001053 18340058442 231.49872
/home/declsp/obsbot/rawdata/DECam_01465491.fits.fz N4 1465491 800.0 61122.33675829 1.13 220.21673733513975 -4.27410382011149 220.22427083333332 -4.199 M517 0.09130145 24.998299 0.99167097 2.1576486 21.555365 4.9305167 decam 5.7272973 1.5288688 235 object IBIS_wide_M517_536958 536958 0.094489 924.0 1948.0 -0.16944216 1.0004245 0.0012781428 0.1805374 -0.0012870985 0.99997216 18520371579 162.25479
/home/declsp/obsbot/rawdata/DECam_01465492.fits.fz N4 1465492 800.0 61122.34635216 1.14 222.18274712369578 -3.657103825440798 222.190275 -3.582 M517 0.10061068 24.964415 0.96274227 2.566396 21.538832 7.5375547 decam -3.7186055 0.9039776 204 object IBIS_wide_M517_537527 537527 0.094692 924.0 1948.0 -0.07611704 1.0004773 0.0015061268 0.14567134 -0.0011709906 1.0001448 18463400797 106.135216
/home/declsp/obsbot/rawdata/DECam_01465493.fits.fz N4 1465493 800.0 61122.355959 1.17 221.21074943864198 -3.3701038279171716 221.218275 -3.295 M517 0.092852786 25.006489 1.0056045 2.102363 21.515032 4.7856507 decam -16.494215 3.355615 190 object IBIS_wide_M517_540514 540514 0.093949 924.0 1948.0 -0.34852475 1.0001867 0.0013789706 0.2705423 -0.0013490255 1.0001957 20220748237 167.16641
/home/declsp/obsbot/rawdata/DECam_01465494.fits.fz N4 1465494 800.0 61122.36571593 1.19 222.67376540455425 -2.1681038382741833 222.6812833333333 -2.093 M517 0.06541434 25.004078 1.0065954 1.8698534 21.475 3.9459074 decam -7.019 12.3340025 199 object IBIS_wide_M517_540518 540518 0.06617 924.0 1948.0 -0.2583417 1.0000962 0.0014091088 0.0019912366 -0.0011864053 1.0000981 18879498830 202.7417
/home/declsp/obsbot/rawdata/DECam_01465495.fits.fz N4 1465495 800.0 61122.37534678 1.23 219.52074292342022 -3.6611038254062738 219.52827083333332 -3.586 M517 0.09566522 25.000633 1.0098596 1.7687032 21.471634 3.564357 decam -10.524182 -3.0458374 203 object IBIS_wide_M517_536964 536964 0.09645 924.0 1948.0 -0.20902734 1.0003076 0.0013676822 0.08280993 -0.0012957904 1.0000998 20352497966 224.4444
/home/declsp/obsbot/rawdata/DECam_01465496.fits.fz N4 1465496 800.0 61122.38534606 1.21 233.53276476248777 1.2738961321274935 233.54027916666666 1.349 M517 0.050477993 25.00008 1.0061157 1.7772928 21.540476 3.381358 decam -6.891724 9.976143 281 object IBIS_wide_M517_537511 537511 0.054714 924.0 1948.0 -0.03604408 1.0001231 0.0018163228 0.38799945 -0.001770461 1.0001795 18413696534 236.59134
/home/declsp/obsbot/rawdata/DECam_01465497.fits.fz N4 1465497 150.0 61122.39628579 1.14 219.85686430167692 -26.493274722543287 219.86525833333332 -26.41817111111111 M490 0.09862915 24.971218 1.0174642 1.8274105 21.544315 3.4259465 decam -26.54329 12.236281 675 object "NGC5694 position 6" 0 0.0 924.0 1948.0 -0.83747816 1.0002458 0.0016498342 0.42117268 -0.0017774835 1.0001794 15971573820 43.783524
/home/declsp/obsbot/rawdata/DECam_01465498.fits.fz N4 1465498 150.0 61122.3983668 1.15 219.82345912720416 -26.733795553290005 219.83187083333334 -26.658691944444445 M490 0.09772608 24.976503 1.0242871 1.6787956 21.49286 3.0027342 decam -18.623276 3.2602901 434 object "NGC5694 position 7" 0 0.0 924.0 1948.0 -0.17581809 1.0001056 0.0015541437 0.061757173 -0.0014309502 1.0001916 16610708828 49.95447
/home/declsp/obsbot/rawdata/DECam_01465499.fits.fz N4 1465499 150.0 61122.40041499 1.15 220.0445840982025 -26.564400555112847 220.05298333333334 -26.489296944444444 M490 0.10384992 24.961767 1.0104777 2.0064561 21.398037 4.8082194 decam -19.157312 0.40057513 541 object "NGC5694 position 8" 0 0.0 924.0 1948.0 0.8257419 1.0000969 0.0013817266 0.12867929 -0.001792873 1.0001496 16092181300 31.196579
/home/declsp/obsbot/rawdata/DECam_01465500.fits.fz N4 1465500 150.0 61122.40250069 1.16 219.73500141763347 -26.555492499653003 219.74339999999998 -26.48038888888889 M490 0.09770926 24.975756 1.0254406 1.7846848 21.23632 4.3034215 decam -11.74858 -11.457449 570 object "NGC5694 position 9" 0 0.0 924.0 1948.0 -0.9367983 1.0000796 0.001592123 0.029383171 -0.001369763 1.0000428 16152168962 34.855988
/home/declsp/obsbot/rawdata/DECam_01465501.fits.fz N4 1465501 150.0 61122.40457243 1.17 219.96963217809295 -26.760135553006076 219.9780458333333 -26.685031944444443 M490 0.10175493 24.97843 1.0298362 1.7531652 20.966558 5.298037 decam -9.211505 -16.797043 358 object "NGC5694 position 10" 0 0.0 924.0 1948.0 -0.2890225 1.000234 0.0016238661 0.09537125 -0.0017426496 1.0001738 16857338105 28.312372
/home/declsp/obsbot/rawdata/DECam_01465502.fits.fz N4 1465502 150.0 61122.40663908 1.18 219.9496422767169 -26.45248972298082 219.95803333333333 -26.37738611111111 M490 0.09881023 24.967052 1.0209509 1.6568954 20.643301 6.508893 decam -4.248275 -19.140446 511 object "NGC5694 position 11" 0 0.0 924.0 1948.0 0.19787683 1.0002117 0.0015773412 0.56772465 -0.0017502708 1.0002173 16595307917 23.045393
/home/declsp/obsbot/rawdata/DECam_01465503.fits.fz N4 1465503 150.0 61122.40870109 1.19 219.72198643742175 -26.70252860918243 219.73039583333335 -26.627425 M490 0.09423946 24.965567 1.0214068 1.8262699 20.208376 11.834095 decam -0.4799581 -19.012032 357 object "NGC5694 position 12" 0 0.0 924.0 1948.0 -0.064889096 1.0001398 0.0015762396 0.08482389 -0.0014794943 1.0002425 17197825993 12.6752405
