logs/db-2025-04-26.ecsv
# %ECSV 1.0
# ---
# datatype:
# - {name: filename, datatype: string}
# - {name: extension, datatype: string}
# - {name: expnum, datatype: int64}
# - {name: exptime, datatype: float32}
# - {name: mjd_obs, datatype: float64}
# - {name: airmass, datatype: float32}
# - {name: racenter, datatype: float64}
# - {name: deccenter, datatype: float64}
# - {name: rabore, datatype: float64}
# - {name: decbore, datatype: float64}
# - {name: band, datatype: string}
# - {name: ebv, datatype: float32}
# - {name: zeropoint, datatype: float32}
# - {name: transparency, datatype: float32}
# - {name: seeing, datatype: float32}
# - {name: sky, datatype: float32}
# - {name: expfactor, datatype: float32}
# - {name: camera, datatype: string}
# - {name: dx, datatype: float32}
# - {name: dy, datatype: float32}
# - {name: nmatched, datatype: int64}
# - {name: obstype, datatype: string}
# - {name: object, datatype: string}
# - {name: tileid, datatype: int64}
# - {name: tileebv, datatype: float32}
# - {name: affine_x0, datatype: float32}
# - {name: affine_y0, datatype: float32}
# - {name: affine_dx, datatype: float32}
# - {name: affine_dxx, datatype: float32}
# - {name: affine_dxy, datatype: float32}
# - {name: affine_dy, datatype: float32}
# - {name: affine_dyx, datatype: float32}
# - {name: affine_dyy, datatype: float32}
# - {name: checksum, datatype: string}
# - {name: efftime, datatype: float32}
# schema: astropy-2.0
filename extension expnum exptime mjd_obs airmass racenter deccenter rabore decbore band ebv zeropoint transparency seeing sky expfactor camera dx dy nmatched obstype object tileid tileebv affine_x0 affine_y0 affine_dx affine_dxx affine_dxy affine_dy affine_dyx affine_dyy checksum efftime
[from data line 86]
rawdata/DECam_01382180.fits.fz N4 1382180 500.0 60792.37430883 1.38 247.2917697538437 0.9498961349136718 247.2992833333333 1.025 M517 0.078456074 25.031816 1.0645713 1.0528738 21.210453 2.4798121 decam 23.173826 3.6786115 552 object IBIS_wide_M517_540299 540299 0.078763 924.0 1948.0 -0.20874241 1.0003465 0.0016617496 0.1567378 -0.0018203214 1.0000536 18242034742 201.62817
rawdata/DECam_01382181.fits.fz N4 1382181 500.0 60792.3819913 1.12 306.54048695128625 -15.059103724405832 306.5482666666667 -14.984 M517 0.05548684 25.069979 1.0576537 1.052051 21.14559 2.1224923 decam -8.648977 5.644955 795 object IBIS_wide_M517_551987 551987 0.059048 924.0 1948.0 -0.09007759 1.0001729 0.0017347408 0.20118847 -0.0018338987 1.0001273 18573496229 235.57211
rawdata/DECam_01382182.fits.fz N4 1382182 500.0 60792.38818332 1.11 306.965507762973 -14.713103727590244 306.973275 -14.638 M517 0.051738754 25.077173 1.0629811 1.0293101 21.144049 1.9615607 decam 1.3987876 -15.354402 759 object IBIS_wide_M517_549002 549002 0.056131 924.0 1948.0 -0.16174309 1.0002303 0.0016979864 0.08918626 -0.001802301 1.0001546 18652965660 254.89906
rawdata/DECam_01382183.fits.fz N4 1382183 500.0 60792.39434337 1.1 307.53250246500227 -14.861103726229382 307.540275 -14.786 M517 0.065286756 25.075691 1.059831 1.0231917 21.141058 2.1211476 decam 8.894156 -16.22872 660 object IBIS_wide_M517_548996 548996 0.056271 924.0 1948.0 -0.24968009 1.0003059 0.0017702907 0.09222246 -0.0016878254 1.0001268 18194919231 235.72145
rawdata/DECam_01382184.fits.fz N4 1382184 500.0 60792.40049144 1.09 308.03350058951736 -14.913103725750792 308.041275 -14.838 M517 0.06104972 25.077024 1.059433 1.0508128 21.170216 2.1155841 decam 10.365293 -17.703669 707 object IBIS_wide_M517_551982 551982 0.052301 924.0 1948.0 -0.1518164 1.000274 0.0017266537 0.2278743 -0.0018106191 1.0001559 18186452005 236.34134
rawdata/DECam_01382186.fits.fz N4 1382186 150.0 60792.41149395 1.62 347.1044708676797 -15.60240371938456 347.11227083333335 -15.5273 M464 0.03634075 24.894197 1.07197 1.1698723 20.70204 4.3730483 decam 18.248299 4.317828 700 object "NGC7492 M464" 0 0.0 924.0 1948.0 -0.28991392 0.9999575 0.00013427886 -0.4371528 -0.00027626017 1.0002892 16441376625 34.301018
rawdata/DECam_01382187.fits.fz N4 1382187 150.0 60792.41360555 1.59 347.08846032942307 -15.769003717839515 347.0962666666667 -15.6939 M464 0.03546531 24.86543 1.0375297 1.2929506 20.643528 5.9050894 decam 10.582812 8.540835 101 object "NGC7492 M464" 0 0.0 924.0 1948.0 0.037093453 1.0001346 0.000219437 -0.17640194 -0.00010343394 1.0003949 16523730164 25.401817
rawdata/DECam_01382188.fits.fz N4 1382188 150.0 60792.41571744 1.56 346.8214612481695 -15.745103718061324 346.8292666666667 -15.67 M464 0.03494858 24.8795 1.044604 1.2683241 20.50352 6.276165 decam 23.07724 11.502857 103 object "NGC7492 M464" 0 0.0 924.0 1948.0 -0.029016618 1.0002872 0.00027124258 -0.036075663 -0.00041573582 1.0002927 16673517573 23.899944
rawdata/DECam_01382189.fits.fz N4 1382189 150.0 60792.41782853 1.56 347.3084701943705 -15.620103719220527 347.31627083333336 -15.545 M464 0.034631554 24.888317 1.0531217 1.2383616 20.26316 7.3293777 decam 25.628317 21.986212 123 object "NGC7492 M464" 0 0.0 924.0 1948.0 -0.12232403 1.0001827 0.0002229002 0.041898713 -0.00050017337 1.0003651 16999873232 20.465586
rawdata/DECam_01382190.fits.fz N4 1382190 150.0 60792.41995116 1.53 347.1044708676797 -15.60240371938456 347.11227083333335 -15.5273 M490 0.03634075 25.022709 1.1451116 1.1889292 19.879198 7.806487 decam 16.46014 18.290035 624 object "NGC7492 M490" 0 0.0 924.0 1948.0 0.3857569 0.99969697 0.00019609476 -0.21186016 -0.00023756323 1.0002221 17722189731 19.214788
