logs/db-2025-12-13.ecsv
# %ECSV 1.0
# ---
# datatype:
# - {name: filename, datatype: string}
# - {name: extension, datatype: string}
# - {name: expnum, datatype: int64}
# - {name: exptime, datatype: float32}
# - {name: mjd_obs, datatype: float64}
# - {name: airmass, datatype: float32}
# - {name: racenter, datatype: float64}
# - {name: deccenter, datatype: float64}
# - {name: rabore, datatype: float64}
# - {name: decbore, datatype: float64}
# - {name: band, datatype: string}
# - {name: ebv, datatype: float32}
# - {name: zeropoint, datatype: float32}
# - {name: transparency, datatype: float32}
# - {name: seeing, datatype: float32}
# - {name: sky, datatype: float32}
# - {name: expfactor, datatype: float32}
# - {name: camera, datatype: string}
# - {name: dx, datatype: float32}
# - {name: dy, datatype: float32}
# - {name: nmatched, datatype: int64}
# - {name: obstype, datatype: string}
# - {name: object, datatype: string}
# - {name: tileid, datatype: int64}
# - {name: tileebv, datatype: float32}
# - {name: affine_x0, datatype: float32}
# - {name: affine_y0, datatype: float32}
# - {name: affine_dx, datatype: float32}
# - {name: affine_dxx, datatype: float32}
# - {name: affine_dxy, datatype: float32}
# - {name: affine_dy, datatype: float32}
# - {name: affine_dyx, datatype: float32}
# - {name: affine_dyy, datatype: float32}
# - {name: checksum, datatype: string}
# - {name: efftime, datatype: float32}
# schema: astropy-2.0
filename extension expnum exptime mjd_obs airmass racenter deccenter rabore decbore band ebv zeropoint transparency seeing sky expfactor camera dx dy nmatched obstype object tileid tileebv affine_x0 affine_y0 affine_dx affine_dxx affine_dxy affine_dy affine_dyx affine_dyy checksum efftime
[from data line 43]
rawdata/DECam_01441078.fits.fz N4 1441078 517.957 61023.2514577 1.28 134.29371822321784 -5.904103805987823 134.30127083333335 -5.829 M517 0.02684845 25.034712 1.0504428 1.3614339 21.57901 2.1258128 decam 26.353764 -15.178691 299 object IBIS_wide_M517_522196 522196 0.024811 924.0 1948.0 -0.045654207 1.0001581 -0.001965378 -0.25340062 0.0018381479 1.000222 17346348142 243.65126
rawdata/DECam_01441079.fits.fz N4 1441079 571.5068 61023.25782896 1.26 131.89475161290423 -3.0761038304524315 131.902275 -3.001 M517 0.022022659 25.021114 1.034051 1.4500295 21.518078 2.5373175 decam 29.52279 -15.819423 276 object IBIS_wide_M517_519245 519245 0.020851 924.0 1948.0 -0.19830218 1.0004169 -0.0017109356 -0.35046574 0.0019577944 1.0000956 17953800709 225.24054
rawdata/DECam_01441080.fits.fz N4 1441080 625.6465 61023.264784 1.23 132.56374756552154 -3.604103825898224 132.57127499999999 -3.529 M517 0.017634574 25.03377 1.0411565 1.4613215 21.460276 2.5834332 decam 30.18935 -9.435721 342 object IBIS_wide_M517_519223 519223 0.019477 924.0 1948.0 -0.2523433 1.000237 -0.0018958498 -0.11800815 0.0016426763 1.0001911 18061222593 242.17638
rawdata/DECam_01441081.fits.fz N4 1441081 599.9066 61023.27237438 1.22 135.78374093515845 -4.731103816158713 135.79127916666667 -4.656 M517 0.022205004 25.025414 1.0315187 1.4019717 21.424852 2.5673342 decam 27.239326 -5.019203 297 object IBIS_wide_M517_522200 522200 0.021074 924.0 1948.0 -0.037452776 1.0000787 -0.0018058418 -0.20597626 0.0017031214 1.0001593 17869163170 233.66908
rawdata/DECam_01441082.fits.fz N4 1441082 800.0 61023.27967073 1.2 138.6037115702984 -6.9151037971873 138.61127916666666 -6.84 M517 0.04901638 25.031763 1.0342497 1.4906696 21.37988 3.534629 decam 30.689184 0.036972176 275 object IBIS_wide_M517_522104 522104 0.039563 924.0 1948.0 0.15092906 1.0000592 -0.0017082874 -0.20557468 0.0016145945 1.0000716 19679874527 226.33209
rawdata/DECam_01441084.fits.fz N4 1441084 587.4967 61023.29647421 1.16 137.66072691460454 -5.562103808957315 137.668275 -5.487 M517 0.030152861 25.050362 1.0453963 1.312445 20.612833 4.7714815 decam 33.084675 -5.496033 272 object IBIS_wide_M517_519283 519283 0.026449 924.0 1948.0 0.25374097 1.0000035 -0.0017624738 -0.1055418 0.0016735883 1.0001887 21215948559 123.126686
rawdata/DECam_01441085.fits.fz N4 1441085 792.5156 61023.30372101 1.17 142.4477157735959 -6.081103804449554 142.45527083333334 -6.006 M517 0.040350243 25.04524 1.0421451 1.4959247 21.32244 3.4680293 decam 32.64167 -0.053074326 200 object IBIS_wide_M517_519269 519269 0.037865 924.0 1948.0 -0.5593557 1.0002816 -0.0016758782 -0.3323413 0.0014619671 1.000166 19210290752 228.52046
rawdata/DECam_01441086.fits.fz N4 1441086 800.0 61023.31324977 1.15 141.92772932797823 -5.697103807785571 141.93527916666667 -5.622 M517 0.03962072 25.03193 1.0261542 1.6053143 21.336456 4.0214334 decam 36.214756 0.9813026 221 object IBIS_wide_M517_519271 519271 0.037416 924.0 1948.0 0.03952453 0.99986285 -0.0014164182 -0.24978724 0.0013814772 1.0001186 19896999144 198.93405
rawdata/DECam_01441087.fits.fz N4 1441087 760.5057 61023.32287199 1.13 143.9687074294505 -6.648103799514909 143.97627083333333 -6.573 M517 0.029735519 25.042046 1.032444 1.4655216 21.347822 3.0610828 decam 31.714407 -9.039592 221 object IBIS_wide_M517_518972 518972 0.030607 924.0 1948.0 0.07729021 1.0002908 -0.0015663751 -0.30291575 0.0016111353 1.000202 18743987129 248.44334
rawdata/DECam_01441088.fits.fz N4 1441088 800.0 61023.33202433 1.13 146.4537244612987 -5.750103807325405 146.461275 -5.675 M517 0.07033286 25.041971 1.0323732 1.6639323 21.268 5.4722867 decam 28.909008 -4.7632136 169 object IBIS_wide_M517_527955 527955 0.060936 924.0 1948.0 0.035468917 1.0003088 -0.0015412786 -0.14631821 0.0014551854 1.0001256 19463539355 146.19118
rawdata/DECam_01441089.fits.fz N4 1441089 150.0 61023.34310437 1.01 136.70085121762503 -37.204173483022444 136.71028333333334 -37.12907 M464 0.38261816 24.883087 0.9361098 1.5385702 21.148973 60.72463 decam 47.11755 8.598525 1469 object "Pyxis position 17" 0 0.0 924.0 1948.0 0.40550235 1.0000863 -0.0020130791 -0.45185378 0.0020837728 1.0000596 16284718334 2.4701674
rawdata/DECam_01441090.fits.fz N4 1441090 150.0 61023.34522602 1.01 137.1574184473768 -37.36572236971764 137.16687083333332 -37.290618888888886 M464 0.32692304 24.904318 0.9545946 1.2566355 20.972258 30.803732 decam 32.172955 -2.9388301 1537 object "Pyxis position 18" 0 0.0 924.0 1948.0 0.19668964 1.0000929 -0.0019385468 -0.15153986 0.0019333549 1.000153 16921200801 4.8695397
rawdata/DECam_01441091.fits.fz N4 1441091 150.0 61023.34730623 1.01 136.95171105723202 -36.99095737479233 136.96111666666667 -36.91585388888889 M464 0.3097695 24.915834 0.96477467 1.0822918 20.74364 24.440056 decam 30.785702 -10.729698 1725 object "Pyxis position 19" 0 0.0 924.0 1948.0 0.27215326 0.9999375 -0.0018891494 -0.3908344 0.002002366 1.0001028 16602245907 6.1374655
rawdata/DECam_01441092.fits.fz N4 1441092 150.0 61023.34941326 1.01 136.78066144248098 -37.388239591633344 136.79011666666668 -37.31313611111111 M464 0.39302567 24.894419 0.9459315 1.1885811 20.443245 73.287445 decam 23.423025 -16.702961 1502 object "Pyxis position 20" 0 0.0 924.0 1948.0 0.16800836 1.000107 -0.002025531 -0.30193043 0.0019298934 1.0001304 17160372541 2.0467353
rawdata/DECam_01441093.fits.fz N4 1441093 150.0 61023.35151131 1.01 137.25514986791808 -37.18162042777241 137.26457916666666 -37.106516944444444 M464 0.29679164 24.924479 0.97248554 1.1702547 20.095015 46.5685 decam 22.488194 -16.84795 1476 object "Pyxis position 21" 0 0.0 924.0 1948.0 0.04139379 1.0001953 -0.0018610173 -0.25773108 0.0018303165 1.0000522 17390399877 3.2210615
rawdata/DECam_01441094.fits.fz N4 1441094 150.0 61023.3536066 1.01 136.7185379936529 -37.07620042919801 136.72795416666665 -37.00109694444444 M464 0.33961394 24.903332 0.95372784 1.2910912 19.702639 114.83953 decam 24.566519 -4.1477146 1364 object "Pyxis position 22" 0 0.0 924.0 1948.0 0.18489516 1.0000235 -0.0019436163 -0.14344499 0.0019999295 1.0000411 18299860641 1.3061705
rawdata/DECam_01441095.fits.fz N4 1441095 150.0 61023.35572115 1.01 137.03209506658652 -37.451909590765624 137.0415583333333 -37.37680611111111 M464 0.34890202 24.896639 0.9478676 1.448941 19.261618 234.82051 decam 16.858858 -8.556119 1193 object "Pyxis position 23" 0 0.0 924.0 1948.0 0.1734838 0.99996334 -0.0018794675 -0.057267345 0.0020211905 1.0000858 19743742711 0.6387858
rawdata/DECam_01441096.fits.fz N4 1441096 10.0 61023.35816814 1.01 130.3761489802335 -32.93424242676747 130.3851 -32.859138888888886 M464 0.33464447 24.900656 0.9513811 1.6963456 18.930933 391.1359 decam 4.048592 14.006364 516 object "LTT3218 N4" 0 0.0 924.0 1948.0 -0.23240604 0.9998891 -0.0019786486 -0.37159428 0.0021616118 1.000089 15748549347 0.025566561
rawdata/DECam_01441097.fits.fz N4 1441097 10.0 61023.35866582 1.02 130.00609898023347 -32.93424242676747 130.01505 -32.859138888888886 M464 0.29259276 24.89944 0.95226985 1.9534184 18.82087 425.85925 decam 13.587438 16.758595 575 object "LTT3218 N5" 0 0.0 924.0 1948.0 -0.006347882 1.0001436 -0.002179858 -0.27520603 0.0023112549 0.99996144 15785922039 0.023481937
rawdata/DECam_01441098.fits.fz N4 1441098 10.0 61023.35917147 1.01 130.74619871054136 -33.10090964695198 130.75516666666667 -33.02580611111111 M464 0.41609186 24.826393 0.8884834 2.3363318 18.695473 1890.5846 decam 2.8046794 10.780651 323 object "LTT3218 S3" 0 0.0 924.0 1948.0 0.04367612 1.0003358 -0.0019499002 0.07458542 0.0019233077 1.0000806 15861177252 0.0052893693
rawdata/DECam_01441099.fits.fz N4 1441099 10.0 61023.35968307 1.02 130.37613204387472 -33.100909646952 130.3851 -33.02580611111111 M464 0.3320199 24.911282 0.96271193 1.457756 18.590048 380.63687 decam 16.673859 0.79676574 574 object "LTT3218 S4" 0 0.0 924.0 1948.0 -0.26212174 0.99995375 -0.0019089807 0.12847592 0.002390145 0.9999845 15882418760 0.026271759
rawdata/DECam_01441100.fits.fz N4 1441100 10.0 61023.3601931 1.02 130.00608204387473 -33.10090964695198 130.01505 -33.02580611111111 M464 0.27418688 24.928146 0.9777833 1.4893563 18.474998 283.22415 decam 25.480093 11.243345 683 object "LTT3218 S5" 0 0.0 924.0 1948.0 0.3618418 1.000089 -0.0021979017 -0.08874372 0.0018581608 1.00013 15940838130 0.035307724
rawdata/DECam_01441101.fits.fz N4 1441101 15.0 61023.36185991 1.03 158.0489082850337 -35.62021461516044 158.05815 -35.54511111111111 M464 0.09512646 24.953846 1.0032626 1.3766625 17.970507 102.16561 decam 34.75707 -12.490977 188 object "LTT3864 N4" 0 0.0 924.0 1948.0 0.031290483 1.0003322 -0.0012103724 -0.06925328 0.0011197916 1.0001702 16731032453 0.14682044
rawdata/DECam_01441102.fits.fz N4 1441102 15.0 61023.36236483 1.03 157.66682911836705 -35.62021461516044 157.67607083333334 -35.54511111111111 M464 0.097239666 24.948933 0.998732 1.596443 17.860115 155.76045 decam 42.9778 -19.073402 121 object "LTT3864 N5" 0 0.0 924.0 1948.0 0.2331551 1.0002893 -0.0011769031 0.018879473 0.0013570159 1.0002501 16873134799 0.09630173
