logs/db-2026-02-22.ecsv
# %ECSV 1.0
# ---
# datatype:
# - {name: filename, datatype: string}
# - {name: extension, datatype: string}
# - {name: expnum, datatype: int64}
# - {name: exptime, datatype: float32}
# - {name: mjd_obs, datatype: float64}
# - {name: airmass, datatype: float32}
# - {name: racenter, datatype: float64}
# - {name: deccenter, datatype: float64}
# - {name: rabore, datatype: float64}
# - {name: decbore, datatype: float64}
# - {name: band, datatype: string}
# - {name: ebv, datatype: float32}
# - {name: zeropoint, datatype: float32}
# - {name: transparency, datatype: float32}
# - {name: seeing, datatype: float32}
# - {name: sky, datatype: float32}
# - {name: expfactor, datatype: float32}
# - {name: camera, datatype: string}
# - {name: dx, datatype: float32}
# - {name: dy, datatype: float32}
# - {name: nmatched, datatype: int64}
# - {name: obstype, datatype: string}
# - {name: object, datatype: string}
# - {name: tileid, datatype: int64}
# - {name: tileebv, datatype: float32}
# - {name: affine_x0, datatype: float32}
# - {name: affine_y0, datatype: float32}
# - {name: affine_dx, datatype: float32}
# - {name: affine_dxx, datatype: float32}
# - {name: affine_dxy, datatype: float32}
# - {name: affine_dy, datatype: float32}
# - {name: affine_dyx, datatype: float32}
# - {name: affine_dyy, datatype: float32}
# - {name: checksum, datatype: string}
# - {name: efftime, datatype: float32}
# schema: astropy-2.0
filename extension expnum exptime mjd_obs airmass racenter deccenter rabore decbore band ebv zeropoint transparency seeing sky expfactor camera dx dy nmatched obstype object tileid tileebv affine_x0 affine_y0 affine_dx affine_dxx affine_dxy affine_dy affine_dyx affine_dyy checksum efftime
/home/declsp/obsbot/rawdata/DECam_01459003.fits.fz N4 1459003 35.0 61094.2087735 1.09 161.16971941694794 -6.40610380162239 161.17727916666666 -6.331 M490 0.03941899 24.990936 1.0267551 1.1067972 21.927464 1.1103673 decam 17.78155 9.394544 75 object "pointing test" 0 0.0 924.0 1948.0 0.09155041 1.000122 -0.0008569467 -0.13138665 0.00067016034 1.0000983 15426373648 31.521101
/home/declsp/obsbot/rawdata/DECam_01459004.fits.fz N4 1459004 278.3882 61094.21056973 1.1 162.3577324028362 -5.458103809859625 162.36527916666665 -5.383 M490 0.035450492 24.989054 1.0268365 0.9796857 21.881618 0.88725466 decam -14.970607 0.31828648 136 object IBIS_wide_M490_425225 425225 0.03413 924.0 1948.0 0.11952316 1.000223 -0.0008766755 -0.02931404 0.00064586924 0.99990475 16918659216 313.7636
/home/declsp/obsbot/rawdata/DECam_01459005.fits.fz N4 1459005 350.0377 61094.21413035 1.1 165.02972710677824 -5.547103809087475 165.037275 -5.472 M490 0.037149925 24.996897 1.0342814 0.94652575 21.929169 0.79044205 decam -17.134819 -3.2035947 136 object IBIS_wide_M490_425221 425221 0.034951 924.0 1948.0 -0.049358647 1.0001873 -0.00065167365 -0.05431191 0.0010938937 1.0002445 16241019071 442.8379
/home/declsp/obsbot/rawdata/DECam_01459006.fits.fz N4 1459006 269.1382 61094.21853975 1.11 168.11973204903813 -5.146103812564698 168.127275 -5.071 M490 0.04183253 24.984917 1.0247893 0.91733956 21.888197 0.8134702 decam -16.84585 -4.3475423 140 object IBIS_wide_M490_428195 428195 0.0422 924.0 1948.0 -0.0742211 1.0002084 -0.00059255864 0.06515711 0.00046866093 1.0000956 16406476114 330.85196
/home/declsp/obsbot/rawdata/DECam_01459007.fits.fz N4 1459007 252.1883 61094.22197329 1.11 169.63972770426614 -5.161103812434709 169.64727083333332 -5.086 M490 0.040948983 24.98799 1.027693 0.9212004 21.886316 0.81227374 decam -20.14881 -10.222475 138 object IBIS_wide_M490_428190 428190 0.041351 924.0 1948.0 0.039132413 0.99997586 -0.0005384673 -0.14146097 0.0001873592 1.0000863 16027272105 310.47205
/home/declsp/obsbot/rawdata/DECam_01459008.fits.fz N4 1459008 256.2883 61094.22523602 1.11 172.22872468338724 -5.409103810284639 172.23627083333332 -5.334 M490 0.042618796 24.983519 1.0234705 0.8884675 21.91274 0.75203604 decam -12.745735 -11.409213 142 object IBIS_wide_M490_425120 425120 0.047441 924.0 1948.0 0.026104249 1.0000707 -0.00039208177 0.021351246 0.00046558643 1.000095 15984407219 340.79257
/home/declsp/obsbot/rawdata/DECam_01459009.fits.fz N4 1459009 253.3184 61094.22853167 1.11 173.66072691460457 -5.562103808957317 173.668275 -5.487 M490 0.044754427 24.969505 1.0103458 0.9283573 21.848347 0.9066752 decam -17.44606 -14.129841 118 object IBIS_wide_M490_425275 425275 0.041947 924.0 1948.0 0.05224153 1.0003603 -0.00016610177 -0.013441898 0.0002071222 1.0001345 17267574862 279.39267
/home/declsp/obsbot/rawdata/DECam_01459010.fits.fz N4 1459010 244.7784 61094.2317915 1.11 172.4747276566827 -5.1651038124000435 172.48227083333333 -5.09 M490 0.049048383 24.980032 1.0201894 0.8451433 21.902359 0.72212213 decam -17.45725 -15.3436165 132 object IBIS_wide_M490_428106 428106 0.049641 924.0 1948.0 0.091560856 1.0002501 -0.00029572795 0.15703891 0.0003265836 1.000059 15952293752 338.97092
/home/declsp/obsbot/rawdata/DECam_01459011.fits.fz N4 1459011 215.3586 61094.23502992 1.11 177.4107224716318 -5.898103806039951 177.418275 -5.823 M490 0.029500455 24.981829 1.0218788 0.9004555 21.897821 0.7194392 decam -17.204233 -18.816776 181 object IBIS_wide_M490_428248 428248 0.030554 924.0 1948.0 -0.076345004 1.000176 -9.3351766e-05 0.061654236 0.00010414562 1.0000497 15908566139 299.34232
/home/declsp/obsbot/rawdata/DECam_01459012.fits.fz N4 1459012 234.1185 61094.23788588 1.11 173.90473688771417 -5.089103813058604 173.91227916666668 -5.014 M490 0.047611967 24.974705 1.0151968 0.8551233 21.8887 0.7487151 decam -15.895647 -12.425851 152 object IBIS_wide_M490_428261 428261 0.046917 924.0 1948.0 -0.12029474 1.0002859 -0.00026944547 0.15408936 0.00012815557 0.9999016 16015581767 312.6937
/home/declsp/obsbot/rawdata/DECam_01459013.fits.fz N4 1459013 240.6785 61094.2412217 1.12 182.79071402470626 -6.76010379853885 182.79827916666667 -6.6850000000000005 M490 0.04500139 24.990332 1.0317831 0.8564179 21.893652 0.71375555 decam -36.79158 -14.389404 145 object IBIS_wide_M490_430959 430959 0.042962 924.0 1948.0 0.0012508939 1.0000957 0.00012615317 0.12905197 -0.00018859397 1.0002337 16019784446 337.20016
/home/declsp/obsbot/rawdata/DECam_01459014.fits.fz N4 1459014 212.5586 61094.2447053 1.11 175.2817359304841 -5.170103812356712 175.28927916666666 -5.095 M490 0.047406245 24.99648 1.0357635 0.83116925 21.876396 0.68648016 decam -12.215849 -19.668571 133 object IBIS_wide_M490_428256 428256 0.035629 924.0 1948.0 -0.06554412 1.0002853 -0.00018659495 0.19208358 0.00034039046 0.9999029 16149383904 309.63544
/home/declsp/obsbot/rawdata/DECam_01459015.fits.fz N4 1459015 207.0887 61094.24750121 1.11 176.6507275852374 -5.171103812348045 176.65827083333335 -5.096 M490 0.021809973 24.986483 1.0262686 0.83546716 21.878048 0.5942307 decam -23.68385 -5.932542 147 object IBIS_wide_M490_428257 428257 0.02376 924.0 1948.0 0.032344345 1.000053 -0.00012619286 0.067167684 -6.64339e-05 1.0000341 16020655851 348.4988
/home/declsp/obsbot/rawdata/DECam_01459016.fits.fz N4 1459016 297.8882 61094.25043005 1.12 184.5937201546952 -6.356103802057567 184.60127916666667 -6.281 M490 0.03257513 24.983479 1.0252919 0.92598116 21.866951 0.7964797 decam -26.107552 -14.19738 156 object IBIS_wide_M490_433930 433930 0.036763 924.0 1948.0 -0.18651521 1.0000995 0.00023817462 0.15647261 1.7611987e-05 0.999963 16566958547 374.00604
/home/declsp/obsbot/rawdata/DECam_01459017.fits.fz N4 1459017 257.2083 61094.25427678 1.11 180.44673177572847 -5.169103812365379 180.454275 -5.094 M490 0.025064467 24.980446 1.0205783 0.91997 21.87359 0.7472261 decam -17.451668 -11.066779 140 object IBIS_wide_M490_433944 433944 0.026029 924.0 1948.0 -0.1784996 1.00039 -8.968309e-05 0.113924935 -0.0001883838 0.9999288 16006452748 344.2175
/home/declsp/obsbot/rawdata/DECam_01459018.fits.fz N4 1459018 267.2982 61094.25762175 1.11 177.03873455553153 -4.93010381443588 177.04627499999998 -4.855 M490 0.024460617 24.988106 1.0278038 0.9186807 21.87407 0.7314107 decam -21.84827 -1.6260263 148 object IBIS_wide_M490_425272 425272 0.025264 924.0 1948.0 0.018372437 1.0001886 -0.00017976723 0.072605364 6.74715e-05 1.0000639 16067435228 365.4557
/home/declsp/obsbot/rawdata/DECam_01459019.fits.fz N4 1459019 260.4284 61094.26113838 1.11 182.11473436220666 -4.9471038142886545 182.122275 -4.872 M490 0.033247963 24.982237 1.0222627 0.8926618 21.867817 0.7448106 decam -16.106894 -9.197961 165 object IBIS_wide_M490_430968 430968 0.033719 924.0 1948.0 -0.050122704 0.99996156 0.00013220054 0.24194251 -0.00029675098 1.0001025 16108052885 349.65723
/home/declsp/obsbot/rawdata/DECam_01459020.fits.fz N4 1459020 196.9687 61094.26452053 1.11 178.65374011195934 -4.806103815509522 178.66127916666665 -4.731 M490 0.020684171 24.970045 1.0108491 0.8800284 21.883774 0.6706857 decam -8.560736 2.212799 143 object IBIS_wide_M490_425265 425265 0.025977 924.0 1948.0 -0.013643015 1.0001242 -7.510297e-05 0.047009647 0.00017952536 1.0000248 15858830829 293.6826
/home/declsp/obsbot/rawdata/DECam_01459021.fits.fz N4 1459021 227.6885 61094.2671817 1.11 182.55473429319298 -4.573103817525883 182.56227083333334 -4.498 M490 0.031702816 24.972486 1.0131247 0.9027295 21.870981 0.76523536 decam 2.8066761 -6.702102 164 object IBIS_wide_M490_433954 433954 0.032756 924.0 1948.0 -0.03800553 1.0001422 5.686407e-05 0.06636837 -0.0002922101 1.0001101 15939952205 297.5405
/home/declsp/obsbot/rawdata/DECam_01459022.fits.fz N4 1459022 247.8884 61094.270153 1.11 181.0407386278997 -4.557103817664297 181.048275 -4.482 M490 0.02887174 24.970266 1.0110546 0.96947074 21.881426 0.8608614 decam -8.949875 1.7539186 170 object IBIS_wide_M490_433955 433955 0.027775 924.0 1948.0 -0.027800016 1.0003806 -2.048868e-05 0.16099232 7.03537e-05 1.0000783 15991947744 287.9539
/home/declsp/obsbot/rawdata/DECam_01459023.fits.fz N4 1459023 216.2186 61094.2733635 1.11 184.21673733513978 -4.274103820111492 184.22427083333332 -4.199 M490 0.034478605 24.97327 1.0138564 0.89074475 21.842258 0.77832454 decam -9.91531 -10.222622 171 object IBIS_wide_M490_430966 430966 0.03781 924.0 1948.0 -0.007365629 1.00034 0.000118130265 -0.033372734 -0.00056768255 1.000172 15952508987 277.80005
/home/declsp/obsbot/rawdata/DECam_01459024.fits.fz N4 1459024 232.4785 61094.27622176 1.12 186.97774317652002 -4.100103821615222 186.985275 -4.025 M490 0.055192906 24.984844 1.0265826 0.865434 21.824507 0.84007055 decam -13.188351 -3.3714173 157 object IBIS_wide_M490_431449 431449 0.042888 924.0 1948.0 -0.050762996 1.0001674 0.0003048762 0.08919002 -0.00031528086 1.000081 16000563252 276.73688
/home/declsp/obsbot/rawdata/DECam_01459025.fits.fz N4 1459025 232.7385 61094.27926588 1.12 189.65273765815402 -4.2411038203967335 189.66027083333333 -4.166 M490 0.033447444 24.987913 1.0294881 0.93272865 21.837366 0.82849014 decam -0.19793674 -19.746967 156 object IBIS_wide_M490_431445 431445 0.029844 924.0 1948.0 -0.15150979 1.0002284 0.000436347 0.10845838 -0.0005656491 1.0000783 15951416086 280.91885
/home/declsp/obsbot/rawdata/DECam_01459026.fits.fz N4 1459026 259.9383 61094.28229842 1.12 187.4037440428427 -4.007103822418671 187.411275 -3.932 M490 0.048871357 24.96719 1.0100243 0.9254708 21.842113 0.93557537 decam -11.783296 -0.3979039 155 object IBIS_wide_M490_434435 434435 0.042123 924.0 1948.0 -0.047664724 1.0001663 0.00029386784 -0.028236328 -0.00028022754 1.0001621 16043853107 277.8379
/home/declsp/obsbot/rawdata/DECam_01459027.fits.fz N4 1459027 267.6884 61094.28569306 1.12 191.68674025173894 -3.96610382277282 191.69427083333335 -3.891 M490 0.025854817 24.984903 1.0266386 0.9148396 21.830832 0.76638234 decam -7.769474 -7.4994736 167 object IBIS_wide_M490_434440 434440 0.027117 924.0 1948.0 0.086298466 1.0001044 0.0004741134 0.01536405 -0.0003900624 1.0001154 16181904602 349.2883
/home/declsp/obsbot/rawdata/DECam_01459028.fits.fz N4 1459028 281.3382 61094.28911751 1.12 190.5327471740397 -3.6511038254925845 190.540275 -3.576 M490 0.02526376 24.979818 1.0218413 0.9503714 21.832329 0.8302265 decam -9.035111 -1.8554964 170 object IBIS_wide_M490_431456 431456 0.029816 924.0 1948.0 0.027544925 0.9999911 0.00030802525 -0.01596816 -0.0008474829 1.0001101 16090587641 338.8692
/home/declsp/obsbot/rawdata/DECam_01459029.fits.fz N4 1459029 293.5481 61094.29272715 1.12 193.25274288135714 -3.6661038253631157 193.26027083333335 -3.591 M490 0.021264974 24.986996 1.0286188 1.0065074 21.787294 0.93228734 decam -0.23023576 0.8059821 159 object IBIS_wide_M490_431436 431436 0.021217 924.0 1948.0 0.050431773 1.000109 0.00054425263 0.06295695 -0.0006716366 1.0001298 16164903907 314.86868
/home/declsp/obsbot/rawdata/DECam_01459030.fits.fz N4 1459030 272.1983 61094.29648341 1.12 191.926743473237 -3.5951038259758943 191.93427083333333 -3.52 M490 0.023906568 24.974016 1.0163951 0.9494739 21.827387 0.83377284 decam -11.27887 4.1410413 150 object IBIS_wide_M490_431455 431455 0.025862 924.0 1948.0 -0.18687828 1.0002908 0.00047837335 0.046000425 -0.00056659314 1.0000898 16071449588 326.4658
/home/declsp/obsbot/rawdata/DECam_01459031.fits.fz N4 1459031 256.9883 61094.29995154 1.12 193.81774946956193 -3.366103827951675 193.825275 -3.291 M490 0.02068047 24.985142 1.0268635 0.90002394 21.810572 0.72973496 decam -12.854528 3.6315277 166 object IBIS_wide_M490_434422 434422 0.020612 924.0 1948.0 0.0017407378 1.0002233 0.0005599286 0.029525958 -0.0005422274 1.0000743 16066598287 352.16666
/home/declsp/obsbot/rawdata/DECam_01459032.fits.fz N4 1459032 334.7678 61094.3032571 1.12 196.47375365167474 -3.3641038279689264 196.48127916666667 -3.289 M490 0.02188386 24.988436 1.0299836 0.954401 21.81192 0.8209133 decam -22.468016 -3.6573014 153 object IBIS_wide_M490_434458 434458 0.026412 924.0 1948.0 -0.107379876 1.0003929 0.0007218821 0.29722327 -0.0010812802 1.0001553 16314103006 407.7992
/home/declsp/obsbot/rawdata/DECam_01459033.fits.fz N4 1459033 300.0981 61094.3074483 1.12 198.98175129036238 -3.657103825440798 198.98927916666665 -3.582 M490 0.037437145 24.968729 1.0114566 0.99052465 21.790478 1.0377129 decam -17.254854 -0.10712299 175 object IBIS_wide_M490_431223 431223 0.034313 924.0 1948.0 -0.04352382 1.000202 0.0008440028 0.15726721 -0.00079659536 1.0001082 16183930631 289.19183
/home/declsp/obsbot/rawdata/DECam_01459034.fits.fz N4 1459034 300.928 61094.31124237 1.12 197.95374547229488 -3.344103828141439 197.96127083333334 -3.269 M490 0.02595325 24.973534 1.0159439 0.9909044 21.807846 0.9380006 decam -8.344616 1.223844 139 object IBIS_wide_M490_434457 434457 0.028597 924.0 1948.0 0.07613625 1.000245 0.0006919088 0.17473495 -0.0006102493 1.0001844 16196291988 320.81857
/home/declsp/obsbot/rawdata/DECam_01459035.fits.fz N4 1459035 276.7482 61094.31505698 1.12 198.18174757288034 -3.0581038306076054 198.18927083333332 -2.983 M490 0.028335355 24.97969 1.0217214 0.97462046 21.813347 0.9070972 decam -2.8124928 8.072376 175 object IBIS_wide_M490_431474 431474 0.029098 924.0 1948.0 -0.09554619 1.0005084 0.0007808783 0.09756544 -0.0008657075 0.9999999 16174761241 305.0921
/home/declsp/obsbot/rawdata/DECam_01459036.fits.fz N4 1459036 296.2281 61094.3185814 1.12 200.47474696372416 -3.676103825276803 200.482275 -3.601 M490 0.03230747 24.984854 1.0265914 0.93674105 21.80724 0.8574056 decam -5.1365504 2.4977512 191 object IBIS_wide_M490_431222 431222 0.036753 924.0 1948.0 -0.07481053 1.0001724 0.00093115924 0.01854021 -0.0006292185 1.0001494 16178417390 345.49353
/home/declsp/obsbot/rawdata/DECam_01459037.fits.fz N4 1459037 269.3483 61094.32233648 1.12 202.20474541082427 -3.3521038280724342 202.21227083333335 -3.277 M490 0.044257633 24.979034 1.0211033 0.9388535 21.828936 0.92445356 decam -5.692103 3.2396352 157 object IBIS_wide_M490_434213 434213 0.037884 924.0 1948.0 0.11048812 1.000262 0.001073326 0.24942206 -0.0009004041 1.0000478 16071933426 291.35947
/home/declsp/obsbot/rawdata/DECam_01459038.fits.fz N4 1459038 285.9282 61094.32577507 1.12 200.75175362077326 -3.3681038279344238 200.75927916666666 -3.293 M490 0.035773613 24.982197 1.024082 0.93235826 21.829802 0.8556781 decam -7.0886574 20.26135 168 object IBIS_wide_M490_434208 434208 0.035935 924.0 1948.0 -0.09871827 1.0002127 0.00079681195 0.14803465 -0.00076862564 1.0000871 16148709749 334.15393
/home/declsp/obsbot/rawdata/DECam_01459039.fits.fz N4 1459039 312.6681 61094.32941754 1.12 201.2637517255125 -3.0601038305903634 201.271275 -2.985 M490 0.034808382 24.989529 1.0310204 0.9448053 21.830275 0.86086315 decam -10.7377825 21.571224 175 object IBIS_wide_M490_431233 431233 0.037483 924.0 1948.0 -0.45394745 1.0002877 0.00087506697 0.11712957 -0.0007419888 1.000059 16178936200 363.203
/home/declsp/obsbot/rawdata/DECam_01459040.fits.fz N4 1459040 261.4983 61094.33341459 1.12 205.31475587813534 -3.0621038305731227 205.32227916666665 -2.987 M490 0.03541204 24.97945 1.021495 0.91258574 21.81839 0.8307239 decam -2.0998442 14.540261 154 object IBIS_wide_M490_431208 431208 0.039775 924.0 1948.0 -0.065590955 1.0001875 0.0011299467 0.18833338 -0.0010674808 1.0000174 16109102088 314.78363
/home/declsp/obsbot/rawdata/DECam_01459041.fits.fz N4 1459041 277.9082 61094.33678133 1.12 205.05774526423954 -3.371103827908546 205.06527083333333 -3.2960000000000003 M490 0.03969131 24.985657 1.0273514 0.91507196 21.831991 0.83918476 decam -10.919935 13.654939 169 object IBIS_wide_M490_434193 434193 0.037658 924.0 1948.0 0.20271416 1.0001252 0.00092717353 0.24141659 -0.0009211463 1.0000933 16107636649 331.1645
