logs/db-2025-10-20.ecsv
# %ECSV 1.0
# ---
# datatype:
# - {name: filename, datatype: string}
# - {name: extension, datatype: string}
# - {name: expnum, datatype: int64}
# - {name: exptime, datatype: float32}
# - {name: mjd_obs, datatype: float64}
# - {name: airmass, datatype: float32}
# - {name: racenter, datatype: float64}
# - {name: deccenter, datatype: float64}
# - {name: rabore, datatype: float64}
# - {name: decbore, datatype: float64}
# - {name: band, datatype: string}
# - {name: ebv, datatype: float32}
# - {name: zeropoint, datatype: float32}
# - {name: transparency, datatype: float32}
# - {name: seeing, datatype: float32}
# - {name: sky, datatype: float32}
# - {name: expfactor, datatype: float32}
# - {name: camera, datatype: string}
# - {name: dx, datatype: float32}
# - {name: dy, datatype: float32}
# - {name: nmatched, datatype: int64}
# - {name: obstype, datatype: string}
# - {name: object, datatype: string}
# - {name: tileid, datatype: int64}
# - {name: tileebv, datatype: float32}
# - {name: affine_x0, datatype: float32}
# - {name: affine_y0, datatype: float32}
# - {name: affine_dx, datatype: float32}
# - {name: affine_dxx, datatype: float32}
# - {name: affine_dxy, datatype: float32}
# - {name: affine_dy, datatype: float32}
# - {name: affine_dyx, datatype: float32}
# - {name: affine_dyy, datatype: float32}
# - {name: checksum, datatype: string}
# - {name: efftime, datatype: float32}
# schema: astropy-2.0
filename extension expnum exptime mjd_obs airmass racenter deccenter rabore decbore band ebv zeropoint transparency seeing sky expfactor camera dx dy nmatched obstype object tileid tileebv affine_x0 affine_y0 affine_dx affine_dxx affine_dxy affine_dy affine_dyx affine_dyy checksum efftime
[from data line 85]
rawdata/DECam_01427536.fits.fz N4 1427536 235.1688 60969.24081647 1.07 34.72359598436859 -11.804103753991114 34.73127083333333 -11.729 M517 0.02505023 25.04613 1.0264163 0.945855 21.704586 0.8862743 decam -8.891055 21.582296 71 object IBIS_wide_M517_505979 505979 0.024018 924.0 1948.0 0.12302436 0.99993294 -0.0018199892 0.036574144 0.0015903928 0.999878 16150258810 265.3454
rawdata/DECam_01427537.fits.fz N4 1427537 276.4186 60969.24388957 1.07 36.449589068620696 -12.193103750496194 36.457275 -12.118 M517 0.01967776 25.059872 1.0394909 1.0961887 21.609745 1.2239022 decam -21.153326 15.126675 95 object IBIS_wide_M517_506912 506912 0.01982 924.0 1948.0 0.52962774 1.0006316 -0.0018197091 0.1733437 0.002441203 1.0001198 16347420451 225.85023
rawdata/DECam_01427538.fits.fz N4 1427538 292.7485 60969.24741566 1.07 36.620604680305036 -11.641103755452605 36.628275 -11.566 M517 0.020353265 25.073675 1.05279 1.1368392 21.711597 1.1731669 decam -10.688426 21.01288 82 object IBIS_wide_M517_509895 509895 0.021067 924.0 1948.0 0.20371202 1.000311 -0.001940247 -0.44635382 0.0018158723 1.0000161 16297737707 249.53697
rawdata/DECam_01427539.fits.fz N4 1427539 299.4684 60969.2511386 1.08 34.81756431047284 -13.0171037430587 34.825275 -12.942 M517 0.022207255 25.064785 1.0458802 1.1152697 21.725033 1.1468878 decam -22.65821 10.514195 76 object IBIS_wide_M517_502966 502966 0.020275 924.0 1948.0 0.46623448 1.0000643 -0.0017846285 -0.336771 0.0017799739 0.99999 16306721178 261.11395
rawdata/DECam_01427540.fits.fz N4 1427540 404.1279 60969.25492871 1.08 35.69455203639204 -13.143103741917129 35.70226666666667 -13.068 M517 0.01789715 25.04087 1.0230948 1.2437317 21.712917 1.4666601 decam -26.91007 13.017093 98 object IBIS_wide_M517_503901 503901 0.019464 924.0 1948.0 -0.11196388 1.0004373 -0.0018098633 -0.18225764 0.0019058794 1.0001103 16653518298 275.54297
rawdata/DECam_01427541.fits.fz N4 1427541 442.3677 60969.25991938 1.09 37.07160137885392 -11.45710375710032 37.07926666666667 -11.382 M517 0.023719283 25.00982 0.9958471 1.1991017 21.684069 1.5374937 decam -32.505424 12.827679 93 object IBIS_wide_M517_506913 506913 0.022468 924.0 1948.0 -0.1279217 1.0000999 -0.0018510044 -0.32389173 0.0019835338 1.0000644 16843198485 287.72
rawdata/DECam_01427542.fits.fz N4 1427542 387.5179 60969.26536361 1.1 38.04161938183292 -10.934103761772215 38.04927083333333 -10.859 M517 0.028289039 25.037699 1.0233859 1.1050936 21.679983 1.2816317 decam -22.921806 16.376812 101 object IBIS_wide_M517_506951 506951 0.025227 924.0 1948.0 -0.18330483 1.000151 -0.001919689 0.010200073 0.0018179623 0.9999636 16700910788 302.3629
rawdata/DECam_01427543.fits.fz N4 1427543 563.1167 60969.27014905 1.09 39.425593330572354 -12.045103751827076 39.433275 -11.97 M517 0.02902386 25.028328 1.0129675 1.4017553 21.669184 2.1270666 decam -24.313671 15.1110525 102 object IBIS_wide_M517_509913 509913 0.02807 924.0 1948.0 0.62327886 0.9996412 -0.002042602 -0.13515697 0.0016212818 1.0001285 17216559894 264.73862
rawdata/DECam_01427544.fits.fz N4 1427544 507.5471 60969.27696932 1.1 39.119547617226324 -13.542103738294351 39.127275 -13.467 M517 0.022927457 25.047457 1.0326244 1.3599498 21.6862 1.8317703 decam -25.11508 17.150652 98 object IBIS_wide_M517_509889 509889 0.022851 924.0 1948.0 -0.21686818 1.0002075 -0.002004135 -0.099280745 0.0017973748 1.0001347 17099588870 277.0801
rawdata/DECam_01427545.fits.fz N4 1427545 419.4576 60969.28318392 1.11 40.68757990784197 -12.364103748956637 40.69527083333333 -12.289 M517 0.031267557 25.049078 1.0358275 1.2711617 21.654303 1.7313997 decam -18.293844 16.45169 90 object IBIS_wide_M517_509911 509911 0.029739 924.0 1948.0 0.4737006 1.000214 -0.002062915 -0.093625106 0.0024227567 1.0000316 17072463539 242.26505
rawdata/DECam_01427546.fits.fz N4 1427546 343.558 60969.28833945 1.11 40.9015133890066 -14.5541037290502 40.909275 -14.479 M517 0.024991686 25.054628 1.0411355 1.1703323 21.652843 1.3991159 decam -23.109549 19.185675 72 object IBIS_wide_M517_506896 506896 0.026097 924.0 1948.0 0.71143526 1.0000812 -0.002044507 -0.23448859 0.0016009696 0.9999565 16557438464 245.55365
rawdata/DECam_01427547.fits.fz N4 1427547 289.3081 60969.29262782 1.12 42.6535642793597 -13.018103743049641 42.661274999999996 -12.943 M517 0.024915228 25.056719 1.044815 1.037355 21.663946 1.083894 decam -19.822254 14.33296 84 object IBIS_wide_M517_509904 509904 0.027569 924.0 1948.0 -0.23426762 1.0001581 -0.0022463691 -0.421257 0.0022341826 1.0000327 16323591767 266.9155
rawdata/DECam_01427548.fits.fz N4 1427548 383.5775 60969.2963135 1.11 45.25958853391448 -12.067103751629329 45.26727083333333 -11.992 M517 0.057291172 25.040207 1.0273983 1.0302386 21.644867 1.3730668 decam -19.838156 3.4208791 84 object IBIS_wide_M517_506875 506875 0.059405 924.0 1948.0 0.0887048 1.000298 -0.0022378205 -0.25821194 0.0022295152 1.0000536 16656550313 279.35825
rawdata/DECam_01427549.fits.fz N4 1427549 357.5276 60969.30108455 1.12 47.222612760000835 -11.344103758111173 47.230275 -11.269 M517 0.053384885 25.061913 1.0498252 1.0130169 21.653292 1.2352476 decam -6.761766 3.9476106 119 object IBIS_wide_M517_506877 506877 0.066363 924.0 1948.0 -0.5908015 1.0002416 -0.0022462122 -0.33359048 0.0022900004 1.0001007 16588527153 289.438
rawdata/DECam_01427550.fits.fz N4 1427550 291.018 60969.30554387 1.11 47.775538210495355 -13.575103737994178 47.78326666666667 -13.5 M517 0.056469075 25.09089 1.0764958 0.99135584 21.651121 1.1457213 decam -7.624874 2.612051 118 object IBIS_wide_M517_509851 509851 0.051687 924.0 1948.0 0.25217104 0.99993014 -0.0021686286 -0.6223818 0.0023861367 1.0000576 17143350388 254.00418
rawdata/DECam_01427551.fits.fz N4 1427551 263.2883 60969.30921108 1.11 47.91050547752384 -14.5421037291603 47.91826666666667 -14.467 M517 0.051965065 25.054417 1.0409333 0.9625055 21.67873 1.0949903 decam -4.9664893 1.4293485 97 object IBIS_wide_M517_506843 506843 0.048825 924.0 1948.0 -0.24892698 0.99998444 -0.002281821 0.0047395853 0.0021970102 1.000323 16228561224 240.44807
rawdata/DECam_01427552.fits.fz N4 1427552 319.3879 60969.31259989 1.11 50.78154636685908 -13.322103740293349 50.78926666666666 -13.247 M517 0.06095189 25.066715 1.0527916 0.9733081 21.6687 1.1685071 decam -10.227729 5.574987 97 object IBIS_wide_M517_506846 506846 0.069966 924.0 1948.0 0.5686887 1.000118 -0.0024630644 -0.2007388 0.002441593 1.0000911 16448671849 273.3299
rawdata/DECam_01427553.fits.fz N4 1427553 324.7878 60969.31659629 1.11 52.12656508845766 -12.857103744506643 52.13427083333333 -12.782 M517 0.065109625 25.06737 1.0534263 0.9582211 21.645285 1.1863697 decam -13.880337 3.5250373 120 object IBIS_wide_M517_507154 507154 0.06734 924.0 1948.0 0.97975105 1.0004263 -0.002268285 -0.35458016 0.0025432943 1.0000103 16637702498 273.7661
rawdata/DECam_01427554.fits.fz N4 1427554 337.3077 60969.32065799 1.13 52.85459988373484 -11.512103756608022 52.86226666666667 -11.437 M517 0.045834802 25.032692 1.0235873 1.024332 21.648 1.2775838 decam -10.003316 4.328974 126 object IBIS_wide_M517_507157 507157 0.055119 924.0 1948.0 -0.12641796 1.0003623 -0.0024069103 -0.34254977 0.0025538984 1.000109 16578144837 264.02002
rawdata/DECam_01427555.fits.fz N4 1427555 333.8478 60969.32487563 1.14 52.464592851737095 -11.767103754323013 52.47226666666666 -11.692 M517 0.051634196 25.039686 1.0318538 1.030263 21.627605 1.3479931 decam -8.327866 6.1955066 114 object IBIS_wide_M517_510140 510140 0.056715 924.0 1948.0 0.50535375 0.99982226 -0.0023520074 -0.5793502 0.0024270285 1.0001428 16518302732 247.66284
rawdata/DECam_01427556.fits.fz N4 1427556 418.3273 60969.32904877 1.15 51.24656737128505 -12.64510374642233 51.254266666666666 -12.57 M517 0.08050392 24.99753 0.9941504 1.0402126 21.632374 1.7707239 decam -5.781122 3.9141405 115 object IBIS_wide_M517_509832 509832 0.07666 924.0 1948.0 0.6535766 0.99995756 -0.002374257 -0.20932399 0.0023111752 1.0001752 16805036289 236.24648
rawdata/DECam_01427557.fits.fz N4 1427557 478.6069 60969.33422129 1.17 53.74565874483471 -9.652103773156332 53.753279166666665 -9.577 M517 0.028623763 24.964918 0.9678309 1.1742622 21.584137 1.8107736 decam -17.72697 6.664808 122 object IBIS_wide_M517_510157 510157 0.042231 924.0 1948.0 -0.0024538538 0.99993896 -0.0022863098 -0.0007066104 0.0026837783 1.0002764 17102563714 264.31073
rawdata/DECam_01427558.fits.fz N4 1427558 420.8774 60969.34008742 1.19 53.14764407882004 -10.105103769144206 53.155275 -10.03 M517 0.042340085 24.946272 0.95440507 1.0419843 21.580019 1.61452 decam -10.497762 9.274139 121 object IBIS_wide_M517_510146 510146 0.04357 924.0 1948.0 0.14079902 1.0005263 -0.0025056126 0.108392276 0.0025702391 1.0000408 17807261629 260.6827
rawdata/DECam_01427559.fits.fz N4 1427559 319.288 60969.34527976 1.21 52.9996411430864 -10.053103769605324 53.00727083333333 -9.978 M517 0.03949242 24.984318 0.99161583 0.962288 21.606783 1.230939 decam -15.789338 5.0497537 123 object IBIS_wide_M517_507160 507160 0.044467 924.0 1948.0 0.7577569 1.0001471 -0.0024556022 -0.13875897 0.0025359436 1.0001042 16526362946 259.3857
rawdata/DECam_01427560.fits.fz N4 1427560 321.878 60969.34928462 1.23 51.5835948906722 -11.843103753641179 51.59127083333333 -11.768 M517 0.058453437 24.975834 0.98705596 0.93111855 21.628382 1.292116 decam -19.656948 5.363793 110 object IBIS_wide_M517_510139 510139 0.062837 924.0 1948.0 0.7564875 0.9998008 -0.0024388349 0.109386615 0.0024603799 1.000056 16493598658 249.10919
rawdata/DECam_01427561.fits.fz N4 1427561 286.3082 60969.35331683 1.25 50.05153454709269 -13.938103734686774 50.059275 -13.863 M517 0.059200786 25.044132 1.0545162 0.9225556 21.645622 1.1060947 decam -21.393347 4.704527 111 object IBIS_wide_M517_506845 506845 0.054177 924.0 1948.0 -0.36558485 1.0000738 -0.0022694801 -0.14171186 0.0023968583 1.000221 16404571685 258.846
rawdata/DECam_01427562.fits.fz N4 1427562 297.338 60969.35695963 1.27 51.60261206158856 -11.37010375787866 51.610275 -11.295 M517 0.04856613 25.01493 1.0298277 0.90562606 21.59397 1.1038915 decam -28.454617 5.589289 121 object IBIS_wide_M517_507156 507156 0.060206 924.0 1948.0 0.13832632 1.0002183 -0.0023365642 -0.043802068 0.0025918505 1.0001388 16424247191 269.35437
rawdata/DECam_01427563.fits.fz N4 1427563 150.0 60969.36296268 1.3 137.08540076632954 -37.274343482070755 137.09484166666667 -37.19924 M464 0.3093712 24.861816 0.9742867 0.95039535 21.38248 11.532935 decam -21.851147 -32.29637 2002 object "Pyxis position 5" 0 0.0 924.0 1948.0 -0.25689775 1.0002276 -0.002320876 -0.1128966 0.0021562316 1.0001498 16167306692 13.006229
rawdata/DECam_01427564.fits.fz N4 1427564 150.0 60969.36504953 1.29 136.9239151429941 -37.09243848453424 136.93333333333334 -37.017335 M464 0.32608593 24.823898 0.9389167 0.92439294 21.181927 15.861806 decam -15.523861 -26.081112 1784 object "Pyxis position 6" 0 0.0 924.0 1948.0 0.15165746 1.0002007 -0.0023391354 -0.2288593 0.0022947397 1.0001695 16337235231 9.456678
rawdata/DECam_01427565.fits.fz N4 1427565 150.0 60969.36710782 1.27 136.88634340548262 -37.33295348127449 136.89579166666667 -37.25785 M464 0.3547526 24.752449 0.8755144 0.94984245 20.857122 31.618269 decam -12.905066 -23.42983 1677 object "Pyxis position 7" 0 0.0 924.0 1948.0 0.22519954 1.0000288 -0.0022926023 -0.05105393 0.002264639 1.0001576 16957364976 4.744093
rawdata/DECam_01427566.fits.fz N4 1427566 150.0 60969.36916561 1.27 137.13450629254874 -37.16352459468407 137.14393333333334 -37.08842111111111 M464 0.30613202 24.799183 0.91402286 0.95087004 20.530563 27.74549 decam -8.797098 -21.914484 1738 object "Pyxis position 8" 0 0.0 924.0 1948.0 -0.039613184 1.0001063 -0.002331748 -0.41505688 0.0023151855 1.0001651 16903187250 5.4062843
rawdata/DECam_01427567.fits.fz N4 1427567 150.0 60969.37123815 1.25 136.78716990371757 -37.15461348369356 136.79659583333333 -37.07951 M464 0.3558153 24.767456 0.88406205 0.8986272 20.102959 55.57667 decam -6.164839 -14.279462 1622 object "Pyxis position 9" 0 0.0 924.0 1948.0 0.06177814 1.0001961 -0.0022685248 -0.002748363 0.0020878143 1.0001068 17365005109 2.6989741
rawdata/DECam_01427568.fits.fz N4 1427568 150.0 60969.37332759 1.25 137.05048175752353 -37.35929042536071 137.05993333333333 -37.28418694444444 M464 0.3210592 24.594255 0.7537064 0.90545547 19.460293 109.44398 decam -10.500794 -25.843954 1245 object "Pyxis position 10" 0 0.0 924.0 1948.0 -0.036836565 1.0002977 -0.0022394417 -0.19685753 0.0022911027 1.0002155 19298318397 1.3705642
rawdata/DECam_01427569.fits.fz N4 1427569 15.0 60969.37692633 1.0 89.0930033306711 -27.849770541142576 89.1015 -27.774666944444444 M464 0.038579706 24.79317 0.8599406 0.93610406 19.470835 10.662396 decam -24.071295 -14.227454 155 object "LTT2415 N4" 0 0.0 924.0 1948.0 0.58439547 0.99992114 -0.0030545525 -0.20655783 0.0029582737 1.0001061 15732326908 1.4068131
rawdata/DECam_01427570.fits.fz N4 1427570 15.0 60969.37742618 1.0 89.0930033306711 -27.849770541142576 89.1015 -27.774666944444444 M517 0.038579706 24.884142 0.8742931 0.8390752 19.754606 6.1678486 decam -8.420341 0.445562 181 object "LTT2415 N4" 0 0.0 924.0 1948.0 0.14215748 1.0001568 -0.003024608 -0.19387211 0.0028465695 1.0000685 15671595623 2.4319663
rawdata/DECam_01427571.fits.fz N4 1427571 15.0 60969.37789739 1.01 88.74173249733775 -27.849770541142576 88.75022916666667 -27.774666944444444 M517 0.03469151 24.906837 0.8941932 0.8320396 19.645973 6.2747355 decam -0.5179311 1.5209998 165 object "LTT2415 N5" 0 0.0 924.0 1948.0 0.45065248 1.000038 -0.003000966 -0.54134893 0.0029729519 1.0000305 15700235814 2.390539
rawdata/DECam_01427572.fits.fz N4 1427572 15.0 60969.37836689 1.01 88.74173249733775 -27.849770541142576 88.75022916666667 -27.774666944444444 M464 0.03469151 24.80113 0.86804926 0.87508154 19.086697 12.726265 decam -6.1397295 0.05314006 141 object "LTT2415 N5" 0 0.0 924.0 1948.0 0.46822283 0.9999047 -0.0029792334 -0.50437325 0.0029561103 1.000002 15874733740 1.1786648
rawdata/DECam_01427573.fits.fz N4 1427573 15.0 60969.37883128 1.0 89.4442443826225 -28.016436650418257 89.45275416666667 -27.941333055555557 M464 0.029162224 24.808107 0.8718516 0.865721 18.975561 13.094892 decam 1.8439313 -0.8026061 181 object "LTT2415 S3" 0 0.0 924.0 1948.0 0.72549504 1.0005317 -0.0028457101 -0.290222 0.0030218912 0.99999726 15947367717 1.1454848
rawdata/DECam_01427574.fits.fz N4 1427574 15.0 60969.37930543 1.0 89.4442443826225 -28.016436650418257 89.45275416666667 -27.941333055555557 M517 0.029162224 24.925596 0.9083188 0.8275071 19.311672 7.881015 decam -6.998675 7.5283136 212 object "LTT2415 S3" 0 0.0 924.0 1948.0 0.64614666 1.0004039 -0.0027966849 -0.3531133 0.0031396355 0.9999965 15837581437 1.9033082
rawdata/DECam_01427575.fits.fz N4 1427575 5.0 60969.38060101 1.19 101.29829884968848 2.1454791801840543 101.30581666666667 2.2205830555555557 M464 0.8802997 24.796284 0.8967289 0.95698637 18.33655 12908.86 decam -3.436525 7.9483256 440 object "Hilt600 N4" 0 0.0 924.0 1948.0 -0.0010618471 1.0001272 -0.002606007 -0.23406987 0.0022943316 1.0000061 15730973876 0.00038733086
rawdata/DECam_01427576.fits.fz N4 1427576 5.0 60969.38097558 1.19 101.29829884968848 2.1454791801840543 101.30581666666667 2.2205830555555557 M517 0.8802997 25.009079 1.0112427 0.9682323 18.667133 3408.5093 decam -14.036022 -3.4756813 536 object "Hilt600 N4" 0 0.0 924.0 1948.0 0.073154986 1.0000665 -0.0026691344 -0.1258005 0.0023895067 1.0000182 15656792535 0.001466917
rawdata/DECam_01427577.fits.fz N4 1427577 5.0 60969.38135397 1.19 100.98752801635516 2.1454791801840543 100.99504583333334 2.2205830555555557 M517 0.9783205 25.019814 1.0212909 0.84935236 18.560528 5237.1416 decam -25.515831 -14.037947 572 object "Hilt600 N5" 0 0.0 924.0 1948.0 0.497615 1.0001646 -0.00253839 -0.006799138 0.0023599053 1.0001205 15670324611 0.00095471926
