logs/db-2024-07-03.ecsv
# %ECSV 1.0
# ---
# datatype:
# - {name: filename, datatype: string}
# - {name: extension, datatype: string}
# - {name: expnum, datatype: int64}
# - {name: exptime, datatype: float32}
# - {name: mjd_obs, datatype: float64}
# - {name: airmass, datatype: float32}
# - {name: racenter, datatype: float64}
# - {name: deccenter, datatype: float64}
# - {name: rabore, datatype: float64}
# - {name: decbore, datatype: float64}
# - {name: band, datatype: string}
# - {name: ebv, datatype: float32}
# - {name: zeropoint, datatype: float32}
# - {name: transparency, datatype: float32}
# - {name: seeing, datatype: float32}
# - {name: sky, datatype: float32}
# - {name: expfactor, datatype: float32}
# - {name: camera, datatype: string}
# - {name: dx, datatype: float32}
# - {name: dy, datatype: float32}
# - {name: nmatched, datatype: int64}
# - {name: obstype, datatype: string}
# - {name: object, datatype: string}
# - {name: tileid, datatype: int64}
# - {name: tileebv, datatype: float32}
# - {name: affine_x0, datatype: float32}
# - {name: affine_y0, datatype: float32}
# - {name: affine_dx, datatype: float32}
# - {name: affine_dxx, datatype: float32}
# - {name: affine_dxy, datatype: float32}
# - {name: affine_dy, datatype: float32}
# - {name: affine_dyx, datatype: float32}
# - {name: affine_dyy, datatype: float32}
# - {name: checksum, datatype: string}
# - {name: efftime, datatype: float32}
# schema: astropy-2.0
filename extension expnum exptime mjd_obs airmass racenter deccenter rabore decbore band ebv zeropoint transparency seeing sky expfactor camera dx dy nmatched obstype object tileid tileebv affine_x0 affine_y0 affine_dx affine_dxx affine_dxy affine_dy affine_dyx affine_dyy checksum efftime
rawdata/DECam_01308418.fits.fz N4 1308418 5.0 60494.94596811 1.0 189.75568121214053 -30.497603566832915 189.7644 -30.4225 r 0.0701007 0.0 0.0 0.0 16.61994 0.0 decam 0.0 0.0 0 object pointing 0 0.0 0.0 0.0 0.0 0.0 0.0 0.0 0.0 0.0 24045803931 0.0
rawdata/DECam_01308419.fits.fz N4 1308419 30.0 60494.94730042 1.0 189.75568121214053 -30.497603566832915 189.7644 -30.4225 r 0.0701007 0.0 0.0 0.0 16.86204 0.0 decam 0.0 0.0 0 object pointing 0 0.0 0.0 0.0 0.0 0.0 0.0 0.0 0.0 0.0 56991817454 0.0
rawdata/DECam_01308420.fits.fz N4 1308420 60.0 60494.95276464 1.09 189.49271738544715 -6.541770744885617 189.50027916666664 -6.4666669444444445 g 0.021334136 25.983438 0.5695022 1.6550901 19.03592 100.29047 decam -3.1522262 62.10178 55 object Pointing 0 0.0 924.0 1948.0 0.16479608 1.0003111 -6.8831025e-05 0.42312992 -0.0002270454 0.9994665 24728002258 0.59826225
rawdata/DECam_01308421.fits.fz N4 1308421 500.0 60494.95611615 1.1 190.19671535392112 -6.399103801683318 190.204275 -6.324 M464 0.022469632 24.695107 0.8024954 1.749629 20.547943 14.316661 decam 11.816808 -4.289978 99 object IBIS_wide_M464_334403 334403 0.024328 924.0 1948.0 -0.09423785 1.0001214 2.3676981e-05 0.31792307 0.00014245923 0.99977386 19738145443 34.924343
rawdata/DECam_01308422.fits.fz N4 1308422 500.0 60494.96225778 1.1 191.2447156704254 -6.654103799462632 191.25227916666668 -6.579 M464 0.026280183 24.527596 0.68776184 1.9407947 21.198704 13.469298 decam 7.501335 -7.0906363 70 object IBIS_wide_M464_331418 331418 0.026141 924.0 1948.0 -0.07373469 1.0000409 1.518431e-05 -0.279329 -0.00041031733 1.0004873 17772038855 37.12146
rawdata/DECam_01308423.fits.fz N4 1308423 500.0 60494.96839999 1.11 194.05273242800266 -5.456103809876974 194.06027916666665 -5.381 M464 0.030872224 24.593403 0.73228705 1.8248712 21.410965 8.91547 decam 10.73127 -5.9631233 91 object IBIS_wide_M464_331425 331425 0.028435 924.0 1948.0 0.064767 0.99987143 0.0003832386 0.120762825 -0.0003016006 0.9995143 17380528499 56.08229
rawdata/DECam_01308424.fits.fz N4 1308424 500.0 60494.97453934 1.11 191.58271616420993 -6.3441038021619995 191.590275 -6.269 M464 0.024567617 24.497795 0.6705602 1.7209386 21.39065 9.282256 decam 15.082358 -1.7151873 95 object IBIS_wide_M464_334404 334404 0.026813 924.0 1948.0 -0.056387275 1.0000782 -3.7173355e-05 0.10704422 -0.00025814728 0.99961203 17374268782 53.866215
rawdata/DECam_01308425.fits.fz N4 1308425 500.0 60494.98068913 1.11 193.13971862363053 -6.174103803640907 193.147275 -6.099 M464 0.031960763 24.548803 0.70281607 1.8143393 21.417707 9.569768 decam 12.250758 -4.281674 98 object IBIS_wide_M464_334399 334399 0.03213 924.0 1948.0 -0.047360953 1.0003343 -1.2946232e-06 0.10681651 0.00023316678 1.0000045 17341616413 52.24787
rawdata/DECam_01308426.fits.fz N4 1308426 500.0 60494.98684174 1.12 192.31271333376074 -6.804103798155272 192.32027916666667 -6.729 M464 0.027004775 24.625069 0.7555572 2.358172 21.44945 13.244295 decam 9.891661 -3.0764863 86 object IBIS_wide_M464_334398 334398 0.02831 924.0 1948.0 -0.068420336 0.9999453 0.00017605234 0.15602064 1.7805243e-05 0.9998024 18158465580 37.7521
rawdata/DECam_01308427.fits.fz N4 1308427 500.0 60494.99300274 1.13 194.61072442940738 -6.058103804649498 194.61827916666667 -5.983 M464 0.029857067 24.657051 0.7797951 1.9088522 21.429564 8.476723 decam 0.16323318 1.0645605 91 object IBIS_wide_M464_331423 331423 0.033067 924.0 1948.0 -0.06000438 0.99994916 9.6205455e-05 0.10678175 6.0473045e-05 1.0000893 18486825043 58.98506
rawdata/DECam_01308428.fits.fz N4 1308428 500.0 60494.99914457 1.14 195.18872446129868 -5.750103807325405 195.196275 -5.675 M464 0.03240866 24.586517 0.7322969 2.3211012 21.44981 14.218804 decam -0.080580644 0.63863546 82 object IBIS_wide_M464_334409 334409 0.03345 924.0 1948.0 -0.3624095 1.0001913 0.0004431284 0.45305336 -0.0006527408 0.99985754 17286833717 35.1647
rawdata/DECam_01308429.fits.fz N4 1308429 500.0 60495.00529561 1.13 197.1697194169479 -6.406103801622389 197.17727916666666 -6.331 M464 0.04306599 24.628613 0.75963503 2.2234116 21.457619 12.768388 decam -6.5205407 2.2465281 89 object IBIS_wide_M464_334159 334159 0.039335 924.0 1948.0 -0.16608752 1.0003221 8.3984225e-05 -0.088079564 -0.0004482026 0.99991184 17380006213 39.15921
rawdata/DECam_01308430.fits.fz N4 1308430 500.0 60495.01143678 1.14 198.56671336497408 -6.532103800525359 198.574275 -6.457 M464 0.056075633 24.543257 0.7036917 1.9515529 21.422771 12.840952 decam -4.4783587 1.474379 109 object IBIS_wide_M464_334154 334154 0.044655 924.0 1948.0 -0.17266157 0.99997085 0.00010705006 0.047975846 -0.0001651963 1.0000199 17307459482 38.937923
rawdata/DECam_01308431.fits.fz N4 1308431 500.0 60495.0175885 1.15 199.38972620133524 -5.9301038057619255 199.39727916666666 -5.855 M464 0.037821397 24.512043 0.68520015 1.7709012 21.394156 10.322099 decam -8.609413 2.4744313 101 object IBIS_wide_M464_334197 334197 0.039737 924.0 1948.0 -0.11679794 0.9999428 0.00033044172 0.091088526 -0.0002156738 0.9998871 17341237493 48.439762
rawdata/DECam_01308432.fits.fz N4 1308432 500.0 60495.02372452 1.15 201.3637202281454 -6.351103802101081 201.37127916666668 -6.276 M464 0.038001493 24.569935 0.7227268 1.9873308 21.426382 11.352907 decam -6.1369123 3.7186618 108 object IBIS_wide_M464_334174 334174 0.034897 924.0 1948.0 -0.05183243 0.9999032 0.00037886386 0.045900643 -0.00047193497 1.0000191 17296699190 44.041584
rawdata/DECam_01308433.fits.fz N4 1308433 500.0 60495.02987105 1.15 203.92972260667548 -5.57310380886186 203.93727083333334 -5.498 M464 0.026010333 24.573109 0.7248418 1.7588079 21.410524 8.357057 decam -4.727209 9.387662 92 object IBIS_wide_M464_331201 331201 0.028347 924.0 1948.0 -0.122078225 0.9999858 0.0005042375 0.07512847 -0.00060498796 0.99991375 17306443517 59.829678
rawdata/DECam_01308434.fits.fz N4 1308434 500.0 60495.03601764 1.16 204.80172816207903 -5.785103807021472 204.80927916666667 -5.71 M464 0.025303017 24.780104 0.8789449 1.5959867 21.554413 4.0999613 decam 2.315065 11.229711 154 object IBIS_wide_M464_334181 334181 0.027609 924.0 1948.0 0.01733576 1.0000509 0.0005946921 0.04591668 -0.00016453503 0.99989 17078316357 121.95237
rawdata/DECam_01308435.fits.fz N4 1308435 500.0 60495.04214662 1.17 205.56673225164045 -5.470103809755528 205.57427916666666 -5.395 M464 0.026246222 24.681078 0.8040278 1.6294367 21.505705 5.3939667 decam 4.562158 8.932048 137 object IBIS_wide_M464_331196 331196 0.027443 924.0 1948.0 0.0144728795 0.9998949 0.0004877923 0.17967476 -0.00065219007 1.0000625 17196375371 92.69616
rawdata/DECam_01308436.fits.fz N4 1308436 500.0 60495.04828852 1.18 206.79572853754968 -5.434103810067806 206.80327499999999 -5.359 M464 0.029609388 24.753712 0.8614792 1.739427 21.562517 5.2048755 decam 4.1364837 11.111582 117 object IBIS_wide_M464_331197 331197 0.026402 924.0 1948.0 0.029308284 1.0001504 0.00055365346 0.15556443 -0.00067235855 1.0001168 17226685052 96.063774
rawdata/DECam_01308437.fits.fz N4 1308437 500.0 60495.05443978 1.19 208.22872468338724 -5.409103810284642 208.23627083333335 -5.334 M464 0.03260009 24.698883 0.82079256 1.9070048 21.544792 7.159505 decam 0.047265407 10.772156 111 object IBIS_wide_M464_331112 331112 0.027725 924.0 1948.0 0.16480455 1.000037 0.0008816233 0.0527713 -0.0006283316 0.99993265 17105971045 69.837234
rawdata/DECam_01308438.fits.fz N4 1308438 500.0 60495.06058216 1.2 208.11770843977152 -6.582103800089879 208.12527083333333 -6.507 M464 0.024916114 24.793839 0.8977079 2.01356 21.573112 6.237766 decam 1.4497659 4.77848 103 object IBIS_wide_M464_331109 331109 0.028444 924.0 1948.0 -0.063524775 1.0001532 0.0008613741 -0.113245174 -0.00017392726 0.9999967 17035896595 80.156906
rawdata/DECam_01308439.fits.fz N4 1308439 500.0 60495.06672203 1.2 210.93373241542062 -5.4571038098683 210.94127916666667 -5.382 M464 0.028126407 24.803734 0.90592796 2.101396 21.577635 6.7705216 decam 4.6060724 12.204307 120 object IBIS_wide_M464_331262 331262 0.027547 924.0 1948.0 -0.18609077 1.0003126 0.00061805814 0.19994669 -0.00059011497 0.99987686 17124845208 73.849556
rawdata/DECam_01308440.fits.fz N4 1308440 500.0 60495.07287072 1.21 212.65072758523735 -5.171103812348046 212.65827083333332 -5.096 M464 0.032816425 24.679365 0.80959207 1.798164 21.513885 6.7984314 decam 6.277848 3.4303703 136 object IBIS_wide_M464_334249 334249 0.032114 924.0 1948.0 -0.06806937 0.9996782 0.0008911002 0.13517308 -0.00059515436 1.0000117 17240731929 73.54638
rawdata/DECam_01308441.fits.fz N4 1308441 500.0 60495.07902314 1.22 212.40271153455433 -6.652103799480058 212.410275 -6.577 M464 0.033610657 24.625797 0.77225244 1.7955464 21.48274 7.7356873 decam 7.350504 1.8056507 157 object IBIS_wide_M464_331251 331251 0.029577 924.0 1948.0 -0.104748905 1.000062 0.0008801838 0.15781426 -0.0004272287 1.0000105 17219726991 64.6355
rawdata/DECam_01308442.fits.fz N4 1308442 500.0 60495.08517194 1.23 215.79873581236527 -4.81810381540564 215.806275 -4.743 M464 0.05689399 24.756912 0.8732219 1.8131992 21.59254 6.4275475 decam 0.67864215 8.702424 153 object IBIS_wide_M464_330958 330958 0.053926 924.0 1948.0 -0.0065434827 1.0001774 0.0009873512 0.04365656 -0.0008936403 1.0001137 17020689254 77.79017
rawdata/DECam_01308443.fits.fz N4 1308443 500.0 60495.09130678 1.24 216.44673177572847 -5.16910381236538 216.454275 -5.094 M464 0.05786268 24.82793 0.93422663 1.8074497 21.646988 5.360253 decam 8.537852 2.243736 158 object IBIS_wide_M464_339936 339936 0.05545 924.0 1948.0 -0.14049618 0.9999982 0.0010751792 0.18903343 -0.0009985551 1.0000502 16960502358 93.27918
rawdata/DECam_01308444.fits.fz N4 1308444 500.0 60495.09744509 1.25 217.2477260887398 -5.62610380840189 217.25527499999998 -5.551 M464 0.050454468 24.601727 0.7601347 1.6475226 21.503248 7.3823476 decam 3.4627244 3.593446 139 object IBIS_wide_M464_336959 336959 0.054035 924.0 1948.0 0.036790483 1.0003557 0.0009563718 -0.070218675 -0.00089655357 1.0001189 17226992202 67.72913
rawdata/DECam_01308445.fits.fz N4 1308445 500.0 60495.10358519 1.26 218.09672077889815 -6.021103804971114 218.104275 -5.946 M464 0.059689805 24.690443 0.82660353 1.8906888 21.570423 8.195548 decam 11.81984 -0.88262457 142 object IBIS_wide_M464_336953 336953 0.060449 924.0 1948.0 -0.16877034 1.0002205 0.0011891923 0.24150002 -0.0010155975 1.0000539 17121281333 61.00873
rawdata/DECam_01308446.fits.fz N4 1308446 500.0 60495.10975397 1.27 218.79071402470626 -6.760103798538849 218.79827916666667 -6.6850000000000005 M464 0.067581825 24.720957 0.8519663 1.7727112 21.581413 7.065471 decam 1.044129 -8.412192 165 object IBIS_wide_M464_336951 336951 0.065815 924.0 1948.0 -0.18391792 1.0002238 0.0011760138 0.2693265 -0.00094925 1.000141 17034579480 70.766685
rawdata/DECam_01308447.fits.fz N4 1308447 500.0 60495.11591746 1.28 222.25973115542828 -4.8621038150247005 222.26727083333333 -4.787 M464 0.075398654 24.616827 0.77569497 1.7075915 21.543892 8.611333 decam 2.3102407 -5.785735 168 object IBIS_wide_M464_337440 337440 0.076227 924.0 1948.0 -0.054446705 0.99992704 0.0012416457 0.17289844 -0.0012042756 1.00011 17107295005 58.06302
rawdata/DECam_01308448.fits.fz N4 1308448 500.0 60495.12206076 1.29 223.66773628713625 -4.775103815777873 223.675275 -4.7 M464 0.0945745 24.497929 0.69670904 2.0710113 21.508434 18.245459 decam 7.376456 -5.923745 154 object IBIS_wide_M464_337439 337439 0.087502 924.0 1948.0 -0.080945075 1.0000502 0.001037721 -0.09413535 -0.0006221078 0.9999918 17143172814 27.40408
rawdata/DECam_01308449.fits.fz N4 1308449 500.0 60495.12820377 1.31 225.12574711529697 -3.658103825432166 225.133275 -3.583 M464 0.14105535 24.608852 0.7749277 2.2811356 21.580624 22.230202 decam 9.501455 -9.506276 148 object IBIS_wide_M464_337443 337443 0.136 924.0 1948.0 -0.38387528 0.9996602 0.0010388964 0.30726933 -0.0011526258 1.0002714 17063539621 22.491924
rawdata/DECam_01308450.fits.fz N4 1308450 500.0 60495.13434666 1.35 224.44174172720443 -4.251103820310301 224.449275 -4.176 M464 0.10213074 24.697647 0.8481223 2.275839 21.491356 16.200005 decam 3.3741724 -11.325122 127 object IBIS_wide_M464_337442 337442 0.1044 924.0 1948.0 -0.41424015 1.0004101 0.000983829 0.10620897 -0.0010263079 1.000081 17324591101 30.86419
rawdata/DECam_01308451.fits.fz N4 1308451 500.0 60495.14069625 1.37 231.82775757167784 2.064896125322131 231.83527500000002 2.14 M464 0.054249197 24.599878 0.7783799 2.7322733 21.675484 17.769081 decam -1.0563929 -5.053475 156 object IBIS_wide_M464_340504 340504 0.048087 924.0 1948.0 -0.18314886 1.000215 0.0014240099 0.18306583 -0.001511479 1.0001525 16918356233 28.138765
rawdata/DECam_01308452.fits.fz N4 1308452 500.0 60495.14684406 1.36 234.27275907499867 1.7178961283082241 234.280275 1.793 M464 0.055420876 24.683308 0.83877075 2.3566458 21.726574 10.891536 decam 1.0199559 -12.259704 174 object IBIS_wide_M464_337514 337514 0.059351 924.0 1948.0 -0.26758173 0.99975073 0.0013212643 0.16614255 -0.0010790783 0.9998923 16934469511 45.907207
rawdata/DECam_01308453.fits.fz N4 1308453 500.0 60495.15299562 1.37 236.78175876508627 2.618896120551915 236.7892791666667 2.694 M464 0.099492185 24.544582 0.73972946 2.2008758 21.64954 17.09349 decam -2.4124494 -10.578139 195 object IBIS_wide_M464_340650 340650 0.10546 924.0 1948.0 -0.48619008 0.9998991 0.0016260048 0.12202025 -0.0018681743 1.000121 16950326665 29.2509
rawdata/DECam_01308454.fits.fz N4 1308454 500.0 60495.15913172 1.37 239.29576053159408 2.3058961232474626 239.30327916666664 2.3810000000000002 M464 0.08684441 24.763588 0.9050552 2.271519 21.797297 9.849896 decam -9.976952 -13.669425 251 object IBIS_wide_M464_337660 337660 0.095313 924.0 1948.0 0.09400543 1.0001042 0.0016136538 0.07676909 -0.0014662236 1.000015 16845125377 50.761955
rawdata/DECam_01308455.fits.fz N4 1308455 500.0 60495.16527342 1.4 238.8607619720015 2.0148961257524793 238.86827916666667 2.09 M464 0.09115931 24.72948 0.88265735 2.1974595 21.760414 10.418107 decam -4.385399 -19.481974 209 object IBIS_wide_M464_340643 340643 0.09608 924.0 1948.0 0.21548769 0.99994373 0.0015702012 0.43056786 -0.001360586 1.0001432 16804836978 47.993362
rawdata/DECam_01308456.fits.fz N4 1308456 500.0 60495.17146194 1.37 243.42575630666371 2.3168961231527514 243.43327499999998 2.392 M464 0.07969658 24.68354 0.8407297 2.163948 21.737625 10.4915905 decam -6.5308456 -15.001415 312 object IBIS_wide_M464_337342 337342 0.079227 924.0 1948.0 -0.3139221 1.0002083 0.0017167957 0.03189437 -0.0017771735 0.9999538 16883083305 47.657215
rawdata/DECam_01308457.fits.fz N4 1308457 500.0 60495.17761007 1.38 243.26476519979462 1.1138961335034605 243.27227916666664 1.189 M464 0.09400219 24.695583 0.85190916 1.8944144 21.7338 8.591074 decam -1.0053089 -14.649032 342 object IBIS_wide_M464_337335 337335 0.098665 924.0 1948.0 -0.21266073 1.0001807 0.0015670386 0.21858856 -0.0015740923 1.0000205 16871272886 58.19994
rawdata/DECam_01308458.fits.fz N4 1308458 500.0 60495.18375703 1.4 244.7747693382738 1.1248961334088676 244.7822833333333 1.2 M464 0.07290434 24.72882 0.88212186 1.8279908 21.740435 6.600501 decam -1.1372621 -10.927019 368 object IBIS_wide_M464_337334 337334 0.081155 924.0 1948.0 -0.22868454 1.0001853 0.0016513164 0.03273644 -0.0013896058 0.99982125 16910542938 75.75182
rawdata/DECam_01308459.fits.fz N4 1308459 500.0 60495.18993231 1.38 249.2137604945494 2.312896123187192 249.22127916666665 2.388 M464 0.059528213 24.66695 0.8297365 1.9400351 21.729918 7.7718225 decam -2.2247684 -8.085324 383 object IBIS_wide_M464_337357 337357 0.064069 924.0 1948.0 -0.39136598 1.000204 0.0019371655 0.17845102 -0.0016915576 1.0000483 16883029419 64.33498
rawdata/DECam_01308460.fits.fz N4 1308460 500.0 60495.19759866 1.15 308.42059221292305 -12.08410375147651 308.428275 -12.009 M464 0.04463193 24.70246 0.8165524 1.9070853 21.777525 6.164557 decam -52.309864 -19.557467 514 object IBIS_wide_M464_349019 349019 0.050051 924.0 1948.0 -0.018335428 1.00015 0.0015538695 0.16678452 -0.0017515849 1.0000505 16877372466 81.108826
