logs/db-2024-11-23.ecsv
# %ECSV 1.0
# ---
# datatype:
# - {name: filename, datatype: string}
# - {name: extension, datatype: string}
# - {name: expnum, datatype: int64}
# - {name: exptime, datatype: float32}
# - {name: mjd_obs, datatype: float64}
# - {name: airmass, datatype: float32}
# - {name: racenter, datatype: float64}
# - {name: deccenter, datatype: float64}
# - {name: rabore, datatype: float64}
# - {name: decbore, datatype: float64}
# - {name: band, datatype: string}
# - {name: ebv, datatype: float32}
# - {name: zeropoint, datatype: float32}
# - {name: transparency, datatype: float32}
# - {name: seeing, datatype: float32}
# - {name: sky, datatype: float32}
# - {name: expfactor, datatype: float32}
# - {name: camera, datatype: string}
# - {name: dx, datatype: float32}
# - {name: dy, datatype: float32}
# - {name: nmatched, datatype: int64}
# - {name: obstype, datatype: string}
# - {name: object, datatype: string}
# - {name: tileid, datatype: int64}
# - {name: tileebv, datatype: float32}
# - {name: affine_x0, datatype: float32}
# - {name: affine_y0, datatype: float32}
# - {name: affine_dx, datatype: float32}
# - {name: affine_dxx, datatype: float32}
# - {name: affine_dxy, datatype: float32}
# - {name: affine_dy, datatype: float32}
# - {name: affine_dyx, datatype: float32}
# - {name: affine_dyy, datatype: float32}
# - {name: checksum, datatype: string}
# - {name: efftime, datatype: float32}
# schema: astropy-2.0
filename extension expnum exptime mjd_obs airmass racenter deccenter rabore decbore band ebv zeropoint transparency seeing sky expfactor camera dx dy nmatched obstype object tileid tileebv affine_x0 affine_y0 affine_dx affine_dxx affine_dxy affine_dy affine_dyx affine_dyy checksum efftime
rawdata/DECam_01342539.fits.fz N4 1342539 5.0 60638.00845239 1.0 354.26347155628287 -31.94621466091466 354.272325 -31.871111111111112 r 0.016571363 0.0 0.0 0.0 16.773008 0.0 decam 0.0 0.0 0 object pointing 0 0.0 0.0 0.0 0.0 0.0 0.0 0.0 0.0 0.0 22848375796 0.0
rawdata/DECam_01342540.fits.fz N4 1342540 30.0 60638.00998528 1.0 354.26347155628287 -31.94621466091466 354.272325 -31.871111111111112 r 0.016571363 0.0 0.0 0.0 17.229792 0.0 decam 0.0 0.0 0 object pointing 0 0.0 0.0 0.0 0.0 0.0 0.0 0.0 0.0 0.0 45060624416 0.0
rawdata/DECam_01342541.fits.fz N4 1342541 300.0 60638.01601202 1.05 347.10496352644395 -15.685659829723868 347.1127666666667 -15.61055611111111 M517 0.03608155 24.758614 0.99752927 1.171772 19.42966 12.447701 decam -2.5235965 55.381413 118 object "NGC 7492" 0 0.0 924.0 1948.0 -0.11268778 1.000047 0.00037447552 -0.05862596 -0.00018403136 0.99988693 21261730239 24.100836
rawdata/DECam_01342542.fits.fz N4 1342542 300.0 60638.01985688 1.05 347.10496352644395 -15.685659829723868 347.1127666666667 -15.61055611111111 M517 0.03608155 24.76132 1.000019 1.0946077 20.119854 5.725235 decam 219.01555 57.408073 113 object "NGC 7492" 0 0.0 924.0 1948.0 -0.10417945 0.9995985 0.0005302725 0.04130468 -0.00019389304 0.99990726 18468817802 52.399597
rawdata/DECam_01342543.fits.fz N4 1342543 60.0 60638.02673157 1.33 35.74373683096528 -4.325103819670615 35.751270833333336 -4.25 g 0.027691286 26.642206 1.084732 1.367458 20.875158 3.8838732 decam -37.02519 70.97415 69 object "" 0 0.0 924.0 1948.0 0.8878296 0.99964684 -0.0014396348 -0.21912688 0.0008983075 1.0000951 17069418018 15.448496
rawdata/DECam_01342544.fits.fz N4 1342544 500.0 60638.02938396 1.31 35.74373683096528 -4.325103819670615 35.751270833333336 -4.25 M411 0.027691286 24.31137 0.92180735 1.3403044 21.626568 2.9808612 decam 10.131835 0.68869686 48 object IBIS_deep_xmm_M411_1 0 0.0 924.0 1948.0 0.4547902 0.999793 -0.001654614 -0.05127349 0.001198339 1.0000823 16370064303 167.73676
rawdata/DECam_01342545.fits.fz N4 1342545 500.0 60638.03554658 1.28 35.430745412197254 -4.300103819886738 35.43827916666666 -4.225 M411 0.022121742 24.297243 0.90155643 1.2962028 21.884 2.1602826 decam 7.6292887 -0.8943415 55 object IBIS_deep_xmm_M411_2 0 0.0 924.0 1948.0 0.28156698 1.0000769 -0.0012538742 -0.1599713 0.0008425103 1.0002743 16145482740 231.4512
rawdata/DECam_01342546.fits.fz N4 1342546 500.0 60638.04172055 1.26 35.430745412197254 -4.300103819886738 35.43827916666666 -4.225 M464 0.022121742 24.92803 1.0270791 1.3572687 21.679388 2.0299852 decam 20.64386 -17.397938 64 object IBIS_deep_xmm_M464_2 0 0.0 924.0 1948.0 0.3019811 0.9999333 -0.0012797312 -0.11517072 0.0010136818 1.0001594 16874828502 246.30722
rawdata/DECam_01342547.fits.fz N4 1342547 500.0 60638.04788816 1.21 35.09972648996677 -5.595103808670939 35.107275 -5.52 M411 0.025305253 24.333437 0.91231996 1.454593 22.020851 2.3001654 decam 31.364054 -14.077924 47 object IBIS_deep_xmm_M411_7 0 0.0 924.0 1948.0 0.41601518 1.0000573 -0.0017363931 -0.11561929 0.0017988692 0.9999758 16026525254 217.37567
rawdata/DECam_01342548.fits.fz N4 1342548 500.0 60638.05406185 1.2 35.93972126419123 -5.986103805275302 35.947275000000005 -5.911 M411 0.02605925 24.364536 0.93595403 1.2453576 22.048143 1.5625985 decam 21.716394 -27.654152 53 object IBIS_deep_xmm_M411_10 0 0.0 924.0 1948.0 0.4698705 1.0001026 -0.0014551334 -0.28122213 0.0016059964 0.9998822 16011056219 319.97983
rawdata/DECam_01342549.fits.fz N4 1342549 500.0 60638.06024727 1.19 37.006724969599496 -5.3861038104841175 37.014270833333335 -5.311 M411 0.024202587 24.335594 0.90854377 1.214514 22.046482 1.5471672 decam 35.8058 -30.291187 66 object IBIS_deep_xmm_M411_14 0 0.0 924.0 1948.0 0.21340147 0.9998918 -0.0014681157 -0.75379735 0.0018628236 1.000241 16066614351 323.1713
rawdata/DECam_01342550.fits.fz N4 1342550 485.0 60638.06641479 1.18 37.14573258020209 -5.101103812954631 37.153275 -5.026 M411 0.03374427 24.343706 0.9125545 1.2268299 22.061764 1.6537743 decam 24.201994 -37.312042 58 object IBIS_deep_xmm_M411_15 0 0.0 924.0 1948.0 0.26527715 1.0003386 -0.0014816576 -0.090813845 0.001413183 1.0002002 15967106128 293.26855
rawdata/DECam_01342551.fits.fz N4 1342551 500.0 60638.07238002 1.17 37.216731944313665 -4.791103815639372 37.224270833333335 -4.716 M411 0.039982494 24.392485 0.95156395 1.1726164 22.039377 1.4813576 decam 26.550894 -38.52612 51 object IBIS_deep_xmm_M411_16 0 0.0 924.0 1948.0 -0.07669856 1.000168 -0.0018109955 -0.18447247 0.0019207074 1.0002601 16005268156 337.52823
rawdata/DECam_01342552.fits.fz N4 1342552 404.0 60638.07931713 1.15 37.216731944313665 -4.791103815639372 37.224270833333335 -4.716 M464 0.039982494 24.936794 1.0122738 1.0616884 21.745667 1.3075155 decam 10.412587 -8.581278 71 object IBIS_deep_xmm_M464_16 0 0.0 924.0 1948.0 0.066813394 1.0000373 -0.0015298297 -0.24960354 0.0017761234 0.9999613 16452927983 308.98294
rawdata/DECam_01342553.fits.fz N4 1342553 383.0 60638.08437165 1.15 37.21874365672412 -4.474103818382221 37.226279166666664 -4.399 M411 0.02655103 24.368479 0.92506313 1.0637299 21.98592 1.2039487 decam -2.8640158 5.4652114 54 object IBIS_deep_xmm_M411_17 0 0.0 924.0 1948.0 0.76151806 1.0000111 -0.001420403 -0.32956353 0.0015981026 0.99990237 15909870108 318.11984
rawdata/DECam_01342554.fits.fz N4 1342554 351.0 60638.08915988 1.14 37.21874365672412 -4.474103818382221 37.226279166666664 -4.399 M464 0.02655103 24.945906 1.0187088 1.1227249 21.720932 1.3360136 decam 5.4381976 2.500634 64 object IBIS_deep_xmm_M464_17 0 0.0 924.0 1948.0 0.5811929 1.0000553 -0.0014236006 -0.18408145 0.0016439036 0.9999317 16393197146 262.7219
rawdata/DECam_01342555.fits.fz N4 1342555 352.0 60638.09361878 1.13 37.15373841160015 -4.1631038210708455 37.16127083333333 -4.088 M411 0.02583526 24.389717 0.93756855 1.1618255 21.943554 1.4274683 decam 20.638086 19.72146 47 object IBIS_deep_xmm_M411_18 0 0.0 924.0 1948.0 0.18727389 1.0005022 -0.0013332735 -0.49510399 0.0014957299 1.0002195 15868383999 246.59041
rawdata/DECam_01342556.fits.fz N4 1342556 394.0 60638.09809719 1.13 37.15373841160015 -4.1631038210708455 37.16127083333333 -4.088 M464 0.02583526 24.948784 1.0193182 1.1731908 21.702812 1.4677479 decam 13.578536 22.503506 60 object IBIS_deep_xmm_M464_18 0 0.0 924.0 1948.0 0.1994916 1.0004988 -0.0012973469 -0.41885495 0.0015443271 1.0002507 16507998531 268.43848
rawdata/DECam_01342557.fits.fz N4 1342557 442.0 60638.10305036 1.13 37.02574526475878 -3.8721038235846432 37.033275 -3.797 M411 0.03033163 24.390627 0.93835425 1.3626273 21.922676 2.0696423 decam 27.64601 28.496243 51 object IBIS_deep_xmm_M411_19 0 0.0 924.0 1948.0 0.27682713 0.9998567 -0.0015443692 0.06506999 0.0015902038 0.99979883 16035616753 213.56348
rawdata/DECam_01342558.fits.fz N4 1342558 451.0 60638.10853881 1.12 37.02574526475878 -3.8721038235846432 37.033275 -3.797 M464 0.03033163 24.956465 1.0244479 1.3390089 21.692125 1.9650998 decam 38.456463 26.668972 72 object IBIS_deep_xmm_M464_19 0 0.0 924.0 1948.0 0.33939877 0.99995935 -0.0015262747 0.031316068 0.0013441966 0.99997246 16696023285 229.50488
rawdata/DECam_01342559.fits.fz N4 1342559 500.0 60638.11412493 1.12 36.84274749924693 -3.612103825829181 36.850275 -3.537 M411 0.029627463 24.398745 0.94250053 1.3999181 21.899246 2.1866205 decam 31.26427 37.155666 52 object IBIS_deep_xmm_M411_20 0 0.0 924.0 1948.0 0.05996949 1.0001818 -0.001370196 -0.5356988 0.0015386527 0.99980575 16120294686 228.66336
rawdata/DECam_01342560.fits.fz N4 1342560 500.0 60638.12113851 1.12 36.84274749924693 -3.612103825829181 36.850275 -3.537 M464 0.029627463 24.947975 1.0164694 1.2756802 21.702276 1.7861097 decam -1.6179649 -13.0676565 69 object IBIS_deep_xmm_M464_20 0 0.0 924.0 1948.0 0.011908451 1.0000507 -0.0016558521 -0.2965676 0.0016282717 1.0001578 16808719422 279.93802
rawdata/DECam_01342561.fits.fz N4 1342561 500.0 60638.12728922 1.12 36.61275342680218 -3.3931038277187717 36.62027916666667 -3.318 M411 0.024852965 24.384335 0.9300742 1.4356596 21.932964 2.2043283 decam -12.6347275 5.4317646 43 object IBIS_deep_xmm_M411_21 0 0.0 924.0 1948.0 -0.029755622 1.0005125 -0.0012287833 -0.10050436 0.0014897037 0.99982035 16111316369 226.82646
rawdata/DECam_01342562.fits.fz N4 1342562 500.0 60638.13344954 1.12 36.61275342680218 -3.3931038277187717 36.62027916666667 -3.318 M464 0.024852965 24.944525 1.0132436 1.4142984 21.743359 2.0553675 decam -5.636641 -7.2792406 65 object IBIS_deep_xmm_M464_21 0 0.0 924.0 1948.0 -0.48872843 1.0007768 -0.0014655644 -0.3551216 0.0018706574 1.0000335 16820101555 243.2655
rawdata/DECam_01342563.fits.fz N4 1342563 500.0 60638.13960673 1.13 36.34475056548122 -3.221103829202231 36.352275 -3.146 M411 0.024632111 24.350433 0.9042512 1.3685211 21.983606 2.0315812 decam -15.937425 15.042292 61 object IBIS_deep_xmm_M411_22 0 0.0 924.0 1948.0 -0.118894696 1.000623 -0.0016941316 -0.20173465 0.0014668347 1.0000668 16122869132 246.11372
rawdata/DECam_01342564.fits.fz N4 1342564 500.0 60638.14578441 1.14 36.34475056548122 -3.221103829202231 36.352275 -3.146 M464 0.024632111 24.943348 1.0163125 1.3066428 21.740654 1.7601626 decam -25.744167 6.8408732 83 object IBIS_deep_xmm_M464_22 0 0.0 924.0 1948.0 0.045356795 1.0001358 -0.0016848778 -0.27181438 0.0015881557 1.0001417 17071599113 284.06467
rawdata/DECam_01342565.fits.fz N4 1342565 500.0 60638.15192721 1.15 36.049747261990554 -3.1021038302282835 36.057270833333334 -3.027 M411 0.02720582 24.371445 0.92759323 1.2676097 21.899736 1.8491958 decam -27.230707 19.298233 63 object IBIS_deep_xmm_M411_23 0 0.0 924.0 1948.0 0.54648906 1.0003234 -0.0018755359 0.05734924 0.0018680582 1.0000039 16789765334 270.38782
rawdata/DECam_01342566.fits.fz N4 1342566 500.0 60638.15807269 1.15 36.049747261990554 -3.1021038302282835 36.057270833333334 -3.027 M464 0.02720582 24.94969 1.0243673 1.3652295 21.68471 2.0365257 decam -23.214792 15.079245 81 object IBIS_deep_xmm_M464_23 0 0.0 924.0 1948.0 0.39536497 1.0001028 -0.0017928075 0.12884858 0.002084292 0.99984443 17985088544 245.51617
rawdata/DECam_01342567.fits.fz N4 1342567 500.0 60638.16423264 1.15 35.358732916878374 -5.417103810215255 35.366279166666665 -5.342 M411 0.022672184 24.375874 0.9313856 1.3581198 22.026937 1.806321 decam -28.112612 22.915092 60 object IBIS_deep_xmm_M411_26 0 0.0 924.0 1948.0 0.0028658994 1.0001485 -0.0013383125 0.014743088 0.0017992634 1.0000448 16026272769 276.80573
rawdata/DECam_01342568.fits.fz N4 1342568 500.0 60638.17038156 1.16 35.6147222199733 -5.60310380860151 35.62227083333333 -5.5280000000000005 M411 0.025249422 24.381504 0.9391038 1.378166 22.020578 1.8897408 decam -27.558067 28.788956 56 object IBIS_deep_xmm_M411_27 0 0.0 924.0 1948.0 -0.12426449 1.0004095 -0.001787545 -0.6099991 0.001372162 0.99964386 16117623900 264.58655
rawdata/DECam_01342569.fits.fz N4 1342569 500.0 60638.17655083 1.17 36.86273025247022 -4.942103814331957 36.870270833333336 -4.867 M411 0.027454946 24.383085 0.94336176 1.3808383 22.019161 1.9273633 decam -32.6123 26.900763 37 object IBIS_deep_xmm_M411_32 0 0.0 924.0 1948.0 0.68139017 1.000005 -0.0016441066 -0.3670069 0.0016931095 0.9999443 16075191720 259.42178
rawdata/DECam_01342570.fits.fz N4 1342570 500.0 60638.18271454 1.19 36.907733711014906 -4.628103817050039 36.91527083333333 -4.553 M411 0.027006736 24.375002 0.9421259 1.3365364 22.02486 1.8168734 decam -26.942268 26.452559 55 object IBIS_deep_xmm_M411_33 0 0.0 924.0 1948.0 0.1456158 0.99985814 -0.0017213075 -0.14342317 0.001972057 1.0000273 16106163348 275.19803
rawdata/DECam_01342571.fits.fz N4 1342571 500.0 60638.1888779 1.2 36.907733711014906 -4.628103817050039 36.91527083333333 -4.553 M464 0.027006736 24.944784 1.0302762 1.207571 21.756203 1.5037509 decam -24.274162 26.089436 74 object IBIS_deep_xmm_M464_33 0 0.0 924.0 1948.0 0.26604766 0.99981624 -0.0017073845 -0.27739015 0.0018983232 0.9999994 16929825082 332.50186
rawdata/DECam_01342572.fits.fz N4 1342572 500.0 60638.19504329 1.23 36.865736950137666 -4.313103819774356 36.873270833333336 -4.2379999999999995 M411 0.025757896 24.343678 0.9266309 1.4451811 22.029566 2.2182238 decam -23.121159 23.03322 41 object IBIS_deep_xmm_M411_34 0 0.0 924.0 1948.0 0.47139007 1.0005696 -0.001637875 0.18151627 0.0014317255 1.0000495 16044407846 225.40556
rawdata/DECam_01342573.fits.fz N4 1342573 476.0 60638.20122351 1.25 36.865736950137666 -4.313103819774356 36.873270833333336 -4.2379999999999995 M464 0.025757896 24.927187 1.0241759 1.2726835 21.737822 1.7388859 decam -28.670507 13.736275 62 object IBIS_deep_xmm_M464_34 0 0.0 924.0 1948.0 -0.03686439 1.0002221 -0.0016189833 -0.0065535475 0.0015046524 1.00003 16713006977 273.7385
rawdata/DECam_01342574.fits.fz N4 1342574 500.0 60638.20710284 1.28 36.74374392294873 -4.020103822306372 36.751275 -3.9450000000000003 M411 0.028929804 24.354599 0.9504634 1.3332728 22.030645 1.8959322 decam -27.477974 17.973536 60 object IBIS_deep_xmm_M411_35 0 0.0 924.0 1948.0 -0.10986289 1.0002421 -0.0015577199 -0.10032982 0.0015043695 1.0002196 16028508303 263.7225
rawdata/DECam_01342575.fits.fz N4 1342575 500.0 60638.21328259 1.31 36.74374392294873 -4.020103822306372 36.751275 -3.9450000000000003 M464 0.028929804 24.927338 1.0370204 1.4218743 21.717867 2.2600858 decam -33.585796 16.009277 86 object IBIS_deep_xmm_M464_35 0 0.0 924.0 1948.0 0.070865035 0.99990433 -0.0017737512 -0.13973315 0.001617862 1.000124 16792889095 221.23053
rawdata/DECam_01342576.fits.fz N4 1342576 500.0 60638.21944324 1.35 36.55275035263756 -3.767103824491252 36.56027916666667 -3.692 M411 0.02655536 24.300406 0.923809 1.7103133 22.009329 3.4483826 decam -30.648619 15.163373 57 object IBIS_deep_xmm_M411_36 0 0.0 924.0 1948.0 -0.085580684 1.0002221 -0.0014095355 -0.14717972 0.001804075 0.99994653 16045732497 144.99551
rawdata/DECam_01342577.fits.fz N4 1342577 500.0 60638.22560536 1.39 36.55275035263756 -3.767103824491252 36.56027916666667 -3.692 M464 0.02655536 24.899868 1.0278631 1.2597537 21.670002 1.9181083 decam -26.019392 5.3440394 78 object IBIS_deep_xmm_M464_36 0 0.0 924.0 1948.0 -0.18674755 1.0003201 -0.0014865608 -0.20464961 0.0015631409 1.0001079 16847201509 260.6735
rawdata/DECam_01342578.fits.fz N4 1342578 500.0 60638.23176671 1.44 36.30574787830614 -3.566103826226155 36.313275000000004 -3.491 M411 0.02591724 24.246595 0.9037456 1.2325158 21.970713 2.040309 decam -17.398727 5.7826395 64 object IBIS_deep_xmm_M411_37 0 0.0 924.0 1948.0 0.40034822 1.0003713 -0.0014829548 -0.47082675 0.0017437667 1.0000103 16056502551 245.06093
rawdata/DECam_01342582.fits.fz N4 1342582 60.0 60638.24421753 1.45 33.148518551814014 -14.286103731506262 33.15627083333333 -14.211 g 0.020942997 26.605978 1.0690336 1.4138713 21.505817 2.3855371 decam -19.081629 13.59127 74 object "" 0 0.0 924.0 1948.0 -0.001779605 0.99984854 -0.0013248939 -0.38332716 0.0015064819 1.000128 16304667206 25.151567
rawdata/DECam_01342584.fits.fz N4 1342584 300.0 60638.26984382 1.26 53.271535989616424 -13.643103737375393 53.27926666666667 -13.568 M517 0.0406013 24.741703 1.0157272 1.1006916 20.888447 3.0416934 decam -32.29853 14.732107 66 object IBIS_wide_M517_510131 510131 0.049595 924.0 1948.0 -0.09744317 1.0001103 -0.002019338 0.010138149 0.0020980642 1.0001117 17176798534 98.629265
rawdata/DECam_01342585.fits.fz N4 1342585 300.0 60638.27372093 1.28 52.85353548484821 -13.910103734942261 52.861275 -13.835 M517 0.055868607 24.75164 1.028358 1.0438234 20.866251 3.0163658 decam -16.503319 2.6938157 69 object IBIS_wide_M517_507145 507145 0.061471 924.0 1948.0 0.10497538 1.0000705 -0.002050218 0.06382244 0.002171208 1.0000664 16918845836 99.457436
rawdata/DECam_01342586.fits.fz N4 1342586 500.0 60638.27755512 1.3 52.54851314309889 -14.322103731176686 52.556266666666666 -14.247 M517 0.080356315 24.72962 1.0109453 1.1556313 20.809046 4.727314 decam -21.190004 9.247021 75 object IBIS_wide_M517_509824 509824 0.071047 924.0 1948.0 0.44957104 0.99935627 -0.0017243704 -0.50961673 0.0021758324 1.0001235 18204457628 105.76831
