logs/db-2026-06-18.ecsv
# %ECSV 1.0
# ---
# datatype:
# - {name: filename, datatype: string}
# - {name: extension, datatype: string}
# - {name: expnum, datatype: int64}
# - {name: exptime, datatype: float32}
# - {name: mjd_obs, datatype: float64}
# - {name: airmass, datatype: float32}
# - {name: racenter, datatype: float64}
# - {name: deccenter, datatype: float64}
# - {name: rabore, datatype: float64}
# - {name: decbore, datatype: float64}
# - {name: band, datatype: string}
# - {name: ebv, datatype: float32}
# - {name: zeropoint, datatype: float32}
# - {name: transparency, datatype: float32}
# - {name: seeing, datatype: float32}
# - {name: sky, datatype: float32}
# - {name: expfactor, datatype: float32}
# - {name: camera, datatype: string}
# - {name: dx, datatype: float32}
# - {name: dy, datatype: float32}
# - {name: nmatched, datatype: int64}
# - {name: obstype, datatype: string}
# - {name: object, datatype: string}
# - {name: tileid, datatype: int64}
# - {name: tileebv, datatype: float32}
# - {name: affine_x0, datatype: float32}
# - {name: affine_y0, datatype: float32}
# - {name: affine_dx, datatype: float32}
# - {name: affine_dxx, datatype: float32}
# - {name: affine_dxy, datatype: float32}
# - {name: affine_dy, datatype: float32}
# - {name: affine_dyx, datatype: float32}
# - {name: affine_dyy, datatype: float32}
# - {name: checksum, datatype: string}
# - {name: efftime, datatype: float32}
# schema: astropy-2.0
filename extension expnum exptime mjd_obs airmass racenter deccenter rabore decbore band ebv zeropoint transparency seeing sky expfactor camera dx dy nmatched obstype object tileid tileebv affine_x0 affine_y0 affine_dx affine_dxx affine_dxy affine_dy affine_dyx affine_dyy checksum efftime
/home/declsp/obsbot/rawdata/DECam_01489327.fits.fz N4 1489327 15.0 61209.9585489 1.06 158.0489082850337 -35.62021461516044 158.05815 -35.54511111111111 M517 0.09512646 24.939837 0.92920256 1.9663882 20.92454 8.154891 decam -35.444874 -5.6248527 227 object "LTT3864 N4" 0 0.0 924.0 1948.0 0.3367086 1.0002404 -0.0014397898 -0.17521776 0.001357491 1.0000116 15474942079 1.8393869
/home/declsp/obsbot/rawdata/DECam_01489328.fits.fz N4 1489328 15.0 61209.95918554 1.07 157.66682911836705 -35.62021461516044 157.67607083333334 -35.54511111111111 M517 0.097239666 24.914932 0.90958863 1.9208149 20.963829 7.8572583 decam -25.712473 2.3177738 175 object "LTT3864 N5" 0 0.0 924.0 1948.0 0.15440665 1.0003743 -0.0014379435 0.027928699 0.0015564176 1.0002655 15474966472 1.9090629
/home/declsp/obsbot/rawdata/DECam_01489329.fits.fz N4 1489329 15.0 61209.95966904 1.06 158.43095561147695 -35.78688155743227 158.44021666666666 -35.711778055555556 M517 0.09434271 24.91961 0.91205275 1.8751203 21.021889 7.0373187 decam -16.765268 0.8194353 213 object "LTT3864 S3" 0 0.0 924.0 1948.0 0.08192722 0.99998325 -0.0012358248 0.0056154523 0.00088095624 1.0000372 15468843876 2.1314936
/home/declsp/obsbot/rawdata/DECam_01489330.fits.fz N4 1489330 15.0 61209.96014442 1.07 158.0488889448103 -35.78688155743227 158.05815 -35.711778055555556 M517 0.10869775 24.921083 0.91475683 1.9192182 21.045527 7.1936374 decam -23.869808 12.199535 244 object "LTT3864 S4" 0 0.0 924.0 1948.0 0.44954106 0.9999835 -0.0013421183 0.01439167 0.0012125818 0.99999064 15469741150 2.085176
/home/declsp/obsbot/rawdata/DECam_01489331.fits.fz N4 1489331 15.0 61209.96064305 1.07 157.66680977814363 -35.78688155743227 157.67607083333334 -35.711778055555556 M517 0.09514436 24.921928 0.91546816 2.0801558 21.045269 8.438703 decam -11.173686 -4.569008 222 object "LTT3864 S5" 0 0.0 924.0 1948.0 -0.19641457 1.0001135 -0.0013541895 0.1169616 0.0009464299 1.0000666 15466212250 1.7775245
/home/declsp/obsbot/rawdata/DECam_01489332.fits.fz N4 1489332 15.0 61209.96199487 1.07 189.70078795747543 -49.79143632983654 189.712425 -49.71633305555556 M517 0.12849489 24.94102 0.931708 1.8181264 21.16662 5.566685 decam -18.810322 -26.220304 734 object "LTT4861 N4" 0 0.0 924.0 1948.0 0.066220604 0.9999574 0.00065826654 -0.009448747 -0.0006803275 0.9997794 15472666737 2.6946018
/home/declsp/obsbot/rawdata/DECam_01489333.fits.fz N4 1489333 15.0 61209.96249905 1.07 189.21964629080875 -49.79143632983654 189.23128333333335 -49.71633305555556 M517 0.123391315 24.908066 0.903854 2.1349478 21.21566 7.7943344 decam -0.38866463 -43.500587 609 object "LTT4861 N5" 0 0.0 924.0 1948.0 -0.33494094 0.9997584 0.0006531444 0.27495024 -0.0009497177 0.99984306 15470068519 1.9244748
/home/declsp/obsbot/rawdata/DECam_01489334.fits.fz N4 1489334 15.0 61209.96299792 1.07 190.1818893914288 -49.95810327083149 190.19356666666667 -49.883 M517 0.13002166 24.923414 0.91672194 2.247608 21.19185 8.583556 decam -15.300835 -55.508327 599 object "LTT4861 S3" 0 0.0 924.0 1948.0 -0.31572148 1.0000049 0.0007579708 -0.21211219 -0.00081551285 0.9997184 15472761228 1.7475275
/home/declsp/obsbot/rawdata/DECam_01489335.fits.fz N4 1489335 15.0 61209.96350114 1.07 189.70074772476212 -49.95810327083149 189.712425 -49.883 M517 0.11683266 24.912243 0.9073374 2.3011246 21.220728 8.943004 decam 0.4804556 -46.596886 635 object "LTT4861 S4" 0 0.0 924.0 1948.0 0.13400567 1.0000273 0.0006470883 -0.09330475 -0.00080433796 0.9999909 15467950059 1.6772888
/home/declsp/obsbot/rawdata/DECam_01489336.fits.fz N4 1489336 15.0 61209.96399459 1.07 189.21960605809545 -49.95810327083149 189.23128333333335 -49.883 M517 0.12251485 24.897516 0.8951138 2.6519885 21.201237 12.424323 decam -6.6383452 -62.873 542 object "LTT4861 S5" 0 0.0 924.0 1948.0 -0.1497755 0.99975884 0.0007045803 0.11874512 -0.00060490385 1.0000958 15464580242 1.2073092
/home/declsp/obsbot/rawdata/DECam_01489337.fits.fz N4 1489337 150.0 61209.96582479 1.36 151.4440832607939 -0.14959580007872947 151.45159583333333 -0.07449194444444444 M517 0.040781684 24.827126 0.8788334 3.1261292 20.392931 41.374573 decam 13.103714 -10.870196 85 object "Pal3 position 10" 0 0.0 924.0 1948.0 0.71170276 1.0001439 -0.0013942533 -0.31327185 0.0018763236 1.0001616 16950592172 3.625415
/home/declsp/obsbot/rawdata/DECam_01489338.fits.fz N4 1489338 150.0 61209.96790052 1.38 151.4263374244812 0.1580591972766452 151.43385 0.23316305555555555 M517 0.039672267 24.541382 0.6776432 4.7318287 20.404001 158.81155 decam 11.745296 -8.919764 46 object "Pal3 position 11" 0 0.0 924.0 1948.0 -0.21596904 1.0003058 -0.0015533067 -0.34425768 0.0017337985 1.0003304 16929944542 0.94451565
/home/declsp/obsbot/rawdata/DECam_01489339.fits.fz N4 1489339 150.0 61209.96996498 1.39 151.22272911003418 -0.09207080057321967 151.23024166666667 -0.016966944444444444 M517 0.04133038 24.664778 0.76042306 4.1532307 20.409605 96.97337 decam 21.153057 -13.876718 57 object "Pal3 position 12" 0 0.0 924.0 1948.0 0.12459853 1.0001996 -0.001671618 0.23650746 0.001341834 0.99995345 16920235733 1.5468163
/home/declsp/obsbot/rawdata/DECam_01489340.fits.fz N4 1489340 35.0 61209.97315554 1.11 181.0407386278997 -4.557103817664297 181.048275 -4.482 M517 0.02887174 24.764812 0.7972252 3.6950145 21.079107 34.45887 decam 11.469695 -3.8849957 48 object "pointing test" 0 0.0 924.0 1948.0 -0.006953272 1.0003452 -0.00041580334 0.30692768 0.00091355364 0.99949425 15564930263 1.0157037
/home/declsp/obsbot/rawdata/DECam_01489341.fits.fz N4 1489341 800.0 61209.97509694 1.12 185.21074943864198 -3.3701038279171716 185.218275 -3.295 M517 0.040055927 24.82057 0.8405815 3.2845623 21.120272 23.657743 decam 9.375938 0.39823556 103 object IBIS_wide_M517_534522 534522 0.036542 924.0 1948.0 -0.3940642 1.0003787 -0.00017143149 -0.05772521 4.30756e-05 1.0002067 19749004742 33.815567
/home/declsp/obsbot/rawdata/DECam_01489352.fits.fz N4 1489352 800.0 61210.00788892 1.13 198.0177570314072 -2.1761038382053157 198.025275 -2.101 M517 0.026402513 24.9083 0.9127837 2.443079 21.278528 9.626945 decam -26.63956 57.36388 137 object IBIS_wide_M517_534462 534462 0.028656 924.0 1948.0 -0.17642023 1.0001408 0.0005262334 0.027640916 -0.00035372557 0.9999524 19153971970 83.1001
/home/declsp/obsbot/rawdata/DECam_01489353.fits.fz N4 1489353 800.0 61210.01748607 1.13 199.34476164228238 -2.085103838988639 199.35227916666668 -2.01 M517 0.028311588 24.947975 0.94675654 2.2681918 21.31073 7.48826 decam -23.035543 54.595882 128 object IBIS_wide_M517_534461 534461 0.027518 924.0 1948.0 -0.10141934 1.0001403 0.0006147684 0.16140278 -0.000762062 0.9999745 18967008180 106.8339
/home/declsp/obsbot/rawdata/DECam_01489354.fits.fz N4 1489354 800.0 61210.02743628 1.14 198.28976640158967 -1.9571038400903054 198.29728333333335 -1.8820000000000001 M517 0.030726165 24.954868 0.9543135 2.3632555 21.305658 8.06382 decam 5.1861796 -4.7892923 149 object IBIS_wide_M517_531477 531477 0.027741 924.0 1948.0 0.044895377 1.0000136 0.0005224882 0.124568164 -0.0004042285 0.9999532 19012846756 99.208565
/home/declsp/obsbot/rawdata/DECam_01489355.fits.fz N4 1489355 800.0 61210.03724086 1.13 206.00876381091084 -2.4681038356911347 206.01628333333335 -2.393 M517 0.053112052 24.94087 0.9405801 2.4283123 21.387009 8.10545 decam 2.2438445 -17.754221 129 object IBIS_wide_M517_531303 531303 0.043613 924.0 1948.0 -0.037386656 0.99997044 0.00082373817 0.023093358 -0.00085345004 1.0001184 18771239097 98.69903
/home/declsp/obsbot/rawdata/DECam_01489356.fits.fz N4 1489356 800.0 61210.04683899 1.13 206.71674748149098 -3.0711038304955363 206.72427083333332 -2.996 M517 0.043352395 24.960598 0.9578277 2.1579533 21.418825 5.995026 decam 3.6812317 -27.225645 178 object IBIS_wide_M517_531301 531301 0.044511 924.0 1948.0 0.09156753 1.0000191 0.00097004086 0.094029 -0.0011562286 0.9998493 18689730382 133.44395
/home/declsp/obsbot/rawdata/DECam_01489357.fits.fz N4 1489357 800.0 61210.05642775 1.14 208.82375547191947 -2.4691038356825232 208.83127499999998 -2.394 M517 0.048750017 24.981771 0.9782558 1.9992443 21.466585 4.736264 decam 7.5966043 -25.926382 205 object IBIS_wide_M517_531299 531299 0.049047 924.0 1948.0 -0.3467199 0.9999885 0.0010176793 -0.011066114 -0.0010395199 0.99986386 18659015196 168.9095
/home/declsp/obsbot/rawdata/DECam_01489358.fits.fz N4 1489358 800.0 61210.06606202 1.13 212.54475791335827 -2.7571038332016973 212.55227916666666 -2.682 M517 0.062948026 24.959406 0.95677614 2.1556094 21.541506 5.354633 decam 5.5193014 -30.852055 173 object IBIS_wide_M517_534268 534268 0.06247 924.0 1948.0 -0.053994704 0.99998486 0.0010290438 0.2097536 -0.001157413 0.9999892 18306865144 149.40334
/home/declsp/obsbot/rawdata/DECam_01489359.fits.fz N4 1489359 800.0 61210.07565737 1.14 214.39576056743203 -2.2991038371463866 214.40327916666666 -2.224 M517 0.06078811 24.976894 0.9738723 1.8764569 21.619476 3.6573133 decam 7.7758455 -26.149307 226 object IBIS_wide_M517_531280 531280 0.058687 924.0 1948.0 -0.08196251 0.9998298 0.0011102742 0.053682193 -0.0011047364 0.99990565 18171705991 218.7398
/home/declsp/obsbot/rawdata/DECam_01489360.fits.fz N4 1489360 800.0 61210.08526828 1.14 215.70675457643253 -3.2421038290211386 215.71427916666667 -3.167 M517 0.0618586 24.968084 0.9660006 2.041062 21.693472 4.10772 decam 18.081902 -22.94557 183 object IBIS_wide_M517_530977 530977 0.060696 924.0 1948.0 0.14441103 0.99982 0.0010811097 0.2562103 -0.00109092 0.9999186 18380634408 194.75525
/home/declsp/obsbot/rawdata/DECam_01489361.fits.fz N4 1489361 800.0 61210.09488812 1.14 218.45274530289527 -3.3661038279516746 218.46027083333334 -3.291 M517 0.07969954 24.966352 0.9644611 2.1535742 21.704628 4.540502 decam 16.675276 -11.939856 188 object IBIS_wide_M517_539951 539951 0.086916 924.0 1948.0 -0.55589586 0.9999465 0.0013660064 0.29724565 -0.0011080124 1.0000123 18206370647 176.19197
/home/declsp/obsbot/rawdata/DECam_01489362.fits.fz N4 1489362 706.2764 61210.10448954 1.14 219.84873904539626 -4.517103818010305 219.856275 -4.442 M517 0.10146154 24.96386 0.9622505 2.159367 21.68133 4.685421 decam 13.1226635 -6.843174 203 object IBIS_wide_M517_539943 539943 0.087061 924.0 1948.0 -0.081762664 1.0000163 0.0013523186 0.10589244 -0.0012849312 1.0000762 17687508457 150.73917
/home/declsp/obsbot/rawdata/DECam_01489363.fits.fz N4 1489363 800.0 61210.11301548 1.18 221.9827637692381 -1.578103843351324 221.99027916666665 -1.5030000000000001 M517 0.049092717 24.965694 0.9700765 2.1036065 21.693096 4.38392 decam 15.934091 -1.0701677 208 object IBIS_wide_M517_540524 540524 0.050626 924.0 1948.0 -0.18429303 1.0000966 0.0013887861 0.22404328 -0.0012409147 1.0000367 17998468592 182.48508
/home/declsp/obsbot/rawdata/DECam_01489364.fits.fz N4 1489364 800.0 61210.12259019 1.21 220.4227626376558 -1.8651038408820226 220.43027916666668 -1.79 M517 0.044547476 24.942753 0.9543705 2.3402886 21.666248 5.8012133 decam 16.96116 1.3951899 194 object IBIS_wide_M517_537537 537537 0.04817 924.0 1948.0 -0.2640676 1.0001061 0.0012634004 0.08585017 -0.0011396348 0.9998819 18027535382 137.90219
/home/declsp/obsbot/rawdata/DECam_01489365.fits.fz N4 1489365 800.0 61210.1327519 1.22 228.01376933827382 1.1248961334088676 228.02128333333332 1.2 M517 0.04549966 24.925505 0.94083583 2.415485 21.70709 6.143808 decam 6.5823574 6.1988378 213 object IBIS_wide_M517_537591 537591 0.048585 924.0 1948.0 -0.02847182 1.0000676 0.001489776 0.24372065 -0.0013328728 0.9999356 17935394320 130.2124
/home/declsp/obsbot/rawdata/DECam_01489366.fits.fz N4 1489366 800.0 61210.14234239 1.24 230.66675684133833 2.213896124039531 230.674275 2.289 M517 0.0398051 24.883177 0.90776837 2.8984506 21.653744 10.043942 decam 12.569465 2.6310585 214 object IBIS_wide_M517_537520 537520 0.04415 924.0 1948.0 -0.07570279 1.000197 0.0017194041 0.112443425 -0.0017218224 1.0000225 19072232649 79.65
/home/declsp/obsbot/rawdata/DECam_01489367.fits.fz N4 1489367 800.0 61210.15196322 1.25 233.9837495433692 2.7628961193113484 233.99127083333332 2.838 M517 0.050405342 24.88972 0.9147201 2.8858647 21.709574 9.344558 decam 4.0395703 2.8960347 240 object IBIS_wide_M517_540502 540502 0.052904 924.0 1948.0 -0.20802379 1.0002459 0.0016897178 0.017623566 -0.0014769618 1.0000738 18256146555 85.61133
/home/declsp/obsbot/rawdata/DECam_01489368.fits.fz N4 1489368 800.0 61210.16157309 1.25 237.15275276725455 2.9078961180618625 237.16027499999998 2.983 M517 0.11794919 24.890673 0.9155221 2.9617772 21.673283 10.159223 decam 10.276858 3.6693397 226 object IBIS_wide_M517_537665 537665 0.111 924.0 1948.0 -0.026789645 1.0002737 0.0018844793 0.24022834 -0.0016601887 1.0000111 17968423210 78.746185
/home/declsp/obsbot/rawdata/DECam_01489369.fits.fz N4 1489369 800.0 61210.17116085 1.25 239.5467546344002 2.6128961206035983 239.55427500000002 2.688 M517 0.121030666 24.883158 0.9092083 3.010039 21.692501 10.452473 decam 13.999425 5.0338783 285 object IBIS_wide_M517_540646 540646 0.12184 924.0 1948.0 -0.35042182 1.0000328 0.0019527696 0.18976684 -0.0017806564 0.9999631 18117698337 76.53691
/home/declsp/obsbot/rawdata/DECam_01489370.fits.fz N4 1489370 800.0 61210.18087211 1.26 244.74075246926247 3.513896112836209 244.74827916666666 3.589 M517 0.06356888 24.87288 0.9020867 2.955524 21.721592 9.998492 decam 6.7722917 3.3585768 346 object IBIS_wide_M517_537346 537346 0.060396 924.0 1948.0 -0.2928651 1.000021 0.0021237137 0.2507551 -0.001991714 0.9999481 18149602485 80.01206
