logs/db-2024-11-30.ecsv
# %ECSV 1.0
# ---
# datatype:
# - {name: filename, datatype: string}
# - {name: extension, datatype: string}
# - {name: expnum, datatype: int64}
# - {name: exptime, datatype: float32}
# - {name: mjd_obs, datatype: float64}
# - {name: airmass, datatype: float32}
# - {name: racenter, datatype: float64}
# - {name: deccenter, datatype: float64}
# - {name: rabore, datatype: float64}
# - {name: decbore, datatype: float64}
# - {name: band, datatype: string}
# - {name: ebv, datatype: float32}
# - {name: zeropoint, datatype: float32}
# - {name: transparency, datatype: float32}
# - {name: seeing, datatype: float32}
# - {name: sky, datatype: float32}
# - {name: expfactor, datatype: float32}
# - {name: camera, datatype: string}
# - {name: dx, datatype: float32}
# - {name: dy, datatype: float32}
# - {name: nmatched, datatype: int64}
# - {name: obstype, datatype: string}
# - {name: object, datatype: string}
# - {name: tileid, datatype: int64}
# - {name: tileebv, datatype: float32}
# - {name: affine_x0, datatype: float32}
# - {name: affine_y0, datatype: float32}
# - {name: affine_dx, datatype: float32}
# - {name: affine_dxx, datatype: float32}
# - {name: affine_dxy, datatype: float32}
# - {name: affine_dy, datatype: float32}
# - {name: affine_dyx, datatype: float32}
# - {name: affine_dyy, datatype: float32}
# - {name: checksum, datatype: string}
# - {name: efftime, datatype: float32}
# schema: astropy-2.0
filename extension expnum exptime mjd_obs airmass racenter deccenter rabore decbore band ebv zeropoint transparency seeing sky expfactor camera dx dy nmatched obstype object tileid tileebv affine_x0 affine_y0 affine_dx affine_dxx affine_dxy affine_dy affine_dyx affine_dyy checksum efftime
[from data line 44]
rawdata/DECam_01344345.fits.fz N4 1344345 500.0 60645.22660258 1.16 52.85353548484821 -13.910103734942261 52.861275 -13.835 M490 0.055868607 24.963383 1.0138197 1.2340915 21.878315 1.6959643 decam -2.0955803 -1.0024271 71 object IBIS_wide_M490_407145 407145 0.061471 924.0 1948.0 0.028577717 1.0000379 -0.0020557947 0.06986681 0.002086166 1.0000606 16623956348 294.81754
rawdata/DECam_01344346.fits.fz N4 1344346 500.0 60645.23277942 1.16 55.988544584861074 -13.635103737448208 55.996275 -13.56 M490 0.06313736 24.963783 1.0141951 1.1256618 21.889004 1.4663404 decam -4.3312964 1.5834517 92 object IBIS_wide_M490_410047 410047 0.069633 924.0 1948.0 -0.09140986 0.9999727 -0.0021050759 0.23985545 0.002242537 1.000077 16746711675 340.98492
rawdata/DECam_01344347.fits.fz N4 1344347 500.0 60645.23894692 1.2 53.54051384599396 -14.541103729169475 53.548275000000004 -14.466 M490 0.07104866 24.950228 1.0089067 1.3429983 21.888283 2.2566557 decam 5.723832 -2.8376796 77 object IBIS_wide_M490_407059 407059 0.0644 924.0 1948.0 0.49519625 0.99998385 -0.0020132312 0.053268854 0.0023088474 1.0000377 16652567715 221.5668
rawdata/DECam_01344348.fits.fz N4 1344348 434.0 60645.2450882 1.22 54.08153706891506 -13.610103737675734 54.08926666666667 -13.535 M490 0.046246115 24.956972 1.0188847 1.4217469 21.857729 2.1754751 decam 10.540211 -5.3773613 73 object IBIS_wide_M490_407146 407146 0.050663 924.0 1948.0 0.044634663 1.0001167 -0.0021115497 -0.3678033 0.0021605757 0.99996597 16718912310 199.49664
rawdata/DECam_01344349.fits.fz N4 1344349 500.0 60645.25046392 1.25 54.4355660120042 -12.69010374601597 54.443266666666666 -12.615 M490 0.06091182 24.94198 1.0103967 1.3044871 21.84157 2.108725 decam 7.2076335 -9.22911 98 object IBIS_wide_M490_410135 410135 0.058991 924.0 1948.0 0.21574931 1.0002741 -0.0020898767 -0.7294825 0.0023085598 1.0000947 16644829668 237.11009
rawdata/DECam_01344350.fits.fz N4 1344350 500.0 60645.25662232 1.28 54.860592299034074 -12.081103751503479 54.868275000000004 -12.006 M490 0.07067027 24.94043 1.0144616 1.2521269 21.819729 2.12257 decam 13.80851 -15.429715 70 object IBIS_wide_M490_407150 407150 0.068243 924.0 1948.0 0.03469514 0.9998695 -0.0023671621 -0.10395868 0.0016217231 1.0003401 16772252117 235.56349
rawdata/DECam_01344351.fits.fz N4 1344351 500.0 60645.26279049 1.32 54.96760100967038 -11.623103755613888 54.97527083333333 -11.548 M490 0.06257371 24.938658 1.0201849 1.2880259 21.793 2.1873975 decam 1.4624876 -17.327042 101 object IBIS_wide_M490_407163 407163 0.071603 924.0 1948.0 0.70736843 1.0000908 -0.0020555335 -0.36067376 0.0025381006 0.9999908 16951057051 228.58214
rawdata/DECam_01344352.fits.fz N4 1344352 500.0 60645.26895373 1.36 53.271535989616424 -13.643103737375393 53.27926666666667 -13.568 M490 0.0406013 24.923023 1.012925 1.4772971 21.770834 2.6079476 decam 6.0977874 -21.62032 62 object IBIS_wide_M490_410131 410131 0.049595 924.0 1948.0 -0.022327844 1.0005754 -0.0024558918 -0.22479205 0.0018363538 1.0002391 17201930011 191.72165
rawdata/DECam_01344353.fits.fz N4 1344353 60.0 60645.27714954 1.29 130.4837374822777 -4.25910382024115 130.49127083333335 -4.184 g 0.020213967 26.662443 1.0982401 1.6771154 21.785648 2.3267848 decam -26.438606 -26.525211 245 object Pointing 0 0.0 924.0 1948.0 -0.059642974 1.0003824 -0.0017977376 -0.1440527 0.0014063122 1.0000206 16123399043 25.786655
rawdata/DECam_01344354.fits.fz N4 1344354 500.0 60645.28004137 1.28 130.4837374822777 -4.25910382024115 130.49127083333335 -4.184 M490 0.020213967 24.943674 1.0174975 1.6922102 21.840439 2.6944592 decam 13.977872 7.7909484 268 object IBIS_wide_M490_419241 419241 0.021189 924.0 1948.0 0.05202817 1.0000774 -0.0018255891 -0.19413446 0.0013591147 1.0000658 16739687249 185.566
rawdata/DECam_01344355.fits.fz N4 1344355 60.0 60645.28672034 1.72 149.29775947545477 1.6128961292115729 149.305275 1.6880000000000002 g 0.020448064 26.579458 1.0882875 2.0272193 21.598938 4.709587 decam 24.101685 38.649784 88 object Pointing 0 0.0 924.0 1948.0 0.07100696 1.0003011 -0.0012582608 -0.24802256 0.0009827674 1.0002 16381840113 12.73997
rawdata/DECam_01344357.fits.fz N4 1344357 500.0 60645.29538482 1.67 149.78075452620993 2.6308961204485457 149.788275 2.706 M490 0.019724825 24.876408 1.0264994 1.8911195 20.87956 9.197442 decam -6.681395 0.9611752 93 object IBIS_deep_cosmos_M490_2 0 0.0 924.0 1948.0 -0.1011095 1.0005765 -0.0011508546 0.1935269 0.00014146612 1.0003054 18954561590 54.36294
rawdata/DECam_01344358.fits.fz N4 1344358 500.0 60645.30159893 1.61 150.09375883696464 2.606896120655282 150.10127916666667 2.682 M490 0.019469626 24.859522 0.99971694 2.3812354 21.638397 7.463647 decam 7.381756 0.42477372 77 object IBIS_deep_cosmos_M490_1 0 0.0 924.0 1948.0 0.29830804 1.0002584 -0.0011377281 -0.13194953 0.0007594183 1.0002499 17169779478 66.99138
rawdata/DECam_01344359.fits.fz N4 1344359 500.0 60645.30779081 1.54 149.4997595261277 2.488896121671626 149.50727916666665 2.564 M490 0.020213213 24.904604 1.0289485 1.8085045 21.642792 3.9670463 decam 0.5135715 -9.504781 99 object IBIS_deep_cosmos_M490_3 0 0.0 924.0 1948.0 0.2515862 1.0005355 -0.0011685208 -0.1559006 0.00088897994 1.000196 17031727433 126.03836
rawdata/DECam_01344360.fits.fz N4 1344360 500.0 60645.31397147 1.49 149.31376090609155 2.233896123867351 149.32127916666667 2.309 M490 0.021011224 24.907965 1.0228171 1.7899563 21.658672 3.8264904 decam 4.2195415 -14.897852 110 object IBIS_deep_cosmos_M490_4 0 0.0 924.0 1948.0 0.150327 1.0007946 -0.0013830647 -0.1768154 0.0009647251 1.000191 16932181575 130.66805
rawdata/DECam_01344361.fits.fz N4 1344361 500.0 60645.32016149 1.44 149.2467582114563 1.9248961265270395 149.25427499999998 2.0 M490 0.022061344 24.905617 1.0113902 2.0267391 21.671803 4.9013844 decam 1.3128356 -19.685001 101 object IBIS_deep_cosmos_M490_5 0 0.0 924.0 1948.0 -0.32555532 1.0000631 -0.0011450539 0.09902377 0.0008548604 1.0003344 16964223747 102.01199
rawdata/DECam_01344362.fits.fz N4 1344362 500.0 60645.32634797 1.39 149.45276874087074 1.3368961315856607 149.46028333333334 1.412 M490 0.017505977 24.891665 0.9894594 2.2659879 21.678728 6.057897 decam -0.8073056 -21.150412 70 object IBIS_deep_cosmos_M490_7 0 0.0 924.0 1948.0 0.15531193 0.9998271 -0.00083148933 -0.114410065 0.0008076303 1.0003896 16879411056 82.536896
rawdata/DECam_01344363.fits.fz N4 1344363 500.0 60645.33252517 1.36 149.6877610075145 1.1238961334174677 149.695275 1.199 M490 0.025978917 24.894218 0.98640513 2.5357022 21.624317 8.401077 decam 1.38682 -31.677805 96 object IBIS_deep_cosmos_M490_8 0 0.0 924.0 1948.0 -0.061602086 1.0002935 -0.0013920049 -0.08740292 0.0012429489 1.0001476 16999971712 59.51618
rawdata/DECam_01344364.fits.fz N4 1344364 500.0 60645.33870638 1.33 149.97576132943973 0.9908961345611326 149.983275 1.066 M490 0.023141902 24.86784 0.9575021 2.6204443 21.381264 11.559716 decam -1.5646019 -40.02199 87 object IBIS_deep_cosmos_M490_9 0 0.0 924.0 1948.0 -0.13834476 1.0006237 -0.00090819946 -0.114346854 0.0008922119 1.0003927 17419361525 43.25366
rawdata/DECam_01344365.fits.fz N4 1344365 150.0 60645.3459463 1.03 136.96453759435042 -37.21315959401179 136.97397083333334 -37.13805611111111 M490 0.32769462 0.0 0.0 0.0 21.108232 0.0 decam 0.0 0.0 0 object "Pyxis M490" 0 0.0 0.0 0.0 0.0 0.0 0.0 0.0 0.0 0.0 16229465217 0.0
rawdata/DECam_01344366.fits.fz N4 1344366 150.0 60645.34807261 1.02 136.9978458367654 -37.37982542508124 137.0073 -37.304721944444445 M490 0.3276871 0.0 0.0 0.0 20.726263 0.0 decam 0.0 0.0 0 object "Pyxis M490" 0 0.0 0.0 0.0 0.0 0.0 0.0 0.0 0.0 0.0 17098008451 0.0
rawdata/DECam_01344367.fits.fz N4 1344367 150.0 60645.35020275 1.02 136.68119905229673 -37.22149237167661 136.69063333333332 -37.146388888888886 M490 0.3887554 0.0 0.0 0.0 20.454004 0.0 decam 0.0 0.0 0 object "Pyxis M490" 0 0.0 0.0 0.0 0.0 0.0 0.0 0.0 0.0 0.0 16956930673 0.0
rawdata/DECam_01344368.fits.fz N4 1344368 150.0 60645.35236749 1.02 136.66451561923702 -37.38815959163442 136.67397083333333 -37.31305611111111 M490 0.4292886 0.0 0.0 0.0 20.02879 0.0 decam 0.0 0.0 0 object "Pyxis M490" 0 0.0 0.0 0.0 0.0 0.0 0.0 0.0 0.0 0.0 17795010798 0.0
rawdata/DECam_01344369.fits.fz N4 1344369 150.0 60645.35450576 1.02 137.29236467737718 -37.196492372015406 137.30179583333333 -37.12138888888889 M490 0.30323255 0.0 0.0 0.0 19.585207 0.0 decam 0.0 0.0 0 object "Pyxis M490" 0 0.0 0.0 0.0 0.0 0.0 0.0 0.0 0.0 0.0 18609887708 0.0
rawdata/DECam_01344370.fits.fz N4 1344370 3.0 60645.35680331 1.0 130.36853730509753 -33.00830159252962 130.37749583333334 -32.93319805555556 g 0.3303814 0.0 0.0 0.0 19.333172 0.0 decam 0.0 0.0 0 object "LTT3218 N4 g" 0 0.0 0.0 0.0 0.0 0.0 0.0 0.0 0.0 0.0 15676481018 0.0
rawdata/DECam_01344371.fits.fz N4 1344371 15.0 60645.35735577 1.0 130.36853730509753 -33.00830159252962 130.37749583333334 -32.93319805555556 M438 0.3303814 0.0 0.0 0.0 19.129784 0.0 decam 0.0 0.0 0 object "LTT3218 N4 M438" 0 0.0 0.0 0.0 0.0 0.0 0.0 0.0 0.0 0.0 15716908091 0.0
rawdata/DECam_01344372.fits.fz N4 1344372 15.0 60645.35791241 1.0 130.36853730509753 -33.00830159252962 130.37749583333334 -32.93319805555556 M490 0.3303814 0.0 0.0 0.0 19.0658 0.0 decam 0.0 0.0 0 object "LTT3218 N4 M490" 0 0.0 0.0 0.0 0.0 0.0 0.0 0.0 0.0 0.0 15826447103 0.0
rawdata/DECam_01344373.fits.fz N4 1344373 15.0 60645.35847567 1.0 130.36853730509753 -33.00830159252962 130.37749583333334 -32.93319805555556 M464 0.3303814 0.0 0.0 0.0 18.868053 0.0 decam 0.0 0.0 0 object "LTT3218 N4 N464" 0 0.0 0.0 0.0 0.0 0.0 0.0 0.0 0.0 0.0 15915059605 0.0
rawdata/DECam_01344374.fits.fz N4 1344374 3.0 60645.35904836 1.0 130.36853730509753 -33.00830159252962 130.37749583333334 -32.93319805555556 g 0.3303814 0.0 0.0 0.0 18.822807 0.0 decam 0.0 0.0 0 object "LTT3218 N4 g" 0 0.0 0.0 0.0 0.0 0.0 0.0 0.0 0.0 0.0 15887045454 0.0
