logs/db-2026-03-22.ecsv
# %ECSV 1.0
# ---
# datatype:
# - {name: filename, datatype: string}
# - {name: extension, datatype: string}
# - {name: expnum, datatype: int64}
# - {name: exptime, datatype: float32}
# - {name: mjd_obs, datatype: float64}
# - {name: airmass, datatype: float32}
# - {name: racenter, datatype: float64}
# - {name: deccenter, datatype: float64}
# - {name: rabore, datatype: float64}
# - {name: decbore, datatype: float64}
# - {name: band, datatype: string}
# - {name: ebv, datatype: float32}
# - {name: zeropoint, datatype: float32}
# - {name: transparency, datatype: float32}
# - {name: seeing, datatype: float32}
# - {name: sky, datatype: float32}
# - {name: expfactor, datatype: float32}
# - {name: camera, datatype: string}
# - {name: dx, datatype: float32}
# - {name: dy, datatype: float32}
# - {name: nmatched, datatype: int64}
# - {name: obstype, datatype: string}
# - {name: object, datatype: string}
# - {name: tileid, datatype: int64}
# - {name: tileebv, datatype: float32}
# - {name: affine_x0, datatype: float32}
# - {name: affine_y0, datatype: float32}
# - {name: affine_dx, datatype: float32}
# - {name: affine_dxx, datatype: float32}
# - {name: affine_dxy, datatype: float32}
# - {name: affine_dy, datatype: float32}
# - {name: affine_dyx, datatype: float32}
# - {name: affine_dyy, datatype: float32}
# - {name: checksum, datatype: string}
# - {name: efftime, datatype: float32}
# schema: astropy-2.0
filename extension expnum exptime mjd_obs airmass racenter deccenter rabore decbore band ebv zeropoint transparency seeing sky expfactor camera dx dy nmatched obstype object tileid tileebv affine_x0 affine_y0 affine_dx affine_dxx affine_dxy affine_dy affine_dyx affine_dyy checksum efftime
[from data line 41]
/home/declsp/obsbot/rawdata/DECam_01465505.fits.fz N4 1465505 15.0 61122.41206053 1.7 189.21964629080875 -49.79143632983654 189.23128333333335 -49.71633305555556 M490 0.123391315 24.852264 1.0094063 2.3721685 19.244736 59.739338 decam -9.623064 -23.585608 449 object "LTT4861 N5" 0 0.0 924.0 1948.0 0.0586211 0.9999736 0.00084118446 0.307507 -0.001138478 1.0002486 15815738011 0.25109082
/home/declsp/obsbot/rawdata/DECam_01465506.fits.fz N4 1465506 15.0 61122.41254818 1.68 190.1818893914288 -49.95810327083149 190.19356666666667 -49.883 M490 0.13002166 24.881275 1.0329857 2.054189 19.122705 47.52457 decam -19.169094 -32.07943 530 object "LTT4861 S3" 0 0.0 924.0 1948.0 0.006540878 1.0005116 0.0007971673 -0.0005861082 -0.0009846858 1.0005912 15866382912 0.3156262
/home/declsp/obsbot/rawdata/DECam_01465507.fits.fz N4 1465507 15.0 61122.41302325 1.7 189.70074772476212 -49.95810327083149 189.712425 -49.883 M490 0.11683266 24.8793 1.0348562 1.9750593 18.985538 50.03411 decam -15.321843 -26.623562 562 object "LTT4861 S4" 0 0.0 924.0 1948.0 -0.310591 0.9998553 0.00076700735 -0.08258288 -0.0009301677 1.0004797 15928899046 0.29979548
/home/declsp/obsbot/rawdata/DECam_01465508.fits.fz N4 1465508 15.0 61122.41351198 1.72 189.21960605809545 -49.95810327083149 189.23128333333335 -49.883 M490 0.12251485 24.874899 1.0344163 1.9613347 18.834846 57.149364 decam -13.716143 -38.519726 516 object "LTT4861 S5" 0 0.0 924.0 1948.0 -0.05304678 0.9998039 0.00084529724 0.1495795 -0.00076554256 1.000591 16006269648 0.2624701
/home/declsp/obsbot/rawdata/DECam_01465509.fits.fz N4 1465509 15.0 61122.41399391 1.71 189.70078795747543 -49.79143632983654 189.712425 -49.71633305555556 M517 0.12849489 24.943764 1.0349556 1.8617185 19.004004 42.561005 decam -20.326202 -41.894222 602 object "LTT4861 N4" 0 0.0 924.0 1948.0 -0.24676326 1.000075 0.00087216427 0.09984231 -0.00081404124 1.0003444 15946501594 0.3524353
/home/declsp/obsbot/rawdata/DECam_01465510.fits.fz N4 1465510 15.0 61122.41445726 1.73 189.21964629080875 -49.79143632983654 189.23128333333335 -49.71633305555556 M517 0.123391315 24.925463 1.0209234 1.9542608 18.869162 54.91582 decam -17.37444 -46.646877 516 object "LTT4861 N5" 0 0.0 924.0 1948.0 -0.31289974 0.9997219 0.00073842984 0.0966965 -0.0012412986 1.0005671 16021164167 0.27314532
/home/declsp/obsbot/rawdata/DECam_01465511.fits.fz N4 1465511 15.0 61122.41494747 1.7 190.1818893914288 -49.95810327083149 190.19356666666667 -49.883 M517 0.13002166 24.927328 1.0177728 2.0136235 18.740824 65.39073 decam -30.950788 -38.122005 526 object "LTT4861 S3" 0 0.0 924.0 1948.0 -0.41020763 1.0003375 0.0010415603 0.035391647 -0.00092292007 1.0004517 16101640159 0.22939031
/home/declsp/obsbot/rawdata/DECam_01465512.fits.fz N4 1465512 15.0 61122.41543977 1.72 189.70074772476212 -49.95810327083149 189.712425 -49.883 M517 0.11683266 24.921999 1.0160415 2.0108747 18.594328 75.36877 decam -17.3731 -48.020702 541 object "LTT4861 S4" 0 0.0 924.0 1948.0 -0.030035209 1.0000042 0.00086422334 0.04041778 -0.00093418045 1.0004394 16202301487 0.19902143
/home/declsp/obsbot/rawdata/DECam_01465513.fits.fz N4 1465513 15.0 61122.41593293 1.74 189.21960605809545 -49.95810327083149 189.23128333333335 -49.883 M517 0.12251485 24.927416 1.0244014 1.8652203 18.439219 74.068954 decam -30.49218 -35.646973 520 object "LTT4861 S5" 0 0.0 924.0 1948.0 -0.35294572 0.999603 0.00090239395 -0.3155305 -0.0006669287 1.00047 16332900735 0.202514
/home/declsp/obsbot/rawdata/DECam_01465514.fits.fz N4 1465514 15.0 61122.41760183 1.08 234.74177384719718 -28.584297477454864 234.7503291666667 -28.509193888888888 M517 0.11373475 25.026627 1.0097604 1.7276771 18.538694 48.305267 decam -20.220757 -15.556218 374 object "LTT6248 N4" 0 0.0 924.0 1948.0 -0.30983302 1.0004267 0.002153337 -0.14884992 -0.001733562 1.0000722 16260368688 0.31052515
/home/declsp/obsbot/rawdata/DECam_01465515.fits.fz N4 1465515 15.0 61122.41808492 1.08 234.38807384719718 -28.584297477454868 234.39662916666666 -28.509193888888888 M517 0.22622195 25.11919 1.0996243 1.384665 18.391468 29.977869 decam -17.492607 -24.262163 279 object "LTT6248 N5" 0 0.0 924.0 1948.0 -0.24376823 1.0001962 0.0018878327 0.19258982 -0.0017456762 1.0002002 16370761640 0.50036913
/home/declsp/obsbot/rawdata/DECam_01465516.fits.fz N4 1465516 15.0 61122.4185903 1.08 235.09544772966674 -28.750964697816126 235.10401666666667 -28.67586111111111 M517 0.13145722 25.043087 1.025186 1.4020581 18.249413 40.302742 decam -6.4714823 -8.455249 405 object "LTT6248 S3" 0 0.0 924.0 1948.0 -0.12619619 1.0000036 0.0017717018 0.14912704 -0.0020479958 1.0003065 16504319800 0.37218308
/home/declsp/obsbot/rawdata/DECam_01465517.fits.fz N4 1465517 15.0 61122.41906488 1.08 234.74176022966677 -28.750964697816126 234.7503291666667 -28.67586111111111 M517 0.12067507 25.047983 1.0298193 1.3134543 18.104269 40.072906 decam -1.4454973 -11.787556 338 object "LTT6248 S4" 0 0.0 924.0 1948.0 -0.20892611 1.0001895 0.0020934134 0.046874903 -0.0018157966 1.0001402 16660963244 0.37431777
/home/declsp/obsbot/rawdata/DECam_01465518.fits.fz N4 1465518 15.0 61122.41955959 1.09 234.38806022966676 -28.750964697816126 234.39662916666666 -28.67586111111111 M517 0.33074725 25.12524 1.1075416 1.2990923 17.94882 39.776165 decam -1.2094085 3.8815243 276 object "LTT6248 S5" 0 0.0 924.0 1948.0 -0.5382931 1.0000615 0.0021854655 0.3920548 -0.0020161483 1.0001285 16859142353 0.37711027
