logs/db-2026-05-19.ecsv
# %ECSV 1.0
# ---
# datatype:
# - {name: filename, datatype: string}
# - {name: extension, datatype: string}
# - {name: expnum, datatype: int64}
# - {name: exptime, datatype: float32}
# - {name: mjd_obs, datatype: float64}
# - {name: airmass, datatype: float32}
# - {name: racenter, datatype: float64}
# - {name: deccenter, datatype: float64}
# - {name: rabore, datatype: float64}
# - {name: decbore, datatype: float64}
# - {name: band, datatype: string}
# - {name: ebv, datatype: float32}
# - {name: zeropoint, datatype: float32}
# - {name: transparency, datatype: float32}
# - {name: seeing, datatype: float32}
# - {name: sky, datatype: float32}
# - {name: expfactor, datatype: float32}
# - {name: camera, datatype: string}
# - {name: dx, datatype: float32}
# - {name: dy, datatype: float32}
# - {name: nmatched, datatype: int64}
# - {name: obstype, datatype: string}
# - {name: object, datatype: string}
# - {name: tileid, datatype: int64}
# - {name: tileebv, datatype: float32}
# - {name: affine_x0, datatype: float32}
# - {name: affine_y0, datatype: float32}
# - {name: affine_dx, datatype: float32}
# - {name: affine_dxx, datatype: float32}
# - {name: affine_dxy, datatype: float32}
# - {name: affine_dy, datatype: float32}
# - {name: affine_dyx, datatype: float32}
# - {name: affine_dyy, datatype: float32}
# - {name: checksum, datatype: string}
# - {name: efftime, datatype: float32}
# schema: astropy-2.0
filename extension expnum exptime mjd_obs airmass racenter deccenter rabore decbore band ebv zeropoint transparency seeing sky expfactor camera dx dy nmatched obstype object tileid tileebv affine_x0 affine_y0 affine_dx affine_dxx affine_dxy affine_dy affine_dyx affine_dyy checksum efftime
[from data line 41]
/home/declsp/obsbot/rawdata/DECam_01481386.fits.fz N4 1481386 800.0 61180.08427134 1.12 198.6097571843091 -2.870103832227997 198.61727916666666 -2.795 M517 0.03368818 24.325338 0.53270584 1.0490773 21.66332 3.6516442 decam -20.593395 13.243252 147 object IBIS_wide_M517_534460 534460 0.029344 924.0 1948.0 -0.2769352 1.000188 0.0006924503 0.011032428 -0.0005759107 0.99998575 18873634197 219.07939
/home/declsp/obsbot/rawdata/DECam_01481387.fits.fz N4 1481387 800.0 61180.09388524 1.13 199.34476164228238 -2.085103838988639 199.35227916666668 -2.01 M517 0.028311588 24.166992 0.46115312 1.0457975 21.67174 4.8204083 decam -13.632736 20.46038 140 object IBIS_wide_M517_534461 534461 0.027518 924.0 1948.0 -0.018128641 1.0001343 0.0007083108 0.2155641 -0.0007305947 1.0000862 17955137727 165.96104
/home/declsp/obsbot/rawdata/DECam_01481388.fits.fz N4 1481388 800.0 61180.10347177 1.13 200.37875548888667 -2.4661038357083593 200.386275 -2.391 M517 0.0290009 24.088934 0.42916226 1.1218057 21.656645 6.4920053 decam -8.368912 28.108147 166 object IBIS_wide_M517_531235 531235 0.031446 924.0 1948.0 0.025556365 1.0000715 0.00076208654 0.04009278 -0.00062187784 0.99994767 17996637606 123.228485
/home/declsp/obsbot/rawdata/DECam_01481389.fits.fz N4 1481389 800.0 61180.11306202 1.14 200.73076128744805 -2.158103838360266 200.73827916666664 -2.083 M517 0.034394797 24.370455 0.5570903 1.0580846 21.703266 3.2947845 decam -19.087662 28.478218 157 object IBIS_wide_M517_534221 534221 0.031968 924.0 1948.0 -0.026153324 1.0002158 0.0006886093 -0.116633214 -0.0005442466 1.0000246 17988785650 242.80798
/home/declsp/obsbot/rawdata/DECam_01481390.fits.fz N4 1481390 800.0 61180.122653 1.14 203.25675962159826 -2.472103835656688 203.26427916666665 -2.3970000000000002 M517 0.037621867 23.292519 0.20641977 1.1374669 21.452362 34.933586 decam -11.163555 29.298565 131 object IBIS_wide_M517_531231 531231 0.037691 924.0 1948.0 -0.29926044 0.9998837 0.00077875954 0.093261525 -0.000832023 0.9999061 18834944982 22.900599
/home/declsp/obsbot/rawdata/DECam_01481391.fits.fz N4 1481391 800.0 61180.13229657 1.14 207.38075633737841 -2.3111038370430665 207.388275 -2.236 M517 0.047463592 24.107979 0.43745744 1.0982058 21.678219 5.8895516 decam -19.05393 29.04301 172 object IBIS_wide_M517_531302 531302 0.047501 924.0 1948.0 0.14929323 0.99992037 0.001061509 0.0024456293 -0.0007787491 0.99981517 17964348245 135.83377
/home/declsp/obsbot/rawdata/DECam_01481392.fits.fz N4 1481392 800.0 61180.14194242 1.14 210.70576127755433 -2.16010383834305 210.71327916666667 -2.085 M517 0.072237656 23.832245 0.3393455 1.0996286 21.62091 10.344646 decam -16.535864 26.619865 145 object IBIS_wide_M517_534284 534284 0.06469 924.0 1948.0 0.18044645 0.999883 0.0010969657 0.19428332 -0.0011534916 0.9999984 18416099525 77.33469
/home/declsp/obsbot/rawdata/DECam_01481393.fits.fz N4 1481393 800.0 61180.15154645 1.14 213.0827643325016 -2.3741038365006086 213.09028333333333 -2.299 M517 0.075305305 23.336277 0.2149091 1.073633 21.57423 25.669981 decam -21.703346 25.524656 134 object IBIS_wide_M517_531283 531283 0.061896 924.0 1948.0 -0.4302509 1.000167 0.0012926245 0.20399687 -0.0012368291 1.0000091 18185831078 31.164806
/home/declsp/obsbot/rawdata/DECam_01481394.fits.fz N4 1481394 800.0 61180.1611742 1.13 216.26475548116656 -3.11810383009034 216.27227916666666 -3.043 M517 0.066179335 23.773691 0.3210143 1.10536 21.60887 11.772842 decam -8.868487 19.986141 173 object IBIS_wide_M517_540257 540257 0.06358 924.0 1948.0 0.2207987 1.0000619 0.0012696628 0.15013616 -0.0011977237 1.0000186 18100229789 67.953
/home/declsp/obsbot/rawdata/DECam_01481395.fits.fz N4 1481395 800.0 61180.17077702 1.14 217.99175450685146 -2.634103834261356 217.99927499999998 -2.559 M517 0.05902089 23.919258 0.36766055 1.080565 21.62275 8.495943 decam -20.677431 31.173073 191 object IBIS_wide_M517_536971 536971 0.059446 924.0 1948.0 0.050024893 0.999988 0.0013521106 0.1821826 -0.0014531653 1.0001935 18097172203 94.16259
/home/declsp/obsbot/rawdata/DECam_01481396.fits.fz N4 1481396 800.0 61180.18036354 1.14 219.79875438223263 -3.2681038287969186 219.80627916666666 -3.193 M517 0.11028301 24.5491 0.6567265 1.0611281 21.709274 2.3713477 decam -12.726603 42.11906 238 object IBIS_wide_M517_539950 539950 0.093048 924.0 1948.0 -0.36281985 1.000043 0.0014514092 0.17339064 -0.0013588129 0.99999183 17970035360 337.3609
/home/declsp/obsbot/rawdata/DECam_01481397.fits.fz N4 1481397 800.0 61180.18998023 1.15 221.21074943864198 -3.3701038279171716 221.218275 -3.295 M517 0.092852786 23.86953 0.35176453 1.0710461 21.543633 9.83947 decam -23.639269 44.734386 182 object IBIS_wide_M517_540514 540514 0.093949 924.0 1948.0 -0.32465905 1.0000991 0.001334403 0.12459311 -0.0015750426 1.0000999 18930121140 81.30519
/home/declsp/obsbot/rawdata/DECam_01481398.fits.fz N4 1481398 485.897 61180.19958836 1.19 221.62376712236636 -1.7891038415359877 221.63128333333336 -1.714 M517 0.05207239 24.795534 0.8306878 1.0426011 21.757765 1.3905534 decam -22.849314 49.380173 196 object IBIS_wide_M517_537538 537538 0.051877 924.0 1948.0 -0.45815602 1.000253 0.0014027073 0.08914622 -0.0013707045 1.0000192 16932126190 349.4271
/home/declsp/obsbot/rawdata/DECam_01481399.fits.fz N4 1481399 611.2961 61180.20686531 1.21 218.853755920239 -3.056103830624846 218.86127916666666 -2.981 M517 0.08862873 24.760935 0.8072163 1.0172887 21.75505 1.4146727 decam 13.711598 0.10596319 206 object IBIS_wide_M517_536966 536966 0.080507 924.0 1948.0 -0.5363474 0.9998709 0.001365145 0.19599971 -0.001246346 1.0000845 17229734651 432.1113
/home/declsp/obsbot/rawdata/DECam_01481400.fits.fz N4 1481400 584.4063 61180.21457282 1.22 228.24076433496396 1.4128961309319845 228.2482791666667 1.488 M517 0.048312753 24.615831 0.7073665 0.9425855 21.76028 1.5796942 decam 11.037141 7.3774133 254 object IBIS_wide_M517_540577 540577 0.047062 924.0 1948.0 -0.2947473 1.0001673 0.0016596292 0.22694875 -0.0016356593 1.000035 17130597643 369.94904
/home/declsp/obsbot/rawdata/DECam_01481401.fits.fz N4 1481401 747.1254 61180.22181644 1.23 234.73374532766422 3.3628961141389015 234.74127083333335 3.438 M517 0.06554133 24.674786 0.74803525 0.99984235 21.754025 1.603237 decam 5.601584 -1.879118 316 object IBIS_wide_M517_540503 540503 0.058738 924.0 1948.0 -0.27100942 1.0000213 0.0017632486 -0.025635969 -0.0018536918 0.9999806 17678272930 466.0106
/home/declsp/obsbot/rawdata/DECam_01481402.fits.fz N4 1481402 305.0981 61180.23079206 1.23 235.4597507525972 2.564896121017053 235.46727083333334 2.64 M517 0.06850589 24.994526 1.0041959 0.99888694 21.888529 0.7844667 decam 8.706627 -0.10045436 313 object IBIS_wide_M517_540501 540501 0.066874 924.0 1948.0 0.081555724 1.0001564 0.001797864 0.25200582 -0.0018929855 1.000067 16212645428 388.92426
/home/declsp/obsbot/rawdata/DECam_01481403.fits.fz N4 1481403 800.0 61180.23469229 1.22 238.31875056327686 2.5968961207414205 238.32627083333335 2.672 M517 0.10130829 24.624937 0.713324 1.0232881 21.76965 1.8143005 decam -1.207865 1.7769381 306 object IBIS_wide_M517_540649 540649 0.12076 924.0 1948.0 -0.3342731 1.0003211 0.0019753398 0.44051233 -0.0019718714 1.0000197 17778236924 440.94128
/home/declsp/obsbot/rawdata/DECam_01481404.fits.fz N4 1481404 372.8877 61180.24428883 1.23 238.8607619720015 2.0148961257524793 238.86827916666667 2.09 M517 0.09115931 24.83015 0.86311394 1.012169 21.825815 1.1550645 decam 14.71626 -5.946222 321 object IBIS_wide_M517_540643 540643 0.09608 924.0 1948.0 -0.008584707 1.0001351 0.0019430489 0.4006543 -0.0019417186 1.0000433 16441508062 322.82846
/home/declsp/obsbot/rawdata/DECam_01481405.fits.fz N4 1481405 550.5465 61180.24896907 1.23 242.2997636241725 2.5008961215682772 242.30728333333334 2.576 M517 0.07849233 24.676641 0.7493149 1.0106294 21.732275 1.6653687 decam -4.18313 -4.1948376 384 object IBIS_wide_M517_540329 540329 0.0807 924.0 1948.0 0.09174716 1.000063 0.001985473 0.2854344 -0.0019167815 1.000108 17615862486 330.58536
/home/declsp/obsbot/rawdata/DECam_01481406.fits.fz N4 1481406 357.4077 61180.25565073 1.24 241.53976221790532 1.9608961262172249 241.54727916666667 2.036 M517 0.08298201 24.99632 1.0074699 1.0201193 21.884537 0.81839085 decam -0.41924083 -9.491281 390 object IBIS_wide_M517_540318 540318 0.095716 924.0 1948.0 -0.083261505 1.0002981 0.001983911 0.08943639 -0.0017191827 1.0000646 16433318638 436.7201
/home/declsp/obsbot/rawdata/DECam_01481407.fits.fz N4 1481407 290.0082 61180.26014358 1.23 245.02575854137575 2.6558961202331854 245.03327916666666 2.731 M517 0.063433744 24.968868 0.98074394 1.0281775 21.887796 0.87183815 decam -3.5580838 -3.834531 485 object IBIS_wide_M517_540325 540325 0.063231 924.0 1948.0 -0.06270783 1.0000563 0.0019930224 0.28488678 -0.0020524955 1.0000539 16393843189 332.63995
/home/declsp/obsbot/rawdata/DECam_01481408.fits.fz N4 1481408 301.2781 61180.26385713 1.23 247.97175884891212 2.6048961206725103 247.97927916666666 2.6799999999999997 M517 0.064437136 24.899052 0.91966337 0.95644504 21.836628 0.8997055 decam -8.49425 -4.2033534 573 object IBIS_wide_M517_540344 540344 0.065823 924.0 1948.0 -0.27373716 1.0000528 0.002110514 0.2585016 -0.0019562393 1.000033 16281856822 334.863
/home/declsp/obsbot/rawdata/DECam_01481409.fits.fz N4 1481409 314.538 61180.26766855 1.23 248.35374857389388 2.9118961180273892 248.36127083333332 2.987 M517 0.07241162 24.955421 0.96867085 0.9578754 21.867144 0.7908499 decam -2.9451032 -3.6198094 607 object IBIS_wide_M517_537359 537359 0.065375 924.0 1948.0 -0.40391213 1.0002468 0.0020099725 0.32264024 -0.00204057 1.0000557 16326550373 397.72147
/home/declsp/obsbot/rawdata/DECam_01481410.fits.fz N4 1481410 273.9883 61180.27163675 1.24 250.15674519612514 3.379896113992261 250.16427083333332 3.455 M517 0.06547309 24.985836 0.99778867 0.95186245 21.87955 0.7300359 decam -9.664001 -5.204969 620 object IBIS_wide_M517_540346 540346 0.066895 924.0 1948.0 -0.20366988 1.0001186 0.0020974828 0.11999402 -0.0020599365 1.0000745 16196673490 375.30798
/home/declsp/obsbot/rawdata/DECam_01481411.fits.fz N4 1481411 410.8574 61180.275138 1.25 250.73574090370127 3.89389610955601 250.74327083333333 3.969 M517 0.07259807 24.89866 0.9222831 0.9564878 21.834621 0.9021019 decam -2.1431527 -1.3249733 655 object IBIS_wide_M517_540347 540347 0.073558 924.0 1948.0 -0.33152694 1.0001489 0.002077529 0.1421018 -0.00204967 1.0000745 16641355855 455.44455
/home/declsp/obsbot/rawdata/DECam_01481412.fits.fz N4 1481412 800.0 61180.28174956 1.33 309.01053904128014 -13.677103737065861 309.01827083333336 -13.602 M517 0.042734645 23.715652 0.31421667 0.9716704 21.46187 11.598567 decam -15.794169 -38.931942 622 object IBIS_wide_M517_549000 549000 0.039854 924.0 1948.0 -0.1698216 1.0003248 0.0019122816 0.24689671 -0.0020596485 1.0002345 18607099930 68.97404
/home/declsp/obsbot/rawdata/DECam_01481413.fits.fz N4 1481413 800.0 61180.29137061 1.27 308.71756346950514 -13.04410374281417 308.725275 -12.969 M517 0.043898277 24.483727 0.63136786 0.9535527 21.520699 2.571045 decam 1.3519337 -47.91782 653 object IBIS_wide_M517_551992 551992 0.044381 924.0 1948.0 -0.14375088 1.0001558 0.0018755789 0.23702417 -0.0020216422 1.0001631 18646177833 311.15753
/home/declsp/obsbot/rawdata/DECam_01481414.fits.fz N4 1481414 327.248 61180.3009655 1.23 309.55253237123986 -13.753103736373648 309.5602666666667 -13.678 M517 0.04602454 24.944527 0.9589997 0.93926555 21.640272 0.956235 decam 11.777123 -52.650116 638 object IBIS_wide_M517_551986 551986 0.042467 924.0 1948.0 -0.35460672 1.0003266 0.001920809 0.2562722 -0.0019898643 1.0001755 16798721683 342.2255
/home/declsp/obsbot/rawdata/DECam_01481415.fits.fz N4 1481415 329.8579 61180.30505622 1.22 310.472534513563 -13.93910373467765 310.480275 -13.864 M517 0.046094954 25.002054 1.0095643 0.9657099 21.642067 0.9075569 decam 15.66478 -52.314095 619 object IBIS_wide_M517_549009 549009 0.043909 924.0 1948.0 -0.23274863 1.0002306 0.0019570156 0.29350415 -0.0018810334 1.0001993 16782503531 363.457
/home/declsp/obsbot/rawdata/DECam_01481416.fits.fz N4 1481416 319.858 61180.30922411 1.21 309.237600101682 -11.504103756679644 309.2452666666667 -11.429 M517 0.06881664 25.009602 1.0149775 0.9845873 21.634352 0.9369004 decam 19.147587 -53.501915 674 object IBIS_wide_M517_549020 549020 0.050831 924.0 1948.0 0.26198816 1.0002292 0.0019526042 0.23009688 -0.0021006963 1.000198 16866768684 341.40024
/home/declsp/obsbot/rawdata/DECam_01481417.fits.fz N4 1481417 304.968 61180.31323323 1.2 311.10053860115283 -13.563103738103344 311.1082666666666 -13.488 M517 0.049940955 25.007467 1.0113631 0.9610282 21.663761 0.8722801 decam 19.523703 -54.235054 660 object IBIS_wide_M517_551995 551995 0.045019 924.0 1948.0 -0.076149955 1.0001287 0.0018690286 0.36166784 -0.0020777043 1.000159 16410062025 349.6216
/home/declsp/obsbot/rawdata/DECam_01481418.fits.fz N4 1481418 363.8077 61180.31789281 1.18 308.687629592556 -10.697103763883838 308.69527500000004 -10.622 M517 0.042118605 24.93479 0.9428524 0.98055875 21.664104 1.0377423 decam -0.82325613 -10.990271 698 object IBIS_wide_M517_552092 552092 0.051805 924.0 1948.0 -0.15944086 1.0000978 0.0019073389 0.30996743 -0.0020058197 1.0002266 16708828269 350.57617
/home/declsp/obsbot/rawdata/DECam_01481419.fits.fz N4 1481419 301.0581 61180.3224167 1.17 310.91356415488104 -13.02210374301342 310.921275 -12.947 M517 0.0419494 24.93767 0.9438437 0.98666525 21.65468 1.0542243 decam 2.4348457 -9.569817 612 object IBIS_wide_M517_549010 549010 0.043022 924.0 1948.0 -0.004189209 1.0000474 0.0019208614 0.35617515 -0.00191745 1.0001805 16457881579 285.57312
/home/declsp/obsbot/rawdata/DECam_01481420.fits.fz N4 1481420 415.8275 61180.32621892 1.16 312.61151342417554 -14.553103729059375 312.619275 -14.478 M517 0.055253826 24.991455 0.9901881 1.0248787 21.637566 1.0463455 decam -1.0059477 -14.944855 529 object IBIS_wide_M517_548986 548986 0.05603 924.0 1948.0 -0.1288465 1.0003414 0.0018057437 0.1346121 -0.001814894 1.0001633 16924412133 397.4094
/home/declsp/obsbot/rawdata/DECam_01481421.fits.fz N4 1481421 291.6682 61180.33133558 1.14 311.41955673715927 -13.12610374207122 311.4272708333333 -13.051 M517 0.04130904 25.010145 1.0041587 0.9820571 21.66 0.9094304 decam -1.0072161 -16.087784 655 object IBIS_wide_M517_551996 551996 0.046626 924.0 1948.0 -0.06669887 1.0002263 0.0018669945 0.24605986 -0.0019717799 1.0001144 16455346758 320.71527
/home/declsp/obsbot/rawdata/DECam_01481422.fits.fz N4 1481422 302.0782 61180.33503496 1.13 310.8465776049028 -12.442103748253718 310.8542708333333 -12.367 M517 0.035128284 24.912846 0.9166127 0.9673754 21.61858 1.0968041 decam -3.3834498 -15.508089 654 object IBIS_wide_M517_551998 551998 0.041461 924.0 1948.0 -0.16031992 1.0000333 0.0018244591 0.14272259 -0.0018762948 1.0001892 16662552730 275.41672
/home/declsp/obsbot/rawdata/DECam_01481423.fits.fz N4 1481423 800.0 61180.33883155 1.13 312.3045364057281 -13.757103736337205 312.31227083333334 -13.682 M517 0.054882403 23.520655 0.25427848 1.0723505 21.469427 20.082127 decam -0.15148696 -16.320555 478 object IBIS_wide_M517_551974 551974 0.054389 924.0 1948.0 -0.23063819 0.9999851 0.0017582206 0.09302276 -0.0019202874 1.0001059 18542987686 39.83642
/home/declsp/obsbot/rawdata/DECam_01481424.fits.fz N4 1481424 800.0 61180.34842573 1.11 314.18051293156583 -14.56710372893091 314.18827500000003 -14.492 M517 0.049376 24.068947 0.41998616 1.1537343 21.513474 8.1276655 decam -6.81546 -23.926725 424 object IBIS_wide_M517_548983 548983 0.042742 924.0 1948.0 -0.10898364 1.0003394 0.0017177692 0.18922883 -0.0018377964 1.0001223 18463788486 98.429245
