logs/db-2026-02-21.ecsv
# %ECSV 1.0
# ---
# datatype:
# - {name: filename, datatype: string}
# - {name: extension, datatype: string}
# - {name: expnum, datatype: int64}
# - {name: exptime, datatype: float32}
# - {name: mjd_obs, datatype: float64}
# - {name: airmass, datatype: float32}
# - {name: racenter, datatype: float64}
# - {name: deccenter, datatype: float64}
# - {name: rabore, datatype: float64}
# - {name: decbore, datatype: float64}
# - {name: band, datatype: string}
# - {name: ebv, datatype: float32}
# - {name: zeropoint, datatype: float32}
# - {name: transparency, datatype: float32}
# - {name: seeing, datatype: float32}
# - {name: sky, datatype: float32}
# - {name: expfactor, datatype: float32}
# - {name: camera, datatype: string}
# - {name: dx, datatype: float32}
# - {name: dy, datatype: float32}
# - {name: nmatched, datatype: int64}
# - {name: obstype, datatype: string}
# - {name: object, datatype: string}
# - {name: tileid, datatype: int64}
# - {name: tileebv, datatype: float32}
# - {name: affine_x0, datatype: float32}
# - {name: affine_y0, datatype: float32}
# - {name: affine_dx, datatype: float32}
# - {name: affine_dxx, datatype: float32}
# - {name: affine_dxy, datatype: float32}
# - {name: affine_dy, datatype: float32}
# - {name: affine_dyx, datatype: float32}
# - {name: affine_dyy, datatype: float32}
# - {name: checksum, datatype: string}
# - {name: efftime, datatype: float32}
# schema: astropy-2.0
filename extension expnum exptime mjd_obs airmass racenter deccenter rabore decbore band ebv zeropoint transparency seeing sky expfactor camera dx dy nmatched obstype object tileid tileebv affine_x0 affine_y0 affine_dx affine_dxx affine_dxy affine_dy affine_dyx affine_dyy checksum efftime
[from data line 41]
/home/declsp/obsbot/rawdata/DECam_01458639.fits.fz N4 1458639 363.6776 61093.17820583 1.12 159.11670653516134 -6.969103796716235 159.124275 -6.894 M464 0.057808295 24.90159 0.97395843 0.9819943 21.880308 1.1980394 decam -19.283497 -23.4578 125 object IBIS_wide_M464_328165 328165 0.052321 924.0 1948.0 0.17296466 1.0002816 -0.0009453372 -0.10359884 0.0009836768 1.0000212 16283196186 303.56064
/home/declsp/obsbot/rawdata/DECam_01458640.fits.fz N4 1458640 393.1374 61093.1827566 1.12 158.61072442940738 -6.058103804649498 158.61827916666667 -5.983 M464 0.0443812 24.919434 0.9900965 0.98824126 21.86534 1.0814363 decam -27.7179 -14.111121 153 object IBIS_wide_M464_325431 325431 0.043784 924.0 1948.0 0.007259565 1.0002176 -0.0007926391 -0.09262262 0.0007048506 1.0000608 16522418315 363.53265
/home/declsp/obsbot/rawdata/DECam_01458641.fits.fz N4 1458641 393.2773 61093.18762465 1.11 160.81571585505705 -6.642103799567185 160.82327916666665 -6.567 M464 0.044132356 24.910973 0.98039466 0.97784114 21.91178 1.0286229 decam -24.808357 -15.585798 153 object IBIS_wide_M464_325181 325181 0.044638 924.0 1948.0 0.07349036 1.0001283 -0.00075420464 0.021794518 0.00081737846 1.0001316 16629908970 382.33383
/home/declsp/obsbot/rawdata/DECam_01458642.fits.fz N4 1458642 317.1078 61093.19251082 1.12 161.53572558278356 -5.975103805370898 161.54327916666665 -5.9 M464 0.040238526 24.917227 0.9880866 0.9742071 21.90701 0.98593396 decam -36.54768 -14.668913 146 object IBIS_wide_M464_325182 325182 0.03928 924.0 1948.0 0.1741486 1.0001467 -0.00078963017 -0.031307705 0.00050947437 1.0001011 16132461433 321.63187
/home/declsp/obsbot/rawdata/DECam_01458643.fits.fz N4 1458643 363.7876 61093.19652939 1.11 162.94272417713904 -6.076103804493021 162.95027916666666 -6.001 M464 0.029075887 24.923056 0.991367 0.9905305 21.919174 0.9205885 decam -27.4949 -8.361054 150 object IBIS_wide_M464_325219 325219 0.028541 924.0 1948.0 0.19605348 0.9999923 -0.0007409678 -0.11860726 0.00097200234 1.0000682 16234506162 395.16852
/home/declsp/obsbot/rawdata/DECam_01458644.fits.fz N4 1458644 283.0481 61093.20109608 1.11 163.38972620133526 -5.930103805761926 163.39727916666666 -5.855 M464 0.027993027 24.932293 0.9998375 0.9403416 21.918528 0.8100847 decam -35.38784 -14.876219 162 object IBIS_wide_M464_328205 328205 0.028438 924.0 1948.0 -0.10887158 1.0002016 -0.00070004375 -0.026106743 0.00057707395 1.0000434 16041003832 349.40555
/home/declsp/obsbot/rawdata/DECam_01458645.fits.fz N4 1458645 291.368 61093.20469075 1.11 164.4387203186968 -6.054103804684271 164.44627499999999 -5.979 M464 0.029403185 24.928164 0.9960407 0.93307865 21.920042 0.8107574 decam -26.646002 -10.60026 151 object IBIS_wide_M464_325218 325218 0.029579 924.0 1948.0 0.15730013 1.0002153 -0.00070833054 0.060013175 0.00072535285 1.000062 16047447619 359.37756
/home/declsp/obsbot/rawdata/DECam_01458646.fits.fz N4 1458646 319.9178 61093.20839526 1.11 166.85270966563178 -6.501103800795315 166.86027083333335 -6.426 M464 0.0482799 24.912611 0.98187536 0.9106771 21.909304 0.91870403 decam -27.310072 -3.7626014 125 object IBIS_wide_M464_328183 328183 0.047192 924.0 1948.0 0.14561614 1.0001266 -0.000593404 -0.094000675 0.00047054322 1.00001 16224296495 348.22726
/home/declsp/obsbot/rawdata/DECam_01458647.fits.fz N4 1458647 343.4177 61093.2124284 1.11 167.21071835213536 -6.1931038034756645 167.218275 -6.118 M464 0.048066154 24.916903 0.9857644 0.926945 21.893023 0.9570276 decam -20.959282 -5.0610023 125 object IBIS_wide_M464_325198 325198 0.047706 924.0 1948.0 0.048335403 1.000147 -0.00042502838 0.050017923 0.0006476225 1.0001788 16303025882 358.8378
/home/declsp/obsbot/rawdata/DECam_01458648.fits.fz N4 1458648 312.0079 61093.21674458 1.11 168.2497198603044 -6.376103801883506 168.25727916666665 -6.301 M464 0.03482669 24.920954 0.98944837 0.9528422 21.9103 0.89855427 decam -29.767687 -9.954517 131 object IBIS_wide_M464_328178 328178 0.041526 924.0 1948.0 -0.04481206 1.0001168 -0.0005266127 0.026651932 0.0005798237 1.0001521 16125670413 347.23325
/home/declsp/obsbot/rawdata/DECam_01458649.fits.fz N4 1458649 335.3978 61093.22069136 1.11 169.6227183521354 -6.193103803475665 169.630275 -6.118 M464 0.04687738 24.923996 0.9922254 0.9469414 21.90279 0.96858746 decam -16.85815 -3.554489 124 object IBIS_wide_M464_328187 328187 0.040337 924.0 1948.0 -0.07172504 1.0001621 -0.00047994635 0.04033144 0.00039538357 1.0001001 16177391966 346.27518
/home/declsp/obsbot/rawdata/DECam_01458650.fits.fz N4 1458650 350.7676 61093.224909 1.1 167.5737243949195 -5.755103807281987 167.58127499999998 -5.68 M464 0.045803603 24.928583 0.9943813 0.9570545 21.89027 0.9847942 decam -16.025953 5.53866 138 object IBIS_wide_M464_328184 328184 0.045619 924.0 1948.0 0.025075484 1.0003107 -0.0005973429 0.025494136 0.00061139045 1.0001861 16456996488 356.18365
/home/declsp/obsbot/rawdata/DECam_01458651.fits.fz N4 1458651 356.2576 61093.22929669 1.1 170.29371822321784 -5.904103805987822 170.30127083333335 -5.829 M464 0.036800772 24.92008 0.9866257 0.9483454 21.882456 0.92770445 decam -22.119572 -3.0568562 141 object IBIS_wide_M464_328188 328188 0.040332 924.0 1948.0 0.0012266376 1.0001682 -0.00042840265 0.102234006 0.00019293088 1.0000618 16343847867 384.02057
/home/declsp/obsbot/rawdata/DECam_01458652.fits.fz N4 1458652 361.2876 61093.23375504 1.1 171.3527167928195 -6.008103805084104 171.36027083333332 -5.933 M464 0.041006174 24.91033 0.9778034 0.95600873 21.851532 1.0176678 decam -31.077932 -0.6628122 155 object IBIS_wide_M464_325119 325119 0.041236 924.0 1948.0 0.09178288 1.0002339 -0.00035221677 -0.08441517 0.0006203828 1.0001262 16426705831 355.01526
/home/declsp/obsbot/rawdata/DECam_01458653.fits.fz N4 1458653 295.978 61093.23829319 1.1 174.31071496904383 -6.138103803953966 174.31827083333334 -6.063 M464 0.031922966 24.91427 0.98135954 0.90716434 21.87678 0.8331809 decam -37.720276 14.0367775 131 object IBIS_wide_M464_325269 325269 0.041645 924.0 1948.0 -0.20371275 1.0005482 -0.00021767618 -0.07260727 0.00030546164 1.0001336 16117240015 355.2386
/home/declsp/obsbot/rawdata/DECam_01458654.fits.fz N4 1458654 295.158 61093.24209139 1.11 178.0107172721371 -6.268103802823277 178.018275 -6.193 M464 0.035224542 24.922043 0.9904413 0.86302364 21.84889 0.78115624 decam -28.035324 -0.39570063 170 object IBIS_wide_M464_328246 328246 0.032966 924.0 1948.0 -0.04684066 0.9999909 -0.000100357276 -0.05146677 -0.00012293282 1.0000321 16190224331 377.84756
/home/declsp/obsbot/rawdata/DECam_01458655.fits.fz N4 1458655 265.4382 61093.24583496 1.1 177.00972587203344 -5.954103805553385 177.01727916666667 -5.879 M464 0.027923504 24.926767 0.9927199 0.8731651 21.857084 0.7466747 decam -25.87488 3.0699248 146 object IBIS_wide_M464_325262 325262 0.029868 924.0 1948.0 0.0843505 1.0001141 -6.893978e-05 0.0024445187 9.437324e-05 1.0000416 16019892843 355.49377
/home/declsp/obsbot/rawdata/DECam_01458656.fits.fz N4 1458656 283.038 61093.2492344 1.1 177.4107224716318 -5.898103806039951 177.418275 -5.823 M464 0.029500455 24.924395 0.9905532 0.89282143 21.840345 0.8051826 decam -19.414412 4.78229 183 object IBIS_wide_M464_328248 328248 0.030554 924.0 1948.0 -0.08028644 1.0001893 -0.000118210555 0.10250032 0.00018119998 1.0000292 16105243776 351.52026
/home/declsp/obsbot/rawdata/DECam_01458657.fits.fz N4 1458657 278.958 61093.25286091 1.1 180.01471793610804 -6.222103803223428 180.022275 -6.147 M464 0.02163278 24.92033 0.9868515 0.8895757 21.845356 0.75782204 decam -23.566044 0.5268103 160 object IBIS_wide_M464_334233 334233 0.023749 924.0 1948.0 -0.028888296 1.00027 -5.1624495e-05 0.14384009 4.6017936e-05 1.0001371 16131751280 368.1049
/home/declsp/obsbot/rawdata/DECam_01458658.fits.fz N4 1458658 275.5981 61093.25642002 1.1 180.57471636153016 -6.039103804814658 180.58227083333333 -5.964 M464 0.021721747 24.92437 0.99053067 0.8784267 21.842365 0.7360163 decam -23.349724 3.6352139 174 object IBIS_wide_M464_330957 330957 0.024084 924.0 1948.0 -0.10543965 1.0001158 6.278362e-05 -0.0076471786 4.368706e-06 1.0001307 16067740118 374.44568
/home/declsp/obsbot/rawdata/DECam_01458659.fits.fz N4 1458659 282.268 61093.25993316 1.1 182.09672077889815 -6.021103804971113 182.104275 -5.946 M464 0.05321772 24.914743 0.98178786 0.81955194 21.835945 0.8220003 decam -27.556906 0.40591437 128 object IBIS_wide_M464_330961 330961 0.042646 924.0 1948.0 -0.12724762 1.0001005 0.0001426641 0.0755387 -7.898398e-05 1.0001434 16071036579 343.3916
/home/declsp/obsbot/rawdata/DECam_01458660.fits.fz N4 1458660 236.9383 61093.26357795 1.1 178.9007190368847 -5.844103806509046 178.90827083333332 -5.769 M464 0.028117748 24.915836 0.98277533 0.8489339 21.832722 0.73766947 decam -22.960487 11.432118 149 object IBIS_wide_M464_328247 328247 0.027263 924.0 1948.0 -0.034298852 1.0002818 -6.5803346e-05 0.073286876 8.695606e-06 1.0000154 16011877181 321.19846
/home/declsp/obsbot/rawdata/DECam_01458661.fits.fz N4 1458661 276.0681 61093.2667036 1.1 182.45372446129866 -5.750103807325404 182.461275 -5.675 M464 0.045476485 24.931913 0.997437 0.8280373 21.835842 0.7692412 decam -19.40751 1.3126328 154 object IBIS_wide_M464_333947 333947 0.042586 924.0 1948.0 -0.026927592 1.0002816 7.91573e-05 0.031356584 -0.00012772558 1.0001627 16073775590 358.88367
/home/declsp/obsbot/rawdata/DECam_01458662.fits.fz N4 1458662 254.1883 61093.27024303 1.1 181.2477260887398 -5.62610380840189 181.25527499999998 -5.551 M464 0.02884369 24.913368 0.9805443 0.83698 21.833212 0.7238016 decam -31.036804 11.603374 163 object IBIS_wide_M464_330967 330967 0.028002 924.0 1948.0 -0.06915685 1.0001723 -5.0094557e-05 0.12821566 0.00013347616 1.0001739 16019432095 351.18503
/home/declsp/obsbot/rawdata/DECam_01458663.fits.fz N4 1458663 259.8882 61093.27368732 1.1 187.63272395226033 -6.0921038043539255 187.6402791666667 -6.017 M464 0.025737017 24.925058 0.99115974 0.9345147 21.822186 0.87190443 decam -34.68953 -2.2062607 171 object IBIS_wide_M464_331440 331440 0.030489 924.0 1948.0 0.012155251 1.0000271 0.00021561362 0.030030156 -0.00031638428 1.000042 16712497866 298.0696
/home/declsp/obsbot/rawdata/DECam_01458664.fits.fz N4 1458664 341.9277 61093.2770216 1.1 185.6377327543153 -5.4301038101025005 185.64527916666665 -5.355 M464 0.038037535 24.91498 0.98200065 0.940166 21.830942 0.9737161 decam -29.724588 -0.23838799 148 object IBIS_wide_M464_330948 330948 0.037795 924.0 1948.0 0.0031826633 1.0001462 0.00025123922 0.12836286 -0.000306531 1.0000429 16301366109 351.1575
/home/declsp/obsbot/rawdata/DECam_01458665.fits.fz N4 1458665 269.2981 61093.28131757 1.1 188.41672256810014 -5.576103808835827 188.42427083333334 -5.501 M464 0.05848242 24.908768 0.9763981 0.8645209 21.832045 0.96335983 decam -43.337044 -4.09554 152 object IBIS_wide_M464_334426 334426 0.036778 924.0 1948.0 0.08130365 1.0003288 0.00047139634 0.07861724 -0.0002606662 1.000065 16091889154 279.5405
/home/declsp/obsbot/rawdata/DECam_01458666.fits.fz N4 1458666 299.2779 61093.28479585 1.1 184.58673014660516 -5.304103811195164 184.594275 -5.229 M464 0.032588813 24.931744 0.99728155 0.85754323 21.855106 0.7392538 decam -28.527056 16.800543 165 object IBIS_wide_M464_333949 333949 0.038753 924.0 1948.0 0.062626466 1.0003247 8.939204e-05 0.106422916 -6.482932e-05 1.0001007 16124398289 404.8378
/home/declsp/obsbot/rawdata/DECam_01458667.fits.fz N4 1458667 294.618 61093.28875203 1.11 190.23172783492805 -5.150103812530036 190.23927083333334 -5.075 M464 0.023845643 24.92059 0.98911756 0.86088324 21.830137 0.7310232 decam -31.15243 -3.5674067 161 object IBIS_wide_M464_334428 334428 0.025313 924.0 1948.0 -0.27401125 1.0002965 0.0004671226 0.0896524 -0.00018122004 1.0001793 16153965858 403.02142
/home/declsp/obsbot/rawdata/DECam_01458668.fits.fz N4 1458668 281.808 61093.29248936 1.11 190.9337293692813 -5.019103813665034 190.94127083333333 -4.944 M464 0.021681162 24.92066 0.9891821 0.923541 21.832949 0.82577616 decam -28.37782 -8.668165 172 object IBIS_wide_M464_331421 331421 0.027079 924.0 1948.0 -0.027732057 1.0002778 0.00044426828 0.12818941 -0.0006101094 1.0001284 16302449000 341.2644
/home/declsp/obsbot/rawdata/DECam_01458669.fits.fz N4 1458669 275.1382 61093.29607371 1.11 190.5007406622139 -4.756103815942332 190.50827916666668 -4.681 M464 0.028645627 24.93839 1.005468 0.86188686 21.833185 0.7317774 decam -23.73689 0.48417217 174 object IBIS_wide_M464_331443 331443 0.026983 924.0 1948.0 0.08807026 1.0002048 0.00046102467 0.2265297 -0.00042169733 1.0001259 16093774473 375.9862
/home/declsp/obsbot/rawdata/DECam_01458670.fits.fz N4 1458670 298.698 61093.29964357 1.11 195.09573798405538 -4.6181038171365625 195.103275 -4.543 M464 0.028418295 24.913685 0.9828476 0.8588337 21.815985 0.7713397 decam -27.582262 -3.711698 175 object IBIS_wide_M464_334414 334414 0.028211 924.0 1948.0 -0.1099753 1.0002261 0.0006991449 0.14605092 -0.0005361153 1.0001711 16145325594 387.24573
/home/declsp/obsbot/rawdata/DECam_01458671.fits.fz N4 1458671 291.818 61093.3036076 1.11 187.66773628713625 -4.775103815777873 187.675275 -4.7 M464 0.040150173 24.924376 0.9925721 0.86312664 21.832214 0.81834054 decam -32.802284 23.485703 156 object IBIS_wide_M464_331447 331447 0.043463 924.0 1948.0 -0.024467168 0.99995154 0.0002685584 0.07657377 -0.00013036917 0.9999973 16154292545 356.59726
/home/declsp/obsbot/rawdata/DECam_01458672.fits.fz N4 1458672 247.1084 61093.30736875 1.11 191.3247425112262 -4.170103821010353 191.332275 -4.095 M464 0.02891808 24.917624 0.98641974 0.8790327 21.81776 0.8036375 decam -27.814707 14.762972 180 object IBIS_wide_M464_331454 331454 0.027023 924.0 1948.0 -0.06767108 1.0002371 0.0005485719 0.061114483 -0.00037323064 1.00009 16035915110 307.4874
/home/declsp/obsbot/rawdata/DECam_01458673.fits.fz N4 1458673 285.258 61093.31058712 1.12 194.76874718242226 -3.650103825501217 194.776275 -3.575 M464 0.025317445 24.938326 1.0074748 0.86861 21.779785 0.76240784 decam -19.866428 8.169822 147 object IBIS_wide_M464_331435 331435 0.024918 924.0 1948.0 0.053813256 0.999764 0.00064014585 0.020586044 -0.00054561725 1.0002036 16254769784 374.15408
/home/declsp/obsbot/rawdata/DECam_01458674.fits.fz N4 1458674 295.178 61093.31434955 1.12 200.04874457298493 -3.9491038229196533 200.056275 -3.874 M464 0.037341204 24.90901 0.9806358 0.83862513 21.80485 0.798964 decam -34.80368 -9.006405 148 object IBIS_wide_M464_334207 334207 0.037054 924.0 1948.0 -0.2592633 1.0002737 0.0008243718 0.12099535 -0.0010200514 1.00007 16136090885 369.45093
/home/declsp/obsbot/rawdata/DECam_01458675.fits.fz N4 1458675 295.778 61093.31830196 1.12 193.25274288135714 -3.6661038253631157 193.26027083333335 -3.591 M464 0.021264974 24.922659 0.9930418 0.8884332 21.767187 0.8067086 decam -28.674383 18.367546 155 object IBIS_wide_M464_331436 331436 0.021217 924.0 1948.0 0.027094446 1.0000818 0.00045899543 0.042891797 -0.0005083518 1.0001355 16173308435 366.64792
/home/declsp/obsbot/rawdata/DECam_01458676.fits.fz N4 1458676 351.1176 61093.32224727 1.11 200.73273786703137 -4.629103817041388 200.740275 -4.554 M464 0.045588557 24.907366 0.9771428 0.9677617 21.787428 1.1492827 decam -29.583187 1.3786012 175 object IBIS_wide_M464_334201 334201 0.038213 924.0 1948.0 -0.1279083 1.0001078 0.00087920425 0.079427466 -0.0006847462 1.0002486 16350627935 305.51022
/home/declsp/obsbot/rawdata/DECam_01458677.fits.fz N4 1458677 348.7177 61093.32662494 1.12 201.77775125675353 -3.6611038254062738 201.78527916666667 -3.586 M464 0.049182367 24.91838 0.989137 0.9616055 21.798143 1.1296786 decam -35.550682 6.525414 155 object IBIS_wide_M464_331227 331227 0.038572 924.0 1948.0 -0.047577765 1.0001776 0.0009140584 0.074110754 -0.0010464102 1.0000647 16301481290 308.68753
