logs/db-2024-06-08.ecsv
# %ECSV 1.0
# ---
# datatype:
# - {name: filename, datatype: string}
# - {name: extension, datatype: string}
# - {name: expnum, datatype: int64}
# - {name: exptime, datatype: float32}
# - {name: mjd_obs, datatype: float64}
# - {name: airmass, datatype: float32}
# - {name: racenter, datatype: float64}
# - {name: deccenter, datatype: float64}
# - {name: rabore, datatype: float64}
# - {name: decbore, datatype: float64}
# - {name: band, datatype: string}
# - {name: ebv, datatype: float32}
# - {name: zeropoint, datatype: float32}
# - {name: transparency, datatype: float32}
# - {name: seeing, datatype: float32}
# - {name: sky, datatype: float32}
# - {name: expfactor, datatype: float32}
# - {name: camera, datatype: string}
# - {name: dx, datatype: float32}
# - {name: dy, datatype: float32}
# - {name: nmatched, datatype: int64}
# - {name: obstype, datatype: string}
# - {name: object, datatype: string}
# - {name: tileid, datatype: int64}
# - {name: tileebv, datatype: float32}
# - {name: affine_x0, datatype: float32}
# - {name: affine_y0, datatype: float32}
# - {name: affine_dx, datatype: float32}
# - {name: affine_dxx, datatype: float32}
# - {name: affine_dxy, datatype: float32}
# - {name: affine_dy, datatype: float32}
# - {name: affine_dyx, datatype: float32}
# - {name: affine_dyy, datatype: float32}
# - {name: checksum, datatype: string}
# - {name: efftime, datatype: float32}
# schema: astropy-2.0
filename extension expnum exptime mjd_obs airmass racenter deccenter rabore decbore band ebv zeropoint transparency seeing sky expfactor camera dx dy nmatched obstype object tileid tileebv affine_x0 affine_y0 affine_dx affine_dxx affine_dxy affine_dy affine_dyx affine_dyy checksum efftime
rawdata/DECam_01303822.fits.fz N4 1303822 500.0 60469.98916094 1.38 150.12477032077763 0.6378961375961623 150.13228333333333 0.713 M464 0.024781406 0.0 0.7181849 3.785787 21.468296 0.0 decam -9.522614 -1.4093264 66 object IBIS_deep_cosmos_M464_85 0 0.0 924.0 1948.0 0.028919786 1.0002346 -0.0013662226 -0.007135923 0.001608151 0.99963295 17256057841 0.0
rawdata/DECam_01303823.fits.fz N4 1303823 500.0 60469.99529562 1.42 149.78577061776556 0.3838961397797372 149.79328333333333 0.45899999999999996 M464 0.023130536 0.0 0.66762865 3.9931946 21.464407 0.0 decam -1.6766325 -6.5908346 55 object IBIS_deep_cosmos_M464_69 0 0.0 924.0 1948.0 0.2911257 0.99964184 -0.0014755677 -0.33707905 0.0020453641 1.0002145 17494544259 0.0
rawdata/DECam_01303824.fits.fz N4 1303824 500.0 60470.00148301 1.46 150.86276832359965 1.4668961304675043 150.87028333333333 1.542 M464 0.025614554 0.0 0.7461094 3.6594107 21.431967 0.0 decam -6.5919595 -22.698166 52 object IBIS_deep_cosmos_M464_30 0 0.0 924.0 1948.0 0.056279916 1.0003085 -0.0014870561 -0.37230253 0.0016704375 1.0001721 17638889943 0.0
rawdata/DECam_01303825.fits.fz N4 1303825 500.0 60470.00765772 1.51 151.07576747488324 1.700896128454487 151.08328333333333 1.776 M464 0.027686026 0.0 0.7125941 3.9519477 21.411325 0.0 decam -13.574336 -41.98112 49 object IBIS_deep_cosmos_M464_31 0 0.0 924.0 1948.0 0.08976063 1.0001444 -0.0013606877 -0.3371318 0.001485842 1.0003587 17381472634 0.0
rawdata/DECam_01303826.fits.fz N4 1303826 500.0 60470.01382751 1.56 150.58676881667495 1.3118961318006772 150.59428333333332 1.387 M464 0.025361596 0.0 0.5499269 3.9947174 21.401533 0.0 decam -19.174139 -61.66776 55 object IBIS_deep_cosmos_M464_29 0 0.0 924.0 1948.0 0.37126833 0.9997523 -0.0015935374 -0.13221104 0.0013863423 1.0002369 17347128671 0.0
rawdata/DECam_01303827.fits.fz N4 1303827 500.0 60470.01996991 1.62 149.81577020972787 0.7098961369771607 149.82328333333334 0.785 M464 0.022594362 0.0 0.6952482 3.93815 21.39262 0.0 decam 3.5360692 -21.353071 63 object IBIS_deep_cosmos_M464_84 0 0.0 924.0 1948.0 -0.043619696 1.0002528 -0.0013284206 -0.30467218 0.0019197746 0.9999226 17415604317 0.0
rawdata/DECam_01303828.fits.fz N4 1303828 500.0 60470.02611038 1.69 150.27476896687475 1.260896132239297 150.28228333333334 1.336 M464 0.020846782 0.0 0.74188036 3.85078 21.352037 0.0 decam 4.1073403 -29.615646 54 object IBIS_deep_cosmos_M464_28 0 0.0 924.0 1948.0 -0.0947813 1.0002398 -0.0010937619 -0.28187963 0.0017635504 1.0000633 17436914888 0.0
rawdata/DECam_01303829.fits.fz N4 1303829 500.0 60470.03227721 1.76 150.6847632140693 1.724896128247997 150.69227916666668 1.8 M464 0.021425394 0.0 0.69410175 4.2170362 21.305553 0.0 decam 10.760608 -47.937588 54 object IBIS_deep_cosmos_M464_49 0 0.0 924.0 1948.0 0.044301394 1.0000098 -0.0011138795 0.087280355 0.00093391945 1.000285 17645283215 0.0
rawdata/DECam_01303830.fits.fz N4 1303830 500.0 60470.03845799 1.84 150.40475958885077 1.5818961294782576 150.412275 1.657 M464 0.019262237 0.0 0.6413851 4.4952617 21.285969 0.0 decam -2.8384428 -69.546295 49 object IBIS_deep_cosmos_M464_48 0 0.0 924.0 1948.0 -0.30395076 1.0009412 -0.0012884277 0.42858392 0.0015059154 1.0001079 17613846824 0.0
rawdata/DECam_01303831.fits.fz N4 1303831 271.8192 60470.04461903 1.94 151.21375044375563 2.6168961205691437 151.22127083333334 2.692 M464 0.03002012 0.0 0.63867295 4.650554 21.249306 0.0 decam 1.5905738 -84.87231 37 object IBIS_deep_cosmos_M464_34 0 0.0 924.0 1948.0 0.66638416 1.0005772 -0.001148314 -0.26129442 0.0020623142 1.0003474 16608598862 0.0
rawdata/DECam_01303832.fits.fz N4 1303832 52.5098 60470.04823853 2.01 149.49177049701117 0.502896138756745 149.49928333333332 0.578 M464 0.024992874 0.0 0.59438974 5.0646753 21.264355 0.0 decam -1.3319963 -99.97551 34 object IBIS_deep_cosmos_M464_68 0 0.0 924.0 1948.0 0.6622363 1.0001909 -0.0014286311 0.15869182 0.0022654734 1.0002126 15627305475 0.0
rawdata/DECam_01303833.fits.fz N4 1303833 500.0 60470.05347504 1.18 218.89476235874915 -0.2871038544522406 218.902275 -0.21200000000000002 M464 0.041379422 0.0 0.6326049 4.333401 21.940296 0.0 decam -56.058754 -56.200104 82 object IBIS_deep_desi220_M464_66 0 0.0 924.0 1948.0 0.1121828 0.9997517 0.0014342618 0.18310772 -0.0014709949 0.99999404 16659145875 0.0
rawdata/DECam_01303834.fits.fz N4 1303834 500.0 60470.05962761 1.17 219.43077065867394 -0.3341038540482142 219.43828333333335 -0.259 M464 0.039212007 0.0 0.6382067 4.6178493 21.947094 0.0 decam -53.480953 -48.942955 95 object IBIS_deep_desi220_M464_83 0 0.0 924.0 1948.0 -0.17867926 1.0004168 0.0012840875 0.08884733 -0.0017992309 0.99996096 16650021258 0.0
rawdata/DECam_01303835.fits.fz N4 1303835 500.0 60470.0661591 1.17 218.71276661889326 -0.027103856687235268 218.72027916666667 0.048 M464 0.03845483 0.0 0.6133842 4.755579 21.979155 0.0 decam 3.533082 18.877132 85 object IBIS_deep_desi220_M464_65 0 0.0 924.0 1948.0 -0.67718184 1.000485 0.0012116184 0.10705432 -0.0015308157 0.99974096 16575089989 0.0
rawdata/DECam_01303836.fits.fz N4 1303836 500.0 60470.07232806 1.16 219.18477076612862 -0.1331038557760515 219.19228333333334 -0.058 M464 0.04217957 0.0 0.67201734 4.167756 21.982967 0.0 decam 19.674017 27.67851 83 object IBIS_deep_desi220_M464_82 0 0.0 924.0 1948.0 -0.23390652 0.9999807 0.001352936 0.13041747 -0.0014129936 0.9997945 16689010681 0.0
rawdata/DECam_01303837.fits.fz N4 1303837 500.0 60470.07848996 1.16 218.9947666030099 0.1208961420405472 219.00227916666668 0.196 M464 0.037643455 0.0 0.68569887 3.9761622 21.985033 0.0 decam 9.864664 33.814915 95 object IBIS_deep_desi220_M464_81 0 0.0 924.0 1948.0 -0.25798395 1.0000468 0.001451277 0.0054656174 -0.001456634 1.0000033 16541175153 0.0
rawdata/DECam_01303838.fits.fz N4 1303838 500.0 60470.08465411 1.16 218.87277059037876 0.413896139521843 218.88028333333332 0.489 M464 0.03937756 0.0 0.6282597 4.5175357 22.002388 0.0 decam 25.040197 42.078236 74 object IBIS_deep_desi220_M464_80 0 0.0 924.0 1948.0 0.058847845 1.0001112 0.0015130646 0.31898624 -0.001740093 1.000014 16600395074 0.0
rawdata/DECam_01303839.fits.fz N4 1303839 500.0 60470.09082711 1.16 221.4247666161588 0.055896142599292126 221.43227916666666 0.131 M464 0.043753937 0.0 0.6865739 3.9617488 22.01322 0.0 decam 38.50621 47.604084 117 object IBIS_deep_desi220_M464_90 0 0.0 924.0 1948.0 -0.13237719 1.0000873 0.0014725928 0.29957303 -0.0010274684 1.0000048 16530620199 0.0
rawdata/DECam_01303840.fits.fz N4 1303840 394.6103 60470.09696897 1.16 218.52177040821144 0.5748961381377745 218.52928333333332 0.65 M464 0.03811009 0.0 0.6536364 4.1925077 22.027605 0.0 decam 32.518105 60.848476 65 object IBIS_deep_desi220_M464_63 0 0.0 924.0 1948.0 -0.7461639 1.0002437 0.0013398862 0.5256486 -0.0019633227 0.9997626 16295481971 0.0
