logs/db-2026-05-16.ecsv
# %ECSV 1.0
# ---
# datatype:
# - {name: filename, datatype: string}
# - {name: extension, datatype: string}
# - {name: expnum, datatype: int64}
# - {name: exptime, datatype: float32}
# - {name: mjd_obs, datatype: float64}
# - {name: airmass, datatype: float32}
# - {name: racenter, datatype: float64}
# - {name: deccenter, datatype: float64}
# - {name: rabore, datatype: float64}
# - {name: decbore, datatype: float64}
# - {name: band, datatype: string}
# - {name: ebv, datatype: float32}
# - {name: zeropoint, datatype: float32}
# - {name: transparency, datatype: float32}
# - {name: seeing, datatype: float32}
# - {name: sky, datatype: float32}
# - {name: expfactor, datatype: float32}
# - {name: camera, datatype: string}
# - {name: dx, datatype: float32}
# - {name: dy, datatype: float32}
# - {name: nmatched, datatype: int64}
# - {name: obstype, datatype: string}
# - {name: object, datatype: string}
# - {name: tileid, datatype: int64}
# - {name: tileebv, datatype: float32}
# - {name: affine_x0, datatype: float32}
# - {name: affine_y0, datatype: float32}
# - {name: affine_dx, datatype: float32}
# - {name: affine_dxx, datatype: float32}
# - {name: affine_dxy, datatype: float32}
# - {name: affine_dy, datatype: float32}
# - {name: affine_dyx, datatype: float32}
# - {name: affine_dyy, datatype: float32}
# - {name: checksum, datatype: string}
# - {name: efftime, datatype: float32}
# schema: astropy-2.0
filename extension expnum exptime mjd_obs airmass racenter deccenter rabore decbore band ebv zeropoint transparency seeing sky expfactor camera dx dy nmatched obstype object tileid tileebv affine_x0 affine_y0 affine_dx affine_dxx affine_dxy affine_dy affine_dyx affine_dyy checksum efftime
/home/declsp/obsbot/rawdata/DECam_01480421.fits.fz N4 1480421 5.0 61176.9471498 1.0 146.33236746374484 -30.27788051381562 146.34106666666668 -30.202776944444444 r 0.11352338 26.825346 1.0067886 1.2456323 17.824514 16.798962 decam 11.752583 -37.902145 344 object pointing 0 0.0 924.0 1948.0 -0.046723515 1.0000272 -0.0015982729 -0.12948345 0.0018284811 1.0000272 18257757972 0.29763743
/home/declsp/obsbot/rawdata/DECam_01480422.fits.fz N4 1480422 10.0 61176.94832129 1.0 146.33236746374484 -30.27788051381562 146.34106666666668 -30.202776944444444 r 0.11352338 26.825256 1.0067065 1.0764027 18.182367 9.028586 decam 3.1061726 13.311656 426 object pointing 0 0.0 924.0 1948.0 0.030786484 0.9999493 -0.0015834289 -0.14474113 0.0017985703 1.00008 19535452032 1.107593
/home/declsp/obsbot/rawdata/DECam_01480423.fits.fz N4 1480423 10.0 61176.94950717 1.0 146.33236746374484 -30.27788051381562 146.34106666666668 -30.202776944444444 r 0.11352338 26.813395 0.99576795 1.2180243 18.529285 8.580227 decam -10.411061 25.181023 428 object pointing 0 0.0 924.0 1948.0 -0.036631666 1.0000831 -0.001563323 -0.023190659 0.0017240712 0.9999271 18404402100 1.1654704
/home/declsp/obsbot/rawdata/DECam_01480424.fits.fz N4 1480424 30.0 61176.95064513 1.0 146.33236746374484 -30.27788051381562 146.34106666666668 -30.202776944444444 r 0.11352338 26.82208 1.0037656 1.1785128 18.88269 5.709459 decam 3.1997194 11.78479 562 object pointing 0 0.0 924.0 1948.0 0.15204713 1.0000648 -0.0015242919 -0.13314018 0.0016686008 1.0000019 22001797084 5.2544384
/home/declsp/obsbot/rawdata/DECam_01480425.fits.fz N4 1480425 10.0 61176.95412749 1.03 130.3761489802335 -32.93424242676747 130.3851 -32.859138888888886 M490 0.33464447 24.966167 0.99273014 1.0594969 19.626595 6.808953 decam -14.320475 53.642193 831 object "LTT3218 N4" 0 0.0 924.0 1948.0 0.056197233 1.0000162 -0.002070739 -0.4263242 0.002086583 1.0000159 15589810894 1.4686546
/home/declsp/obsbot/rawdata/DECam_01480426.fits.fz N4 1480426 10.0 61176.95456831 1.03 130.00609898023347 -32.93424242676747 130.01505 -32.859138888888886 M490 0.29259276 24.955706 0.9832094 1.3391979 19.7588 9.810597 decam -2.3369064 62.5757 937 object "LTT3218 N5" 0 0.0 924.0 1948.0 0.33790857 1.000064 -0.0021035853 -0.2277037 0.002381839 0.9999131 15562309402 1.019306
/home/declsp/obsbot/rawdata/DECam_01480427.fits.fz N4 1480427 10.0 61176.9549992 1.03 130.74619871054136 -33.10090964695198 130.75516666666667 -33.02580611111111 M490 0.41609186 24.965935 0.9925175 1.2132574 19.799286 7.6149325 decam -6.2604594 48.423527 668 object "LTT3218 S3" 0 0.0 924.0 1948.0 0.16626248 1.0000247 -0.0021192175 -0.18609752 0.0019115862 1.0001804 15567869116 1.3132093
/home/declsp/obsbot/rawdata/DECam_01480428.fits.fz N4 1480428 10.0 61176.95542318 1.03 130.37613204387472 -33.100909646952 130.3851 -33.02580611111111 M490 0.3320199 24.952286 0.98011786 1.2842878 19.923075 7.8056574 decam 3.204297 41.7394 764 object "LTT3218 S4" 0 0.0 924.0 1948.0 -0.14961573 0.9997593 -0.0020266944 -0.021410473 0.002177252 0.9999079 15525999901 1.2811221
/home/declsp/obsbot/rawdata/DECam_01480429.fits.fz N4 1480429 10.0 61176.95585972 1.04 130.00608204387473 -33.10090964695198 130.01505 -33.02580611111111 M490 0.27418688 24.96092 0.98973817 1.3670671 20.040031 7.814401 decam -9.455819 56.053627 932 object "LTT3218 S5" 0 0.0 924.0 1948.0 0.47868317 1.0002167 -0.0022343537 -0.04740205 0.0019590773 1.0000558 15512497643 1.2796886
/home/declsp/obsbot/rawdata/DECam_01480430.fits.fz N4 1480430 15.0 61176.95731777 1.02 158.0489082850337 -35.62021461516044 158.05815 -35.54511111111111 M490 0.09512646 24.993187 1.0158997 1.0547402 20.549828 2.7432957 decam -0.8360764 28.71109 297 object "LTT3864 N4" 0 0.0 924.0 1948.0 0.23781301 1.0000952 -0.0011382444 -0.10181252 0.0010816463 0.9999726 15509519090 5.467876
/home/declsp/obsbot/rawdata/DECam_01480431.fits.fz N4 1480431 15.0 61176.95779295 1.01 157.66682911836705 -35.62021461516044 157.67607083333334 -35.54511111111111 M490 0.097239666 24.992365 1.0132909 1.066041 20.68528 2.477338 decam 9.012405 20.913568 233 object "LTT3864 N5" 0 0.0 924.0 1948.0 0.18770504 1.0001608 -0.0011984034 -0.04333665 0.0009890224 1.000127 15496172730 6.0548863
/home/declsp/obsbot/rawdata/DECam_01480432.fits.fz N4 1480432 15.0 61176.95827601 1.02 158.43095561147695 -35.78688155743227 158.44021666666666 -35.711778055555556 M490 0.09434271 24.989109 1.012092 1.0876278 20.723898 2.5033228 decam 3.2446098 7.4220986 279 object "LTT3864 S3" 0 0.0 924.0 1948.0 -0.092398144 0.9999388 -0.0010584459 0.006908718 0.00066975906 1.0000607 15482113425 5.992036
/home/declsp/obsbot/rawdata/DECam_01480433.fits.fz N4 1480433 15.0 61176.95875165 1.01 158.0488889448103 -35.78688155743227 158.05815 -35.711778055555556 M490 0.10869775 24.98739 1.008659 1.1226497 20.813328 2.4637249 decam -5.9417796 3.447691 309 object "LTT3864 S4" 0 0.0 924.0 1948.0 0.13232349 0.9999356 -0.0010905169 -0.088020526 0.0007713732 1.0000196 15476082856 6.088342
/home/declsp/obsbot/rawdata/DECam_01480434.fits.fz N4 1480434 15.0 61176.95925009 1.01 157.66680977814363 -35.78688155743227 157.67607083333334 -35.711778055555556 M490 0.09514436 24.99568 1.0163884 1.0235385 20.898531 1.8654151 decam 9.567499 -10.953868 304 object "LTT3864 S5" 0 0.0 924.0 1948.0 -0.20420082 0.99989974 -0.0011460981 -0.06376137 0.00084808207 1.0000215 15465716889 8.041105
/home/declsp/obsbot/rawdata/DECam_01480435.fits.fz N4 1480435 150.0 61176.9608551 1.16 151.5553832842905 -0.042941912106645996 151.56289583333333 0.032161944444444444 M490 0.03571529 24.975607 1.0252988 1.2642168 21.087046 2.4803019 decam 6.651765 22.960098 114 object "Pal3 position 13" 0 0.0 924.0 1948.0 0.123337686 1.0002061 -0.0013935927 0.010113587 0.0016057249 0.9999818 16158910627 60.47651
/home/declsp/obsbot/rawdata/DECam_01480436.fits.fz N4 1480436 150.0 61176.96292822 1.16 151.26586659302998 0.1527672528776909 151.27337916666667 0.2278711111111111 M490 0.039534084 24.977552 1.0271387 1.1363091 21.32587 1.6029845 decam -0.88931805 28.000824 160 object "Pal3 position 14" 0 0.0 924.0 1948.0 0.73874074 1.0001503 -0.0014234349 -0.28174818 0.001376822 0.99991953 16014909085 93.57545
/home/declsp/obsbot/rawdata/DECam_01480437.fits.fz N4 1480437 150.0 61176.96500158 1.15 151.35028740755487 -0.19943774409472584 151.3578 -0.1243338888888889 M490 0.044994175 24.983469 1.030878 1.2087821 21.491613 1.5399412 decam -0.16189915 37.066822 138 object "Pal3 position 15" 0 0.0 924.0 1948.0 0.5622183 1.000159 -0.001312555 -0.1734962 0.0012511815 0.99987966 15934328260 97.40632
/home/declsp/obsbot/rawdata/DECam_01480438.fits.fz N4 1480438 150.0 61176.9670843 1.16 151.53177076762032 0.12811308642295405 151.53928333333334 0.20321694444444444 M490 0.03660758 24.981009 1.0304141 1.346051 21.58425 1.7607583 decam -10.860799 51.054527 127 object "Pal3 position 16" 0 0.0 924.0 1948.0 0.2618285 1.0001063 -0.0012519191 -0.2631171 0.0013599572 0.9999962 15877033073 85.19057
/home/declsp/obsbot/rawdata/DECam_01480439.fits.fz N4 1480439 150.0 61176.96916213 1.16 151.16545828636885 0.005259198590125686 151.17297083333332 0.08036305555555555 M490 0.035769355 24.972094 1.0219871 1.2313954 21.637674 1.4264336 decam -1.4869901 56.10891 133 object "Pal3 position 17" 0 0.0 924.0 1948.0 0.4705728 1.0001922 -0.001310211 -0.13584083 0.001256792 0.99978036 15888048705 105.15737
/home/declsp/obsbot/rawdata/DECam_01480440.fits.fz N4 1480440 35.0 61176.97137665 1.12 157.81774946956196 -3.366103827951675 157.825275 -3.291 M490 0.045084763 24.981495 1.02342 1.2207382 21.701046 1.2997057 decam -9.381586 43.197746 91 object "pointing test" 0 0.0 924.0 1948.0 0.76535445 1.0001097 -0.0011836792 -0.057513796 0.0014888527 1.0000359 15479303613 26.929173
/home/declsp/obsbot/rawdata/DECam_01480441.fits.fz N4 1480441 487.8069 61176.97332425 1.13 160.88175579367922 -3.074103830469673 160.88927916666668 -2.999 M490 0.05643133 24.97615 1.020244 1.2218559 21.757235 1.2486435 decam 9.238259 6.7825727 144 object IBIS_wide_M490_425481 425481 0.056502 924.0 1948.0 0.037758116 1.0000951 -0.0009564995 0.04769539 0.00092704076 0.999961 16997725350 390.66946
/home/declsp/obsbot/rawdata/DECam_01480442.fits.fz N4 1480442 417.6273 61176.97928969 1.13 163.34175309768244 -3.4351038273564525 163.34927916666666 -3.36 M490 0.044047944 24.962185 1.0072044 1.152809 21.773642 1.1236039 decam 1.7262306 -5.7671914 117 object IBIS_wide_M490_428217 428217 0.039139 924.0 1948.0 0.2889294 0.9996694 -0.0009781631 0.0012985702 0.00087420375 1.0000049 16554545549 371.6855
/home/declsp/obsbot/rawdata/DECam_01480443.fits.fz N4 1480443 520.7068 61176.98456314 1.14 168.56374756552157 -3.604103825898224 168.57127499999999 -3.529 M490 0.05743615 24.973358 1.0194724 1.2066694 21.768648 1.2113279 decam 5.6769977 -1.3279762 139 object IBIS_wide_M490_425215 425215 0.04546 924.0 1948.0 -0.13243315 0.9999566 -0.00066116126 -0.11864362 0.00054517196 1.0000324 16872680964 429.86444
/home/declsp/obsbot/rawdata/DECam_01480444.fits.fz N4 1480444 398.8475 61176.9909208 1.13 166.44875178859536 -3.051103830667948 166.456275 -2.976 M490 0.056795307 24.978952 1.0228813 1.1411207 21.78763 1.0538243 decam 5.8687205 -10.904491 165 object IBIS_wide_M490_425236 425236 0.05734 924.0 1948.0 0.05075239 1.0002902 -0.0007021886 0.0032864327 0.00055668136 1.000097 16500222519 378.4763
/home/declsp/obsbot/rawdata/DECam_01480445.fits.fz N4 1480445 480.197 61176.99588296 1.13 169.0577452642396 -3.3711038279085463 169.06527083333336 -3.2960000000000003 M490 0.039918795 24.979065 1.0229867 1.1701545 21.748783 1.148153 decam 0.78329414 -10.687951 145 object IBIS_wide_M490_428201 428201 0.044953 924.0 1948.0 -0.03927367 1.0000287 -0.00054731383 -0.040564165 0.00045258447 0.999853 16779976855 418.23434
/home/declsp/obsbot/rawdata/DECam_01480446.fits.fz N4 1480446 493.1371 61177.00175755 1.13 170.38875373646343 -3.353103828063809 170.39627916666666 -3.278 M490 0.059618063 24.973745 1.0179859 1.201692 21.780779 1.1871793 decam 7.460662 -10.9012785 137 object IBIS_wide_M490_428200 428200 0.050039 924.0 1948.0 -0.016389446 0.9995691 -0.0005643028 -0.025012983 0.00055224635 0.99990964 16762251957 415.3855
/home/declsp/obsbot/rawdata/DECam_01480447.fits.fz N4 1480447 455.7574 61177.00778439 1.12 167.89475161290423 -3.0761038304524315 167.902275 -3.001 M490 0.04464721 24.982943 1.024785 1.1930118 21.749899 1.1836542 decam 7.931326 3.8141096 123 object IBIS_wide_M490_425237 425237 0.04933 924.0 1948.0 -0.10975904 1.0000381 -0.00070653757 -0.13051449 0.0006897621 0.9998168 16713294226 385.0427
/home/declsp/obsbot/rawdata/DECam_01480448.fits.fz N4 1480448 416.2275 61177.01359008 1.13 175.66774720755615 -3.647103825527109 175.675275 -3.572 M490 0.021214852 24.97144 1.0158279 1.1859068 21.743288 1.2019621 decam 1.3040786 -18.995552 163 object IBIS_wide_M490_425280 425280 0.024098 924.0 1948.0 0.12103558 1.0001999 -0.00023796584 0.12244199 0.00015779151 1.0000188 16600525557 346.29004
/home/declsp/obsbot/rawdata/DECam_01480449.fits.fz N4 1480449 381.6278 61177.01873357 1.12 175.99875365167478 -3.3641038279689264 176.00627916666667 -3.289 M490 0.018081019 24.974781 1.0171108 1.1683388 21.758177 1.1437292 decam 6.029301 -18.705599 128 object IBIS_wide_M490_428266 428266 0.023334 924.0 1948.0 0.05003955 0.9999271 -0.00027848358 0.18837823 7.55717e-05 1.0001589 16479494736 333.6697
/home/declsp/obsbot/rawdata/DECam_01480450.fits.fz N4 1480450 385.4881 61177.02347348 1.12 173.51475603210977 -3.0401038307627726 173.52227916666666 -2.965 M490 0.027648233 24.977888 1.0200255 1.156746 21.754362 1.1187117 decam 4.726084 -8.762807 148 object IBIS_wide_M490_425305 425305 0.031992 924.0 1948.0 0.21442807 0.9999962 -0.0004742387 -0.024285154 0.0004649774 0.9999346 16554122975 344.58215
/home/declsp/obsbot/rawdata/DECam_01480451.fits.fz N4 1480451 370.3182 61177.02829192 1.12 176.32775174656084 -3.0571038306162257 176.335275 -2.982 M490 0.031011326 24.987955 1.0295285 1.1098726 21.797274 0.97193944 decam 3.4095676 -12.988237 126 object IBIS_wide_M490_425290 425290 0.02274 924.0 1948.0 -0.06550454 0.9999603 -0.0003726503 -0.033731528 0.00041231865 0.99988765 16476197612 381.00955
/home/declsp/obsbot/rawdata/DECam_01480452.fits.fz N4 1480452 377.6181 61177.03289052 1.13 178.0677527324937 -2.913103831857424 178.07527499999998 -2.838 M490 0.01818422 24.98894 1.0323333 1.1885049 21.8069 1.1024135 decam -2.4942012 -15.783412 151 object IBIS_wide_M490_428272 428272 0.02169 924.0 1948.0 0.08056092 0.99981314 -0.00019107442 0.22215293 0.00023837564 0.9998235 16526181641 342.53763
/home/declsp/obsbot/rawdata/DECam_01480453.fits.fz N4 1480453 385.8982 61177.03762214 1.13 181.57575798905287 -2.745103833305089 181.58327916666667 -2.67 M490 0.02948849 24.982561 1.0262856 1.1742928 21.810417 1.0854503 decam -4.2941165 -19.22607 118 object IBIS_wide_M490_433964 433964 0.026978 924.0 1948.0 -0.052101023 1.0005623 -0.00012331377 0.07847174 0.0006879212 0.9999521 16427907742 355.51898
/home/declsp/obsbot/rawdata/DECam_01480454.fits.fz N4 1480454 363.1282 61177.04242413 1.13 183.12875336324652 -2.817103832684712 183.136275 -2.742 M490 0.028019533 24.986826 1.0303249 1.154101 21.823338 1.0279993 decam -8.621055 -14.247536 145 object IBIS_wide_M490_433960 433960 0.027605 924.0 1948.0 -0.09540226 1.00009 4.8959453e-05 0.101284474 9.216154e-05 0.9998922 16360330654 353.2378
/home/declsp/obsbot/rawdata/DECam_01480455.fits.fz N4 1480455 346.8883 61177.04694807 1.13 180.9187592600723 -2.5351038351141004 180.92627916666666 -2.46 M490 0.023940137 24.981522 1.0253032 1.1481308 21.833044 1.0182574 decam -4.4568076 0.7404027 112 object IBIS_wide_M490_430980 430980 0.026079 924.0 1948.0 -0.042093486 1.0000384 -0.00013303621 0.13597362 0.0006802847 0.9999119 16291387965 340.66858
/home/declsp/obsbot/rawdata/DECam_01480456.fits.fz N4 1480456 446.9577 61177.05144729 1.13 186.22976376558222 -2.4761038356222387 186.23728333333335 -2.401 M490 0.024145981 24.974758 1.0189372 1.1949373 21.854193 1.0950959 decam -11.993422 -14.667138 167 object IBIS_wide_M490_431540 431540 0.030069 924.0 1948.0 -0.057827093 1.0000565 0.00011198385 0.26330987 -0.00017458208 0.99996513 16563962393 408.1448
/home/declsp/obsbot/rawdata/DECam_01480457.fits.fz N4 1480457 408.6381 61177.05697738 1.14 189.45275663551962 -2.25410383753382 189.460275 -2.179 M490 0.030381743 24.97735 1.0232271 1.2276092 21.842606 1.162529 decam -13.444917 -6.920051 152 object IBIS_wide_M490_434450 434450 0.031342 924.0 1948.0 -0.07774848 1.000141 0.0002142872 0.09020068 -0.00030920142 0.9999291 16482646538 351.50787
/home/declsp/obsbot/rawdata/DECam_01480458.fits.fz N4 1480458 365.3085 61177.06202535 1.13 188.08775712572483 -2.157103838368874 188.09527500000002 -2.082 M490 0.025690215 24.975376 1.019517 1.2318906 21.8789 1.136276 decam -6.85483 -4.70373 121 object IBIS_wide_M490_434525 434525 0.027412 924.0 1948.0 -0.008816195 0.99989974 0.0001924373 0.16183496 -9.0114576e-05 0.9999374 16298773766 321.49628
/home/declsp/obsbot/rawdata/DECam_01480459.fits.fz N4 1480459 354.0784 61177.06665094 1.14 192.37775702143082 -2.178103838188099 192.385275 -2.103 M490 0.027323358 24.975168 1.0211732 1.2095745 21.881018 1.093833 decam -7.989169 -17.359337 161 object IBIS_wide_M490_434446 434446 0.024565 924.0 1948.0 -0.023146315 1.000007 0.0003952642 -0.027213294 -0.00044813153 0.9999017 16264802181 323.70425
/home/declsp/obsbot/rawdata/DECam_01480460.fits.fz N4 1480460 409.8187 61177.07108689 1.14 191.18276681286181 -1.863103840899233 191.19028333333333 -1.788 M490 0.029934224 24.98514 1.030595 1.1923594 21.83974 1.0840648 decam 0.2011129 -5.5294485 160 object IBIS_wide_M490_431466 431466 0.029965 924.0 1948.0 -0.09768027 0.99993956 0.00026000885 0.041365817 -0.0003973463 1.0000525 16474345782 378.0389
