logs/db-2025-05-25.ecsv
# %ECSV 1.0
# ---
# datatype:
# - {name: filename, datatype: string}
# - {name: extension, datatype: string}
# - {name: expnum, datatype: int64}
# - {name: exptime, datatype: float32}
# - {name: mjd_obs, datatype: float64}
# - {name: airmass, datatype: float32}
# - {name: racenter, datatype: float64}
# - {name: deccenter, datatype: float64}
# - {name: rabore, datatype: float64}
# - {name: decbore, datatype: float64}
# - {name: band, datatype: string}
# - {name: ebv, datatype: float32}
# - {name: zeropoint, datatype: float32}
# - {name: transparency, datatype: float32}
# - {name: seeing, datatype: float32}
# - {name: sky, datatype: float32}
# - {name: expfactor, datatype: float32}
# - {name: camera, datatype: string}
# - {name: dx, datatype: float32}
# - {name: dy, datatype: float32}
# - {name: nmatched, datatype: int64}
# - {name: obstype, datatype: string}
# - {name: object, datatype: string}
# - {name: tileid, datatype: int64}
# - {name: tileebv, datatype: float32}
# - {name: affine_x0, datatype: float32}
# - {name: affine_y0, datatype: float32}
# - {name: affine_dx, datatype: float32}
# - {name: affine_dxx, datatype: float32}
# - {name: affine_dxy, datatype: float32}
# - {name: affine_dy, datatype: float32}
# - {name: affine_dyx, datatype: float32}
# - {name: affine_dyy, datatype: float32}
# - {name: checksum, datatype: string}
# - {name: efftime, datatype: float32}
# schema: astropy-2.0
filename extension expnum exptime mjd_obs airmass racenter deccenter rabore decbore band ebv zeropoint transparency seeing sky expfactor camera dx dy nmatched obstype object tileid tileebv affine_x0 affine_y0 affine_dx affine_dxx affine_dxy affine_dy affine_dyx affine_dyy checksum efftime
[from data line 44]
rawdata/DECam_01390539.fits.fz N4 1390539 40.0 60821.33250681 1.08 309.99950624991334 -14.520103729362118 310.0072666666666 -14.445 r 0.045035243 26.590576 0.817016 0.9360453 20.493029 1.499851 decam 12.517019 7.616085 620 object "" 0 0.0 924.0 1948.0 -0.21590066 1.0000798 0.001876503 0.12531367 -0.0018786569 1.0000347 17442760897 26.669315
rawdata/DECam_01390544.fits.fz N4 1390544 500.0 60821.34267774 1.07 311.30750248108774 -14.627103728380169 311.3152666666666 -14.552 M490 0.03995803 25.008682 1.0398935 1.6797173 21.578886 3.420602 decam 14.741976 -0.53274 552 object IBIS_wide_M490_448987 448987 0.047446 924.0 1948.0 -0.29882708 1.0002806 0.0015220601 0.12241951 -0.0018264254 1.000087 17200208866 146.1731
rawdata/DECam_01390546.fits.fz N4 1390546 60.0 60821.35165505 1.06 312.1804977535753 -14.760103727158276 312.18826666666666 -14.685 M490 0.05837351 24.9732 1.0046349 1.0166594 21.533209 1.5808363 decam 22.030588 6.012917 389 object "" 0 0.0 924.0 1948.0 -0.098337725 1.000137 0.001696783 0.1696287 -0.001677934 1.0000879 15577042072 37.954594
rawdata/DECam_01390547.fits.fz N4 1390547 60.0 60821.35323299 1.06 312.1804977535753 -14.760103727158276 312.18826666666666 -14.685 r 0.05837351 26.850927 1.0365033 0.99055594 20.551857 1.0384128 decam 17.06322 12.967731 581 object "" 0 0.0 924.0 1948.0 -0.25404906 1.000066 0.0017069341 0.11967384 -0.001732894 1.0001159 18315903294 57.78049
rawdata/DECam_01390548.fits.fz N4 1390548 50.0 60821.35473728 1.06 312.1804977535753 -14.760103727158276 312.18826666666666 -14.685 r 0.05837351 26.840319 1.026425 0.9346772 20.521027 0.9702661 decam 18.701519 20.92708 584 object "" 0 0.0 924.0 1948.0 -0.3812777 1.0002401 0.0017494898 0.16380112 -0.0017662395 1.0001024 17888280818 51.532253
rawdata/DECam_01390549.fits.fz N4 1390549 50.0 60821.35605274 1.06 312.1804977535753 -14.760103727158276 312.18826666666666 -14.685 r 0.05837351 26.809517 0.9977161 0.96630466 20.520525 1.0978833 decam 22.039642 22.290361 588 object "" 0 0.0 924.0 1948.0 -0.27816132 1.0000895 0.0017209649 0.16231208 -0.0017157538 1.0001353 17884359158 45.54218
rawdata/DECam_01390550.fits.fz N4 1390550 50.0 60821.35730318 1.05 312.1804977535753 -14.760103727158276 312.18826666666666 -14.685 r 0.05837351 26.740328 0.93525785 0.90933836 20.510254 1.1152945 decam 17.792973 24.543833 585 object "" 0 0.0 924.0 1948.0 -0.36569455 1.0001909 0.0017296597 0.08454095 -0.0016821733 1.0000746 17897578839 44.83121
rawdata/DECam_01390555.fits.fz N4 1390555 500.0 60821.37148869 1.06 318.70251552065446 -14.253103731808283 318.71026666666666 -14.178 M490 0.083074644 24.481121 0.63852316 1.6986139 21.363527 15.047194 decam 14.4317665 -7.933186 304 object IBIS_wide_M490_453903 453903 0.066346 924.0 1948.0 -0.40110165 1.0002797 0.0013751073 0.18209444 -0.0014950281 1.0001531 17556723573 33.228786
rawdata/DECam_01390556.fits.fz N4 1390556 500.0 60821.37768125 1.06 320.6125008062925 -14.90710372580603 320.620275 -14.832 M490 0.07295698 24.386694 0.5853367 1.074732 21.309301 7.0505967 decam 10.066312 3.5797737 269 object IBIS_wide_M490_453898 453898 0.068052 924.0 1948.0 -0.1955758 1.0002856 0.0013737353 0.007959494 -0.0013952528 1.0000912 17889690070 70.915985
rawdata/DECam_01390557.fits.fz N4 1390557 500.0 60821.38384474 1.05 321.148518551814 -14.286103731506262 321.15627083333334 -14.211 M490 0.09804922 24.643816 0.74039984 1.0315468 21.328156 4.703852 decam 11.54764 13.333817 300 object IBIS_wide_M490_453899 453899 0.070228 924.0 1948.0 -0.122562274 1.0000597 0.0013947645 0.24736987 -0.0013054298 1.0001372 17798057069 106.29586
rawdata/DECam_01390558.fits.fz N4 1390558 500.0 60821.39001511 1.05 322.65549779892433 -14.990103725041694 322.663275 -14.915 M490 0.08008021 24.807096 0.8605548 0.9693716 21.395735 2.5624359 decam 7.439205 24.67448 279 object IBIS_wide_M490_450882 450882 0.072246 924.0 1948.0 -0.08849075 1.0000385 0.0013188063 0.15042831 -0.0013731772 1.0001572 17401442174 195.12683
rawdata/DECam_01390559.fits.fz N4 1390559 500.0 60821.39617633 1.05 324.79150105907377 -14.900103725870464 324.799275 -14.825 M490 0.054648064 24.73441 0.80482936 0.9591413 21.378904 2.4566689 decam 6.0161033 12.454875 264 object IBIS_wide_M490_457812 457812 0.056137 924.0 1948.0 0.15532947 0.99998325 0.001262455 0.28580183 -0.0012622373 1.0000887 17403219160 203.52763
rawdata/DECam_01390560.fits.fz N4 1390560 500.0 60821.40234315 1.05 325.73950160030194 -14.885103726008522 325.747275 -14.81 M490 0.05282462 24.670166 0.75858814 1.0137312 21.320583 3.2190046 decam 5.498084 27.822369 236 object IBIS_wide_M490_457821 457821 0.053775 924.0 1948.0 0.0075211884 1.0001783 0.0011293804 0.2479076 -0.00127299 1.0001806 17619100576 155.32751
rawdata/DECam_01390561.fits.fz N4 1390561 500.0 60821.40850651 1.04 326.15850224165115 -14.75110372724101 326.16627083333333 -14.676 M490 0.055836767 24.967083 0.9953714 0.9752454 21.4084 1.6229016 decam 8.098955 20.95279 251 object IBIS_wide_M490_454836 454836 0.051081 924.0 1948.0 -0.42482772 1.0000765 0.0012126038 0.15012974 -0.0011236498 1.000259 17407108017 308.09015
rawdata/DECam_01390562.fits.fz N4 1390562 500.0 60821.41465904 1.04 327.18850113127263 -14.898103725888873 327.196275 -14.823 M490 0.0630853 24.838173 0.883937 1.0521481 21.407167 2.5163326 decam 4.2288613 24.320988 237 object IBIS_wide_M490_457816 457816 0.057781 924.0 1948.0 -0.24717306 1.0002367 0.001160706 0.19442162 -0.001267785 1.0000718 17473792884 198.70187
rawdata/DECam_01390563.fits.fz N4 1390563 150.0 60821.42137751 1.11 347.1044708676797 -15.60240371938456 347.11227083333335 -15.5273 M490 0.03634075 24.760702 0.8335824 1.1131692 21.242538 3.1596954 decam -9.783558 29.608252 799 object "NGC7492 M490" 0 0.0 924.0 1948.0 0.64336133 0.9998888 0.00032368183 -0.6323758 -5.5683617e-05 1.0001013 16031533214 47.47293
rawdata/DECam_01390564.fits.fz N4 1390564 150.0 60821.42348933 1.1 347.08846032942307 -15.769003717839515 347.0962666666667 -15.6939 M490 0.03546531 24.572384 0.69957376 1.1094587 21.239447 4.426843 decam -6.8129153 14.379576 111 object "NGC7492 M490" 0 0.0 924.0 1948.0 -0.11146734 0.9999562 0.00044504966 -0.15841892 -9.8072436e-05 1.0001893 16044709354 33.88419
rawdata/DECam_01390565.fits.fz N4 1390565 150.0 60821.4255843 1.09 346.8214612481695 -15.745103718061324 346.8292666666667 -15.67 M490 0.03494858 24.82877 0.88430095 1.1023364 21.20363 2.8068938 decam 7.99639 16.883295 118 object "NGC7492 M490" 0 0.0 924.0 1948.0 -0.14933161 1.0001249 0.00047624353 0.05135831 -0.0004268473 1.0000403 16065761152 53.439854
rawdata/DECam_01390566.fits.fz N4 1390566 150.0 60821.42768732 1.09 347.3084701943705 -15.620103719220527 347.31627083333336 -15.545 M490 0.034631554 23.768827 0.3331371 1.0917339 20.930326 24.90012 decam 2.1770887 9.137746 78 object "NGC7492 M490" 0 0.0 924.0 1948.0 -0.066642046 1.0005119 0.0003965332 -0.07187123 -0.000609355 1.000146 16262518486 6.0240674
rawdata/DECam_01390567.fits.fz N4 1390567 150.0 60821.42977888 1.09 347.1044708676797 -15.60240371938456 347.11227083333335 -15.5273 M517 0.03634075 23.924576 0.36651707 1.0878577 20.756716 23.75669 decam 0.2594138 6.0216393 452 object "NGC7492 M517" 0 0.0 924.0 1948.0 0.6708659 1.0005472 -8.658339e-05 0.6158897 -0.000646473 0.9999267 16461462590 6.314011
rawdata/DECam_01390568.fits.fz N4 1390568 150.0 60821.4318679 1.08 347.08846032942307 -15.769003717839515 347.0962666666667 -15.6939 M517 0.03546531 24.41262 0.57360905 1.0561736 20.663895 9.87385 decam 2.512452 5.899225 95 object "NGC7492 M517" 0 0.0 924.0 1948.0 0.027873075 1.0000154 0.00042411618 0.047370315 -0.000167409 1.0000871 16577123032 15.191643
rawdata/DECam_01390569.fits.fz N4 1390569 150.0 60821.4339753 1.08 346.8214612481695 -15.745103718061324 346.8292666666667 -15.67 M517 0.03494858 24.656294 0.71793574 1.097199 20.439102 8.338564 decam 15.122328 16.383183 104 object "NGC7492 M517" 0 0.0 924.0 1948.0 -0.058054782 1.0002363 0.00044925738 -0.02147516 -0.00047661213 1.0000461 16851720802 17.988708
rawdata/DECam_01390570.fits.fz N4 1390570 150.0 60821.43609037 1.08 347.3084701943705 -15.620103719220527 347.31627083333336 -15.545 M517 0.034631554 24.269838 0.50292486 1.1212411 19.947973 27.837915 decam 5.5075316 16.013247 89 object "NGC7492 M517" 0 0.0 924.0 1948.0 -0.050144576 1.0000938 0.00041539402 -0.039575357 -0.0004285278 1.000184 17702288313 5.3883343
