logs/db-2024-06-05.ecsv
# %ECSV 1.0
# ---
# datatype:
# - {name: filename, datatype: string}
# - {name: extension, datatype: string}
# - {name: expnum, datatype: int64}
# - {name: exptime, datatype: float32}
# - {name: mjd_obs, datatype: float64}
# - {name: airmass, datatype: float32}
# - {name: racenter, datatype: float64}
# - {name: deccenter, datatype: float64}
# - {name: rabore, datatype: float64}
# - {name: decbore, datatype: float64}
# - {name: band, datatype: string}
# - {name: ebv, datatype: float32}
# - {name: zeropoint, datatype: float32}
# - {name: transparency, datatype: float32}
# - {name: seeing, datatype: float32}
# - {name: sky, datatype: float32}
# - {name: expfactor, datatype: float32}
# - {name: camera, datatype: string}
# - {name: dx, datatype: float32}
# - {name: dy, datatype: float32}
# - {name: nmatched, datatype: int64}
# - {name: obstype, datatype: string}
# - {name: object, datatype: string}
# - {name: tileid, datatype: int64}
# - {name: tileebv, datatype: float32}
# - {name: affine_x0, datatype: float32}
# - {name: affine_y0, datatype: float32}
# - {name: affine_dx, datatype: float32}
# - {name: affine_dxx, datatype: float32}
# - {name: affine_dxy, datatype: float32}
# - {name: affine_dy, datatype: float32}
# - {name: affine_dyx, datatype: float32}
# - {name: affine_dyy, datatype: float32}
# - {name: checksum, datatype: string}
# - {name: efftime, datatype: float32}
# schema: astropy-2.0
filename extension expnum exptime mjd_obs airmass racenter deccenter rabore decbore band ebv zeropoint transparency seeing sky expfactor camera dx dy nmatched obstype object tileid tileebv affine_x0 affine_y0 affine_dx affine_dxx affine_dxy affine_dy affine_dyx affine_dyy checksum efftime
rawdata/DECam_01302952.fits.fz N4 1302952 5.0 60467.2210415 1.0 261.8974010251527 -29.79954746374678 261.9060583333333 -29.72444388888889 r 1.3709729 0.0 0.0 0.0 19.827 0.0 decam 0.0 0.0 0 object pointing 0 0.0 0.0 0.0 0.0 0.0 0.0 0.0 0.0 0.0 15929283471 0.0
rawdata/DECam_01302953.fits.fz N4 1302953 10.0 60467.22317711 1.0 261.8974010251527 -29.79954746374678 261.9060583333333 -29.72444388888889 r 1.3709729 0.0 0.0 0.0 19.906569 0.0 decam 0.0 0.0 0 object focus 0 0.0 0.0 0.0 0.0 0.0 0.0 0.0 0.0 0.0 17101707345 0.0
rawdata/DECam_01302954.fits.fz N4 1302954 10.0 60467.22365427 1.0 261.8974010251527 -29.79954746374678 261.9060583333333 -29.72444388888889 r 1.3709729 0.0 0.0 0.0 19.92691 0.0 decam 0.0 0.0 0 object focus 0 0.0 0.0 0.0 0.0 0.0 0.0 0.0 0.0 0.0 16973378842 0.0
rawdata/DECam_01302955.fits.fz N4 1302955 10.0 60467.22410067 1.0 261.8974010251527 -29.79954746374678 261.9060583333333 -29.72444388888889 r 1.3709729 0.0 0.0 0.0 19.91491 0.0 decam 0.0 0.0 0 object focus 0 0.0 0.0 0.0 0.0 0.0 0.0 0.0 0.0 0.0 16986257592 0.0
rawdata/DECam_01302956.fits.fz N4 1302956 10.0 60467.2245422 1.0 261.8974010251527 -29.79954746374678 261.9060583333333 -29.72444388888889 r 1.3709729 0.0 0.0 0.0 19.89574 0.0 decam 0.0 0.0 0 object focus 0 0.0 0.0 0.0 0.0 0.0 0.0 0.0 0.0 0.0 17100837175 0.0
rawdata/DECam_01302957.fits.fz N4 1302957 10.0 60467.22498559 1.0 261.8974010251527 -29.79954746374678 261.9060583333333 -29.72444388888889 r 1.3709729 0.0 0.0 0.0 19.816818 0.0 decam 0.0 0.0 0 object focus 0 0.0 0.0 0.0 0.0 0.0 0.0 0.0 0.0 0.0 17457847300 0.0
rawdata/DECam_01302958.fits.fz N4 1302958 10.0 60467.22545313 1.0 261.8974010251527 -29.79954746374678 261.9060583333333 -29.72444388888889 r 1.3709729 0.0 0.0 0.0 19.806326 0.0 decam 0.0 0.0 0 object focus 0 0.0 0.0 0.0 0.0 0.0 0.0 0.0 0.0 0.0 17584688128 0.0
rawdata/DECam_01302959.fits.fz N4 1302959 30.0 60467.22589569 1.0 261.8974010251527 -29.79954746374678 261.9060583333333 -29.72444388888889 r 1.3709729 0.0 0.0 0.0 19.786243 0.0 decam 0.0 0.0 0 object pointing 0 0.0 0.0 0.0 0.0 0.0 0.0 0.0 0.0 0.0 20799665462 0.0
rawdata/DECam_01302960.fits.fz N4 1302960 60.0 60467.22828933 1.73 219.49276323379218 1.7198961282910163 219.50027916666664 1.795 g 0.043264177 24.437042 0.15151541 1.3699214 21.20825 172.43723 decam 50.77605 24.282429 48 object pointing 0 0.0 924.0 1948.0 -0.24138868 1.0002966 0.0013895299 -0.005489043 -0.0010454212 1.0006077 16639190886 0.34795272
rawdata/DECam_01302961.fits.fz N4 1302961 60.0 60467.23047522 1.75 219.49276323379218 1.7198961282910163 219.50027916666664 1.795 g 0.043264177 24.333128 0.13811836 1.422182 21.167913 228.55316 decam -16.694254 -12.578493 44 object pointing 0 0.0 924.0 1948.0 0.003643266 1.0000483 0.0014298292 -0.013807365 -0.0009798596 1.0005484 16679612139 0.26252097
rawdata/DECam_01302962.fits.fz N4 1302962 500.0 60467.23152468 1.77 219.22276381676684 1.5648961296245012 219.23027916666666 1.6400000000000001 M464 0.043781575 22.452667 0.117248386 1.2201711 21.332518 182.47482 decam -9.985238 -5.9744973 78 object IBIS_deep_desi220_M464_76 0 0.0 924.0 1948.0 -0.16739564 1.0004652 0.0012822929 -0.0077425684 -0.00048196656 1.000231 17422772989 2.7401042
rawdata/DECam_01302963.fits.fz N4 1302963 500.0 60467.23768551 1.85 219.00976459557359 1.3298961316458662 219.01727916666667 1.405 M464 0.043213032 21.788593 0.06469001 1.2081549 21.279697 637.6183 decam -19.468828 -20.62861 52 object IBIS_deep_desi220_M464_77 0 0.0 924.0 1948.0 -0.11294149 0.99973285 0.0013674208 0.13980615 -0.0009754301 0.99993783 17522607312 0.78416824
rawdata/DECam_01302964.fits.fz N4 1302964 65.0496 60467.24385162 1.95 219.48176599916263 2.0448961254942732 219.48928333333333 2.12 M464 0.042358316 19.631361 0.0090603335 1.1820208 21.168613 35913.63 decam -28.07978 -14.002155 3 object IBIS_deep_desi220_M464_57 0 0.0 924.0 1948.0 1.2099922 1.0020028 0.0028770808 -0.28632042 0.00030895442 0.9992183 15683756978 0.001811279
rawdata/DECam_01302965.fits.fz N4 1302965 300.0 60467.24767724 1.22 307.5334940596699 -14.863103726210971 307.5412666666666 -14.788 M464 0.06534707 22.435562 0.10272233 1.2044264 21.550528 151.1825 decam -100.979515 12.2733 240 object IBIS_wide_M464_348996 0 0.0 924.0 1948.0 -0.6437191 1.0002642 0.0019211482 -0.24101464 -0.0018535171 1.0003104 16392836675 1.9843566
rawdata/DECam_01302966.fits.fz N4 1302966 300.0 60467.25152577 1.21 306.632549238136 -13.49210373874899 306.64027500000003 -13.417 M464 0.055926025 22.958393 0.16591173 1.1633574 21.546915 54.0328 decam -88.94771 -5.178942 383 object IBIS_wide_M464_351990 0 0.0 924.0 1948.0 -0.07963411 1.0000824 0.0018319566 -0.062369414 -0.0020056046 1.0002517 16445685695 5.552183
rawdata/DECam_01302967.fits.fz N4 1302967 300.0 60467.25542045 1.2 308.0305008062925 -14.90710372580603 308.038275 -14.832 M464 0.061080616 22.91098 0.15848643 1.1842276 21.543545 61.292553 decam 22.742172 -33.808704 293 object IBIS_wide_M464_351982 0 0.0 924.0 1948.0 -0.45141533 1.0002398 0.0018381451 0.21058753 -0.0018980104 1.0001016 16409517467 4.894559
rawdata/DECam_01302968.fits.fz N4 1302968 300.0 60467.25928632 1.18 307.3505276530302 -13.895103735079099 307.3582666666666 -13.82 M464 0.0472451 23.059862 0.18101108 1.1762513 21.541662 46.058193 decam 33.957066 -25.292025 301 object IBIS_wide_M464_351988 0 0.0 924.0 1948.0 0.14344679 0.99999255 0.0017776988 0.253702 -0.002066898 1.0002458 16407225044 6.5134993
rawdata/DECam_01302969.fits.fz N4 1302969 300.0 60467.26314567 1.17 307.3505276530302 -13.895103735079099 307.3582666666666 -13.82 M464 0.0472451 23.056683 0.18009976 1.2102956 21.549295 48.707184 decam 45.23279 -31.787792 291 object IBIS_wide_M464_351988 0 0.0 924.0 1948.0 0.072819084 1.0004013 0.0018949531 0.35080138 -0.001993465 1.0001463 16393923820 6.1592555
rawdata/DECam_01302970.fits.fz N4 1302970 300.0 60467.26713194 1.16 307.73251893063906 -14.275103731606942 307.74027083333334 -14.2 M464 0.056032654 22.857437 0.1495873 1.2179797 21.572437 69.70704 decam 48.36631 -28.782166 345 object IBIS_wide_M464_349005 0 0.0 924.0 1948.0 -0.2568803 1.0003071 0.0020283323 0.31839147 -0.0019360438 1.0002241 16371256362 4.303726
rawdata/DECam_01302971.fits.fz N4 1302971 300.0 60467.27097224 1.15 308.2815052664233 -14.666103728022021 308.2892708333333 -14.591 M464 0.043200694 23.219225 0.2083004 1.1704334 21.588127 32.591206 decam 51.208717 -28.040861 317 object IBIS_wide_M464_348999 0 0.0 924.0 1948.0 -0.07818514 1.00014 0.0019522547 0.23268335 -0.0019565772 1.0002528 16368758269 9.204937
rawdata/DECam_01302972.fits.fz N4 1302972 300.0 60467.27482501 1.13 307.0995577091692 -13.095103742352148 307.1072708333333 -13.02 M464 0.05101123 23.513443 0.27198023 1.1540385 21.554092 19.020506 decam 63.66338 -25.357483 422 object IBIS_wide_M464_349007 0 0.0 924.0 1948.0 -0.20320685 1.0002218 0.001803416 0.25954118 -0.0018554912 1.0001975 16510968377 15.772451
rawdata/DECam_01302973.fits.fz N4 1302973 300.0 60467.2787912 1.13 307.1315600612725 -12.885103744253389 307.1392666666667 -12.81 M464 0.03939807 23.87462 0.3793218 1.088915 21.645372 8.006023 decam 18.302382 2.934362 451 object IBIS_wide_M464_351993 0 0.0 924.0 1948.0 -0.04130665 1.0001009 0.0018703755 0.18371473 -0.0017452628 1.0000746 16354792111 37.471786
rawdata/DECam_01302974.fits.fz N4 1302974 300.0 60467.28263872 1.12 308.74051910272556 -14.270103731652707 308.7482708333333 -14.195 M464 0.03222105 23.746891 0.33650878 1.1474186 21.64853 11.213917 decam 23.81095 0.14355184 413 object IBIS_wide_M464_351985 0 0.0 924.0 1948.0 -0.10235945 1.0001552 0.0017090979 0.3317465 -0.001998351 1.0001731 16324283571 26.752474
rawdata/DECam_01302975.fits.fz N4 1302975 300.0 60467.28646319 1.11 309.43750145603383 -14.889103725971706 309.445275 -14.814 M464 0.03638674 23.202173 0.20332432 1.0548863 21.585526 27.40995 decam 26.566662 4.2706857 313 object IBIS_wide_M464_351983 0 0.0 924.0 1948.0 -0.16002338 1.0004512 0.0015888612 0.0884941 -0.0017581814 1.0000942 16368631995 10.94493
rawdata/DECam_01302976.fits.fz N4 1302976 300.0 60467.29032429 1.1 308.74051910272556 -14.270103731652707 308.7482708333333 -14.195 M464 0.03222105 21.223774 0.03280267 1.2128874 21.529226 1459.4708 decam 23.587889 6.9852586 130 object IBIS_wide_M464_351985 0 0.0 924.0 1948.0 -0.39580867 1.0001493 0.0016237675 0.10551586 -0.0022761363 1.0002043 16398632193 0.20555396
rawdata/DECam_01302977.fits.fz N4 1302977 300.0 60467.29416146 1.09 309.43750145603383 -14.889103725971706 309.445275 -14.814 M464 0.03638674 22.607695 0.11710016 1.2041706 21.529436 112.40263 decam 25.535313 14.09204 246 object IBIS_wide_M464_351983 0 0.0 924.0 1948.0 -0.18113586 1.0004653 0.0017431113 0.15251066 -0.0017020034 1.0000572 16406813896 2.6689765
rawdata/DECam_01302978.fits.fz N4 1302978 300.0 60467.29804121 1.08 309.43750145603383 -14.889103725971706 309.445275 -14.814 M464 0.03638674 22.942125 0.15900469 1.4713162 21.530138 90.53053 decam 16.522726 -2.2559826 253 object IBIS_wide_M464_351983 0 0.0 924.0 1948.0 -0.17391291 1.0003095 0.0016493906 0.1670198 -0.0017645907 1.0000868 16416999520 3.3137991
rawdata/DECam_01302979.fits.fz N4 1302979 300.0 60467.30186342 1.08 308.29355031011147 -13.329103740229801 308.3012708333334 -13.254 M464 0.03739087 23.195704 0.20083602 1.8803189 21.550604 90.90775 decam 17.378662 6.8108363 271 object IBIS_wide_M464_349006 0 0.0 924.0 1948.0 -0.07939552 1.0002556 0.0017990639 0.07126996 -0.0018958286 1.0003083 16400227711 3.3000486
rawdata/DECam_01302980.fits.fz N4 1302980 300.0 60467.30571325 1.07 309.6265163687964 -14.469103729829815 309.634275 -14.394 M464 0.037940893 23.174967 0.19661972 1.4682772 21.528786 58.79268 decam 8.4234 3.0063987 282 object IBIS_wide_M464_348998 0 0.0 924.0 1948.0 -0.07664434 1.0003359 0.00171473 0.027531702 -0.0015847767 1.0001729 16416920927 5.1026764
rawdata/DECam_01302981.fits.fz N4 1302981 300.0 60467.30955964 1.07 308.0105607068519 -12.864103744443335 308.01826666666665 -12.789 M464 0.04360374 23.465698 0.25699174 1.3735206 21.569948 29.0002 decam 12.021363 3.034552 381 object IBIS_wide_M464_349008 0 0.0 924.0 1948.0 -0.2714166 0.9999755 0.0018104304 0.0955894 -0.0016024882 1.0002866 16380962203 10.344756
rawdata/DECam_01302982.fits.fz N4 1302982 300.0 60467.31341147 1.06 310.00751444290876 -14.524103729325423 310.015275 -14.449 M464 0.045178205 23.276535 0.21544392 1.5176915 21.53675 51.719883 decam 3.6037734 -9.037751 231 object IBIS_wide_M464_351984 0 0.0 924.0 1948.0 -0.3353952 1.000107 0.0017289615 0.21680923 -0.0018787958 1.0002021 16415409792 5.800477
rawdata/DECam_01302983.fits.fz N4 1302983 300.0 60467.31726106 1.06 310.8895013838836 -14.891103725953302 310.897275 -14.816 M464 0.044992164 23.25248 0.21072297 1.6314085 21.536034 62.50059 decam 5.7333703 -15.184606 261 object IBIS_wide_M464_351962 0 0.0 924.0 1948.0 0.24205048 1.0003518 0.0016925733 0.11139468 -0.0019253471 0.9999296 16419412739 4.7999544
rawdata/DECam_01302984.fits.fz N4 1302984 300.0 60467.321082 1.06 309.5445364387766 -13.756103736346315 309.5522708333333 -13.681 M464 0.045721978 22.993784 0.1660481 1.4771521 21.5132 84.292366 decam 5.5481753 -20.560223 265 object IBIS_wide_M464_351986 0 0.0 924.0 1948.0 -0.28372288 1.000257 0.0016736365 0.20220321 -0.0016703212 1.0001174 16474352747 3.5590413
rawdata/DECam_01302985.fits.fz N4 1302985 300.0 60467.32491128 1.05 311.304502551815 -14.625103728398528 311.31226666666663 -14.55 M464 0.040045314 23.05162 0.17476258 1.6501107 21.52904 93.178535 decam 6.1785927 -11.693819 218 object IBIS_wide_M464_348987 0 0.0 924.0 1948.0 -0.38900763 1.0000646 0.0015979063 -0.075844176 -0.0014259971 1.0001545 16414211566 3.2196255
rawdata/DECam_01302986.fits.fz N4 1302986 300.0 60467.32873539 1.05 310.4675256769669 -13.954103734540757 310.4752666666667 -13.879 M464 0.045923013 23.199713 0.2003018 1.6580667 21.506601 73.11262 decam 0.17490791 -6.6793475 247 object IBIS_wide_M464_349009 0 0.0 924.0 1948.0 -0.28562114 1.0002832 0.0018352001 0.18061975 -0.0020748964 1.0000376 16467746176 4.1032586
rawdata/DECam_01302987.fits.fz N4 1302987 300.0 60467.33258957 1.05 308.72155504261394 -13.047103742787 308.72926666666666 -12.972 M464 0.04385266 23.600243 0.28966567 1.4372301 21.537518 25.537699 decam 10.076915 4.814701 343 object IBIS_wide_M464_351992 0 0.0 924.0 1948.0 -0.17407875 1.0000474 0.0017936723 0.02584731 -0.001976025 0.9999479 16440061852 11.747339
rawdata/DECam_01302988.fits.fz N4 1302988 300.0 60467.33644425 1.05 308.72155504261394 -13.047103742787 308.72926666666666 -12.972 M464 0.04385266 23.331059 0.22605994 1.2056473 21.495365 30.690193 decam 3.8066282 8.0425415 333 object IBIS_wide_M464_351992 0 0.0 924.0 1948.0 -0.22227417 1.0000643 0.0016470845 0.00961395 -0.001974924 1.0000428 16468193428 9.775109
rawdata/DECam_01302989.fits.fz N4 1302989 300.0 60467.34028345 1.04 312.1864978250185 -14.758103727176664 312.1942666666667 -14.683 M464 0.05843549 22.884415 0.14950165 1.2349528 21.49195 73.54648 decam -0.7553313 20.006311 224 object IBIS_wide_M464_351971 0 0.0 924.0 1948.0 -0.3592526 0.99995524 0.0017329468 0.16745141 -0.0018997372 1.0000634 16445046319 4.0790534
rawdata/DECam_01302990.fits.fz N4 1302990 300.0 60467.34414397 1.04 312.61050932783877 -14.551103729077726 312.6182708333333 -14.475999999999999 M464 0.05516755 22.811811 0.13983135 1.3201166 21.483488 96.797554 decam 5.193854 14.248575 185 object IBIS_wide_M464_348986 0 0.0 924.0 1948.0 0.16268077 1.0003475 0.001693687 0.13443942 -0.0018110216 1.0000744 16450066803 3.099252
rawdata/DECam_01302991.fits.fz N4 1302991 300.0 60467.3480088 1.04 313.7125042614652 -14.811103726689337 313.72027499999996 -14.736 M464 0.04875392 22.930353 0.15596294 1.349936 21.489885 80.88086 decam 15.022332 7.513424 199 object IBIS_wide_M464_351966 0 0.0 924.0 1948.0 0.02837121 1.0002223 0.0016887623 0.17306395 -0.0015744948 1.0002142 16452065966 3.7091591
rawdata/DECam_01302992.fits.fz N4 1302992 300.0 60467.35188095 1.04 312.9965143506927 -14.28710373149711 313.00426666666664 -14.212 M464 0.050614014 23.23822 0.20709427 1.4994073 21.50102 56.001274 decam 24.653147 20.999128 207 object IBIS_wide_M464_351972 0 0.0 924.0 1948.0 -0.55038184 1.000093 0.0016574234 0.2844633 -0.0015555822 1.0000036 16449237996 5.357021
rawdata/DECam_01302993.fits.fz N4 1302993 300.0 60467.35571916 1.04 314.9455018166228 -14.879103726063743 314.95327499999996 -14.804 M464 0.040905327 23.23066 0.20565732 1.5157586 21.47155 59.62723 decam 25.691027 13.790926 187 object IBIS_wide_M464_351967 0 0.0 924.0 1948.0 0.049842726 1.0001452 0.0015922642 0.23741283 -0.0015630528 1.0000647 16502645266 5.031258
rawdata/DECam_01302994.fits.fz N4 1302994 300.0 60467.35956785 1.04 314.9455018166228 -14.879103726063743 314.95327499999996 -14.804 M464 0.040905327 23.65337 0.3035485 1.4832813 21.503153 25.459116 decam 20.87203 12.799537 213 object IBIS_wide_M464_351967 0 0.0 924.0 1948.0 0.06955739 1.0001217 0.0015418824 0.18113962 -0.0015801825 1.0000815 16497484002 11.783598
rawdata/DECam_01302995.fits.fz N4 1302995 300.0 60467.36342455 1.04 314.11051045165783 -14.519103729371288 314.1182708333333 -14.444 M464 0.0498792 23.847101 0.36284423 1.3698236 21.551796 14.533483 decam 24.874434 16.353706 221 object IBIS_wide_M464_348983 0 0.0 924.0 1948.0 0.028709155 1.0003388 0.0019175824 0.15773244 -0.0015682043 1.0000931 16426593098 20.641989
rawdata/DECam_01302996.fits.fz N4 1302996 300.0 60467.36727209 1.04 316.5334948151199 -14.84210372640419 316.5412666666667 -14.767 M464 0.06472916 23.788797 0.3438737 1.420685 21.544447 17.521744 decam 24.530813 21.103323 221 object IBIS_wide_M464_353875 0 0.0 924.0 1948.0 -0.44023952 1.0002909 0.001677638 0.2901275 -0.0016655475 1.0001872 16542435870 17.121584
rawdata/DECam_01302997.fits.fz N4 1302997 300.0 60467.37111623 1.04 317.7855001665168 -14.809103726707727 317.79327083333334 -14.734 M464 0.084909596 23.706507 0.3187739 1.4627658 21.532904 21.8449 decam 24.447762 21.395166 193 object IBIS_wide_M464_353902 0 0.0 924.0 1948.0 -0.06922899 1.0000796 0.001308863 0.25938264 -0.00146452 1.0000567 16409863509 13.733183
