logs/db-2025-05-29.ecsv
# %ECSV 1.0
# ---
# datatype:
# - {name: filename, datatype: string}
# - {name: extension, datatype: string}
# - {name: expnum, datatype: int64}
# - {name: exptime, datatype: float32}
# - {name: mjd_obs, datatype: float64}
# - {name: airmass, datatype: float32}
# - {name: racenter, datatype: float64}
# - {name: deccenter, datatype: float64}
# - {name: rabore, datatype: float64}
# - {name: decbore, datatype: float64}
# - {name: band, datatype: string}
# - {name: ebv, datatype: float32}
# - {name: zeropoint, datatype: float32}
# - {name: transparency, datatype: float32}
# - {name: seeing, datatype: float32}
# - {name: sky, datatype: float32}
# - {name: expfactor, datatype: float32}
# - {name: camera, datatype: string}
# - {name: dx, datatype: float32}
# - {name: dy, datatype: float32}
# - {name: nmatched, datatype: int64}
# - {name: obstype, datatype: string}
# - {name: object, datatype: string}
# - {name: tileid, datatype: int64}
# - {name: tileebv, datatype: float32}
# - {name: affine_x0, datatype: float32}
# - {name: affine_y0, datatype: float32}
# - {name: affine_dx, datatype: float32}
# - {name: affine_dxx, datatype: float32}
# - {name: affine_dxy, datatype: float32}
# - {name: affine_dy, datatype: float32}
# - {name: affine_dyx, datatype: float32}
# - {name: affine_dyy, datatype: float32}
# - {name: checksum, datatype: string}
# - {name: efftime, datatype: float32}
# schema: astropy-2.0
filename extension expnum exptime mjd_obs airmass racenter deccenter rabore decbore band ebv zeropoint transparency seeing sky expfactor camera dx dy nmatched obstype object tileid tileebv affine_x0 affine_y0 affine_dx affine_dxx affine_dxy affine_dy affine_dyx affine_dyy checksum efftime
[from data line 86]
rawdata/DECam_01391707.fits.fz N4 1391707 334.0 60825.40324756 1.07 330.05461807799304 -11.301103758495623 330.06227916666666 -11.226 M464 0.0470889 24.967815 1.0246373 0.966842 21.805443 1.02022 decam -17.005493 -6.448141 218 object IBIS_wide_M464_357851 357851 0.043357 924.0 1948.0 0.09186758 1.0000908 0.0010997758 -0.061409008 -0.0010943788 1.0001714 16294156840 327.38034
rawdata/DECam_01391708.fits.fz N4 1391708 328.0 60825.40746214 1.06 332.03959902924447 -11.844103753632202 332.047275 -11.769 M464 0.04384639 24.974125 1.028495 1.0411137 21.785334 1.1634556 decam -17.20807 -8.351521 190 object IBIS_wide_M464_357844 357844 0.044535 924.0 1948.0 -0.4120813 1.0002869 0.0010398055 0.08382784 -0.001024218 1.0001 16391028164 281.9188
rawdata/DECam_01391709.fits.fz N4 1391709 294.0 60825.41162396 1.07 333.34060177964386 -11.595103755864734 333.34827083333334 -11.52 M464 0.045669727 24.984163 1.0401822 1.0342255 21.767889 1.1603894 decam -18.075241 -10.679801 191 object IBIS_wide_M464_357797 357797 0.042092 924.0 1948.0 0.06695874 1.0001208 0.00093412236 -0.03864347 -0.0008171261 1.0002538 16300046884 253.36322
rawdata/DECam_01391710.fits.fz N4 1391710 362.0 60825.41538627 1.06 336.7705683638354 -12.886103744244341 336.778275 -12.811 M464 0.051371284 24.985723 1.0395397 1.0198784 21.710737 1.2354084 decam -17.974958 -16.706411 172 object IBIS_wide_M464_354805 354805 0.048374 924.0 1948.0 0.1778791 1.0001395 0.000839665 -0.05304144 -0.0009990091 1.0002158 16494005391 293.0205
rawdata/DECam_01391711.fits.fz N4 1391711 365.0 60825.41993092 1.06 336.8525706122397 -12.537103747397024 336.8602666666667 -12.462 M464 0.051088933 24.976599 1.0308398 1.0140778 21.680168 1.2750254 decam -15.067195 -9.902462 188 object IBIS_wide_M464_357791 357791 0.049849 924.0 1948.0 -0.10667139 1.0003152 0.0008044847 -0.021098213 -0.00078854215 1.0001221 16635388606 286.26883
rawdata/DECam_01391712.fits.fz N4 1391712 150.0 60825.42482439 1.08 347.1044708676797 -15.60240371938456 347.11227083333335 -15.5273 M464 0.03634075 24.994904 1.0526817 1.0974288 21.533113 1.4872172 decam -24.453754 -9.148751 834 object "NGC7492 M464" 0 0.0 924.0 1948.0 0.643505 1.0003546 0.00038151222 0.61962014 -0.00043034932 0.9999719 15864043474 100.85951
rawdata/DECam_01391713.fits.fz N4 1391713 150.0 60825.42691793 1.07 347.08846032942307 -15.769003717839515 347.0962666666667 -15.6939 M464 0.03546531 24.965958 1.0228851 1.0270879 21.49133 1.419443 decam -23.329073 -16.67302 123 object "NGC7492 M464" 0 0.0 924.0 1948.0 -0.054650765 1.0000765 0.00051810656 -0.11802863 -8.9821246e-05 1.0001947 15894597951 105.675255
rawdata/DECam_01391714.fits.fz N4 1391714 150.0 60825.42902315 1.07 346.8214612481695 -15.745103718061324 346.8292666666667 -15.67 M464 0.03494858 24.9825 1.0385894 0.95072734 21.337765 1.3544859 decam -19.478365 -8.990747 117 object "NGC7492 M464" 0 0.0 924.0 1948.0 -0.19845767 1.0003719 0.00054571545 0.041484926 -0.0004878126 1.0000216 15970061266 110.743126
rawdata/DECam_01391715.fits.fz N4 1391715 150.0 60825.43113458 1.07 347.1044708676797 -15.60240371938456 347.11227083333335 -15.5273 M517 0.03634075 25.193039 1.1751345 0.9891756 21.075785 1.4157387 decam -12.420071 -17.67766 863 object "NGC7492 M517" 0 0.0 924.0 1948.0 -0.11589335 1.0001227 0.00026339875 0.28461632 -0.0005204756 1.0000348 16195356658 105.95175
rawdata/DECam_01391716.fits.fz N4 1391716 150.0 60825.43324748 1.06 347.08846032942307 -15.769003717839515 347.0962666666667 -15.6939 M517 0.03546531 25.082926 1.060098 1.0135 20.85271 2.2231896 decam -24.628878 -18.309122 123 object "NGC7492 M517" 0 0.0 924.0 1948.0 -0.057626784 1.0000932 0.00048283866 -0.17877984 -0.00017923735 1.0002271 16403671001 67.47063
rawdata/DECam_01391717.fits.fz N4 1391717 150.0 60825.43533932 1.06 346.8214612481695 -15.745103718061324 346.8292666666667 -15.67 M517 0.03494858 25.092028 1.0690238 0.9726202 20.512093 2.7470706 decam -18.85454 -14.264608 119 object "NGC7492 M517" 0 0.0 924.0 1948.0 -0.106398486 1.0002017 0.0004700715 -0.043906316 -0.00041053485 1.0000432 16757562975 54.603622
