logs/db-2026-04-08.ecsv
# %ECSV 1.0
# ---
# datatype:
# - {name: filename, datatype: string}
# - {name: extension, datatype: string}
# - {name: expnum, datatype: int64}
# - {name: exptime, datatype: float32}
# - {name: mjd_obs, datatype: float64}
# - {name: airmass, datatype: float32}
# - {name: racenter, datatype: float64}
# - {name: deccenter, datatype: float64}
# - {name: rabore, datatype: float64}
# - {name: decbore, datatype: float64}
# - {name: band, datatype: string}
# - {name: ebv, datatype: float32}
# - {name: zeropoint, datatype: float32}
# - {name: transparency, datatype: float32}
# - {name: seeing, datatype: float32}
# - {name: sky, datatype: float32}
# - {name: expfactor, datatype: float32}
# - {name: camera, datatype: string}
# - {name: dx, datatype: float32}
# - {name: dy, datatype: float32}
# - {name: nmatched, datatype: int64}
# - {name: obstype, datatype: string}
# - {name: object, datatype: string}
# - {name: tileid, datatype: int64}
# - {name: tileebv, datatype: float32}
# - {name: affine_x0, datatype: float32}
# - {name: affine_y0, datatype: float32}
# - {name: affine_dx, datatype: float32}
# - {name: affine_dxx, datatype: float32}
# - {name: affine_dxy, datatype: float32}
# - {name: affine_dy, datatype: float32}
# - {name: affine_dyx, datatype: float32}
# - {name: affine_dyy, datatype: float32}
# - {name: checksum, datatype: string}
# - {name: efftime, datatype: float32}
# schema: astropy-2.0
filename extension expnum exptime mjd_obs airmass racenter deccenter rabore decbore band ebv zeropoint transparency seeing sky expfactor camera dx dy nmatched obstype object tileid tileebv affine_x0 affine_y0 affine_dx affine_dxx affine_dxy affine_dy affine_dyx affine_dyy checksum efftime
[from data line 41]
/home/declsp/obsbot/rawdata/DECam_01473198.fits.fz N4 1473198 290.1482 61139.12187356 1.11 176.28973417865177 -5.31510381109979 176.29727916666667 -5.24 M517 0.022042634 25.025278 1.0133684 0.927497 21.549784 0.8734492 decam -1.8872799 17.145842 164 object IBIS_wide_M517_525271 525271 0.023658 924.0 1948.0 0.070776716 1.0000237 -0.00023820835 -0.09281496 0.00041764765 1.0000461 16424764145 332.18668
/home/declsp/obsbot/rawdata/DECam_01473199.fits.fz N4 1473199 342.608 61139.12557453 1.11 179.28472627267323 -5.280103811403238 179.29227083333333 -5.205 M517 0.026997723 25.016178 1.0049098 0.95603335 21.42109 1.062289 decam -1.3003105 25.095348 156 object IBIS_wide_M517_528250 528250 0.025335 924.0 1948.0 -0.09635646 1.0001824 -0.00011499961 -0.07861258 0.00044376563 0.9999991 16943181306 322.51865
/home/declsp/obsbot/rawdata/DECam_01473200.fits.fz N4 1473200 369.1278 61139.12986657 1.11 178.14573188282287 -5.160103812443375 178.153275 -5.085 M517 0.032420337 25.02433 1.0124841 0.9554976 21.312757 1.1549621 decam 4.9114347 18.630484 148 object IBIS_wide_M517_528249 528249 0.028216 924.0 1948.0 -0.010242437 1.0002006 -0.00024743465 -0.0661631 0.00040020354 1.0000913 17056888410 319.60168
/home/declsp/obsbot/rawdata/DECam_01473201.fits.fz N4 1473201 417.7176 61139.13446462 1.11 180.44673177572847 -5.169103812365379 180.454275 -5.094 M517 0.025064467 25.011623 1.0007036 0.95730066 21.197536 1.3196373 decam -2.8707325 27.073114 143 object IBIS_wide_M517_533944 533944 0.026029 924.0 1948.0 -0.18531494 1.0002005 -8.6718464e-05 0.13577199 1.4176148e-05 1.0000135 17463419960 316.5397
/home/declsp/obsbot/rawdata/DECam_01473202.fits.fz N4 1473202 545.4368 61139.13961586 1.11 182.80273436215444 -5.300103811229842 182.81027916666665 -5.225 M517 0.044755854 25.025377 1.0134605 0.9812191 21.077175 1.5099925 decam 0.030680254 22.315405 155 object IBIS_wide_M517_530962 530962 0.040754 924.0 1948.0 -0.021692675 1.000322 -7.705127e-05 0.15641093 -0.00012484612 1.0000252 18439558037 361.21823
/home/declsp/obsbot/rawdata/DECam_01473203.fits.fz N4 1473203 622.0162 61139.14625214 1.1 184.1867242078028 -5.447103809955042 184.19427083333335 -5.372 M517 0.03911838 25.027464 1.0137842 1.0020177 20.984932 1.7075555 decam -6.912992 23.59783 176 object IBIS_wide_M517_530963 530963 0.041412 924.0 1948.0 -0.052376352 1.0001086 0.000122003796 0.0456433 -0.00019011681 0.99994993 19188250051 364.2729
/home/declsp/obsbot/rawdata/DECam_01473204.fits.fz N4 1473204 703.6556 61139.15376092 1.11 184.91774073878503 -4.74910381600292 184.92527916666666 -4.6739999999999995 M517 0.03665572 25.037376 1.0247233 1.0346979 20.903973 1.9259157 decam -4.6433206 36.54424 155 object IBIS_wide_M517_530964 530964 0.039671 924.0 1948.0 -0.012804882 1.0000829 5.960303e-05 0.12152541 -0.00018765456 1.0000206 20051321148 365.36157
/home/declsp/obsbot/rawdata/DECam_01473205.fits.fz N4 1473205 307.528 61139.16242666 1.1 190.52672058397414 -6.0351038048494265 190.534275 -5.96 M517 0.022557205 25.00774 0.99553406 1.0250882 20.846464 2.1050591 decam -8.906039 20.898151 185 object IBIS_wide_M517_531420 531420 0.024722 924.0 1948.0 -0.053827476 1.0002373 0.0002760512 0.07474007 -0.00043125768 1.000017 17506673369 146.08997
/home/declsp/obsbot/rawdata/DECam_01473206.fits.fz N4 1473206 703.3757 61139.16668834 1.11 182.55473429319298 -4.573103817525883 182.56227083333334 -4.498 M517 0.031702816 25.018572 1.0071273 1.0314292 20.843754 2.0942445 decam -10.3663845 50.446808 177 object IBIS_wide_M517_533954 533954 0.032756 924.0 1948.0 -0.08404043 1.0002626 -4.4878856e-05 0.16112897 -0.00027023006 1.0000751 20283597386 335.8613
/home/declsp/obsbot/rawdata/DECam_01473207.fits.fz N4 1473207 800.0 61139.17520268 1.12 185.97674859418373 -3.965103822781458 185.98427916666668 -3.89 M517 0.044429902 25.019974 1.0100472 0.97659063 20.778612 1.9889588 decam -7.7499676 48.23847 148 object IBIS_wide_M517_534520 534520 0.042798 924.0 1948.0 -0.0609106 1.0002841 3.7627637e-05 0.08854464 2.211133e-05 1.000039 21351661878 402.2205
/home/declsp/obsbot/rawdata/DECam_01473208.fits.fz N4 1473208 773.6351 61139.18523592 1.1 194.61072442940738 -6.058103804649498 194.61827916666667 -5.983 M517 0.029857067 25.025896 1.0123212 1.0039436 20.691391 2.252729 decam -7.737944 31.535097 173 object IBIS_wide_M517_531423 531423 0.033067 924.0 1948.0 -0.06559503 1.000207 0.00050844316 0.092812695 -0.0003232753 0.9999629 23659842475 343.4213
/home/declsp/obsbot/rawdata/DECam_01473209.fits.fz N4 1473209 751.9652 61139.19450685 1.12 194.76874718242226 -3.650103825501217 194.776275 -3.575 M517 0.025317445 25.036314 1.0253632 0.96822023 20.665869 2.104719 decam -7.096815 40.65525 157 object IBIS_wide_M517_531435 531435 0.024918 924.0 1948.0 -0.12710609 1.0000435 0.00055780285 0.158604 -0.0007248191 1.000035 21874207062 357.27585
