logs/db-2026-02-21.ecsv
# %ECSV 1.0
# ---
# datatype:
# - {name: filename, datatype: string}
# - {name: extension, datatype: string}
# - {name: expnum, datatype: int64}
# - {name: exptime, datatype: float32}
# - {name: mjd_obs, datatype: float64}
# - {name: airmass, datatype: float32}
# - {name: racenter, datatype: float64}
# - {name: deccenter, datatype: float64}
# - {name: rabore, datatype: float64}
# - {name: decbore, datatype: float64}
# - {name: band, datatype: string}
# - {name: ebv, datatype: float32}
# - {name: zeropoint, datatype: float32}
# - {name: transparency, datatype: float32}
# - {name: seeing, datatype: float32}
# - {name: sky, datatype: float32}
# - {name: expfactor, datatype: float32}
# - {name: camera, datatype: string}
# - {name: dx, datatype: float32}
# - {name: dy, datatype: float32}
# - {name: nmatched, datatype: int64}
# - {name: obstype, datatype: string}
# - {name: object, datatype: string}
# - {name: tileid, datatype: int64}
# - {name: tileebv, datatype: float32}
# - {name: affine_x0, datatype: float32}
# - {name: affine_y0, datatype: float32}
# - {name: affine_dx, datatype: float32}
# - {name: affine_dxx, datatype: float32}
# - {name: affine_dxy, datatype: float32}
# - {name: affine_dy, datatype: float32}
# - {name: affine_dyx, datatype: float32}
# - {name: affine_dyy, datatype: float32}
# - {name: checksum, datatype: string}
# - {name: efftime, datatype: float32}
# schema: astropy-2.0
filename extension expnum exptime mjd_obs airmass racenter deccenter rabore decbore band ebv zeropoint transparency seeing sky expfactor camera dx dy nmatched obstype object tileid tileebv affine_x0 affine_y0 affine_dx affine_dxx affine_dxy affine_dy affine_dyx affine_dyy checksum efftime
/home/declsp/obsbot/rawdata/DECam_01458599.fits.fz N4 1458599 10.0 61093.00817859 1.0 83.45823188937366 -29.923991628991093 83.46690000000001 -29.848888055555555 r 0.02179634 26.812128 0.99460584 1.2133415 17.26857 29.731028 decam -12.257595 3.4615123 122 object pointing 0 0.0 924.0 1948.0 0.5229548 1.0000201 -0.0027768158 -0.052425586 0.0028657317 0.9999589 24981553457 0.33634895
/home/declsp/obsbot/rawdata/DECam_01458602.fits.fz N4 1458602 15.0 61093.01125736 1.1 57.082910562594094 -39.134436511725795 57.092595833333334 -39.059333055555555 M464 0.01304523 24.900827 0.9692836 1.2908229 18.309536 40.31682 decam -30.50361 46.922432 37 object "LTT1788 N4" 0 0.0 924.0 1948.0 0.602223 0.99915546 -0.002040726 0.2311277 0.0029437805 0.99958885 16347675469 0.37205318
/home/declsp/obsbot/rawdata/DECam_01458604.fits.fz N4 1458604 15.0 61093.01223954 1.1 57.48329587640457 -39.30110345378338 57.493004166666665 -39.226 M464 0.0115917595 24.902096 0.97041625 1.1757293 18.575726 25.852367 decam -38.880684 55.335297 40 object "LTT1788 S3" 0 0.0 924.0 1948.0 1.6097573 0.99974185 -0.0024910956 -0.0046618236 0.0021895228 1.0003071 16125297466 0.58021766
/home/declsp/obsbot/rawdata/DECam_01458605.fits.fz N4 1458605 15.0 61093.01273311 1.1 57.08288754307122 -39.30110345378338 57.092595833333334 -39.226 M464 0.0186828 24.904902 0.97292805 1.184497 18.703403 24.413824 decam -21.211115 47.00058 42 object "LTT1788 S4" 0 0.0 924.0 1948.0 -0.40534228 0.9999249 -0.002569192 -0.33326566 0.0028614153 0.9998494 16050278336 0.614406
/home/declsp/obsbot/rawdata/DECam_01458606.fits.fz N4 1458606 15.0 61093.01323241 1.11 56.682462543071225 -39.30110345378338 56.692170833333336 -39.226 M464 0.016055398 24.888746 0.96052885 1.2848848 18.822878 26.011124 decam -22.745625 64.14496 45 object "LTT1788 S5" 0 0.0 924.0 1948.0 -0.50968844 1.0009035 -0.0023403866 -0.11669854 0.0031490198 1.0001011 15977434280 0.57667637
/home/declsp/obsbot/rawdata/DECam_01458600.fits.fz N4 1458600 10.0 61093.0086377 1.0 83.45823188937366 -29.923991628991093 83.46690000000001 -29.848888055555555 r 0.02179634 26.815372 0.9975824 1.2044938 17.402872 25.736376 decam 0.7232628 15.991743 124 object pointing 0 0.0 924.0 1948.0 0.44520342 0.9999209 -0.0027412395 -0.030797401 0.0028023066 0.9999401 23867391413 0.3885551
/home/declsp/obsbot/rawdata/DECam_01458598.fits.fz N4 1458598 5.0 61093.00697225 1.0 83.45823188937366 -29.923991628991093 83.46690000000001 -29.848888055555555 r 0.02179634 26.810278 0.99291354 1.3140141 16.911598 48.596245 decam -7.6469684 -18.9232 93 object pointing 0 0.0 924.0 1948.0 0.24867046 1.0001748 -0.002814899 0.0026581378 0.0029360873 0.9999814 22017954686 0.10288861
/home/declsp/obsbot/rawdata/DECam_01458603.fits.fz N4 1458603 15.0 61093.01174508 1.1 56.6824855625941 -39.1344365117258 56.692170833333336 -39.059333055555555 M464 0.011692572 24.904799 0.9728358 1.1959698 18.433546 30.361362 decam -23.818487 59.04018 30 object "LTT1788 N5" 0 0.0 924.0 1948.0 0.6831542 1.0006194 -0.0025730706 -0.62365913 0.0023155955 0.9999794 16235892990 0.49404898
/home/declsp/obsbot/rawdata/DECam_01458601.fits.fz N4 1458601 30.0 61093.00907234 1.0 83.45823188937366 -29.923991628991093 83.46690000000001 -29.848888055555555 r 0.02179634 26.817421 0.9994663 1.1925256 17.561646 21.71405 decam -16.956015 23.24527 156 object pointing 0 0.0 924.0 1948.0 0.5263999 0.99993247 -0.002783963 -0.06892059 0.0025729034 0.9999925 37478792231 1.381594
/home/declsp/obsbot/rawdata/DECam_01458607.fits.fz N4 1458607 15.0 61093.0151185 1.0 89.0930033306711 -27.849770541142576 89.1015 -27.774666944444444 M464 0.038579706 24.912992 0.9602772 1.2629763 19.643127 13.263645 decam -7.3757467 44.050735 148 object "LTT2415 N4" 0 0.0 924.0 1948.0 0.5998656 0.9998727 -0.0025314768 -0.42202285 0.002399779 0.99979216 15652464246 1.1309109
/home/declsp/obsbot/rawdata/DECam_01458608.fits.fz N4 1458608 15.0 61093.01561451 1.0 88.74173249733775 -27.849770541142576 88.75022916666667 -27.774666944444444 M464 0.03469151 24.912357 0.95971686 1.1717886 19.768074 9.9115505 decam 7.2579007 33.08606 138 object "LTT2415 N5" 0 0.0 924.0 1948.0 0.57897437 1.0001444 -0.0028205088 -0.4169714 0.0024875912 0.9999461 15617692863 1.5133858
/home/declsp/obsbot/rawdata/DECam_01458609.fits.fz N4 1458609 15.0 61093.01609113 1.0 89.4442443826225 -28.016436650418257 89.45275416666667 -27.941333055555557 M464 0.029162224 24.912989 0.9602744 1.306837 19.882105 10.652465 decam 19.088852 32.833786 185 object "LTT2415 S3" 0 0.0 924.0 1948.0 0.89149284 1.000279 -0.0025438715 -0.19202554 0.0026342776 0.99968094 15606123226 1.4081248
/home/declsp/obsbot/rawdata/DECam_01458610.fits.fz N4 1458610 15.0 61093.01657292 1.0 89.09299021595584 -28.016436650418257 89.1015 -27.941333055555557 M464 0.035507463 24.914488 0.96160114 1.178169 19.995754 8.139667 decam 30.153101 30.864368 152 object "LTT2415 S4" 0 0.0 924.0 1948.0 0.40345395 1.0003109 -0.0027877719 0.14190108 0.00292853 1.000114 15567823263 1.8428273
/home/declsp/obsbot/rawdata/DECam_01458611.fits.fz N4 1458611 15.0 61093.01703645 1.0 88.7417193826225 -28.016436650418257 88.75022916666667 -27.941333055555557 M464 0.034228936 24.913218 0.96047765 1.1599174 20.107004 7.0732236 decam 32.883953 36.94721 163 object "LTT2415 S5" 0 0.0 924.0 1948.0 0.04658759 1.0003085 -0.0026069928 -0.6630104 0.0027862522 0.9999779 15548866890 2.120674
/home/declsp/obsbot/rawdata/DECam_01458612.fits.fz N4 1458612 150.0 61093.01840835 1.07 66.02591693225567 -21.20356672140551 66.033975 -21.128463055555557 M464 0.021272728 24.903215 0.96545154 1.3053267 20.326378 6.7930865 decam 10.326679 75.640785 140 object "Eridanus position 9" 0 0.0 924.0 1948.0 2.257872 0.99991757 -0.002381516 0.11304918 0.0026453934 1.0000377 16917757609 22.081274
/home/declsp/obsbot/rawdata/DECam_01458613.fits.fz N4 1458613 150.0 61093.02048568 1.08 66.25103903400804 -21.408193663823422 66.25910833333333 -21.33309 M464 0.018161844 24.910875 0.97428524 1.1753473 20.685162 3.8178034 decam 8.70347 58.797356 108 object "Eridanus position 10" 0 0.0 924.0 1948.0 -0.3177334 0.9999093 -0.0025306037 -0.26939163 0.002649662 0.9998972 16512459261 39.289608
/home/declsp/obsbot/rawdata/DECam_01458614.fits.fz N4 1458614 150.0 61093.02256281 1.08 66.2318892028933 -21.100545611312544 66.23994166666667 -21.025441944444445 M464 0.02568468 24.899477 0.96411073 1.082535 20.954762 2.723549 decam 16.664206 65.14394 117 object "Eridanus position 11" 0 0.0 924.0 1948.0 -0.41417143 1.0001336 -0.0024365748 -0.35788867 0.0026190395 0.99997634 16227562738 55.0752
/home/declsp/obsbot/rawdata/DECam_01458615.fits.fz N4 1458615 150.0 61093.02464903 1.09 66.01347554180906 -21.350605608838762 66.02154166666666 -21.275501944444443 M464 0.019453278 24.912586 0.9778285 1.1357625 21.153261 2.330835 decam 11.947163 72.71916 108 object "Eridanus position 12" 0 0.0 924.0 1948.0 0.8752022 1.0000074 -0.0025413549 -0.3511626 0.002517799 0.99998283 16104247479 64.354614
/home/declsp/obsbot/rawdata/DECam_01458616.fits.fz N4 1458616 150.0 61093.02673393 1.09 66.3704032432729 -21.301445609325757 66.37846666666665 -21.226341944444446 M464 0.022094173 24.914562 0.9796086 1.0901129 21.292574 1.9179802 decam 26.935024 73.441666 98 object "Eridanus position 13" 0 0.0 924.0 1948.0 0.22295912 0.9999217 -0.0025627369 -0.091566294 0.0024107841 0.99995273 16024322506 78.207275
/home/declsp/obsbot/rawdata/DECam_01458617.fits.fz N4 1458617 150.0 61093.02882326 1.1 66.05997225092132 -21.105805611260596 66.068025 -21.030701944444445 M464 0.02540226 24.903145 0.9713541 1.052352 21.371231 1.7387209 decam 14.091061 73.224464 135 object "Eridanus position 14" 0 0.0 924.0 1948.0 0.95947045 1.0003564 -0.002563478 -0.78622854 0.0026843408 0.99989104 15962612280 86.27032
/home/declsp/obsbot/rawdata/DECam_01458618.fits.fz N4 1458618 150.0 61093.03089499 1.1 66.15032794387525 -21.458048663328825 66.1584 -21.382945 M464 0.019183934 24.90604 0.97394806 1.0822504 21.42863 1.6593252 decam 20.425875 74.117096 113 object "Eridanus position 15" 0 0.0 924.0 1948.0 0.94621646 1.0001198 -0.0025833347 -0.22143626 0.002595529 0.9999046 15972083690 90.39819
/home/declsp/obsbot/rawdata/DECam_01458619.fits.fz N4 1458619 35.0 61093.03462983 1.39 130.85674439105742 -3.9691038227469084 130.864275 -3.894 M464 0.020289809 24.849361 0.9811442 1.366142 21.335732 3.2199943 decam 33.935814 48.5965 200 object "pointing test" 0 0.0 924.0 1948.0 0.98061764 0.9999304 -0.0017950204 -0.07592769 0.001388714 1.0000598 15499951987 10.869584
/home/declsp/obsbot/rawdata/DECam_01458620.fits.fz N4 1458620 800.0 61093.0363678 1.4 130.11275717503264 -2.1471038384549566 130.120275 -2.072 M464 0.02561575 24.846397 0.98048085 1.3126798 21.406672 2.9090903 decam -7.520767 -11.677911 341 object IBIS_wide_M464_322236 322236 0.028956 924.0 1948.0 0.09822458 1.0001905 -0.0017507412 -0.26635358 0.0018251208 1.0000652 18515796208 275.00006
/home/declsp/obsbot/rawdata/DECam_01458621.fits.fz N4 1458621 800.0 61093.04603315 1.36 133.96673306788665 -4.688103816530851 133.97427083333332 -4.6129999999999995 M464 0.016962452 24.862669 0.9871416 1.3240783 21.500975 2.4754715 decam -9.493754 -22.075972 295 object IBIS_wide_M464_319215 319215 0.018159 924.0 1948.0 0.20825294 1.0001562 -0.0018248891 -0.21681476 0.0016254317 1.0001051 18278841734 323.17075
/home/declsp/obsbot/rawdata/DECam_01458622.fits.fz N4 1458622 800.0 61093.05565118 1.32 131.79176559654138 -2.1291038386099017 131.79928333333334 -2.054 M464 0.02747044 24.864677 0.9808772 1.2464434 21.582447 2.1861365 decam -14.017887 -30.00703 282 object IBIS_wide_M464_322233 322233 0.026173 924.0 1948.0 -0.013863633 1.0001394 -0.0018442052 -0.34160277 0.0015806849 1.0000925 18102161381 365.94238
/home/declsp/obsbot/rawdata/DECam_01458623.fits.fz N4 1458623 800.0 61093.06536152 1.27 136.11770843977155 -6.58210380008988 136.12527083333333 -6.507 M464 0.035647377 24.864277 0.970499 1.2957225 21.768698 2.1110737 decam -5.4564943 -39.51181 266 object IBIS_wide_M464_319125 319125 0.037243 924.0 1948.0 -0.10586614 1.0002152 -0.0016992199 -0.16049476 0.0014483563 1.0000409 17808314369 378.95407
/home/declsp/obsbot/rawdata/DECam_01458624.fits.fz N4 1458624 529.2465 61093.07506041 1.25 132.94475700145048 -2.1821038381536657 132.95227500000001 -2.107 M464 0.023155594 24.88176 0.9822096 1.2013369 21.83827 1.5077378 decam -19.045961 -31.686035 282 object IBIS_wide_M464_322232 322232 0.018451 924.0 1948.0 0.3209467 1.0002294 -0.0018817433 -0.14497328 0.0015517633 1.0000849 16916425451 351.02026
/home/declsp/obsbot/rawdata/DECam_01458625.fits.fz N4 1458625 495.5967 61093.08155365 1.22 136.4747276566827 -5.1651038124000435 136.48227083333333 -5.09 M464 0.022075316 24.890242 0.98383075 1.2039393 21.890873 1.4093648 decam -23.600857 -26.664663 265 object IBIS_wide_M464_322114 322114 0.021376 924.0 1948.0 -0.108796865 1.0001745 -0.0017810955 -0.2743614 0.0016355359 1.0000216 16639733646 351.64545
/home/declsp/obsbot/rawdata/DECam_01458626.fits.fz N4 1458626 800.0 61093.08760853 1.21 134.71674748149104 -3.071103830495536 134.72427083333335 -2.996 M464 0.014325213 24.89623 0.98724306 1.6143533 21.887003 2.377814 decam -30.991129 -32.507763 285 object IBIS_wide_M464_319317 319317 0.017238 924.0 1948.0 0.086428456 1.0003077 -0.0018001298 0.005154631 0.0020059878 1.0000889 17519510224 336.44345
/home/declsp/obsbot/rawdata/DECam_01458627.fits.fz N4 1458627 800.0 61093.09721497 1.19 137.4767371183931 -4.296103819921318 137.4842708333333 -4.221 M464 0.021776237 24.895416 0.9824584 1.6326 21.901764 2.5339968 decam -25.653133 -22.888876 244 object IBIS_wide_M464_319286 319286 0.023778 924.0 1948.0 0.38353044 1.0001413 -0.0016658431 0.0059977206 0.001674685 0.9999974 17523150622 315.7068
/home/declsp/obsbot/rawdata/DECam_01458628.fits.fz N4 1458628 662.8856 61093.10680756 1.17 138.67773859643756 -4.560103817638345 138.685275 -4.485 M464 0.030769477 24.897888 0.9806619 1.4122413 21.821795 2.1673388 decam -23.08836 -28.41879 213 object IBIS_wide_M464_322270 322270 0.030955 924.0 1948.0 0.20528156 1.0003387 -0.0015958003 -0.0957933 0.0016344462 1.0000803 17929265609 305.85233
/home/declsp/obsbot/rawdata/DECam_01458629.fits.fz N4 1458629 674.8555 61093.11483198 1.16 138.90674589387112 -4.2511038203103 138.91427916666666 -4.176 M464 0.032070532 24.882229 0.9646362 1.3566492 21.894651 1.9431779 decam -24.93022 -18.98038 246 object IBIS_wide_M464_319287 319287 0.031734 924.0 1948.0 0.010277414 1.0001612 -0.001616783 -0.021951059 0.0016326024 1.0001003 17049231106 347.29477
/home/declsp/obsbot/rawdata/DECam_01458630.fits.fz N4 1458630 670.5856 61093.12301805 1.15 142.98373123505235 -5.5501038090614445 142.99127916666666 -5.475 M464 0.03922439 24.908989 0.98667836 1.2367812 21.892962 1.620905 decam -23.798239 -16.748697 221 object IBIS_wide_M464_319272 319272 0.037587 924.0 1948.0 0.296852 1.0001708 -0.0013704533 -0.12683618 0.0012821369 1.0000262 17096055328 413.71057
/home/declsp/obsbot/rawdata/DECam_01458631.fits.fz N4 1458631 638.6259 61093.13116374 1.15 146.79071402470626 -6.76010379853885 146.79827916666665 -6.6850000000000005 M464 0.053898517 24.884687 0.9648399 1.2273724 21.910978 1.8235494 decam -15.215335 -13.488278 191 object IBIS_wide_M464_324967 324967 0.056953 924.0 1948.0 0.34765267 1.0003699 -0.0012519439 0.028662711 0.0009822896 1.0 16992342808 350.2104
/home/declsp/obsbot/rawdata/DECam_01458632.fits.fz N4 1458632 624.8758 61093.13887469 1.14 147.8347263381448 -5.920103805848812 147.84227916666669 -5.845 M464 0.05682185 24.901287 0.9776929 1.1645482 21.88718 1.6621692 decam -18.225374 -8.422843 164 object IBIS_wide_M464_327954 327954 0.056057 924.0 1948.0 0.05147344 1.000364 -0.0013282765 -0.08123743 0.0016007267 0.99995345 17054817052 375.93994
/home/declsp/obsbot/rawdata/DECam_01458633.fits.fz N4 1458633 445.167 61093.14642324 1.13 148.1867242078028 -5.447103809955042 148.19427083333332 -5.372 M464 0.037294395 24.898026 0.97276086 1.093941 21.906008 1.2615944 decam -12.183216 -16.577557 161 object IBIS_wide_M464_324971 324971 0.041594 924.0 1948.0 -0.44129482 1.0000838 -0.0012752276 -0.0858455 0.0012148448 1.0000277 16454527380 352.86063
/home/declsp/obsbot/rawdata/DECam_01458634.fits.fz N4 1458634 361.4176 61093.15191269 1.14 151.02373245315988 -5.45410380989432 151.03127916666668 -5.379 M464 0.03686335 24.922703 0.9971704 1.0201867 21.90438 1.0471234 decam -21.45343 -1.623513 152 object IBIS_wide_M464_325454 325454 0.037819 924.0 1948.0 0.36631244 1.0000623 -0.0012433972 -0.16559179 0.0011205177 1.0000938 16273810527 345.15283
/home/declsp/obsbot/rawdata/DECam_01458635.fits.fz N4 1458635 431.8971 61093.15640573 1.13 151.99272928853077 -5.700103807759527 152.00027916666664 -5.625 M464 0.035518687 24.913681 0.9868886 1.087178 21.888483 1.2148389 decam -19.01598 -10.5563965 160 object IBIS_wide_M464_325449 325449 0.039146 924.0 1948.0 0.011930923 1.0002357 -0.0011855699 -0.30233398 0.0011683226 1.0000545 16637822524 355.518
/home/declsp/obsbot/rawdata/DECam_01458636.fits.fz N4 1458636 456.9769 61093.16172619 1.13 154.52672058397414 -6.0351038048494265 154.53427499999998 -5.96 M464 0.054067895 24.91301 0.9862787 1.1033456 21.902016 1.4125832 decam -23.176085 -16.972551 175 object IBIS_wide_M464_325428 325428 0.045466 924.0 1948.0 0.17194213 1.0000575 -0.0009332671 -0.020655403 0.0009824277 0.9998947 16485299803 323.5044
/home/declsp/obsbot/rawdata/DECam_01458637.fits.fz N4 1458637 435.0671 61093.1673424 1.13 154.88272005539247 -5.768103807169101 154.89027083333335 -5.693 M464 0.047606967 24.912258 0.9855965 1.099694 21.897787 1.3470342 decam -9.954607 -9.527956 170 object IBIS_wide_M464_328414 328414 0.046039 924.0 1948.0 0.1610211 1.0002103 -0.001157548 -0.05015328 0.0010722724 0.9999527 16422026452 322.98148
