logs/db-2025-03-29.ecsv
# %ECSV 1.0
# ---
# datatype:
# - {name: filename, datatype: string}
# - {name: extension, datatype: string}
# - {name: expnum, datatype: int64}
# - {name: exptime, datatype: float32}
# - {name: mjd_obs, datatype: float64}
# - {name: airmass, datatype: float32}
# - {name: racenter, datatype: float64}
# - {name: deccenter, datatype: float64}
# - {name: rabore, datatype: float64}
# - {name: decbore, datatype: float64}
# - {name: band, datatype: string}
# - {name: ebv, datatype: float32}
# - {name: zeropoint, datatype: float32}
# - {name: transparency, datatype: float32}
# - {name: seeing, datatype: float32}
# - {name: sky, datatype: float32}
# - {name: expfactor, datatype: float32}
# - {name: camera, datatype: string}
# - {name: dx, datatype: float32}
# - {name: dy, datatype: float32}
# - {name: nmatched, datatype: int64}
# - {name: obstype, datatype: string}
# - {name: object, datatype: string}
# - {name: tileid, datatype: int64}
# - {name: tileebv, datatype: float32}
# - {name: affine_x0, datatype: float32}
# - {name: affine_y0, datatype: float32}
# - {name: affine_dx, datatype: float32}
# - {name: affine_dxx, datatype: float32}
# - {name: affine_dxy, datatype: float32}
# - {name: affine_dy, datatype: float32}
# - {name: affine_dyx, datatype: float32}
# - {name: affine_dyy, datatype: float32}
# - {name: checksum, datatype: string}
# - {name: efftime, datatype: float32}
# schema: astropy-2.0
filename extension expnum exptime mjd_obs airmass racenter deccenter rabore decbore band ebv zeropoint transparency seeing sky expfactor camera dx dy nmatched obstype object tileid tileebv affine_x0 affine_y0 affine_dx affine_dxx affine_dxy affine_dy affine_dyx affine_dyy checksum efftime
[from data line 86]
rawdata/DECam_01375543.fits.fz N4 1375543 380.2981 60764.37476365 1.25 221.23670105280587 -7.050103796009427 221.24427083333333 -6.975 M490 0.08110027 25.034008 1.0997726 0.82570505 21.541441 1.078742 decam -23.898989 -25.297804 254 object IBIS_wide_M490_439920 439920 0.077544 924.0 1948.0 -0.0823324 1.0001487 0.0011031736 0.18208979 -0.0009883259 1.0002166 16723271386 352.5385
rawdata/DECam_01375544.fits.fz N4 1375544 318.5185 60764.37952161 1.27 221.59770946601972 -6.785103798320916 221.605275 -6.71 M490 0.08092535 25.030682 1.1003959 0.821371 21.549225 1.0651242 decam -24.829527 -30.82666 222 object IBIS_wide_M490_436937 436937 0.076246 924.0 1948.0 -0.1910835 1.0003921 0.0012703163 0.15330185 -0.0011788459 1.0001405 16533642002 299.04355
rawdata/DECam_01375545.fits.fz N4 1375545 500.0 60764.38360298 1.28 225.54174543389308 -3.3491038280983108 225.54927083333334 -3.274 M490 0.1441894 25.03354 1.1053004 0.8976402 21.53512 1.9574552 decam -31.295725 -29.36189 214 object IBIS_wide_M490_440429 440429 0.13881 924.0 1948.0 0.22220685 1.0000116 0.0012409133 0.12439029 -0.0011403149 1.0001657 17165313460 255.4337
rawdata/DECam_01375546.fits.fz N4 1375546 434.288 60764.38977941 1.3 226.58975540384372 -2.481103835579178 226.597275 -2.406 M490 0.08610814 25.0098 1.0853262 0.8978742 21.564129 1.349935 decam -25.064766 -26.822788 237 object IBIS_wide_M490_437455 437455 0.085104 924.0 1948.0 -0.29578388 1.0002075 0.0012376552 0.024474345 -0.001138765 1.0001495 16896024635 321.7103
rawdata/DECam_01375547.fits.fz N4 1375547 405.618 60764.3951765 1.33 226.91776121799913 -2.1721038382397495 226.92527916666668 -2.097 M490 0.07294582 25.018452 1.0999802 0.89727086 21.541315 1.240618 decam -28.380768 -41.04851 283 object IBIS_wide_M490_440441 440441 0.078602 924.0 1948.0 -0.1048611 1.0002147 0.001350898 0.1616269 -0.0012419419 1.0001856 16819130932 326.94836
rawdata/DECam_01375548.fits.fz N4 1375548 69.4096 60764.40031676 1.34 232.49076012278283 1.4268961308115662 232.498275 1.502 M490 0.04584704 25.029408 1.1131531 0.9698552 21.551521 1.1730511 decam -31.315464 -29.416769 225 object IBIS_wide_M490_440498 440498 0.049558 924.0 1948.0 0.16694742 1.00028 0.0014891124 0.039876644 -0.0011993264 1.0001144 15641479936 59.17014
rawdata/DECam_01375549.fits.fz N4 1375549 150.0 60764.4030899 1.25 219.89283683787406 -26.697103609240866 219.90124583333332 -26.622 M438 0.09969779 24.808567 1.0832449 0.9760616 21.432098 2.193491 decam -59.38234 -27.97919 399 object "NGC5694 M438" 0 0.0 924.0 1948.0 0.17520197 0.9999995 0.0013017385 -0.055051535 -0.0012380913 1.0001379 16299594965 68.38414
rawdata/DECam_01375550.fits.fz N4 1375550 150.0 60764.40522544 1.26 220.1978439159541 -26.71410360905774 220.20625416666667 -26.639 M438 0.10213117 24.808533 1.0859376 0.9839323 21.315838 2.5270433 decam -48.56883 -46.576767 426 object "NGC5694 M438" 0 0.0 924.0 1948.0 -0.19936277 1.0001171 0.0013894417 0.057053424 -0.0014186213 1.0001811 15973112190 59.357906
rawdata/DECam_01375551.fits.fz N4 1375551 150.0 60764.40734835 1.27 219.89283683787406 -26.697103609240866 219.90124583333332 -26.622 M464 0.09969779 24.92635 1.0275989 0.96669185 20.990759 3.395499 decam -41.66184 -46.491146 434 object "NGC5694 M464" 0 0.0 924.0 1948.0 0.034934323 1.000098 0.0013019294 -0.012675414 -0.0012302779 1.0001702 16799061809 44.17613
rawdata/DECam_01375552.fits.fz N4 1375552 150.0 60764.40944908 1.28 220.1978439159541 -26.71410360905774 220.20625416666667 -26.639 M464 0.10213117 24.924257 1.0277305 0.9930455 20.65106 5.003918 decam -37.322086 -49.884563 454 object "NGC5694 M464" 0 0.0 924.0 1948.0 -0.27475598 1.0001246 0.0013347038 0.061595064 -0.0014812517 1.0001622 16622491336 29.97651
rawdata/DECam_01375553.fits.fz N4 1375553 150.0 60764.41156252 1.29 219.89283683787406 -26.697103609240866 219.90124583333332 -26.622 M490 0.09969779 25.021454 1.0950481 0.9597833 20.133827 6.1716247 decam -25.506945 -54.130054 429 object "NGC5694 M490" 0 0.0 924.0 1948.0 -0.06319656 1.0000397 0.0013037717 0.06500611 -0.0011623362 1.0001328 17906810203 24.304783
rawdata/DECam_01375554.fits.fz N4 1375554 150.0 60764.41367445 1.3 220.1978439159541 -26.71410360905774 220.20625416666667 -26.639 M490 0.10213117 25.028042 1.1037139 0.9461258 19.621609 9.653428 decam -35.012474 -47.979485 436 object "NGC5694 M490" 0 0.0 924.0 1948.0 -0.30017927 1.0000894 0.0013000477 0.1383558 -0.0014455124 1.0001571 18510754395 15.538522
rawdata/DECam_01375555.fits.fz N4 1375555 150.0 60764.415784 1.32 219.89283683787406 -26.697103609240866 219.90124583333332 -26.622 M517 0.09969779 25.069859 1.0919826 0.93255854 19.192547 13.293578 decam -36.876083 -56.55759 390 object "NGC5694 M517" 0 0.0 924.0 1948.0 0.053191375 1.0001293 0.0013135455 0.03718553 -0.0012178393 1.0001802 20761969584 11.283644
rawdata/DECam_01375556.fits.fz N4 1375556 150.0 60764.41789463 1.33 220.1978439159541 -26.71410360905774 220.20625416666667 -26.639 M517 0.10213117 25.069944 1.0938197 0.9639426 18.584717 25.233465 decam -27.44751 -70.942924 373 object "NGC5694 M517" 0 0.0 924.0 1948.0 -0.19996639 1.0000142 0.0013550854 0.05516043 -0.0014599364 1.0002035 23729706029 5.9444866
rawdata/DECam_01375557.fits.fz N4 1375557 10.0 60764.422543 1.15 234.74059043331735 -28.58528747744383 234.74914583333333 -28.51018388888889 M464 0.11379964 24.949883 1.0245495 0.94023967 17.50388 84.44392 decam -44.376152 -62.792763 333 object "LTT6248 M464 N4" 0 0.0 924.0 1948.0 -0.123177744 0.9999112 0.0017722219 0.11438651 -0.0016346095 1.0002494 16781494690 0.11842179
rawdata/DECam_01375558.fits.fz N4 1375558 10.0 60764.42301868 1.15 234.7405770094025 -28.749586642275986 234.74914583333333 -28.674483055555555 M464 0.12067735 24.948605 1.0233445 0.8132515 17.36183 75.88331 decam -50.936905 -77.63411 279 object "LTT6248 M464 S4" 0 0.0 924.0 1948.0 -0.24885987 0.9998658 0.0017048694 0.067148484 -0.0012918107 1.0001094 16969364902 0.13178128
rawdata/DECam_01375559.fits.fz N4 1375559 30.0 60764.42348346 1.15 234.7405770094025 -28.749586642275986 234.74914583333333 -28.674483055555555 M464 0.12067735 24.967262 1.0410829 0.84838384 17.183258 94.026306 decam -43.818924 -67.67022 364 object "LTT6248 M464 S4" 0 0.0 924.0 1948.0 0.0015789126 1.0001893 0.0017295318 0.10707461 -0.0013989205 1.000121 20999537583 0.31905964
