logs/db-2024-11-24.ecsv
# %ECSV 1.0
# ---
# datatype:
# - {name: filename, datatype: string}
# - {name: extension, datatype: string}
# - {name: expnum, datatype: int64}
# - {name: exptime, datatype: float32}
# - {name: mjd_obs, datatype: float64}
# - {name: airmass, datatype: float32}
# - {name: racenter, datatype: float64}
# - {name: deccenter, datatype: float64}
# - {name: rabore, datatype: float64}
# - {name: decbore, datatype: float64}
# - {name: band, datatype: string}
# - {name: ebv, datatype: float32}
# - {name: zeropoint, datatype: float32}
# - {name: transparency, datatype: float32}
# - {name: seeing, datatype: float32}
# - {name: sky, datatype: float32}
# - {name: expfactor, datatype: float32}
# - {name: camera, datatype: string}
# - {name: dx, datatype: float32}
# - {name: dy, datatype: float32}
# - {name: nmatched, datatype: int64}
# - {name: obstype, datatype: string}
# - {name: object, datatype: string}
# - {name: tileid, datatype: int64}
# - {name: tileebv, datatype: float32}
# - {name: affine_x0, datatype: float32}
# - {name: affine_y0, datatype: float32}
# - {name: affine_dx, datatype: float32}
# - {name: affine_dxx, datatype: float32}
# - {name: affine_dxy, datatype: float32}
# - {name: affine_dy, datatype: float32}
# - {name: affine_dyx, datatype: float32}
# - {name: affine_dyy, datatype: float32}
# - {name: checksum, datatype: string}
# - {name: efftime, datatype: float32}
# schema: astropy-2.0
filename extension expnum exptime mjd_obs airmass racenter deccenter rabore decbore band ebv zeropoint transparency seeing sky expfactor camera dx dy nmatched obstype object tileid tileebv affine_x0 affine_y0 affine_dx affine_dxx affine_dxy affine_dy affine_dyx affine_dyy checksum efftime
[from data line 45]
rawdata/DECam_01342764.fits.fz N4 1342764 314.0 60639.20640588 1.32 35.71074538003361 -3.356103828037932 35.71827083333333 -3.281 M411 0.026097585 24.334593 0.94462925 0.87827283 22.005566 0.6960694 decam 2.2981493 4.9423285 55 object IBIS_deep_xmm_M411_39 0 0.0 924.0 1948.0 -0.3008135 1.0001657 -0.0016369452 -0.014570905 0.0014379439 1.0003191 15768590359 451.1044
rawdata/DECam_01342765.fits.fz N4 1342765 299.0 60639.21042799 1.34 35.39274539543357 -3.3541038280551847 35.40027083333333 -3.279 M411 0.024650576 24.363544 0.97612536 0.88525754 21.97983 0.6865071 decam 0.33375505 13.440961 69 object IBIS_deep_xmm_M411_40 0 0.0 924.0 1948.0 -0.7955247 1.0000484 -0.0016699762 -0.32677972 0.0019503625 0.99979264 15745970976 435.53812
rawdata/DECam_01342766.fits.fz N4 1342766 268.0 60639.21429305 1.37 35.08074489805488 -3.4181038275031095 35.08827083333333 -3.343 M411 0.021997001 24.336105 0.96056366 0.87440777 21.982613 0.70275843 decam -14.359771 -0.15762682 57 object IBIS_deep_xmm_M411_41 0 0.0 924.0 1948.0 0.34041283 0.99978316 -0.0014277906 -0.54106224 0.0009252057 0.99991953 15702852936 381.35437
rawdata/DECam_01342767.fits.fz N4 1342767 265.0 60639.21777615 1.39 34.78875222453352 -3.5441038264159985 34.796279166666665 -3.469 M411 0.020904964 24.33386 0.96447766 0.85305655 21.962841 0.68408537 decam -0.8954495 8.818267 53 object IBIS_deep_xmm_M411_42 0 0.0 924.0 1948.0 -0.3637132 0.9997704 -0.0011470439 -0.6345095 0.0016461688 1.000373 15739761809 387.37854
rawdata/DECam_01342768.fits.fz N4 1342768 269.0 60639.22123711 1.42 34.13474617631922 -4.222103820560953 34.14227916666667 -4.147 M411 0.021127248 24.302143 0.9453683 0.86945593 21.965647 0.75135666 decam -6.9690576 -6.29743 53 object IBIS_deep_xmm_M411_45 0 0.0 924.0 1948.0 -0.08021616 1.000172 -0.0015096855 -0.28356886 0.0019918024 1.0002078 15709406133 358.01907
rawdata/DECam_01342769.fits.fz N4 1342769 253.0 60639.22475492 1.38 36.523730138551535 -4.952103814245354 36.53127083333333 -4.877 M411 0.026935395 24.316341 0.9461339 0.9128965 21.97619 0.7988837 decam 1.7700027 10.59555 60 object IBIS_deep_xmm_M411_50 0 0.0 924.0 1948.0 0.49672863 1.000053 -0.0017572581 -0.052252285 0.001976645 0.9999319 15683287511 316.69193
rawdata/DECam_01342770.fits.fz N4 1342770 278.0 60639.22807021 1.41 36.59073771768469 -4.6431038169202505 36.598275 -4.568 M411 0.027514186 24.330988 0.967848 0.8785617 21.98673 0.71343726 decam -2.4315422 -3.675274 65 object IBIS_deep_xmm_M411_51 0 0.0 924.0 1948.0 0.17284904 1.0000651 -0.0017110851 -0.3571634 0.0018260588 1.000162 15739673757 389.66284
rawdata/DECam_01342771.fits.fz N4 1342771 326.0 60639.23169387 1.44 36.539740937920406 -4.331103819618743 36.547275000000006 -4.256 M411 0.025886 24.3049 0.9536025 0.9067285 21.975245 0.8056484 decam 9.526532 1.2207785 56 object IBIS_deep_xmm_M411_52 0 0.0 924.0 1948.0 -0.03213191 1.00016 -0.0015591229 -0.4600579 0.0015429922 1.00023 15795790887 404.643
rawdata/DECam_01342772.fits.fz N4 1342772 355.0 60639.23584179 1.48 36.384747764877716 -4.055103822004011 36.39227916666667 -3.98 M411 0.029062042 24.275347 0.93945146 0.91099364 21.98872 0.8481276 decam 1.662795 -7.067611 59 object IBIS_deep_xmm_M411_53 0 0.0 924.0 1948.0 -0.22520465 1.0001378 -0.0017909454 -0.27928653 0.0014714596 1.0000361 15830581047 418.5691
rawdata/DECam_01342773.fits.fz N4 1342773 60.0 60639.24084 1.15 54.08153706891506 -13.610103737675734 54.08926666666667 -13.535 g 0.046246115 26.684933 1.0969145 0.89081496 21.741076 0.7672955 decam -11.5737 9.316431 74 object wide 0 0.0 924.0 1948.0 0.06871072 1.0000737 -0.002033595 -0.32795092 0.0018904743 0.9998881 16244228799 78.19673
rawdata/DECam_01342774.fits.fz N4 1342774 242.0 60639.24252781 1.15 54.08153706891506 -13.610103737675734 54.08926666666667 -13.535 M517 0.046246115 24.770142 1.0244641 0.87320024 21.457027 0.8360163 decam -0.22010577 12.894507 73 object IBIS_wide_M517_507146 507146 0.050663 924.0 1948.0 0.121322215 1.0001827 -0.002109203 -0.28211936 0.0021334535 0.9999591 16215904614 289.46805
rawdata/DECam_01342775.fits.fz N4 1342775 278.0 60639.24568668 1.16 55.32259546898586 -11.970103752500938 55.330275 -11.895 M517 0.07273579 24.767153 1.023286 0.87412274 21.423565 0.86877 decam -0.61847174 17.351933 70 object IBIS_wide_M517_510136 510136 0.071208 924.0 1948.0 -0.3862061 1.0005239 -0.0018580783 0.20638867 0.0022591967 1.0000767 16229179747 319.9926
rawdata/DECam_01342776.fits.fz N4 1342776 380.0 60639.24928443 1.18 54.4355660120042 -12.69010374601597 54.443266666666666 -12.615 M517 0.06091182 24.760153 1.0199739 0.9044978 21.449745 0.91962093 decam 5.4919853 9.885417 101 object IBIS_wide_M517_510135 510135 0.058991 924.0 1948.0 0.19039768 1.0003169 -0.0020871963 -0.49997923 0.0021115195 1.0000592 16487004062 413.21375
rawdata/DECam_01342777.fits.fz N4 1342777 420.0 60639.25405607 1.2 54.860592299034074 -12.081103751503479 54.868275000000004 -12.006 M517 0.07067027 24.762562 1.0255215 0.9626418 21.42625 1.0593466 decam 6.544183 6.3354735 71 object IBIS_wide_M517_507150 507150 0.068243 924.0 1948.0 0.28301284 0.9998792 -0.0023863458 -0.21958402 0.0015342722 1.0002494 16832801365 396.4708
rawdata/DECam_01342778.fits.fz N4 1342778 409.0 60639.25927241 1.22 54.046559489884025 -13.038103742868516 54.054270833333334 -12.963 M517 0.05455411 24.762096 1.0283735 1.021408 21.416235 1.204352 decam 3.2336514 3.7481275 91 object IBIS_wide_M517_510132 510132 0.054434 924.0 1948.0 0.5995589 1.0001307 -0.0022210092 -0.32961053 0.00249045 1.0002848 16635887675 339.6017
rawdata/DECam_01342779.fits.fz N4 1342779 500.0 60639.26437682 1.24 54.96760100967038 -11.623103755613888 54.97527083333333 -11.548 M517 0.06257371 24.760317 1.0299844 0.9819392 21.319223 1.2213472 decam 1.8893923 0.91290945 102 object IBIS_wide_M517_507163 507163 0.071603 924.0 1948.0 0.6917103 1.0003319 -0.0019362526 -0.28244442 0.0025226763 1.0000046 17309502100 409.384
rawdata/DECam_01342780.fits.fz N4 1342780 500.0 60639.27053641 1.29 52.086502905290274 -14.615103728490338 52.09426666666667 -14.54 M517 0.068574354 24.757986 1.0360441 0.9818318 21.240509 1.3185458 decam 9.035782 -4.2683387 101 object IBIS_wide_M517_506838 506838 0.071554 924.0 1948.0 -0.07263178 0.99988997 -0.0022200353 -0.21794164 0.00219667 0.9999116 17216748696 379.20563
rawdata/DECam_01342781.fits.fz N4 1342781 500.0 60639.27668147 1.32 54.092611280578076 -11.399103757619267 54.100275 -11.324 M517 0.06478401 24.737398 1.021484 1.0121636 21.136156 1.6020131 decam 4.305136 0.007762068 90 object IBIS_wide_M517_507152 507152 0.064598 924.0 1948.0 -0.16998623 1.0002072 -0.0019841087 -0.14933747 0.0023613102 0.9999271 17434847163 312.1073
rawdata/DECam_01342782.fits.fz N4 1342782 500.0 60639.28282236 1.36 53.22057447354014 -12.407103748569183 53.22826666666667 -12.332 M517 0.065030366 24.737738 1.0283738 1.053958 21.070185 1.8443635 decam 4.0319552 -5.101149 94 object IBIS_wide_M517_510134 510134 0.055132 924.0 1948.0 0.2143029 0.99978435 -0.00207163 -0.46497688 0.0021363266 1.0001032 17613740469 271.09625
rawdata/DECam_01342783.fits.fz N4 1342783 500.0 60639.28898606 1.41 54.635646557484506 -10.000103770075157 54.643274999999996 -9.925 M517 0.056432407 24.724533 1.0241166 0.9950829 21.00017 1.7972422 decam 2.329138 -8.894732 92 object IBIS_wide_M517_510155 510155 0.061911 924.0 1948.0 0.19547395 1.0000125 -0.0020234368 0.07498791 0.0024943687 1.000076 17737064734 278.20404
rawdata/DECam_01342784.fits.fz N4 1342784 500.0 60639.2971197 1.27 131.57372439491954 -5.755103807281987 131.581275 -5.68 M517 0.020721816 24.753336 1.0283159 0.9760295 20.960049 1.7016238 decam -38.059937 -13.955014 277 object IBIS_wide_M517_522192 522192 0.02091 924.0 1948.0 -0.020179447 1.0000371 -0.0017927479 -0.12109046 0.0016692983 1.0000411 18017703394 293.83698
rawdata/DECam_01342785.fits.fz N4 1342785 500.0 60639.30328828 1.25 130.4837374822777 -4.25910382024115 130.49127083333335 -4.184 M517 0.020213967 24.761026 1.032311 1.0518334 20.949207 1.9672403 decam -22.615984 -22.252987 290 object IBIS_wide_M517_519241 519241 0.021189 924.0 1948.0 0.0030428234 1.0004079 -0.0019248067 -0.19450755 0.0018218197 1.0001247 17867482561 254.16315
rawdata/DECam_01342786.fits.fz N4 1342786 500.0 60639.31026285 1.22 131.200731211368 -4.857103815067992 131.20827083333333 -4.782 M517 0.020717757 24.764482 1.0306352 0.98849297 20.94187 1.7386461 decam -24.281874 -22.965557 253 object IBIS_wide_M517_519219 519219 0.02141 924.0 1948.0 0.13088076 1.0002391 -0.0018877044 -0.19586831 0.0017985364 1.000113 18108912936 287.58008
rawdata/DECam_01342787.fits.fz N4 1342787 500.0 60639.31641931 1.2 133.33770874083302 -6.831103797919862 133.34527500000002 -6.756 M517 0.027133858 24.764727 1.027568 0.9393468 20.928396 1.5893883 decam -23.214733 -25.096869 284 object IBIS_wide_M517_519209 519209 0.027687 924.0 1948.0 -0.1516839 1.0005153 -0.0016392737 -0.29254985 0.0016719695 1.0001547 17946192811 314.58646
rawdata/DECam_01342788.fits.fz N4 1342788 500.0 60639.32256077 1.19 132.80172816207906 -5.785103807021473 132.80927916666667 -5.71 M517 0.026164843 24.765175 1.0263456 0.9260956 20.871803 1.626313 decam -15.3313265 -29.182837 241 object IBIS_wide_M517_522197 522197 0.0216 924.0 1948.0 0.061409052 1.0000088 -0.0017775694 0.026546264 0.0017333357 0.99999166 18486558625 307.44388
rawdata/DECam_01342789.fits.fz N4 1342789 500.0 60639.32873608 1.17 133.62271835213537 -6.1931038034756645 133.630275 -6.118 M517 0.026998632 24.767843 1.0255789 0.9233144 20.886477 1.5870667 decam -13.540833 -21.203114 285 object IBIS_wide_M517_522195 522195 0.024552 924.0 1948.0 -0.065626964 1.0001688 -0.0016155218 -0.2924178 0.0018686218 1.0001322 18003762293 315.04663
rawdata/DECam_01342790.fits.fz N4 1342790 500.0 60639.33489889 1.16 131.53673563107517 -4.444103818641671 131.54427083333334 -4.369 M517 0.023478225 24.772863 1.0286833 0.90235454 20.865494 1.5313911 decam -13.061591 -18.002031 251 object IBIS_wide_M517_522205 522205 0.020638 924.0 1948.0 0.35075 0.9999532 -0.001855322 -0.09655857 0.001707611 1.0001465 18306005688 326.50052
rawdata/DECam_01342791.fits.fz N4 1342791 500.0 60639.34106541 1.14 134.72971162688438 -6.646103799532334 134.737275 -6.571 M517 0.03167059 24.773115 1.0256292 0.9301341 20.73424 1.8350353 decam -14.458114 -18.491806 250 object IBIS_wide_M517_519124 519124 0.032384 924.0 1948.0 0.322997 1.0001019 -0.0015742995 -0.15941085 0.0013934626 1.0000174 18454014502 272.47433
rawdata/DECam_01342792.fits.fz N4 1342792 500.0 60639.34721583 1.13 133.99971623589371 -6.048103804736426 134.00727083333334 -5.973 M517 0.029341673 24.774847 1.0256214 0.901353 20.343111 2.4631486 decam -10.496272 -23.204308 227 object IBIS_wide_M517_519210 519210 0.025137 924.0 1948.0 0.1272094 1.0003562 -0.0017497853 -0.08431391 0.0016548844 1.0002042 19917956438 202.99222
