logs/db-2026-05-12.ecsv
# %ECSV 1.0
# ---
# datatype:
# - {name: filename, datatype: string}
# - {name: extension, datatype: string}
# - {name: expnum, datatype: int64}
# - {name: exptime, datatype: float32}
# - {name: mjd_obs, datatype: float64}
# - {name: airmass, datatype: float32}
# - {name: racenter, datatype: float64}
# - {name: deccenter, datatype: float64}
# - {name: rabore, datatype: float64}
# - {name: decbore, datatype: float64}
# - {name: band, datatype: string}
# - {name: ebv, datatype: float32}
# - {name: zeropoint, datatype: float32}
# - {name: transparency, datatype: float32}
# - {name: seeing, datatype: float32}
# - {name: sky, datatype: float32}
# - {name: expfactor, datatype: float32}
# - {name: camera, datatype: string}
# - {name: dx, datatype: float32}
# - {name: dy, datatype: float32}
# - {name: nmatched, datatype: int64}
# - {name: obstype, datatype: string}
# - {name: object, datatype: string}
# - {name: tileid, datatype: int64}
# - {name: tileebv, datatype: float32}
# - {name: affine_x0, datatype: float32}
# - {name: affine_y0, datatype: float32}
# - {name: affine_dx, datatype: float32}
# - {name: affine_dxx, datatype: float32}
# - {name: affine_dxy, datatype: float32}
# - {name: affine_dy, datatype: float32}
# - {name: affine_dyx, datatype: float32}
# - {name: affine_dyy, datatype: float32}
# - {name: checksum, datatype: string}
# - {name: efftime, datatype: float32}
# schema: astropy-2.0
filename extension expnum exptime mjd_obs airmass racenter deccenter rabore decbore band ebv zeropoint transparency seeing sky expfactor camera dx dy nmatched obstype object tileid tileebv affine_x0 affine_y0 affine_dx affine_dxx affine_dxy affine_dy affine_dyx affine_dyy checksum efftime
/home/declsp/obsbot/rawdata/DECam_01479415.fits.fz N4 1479415 10.0 61172.95056282 1.0 140.7920847107513 -28.908992473823915 140.80066666666667 -28.83388888888889 r 0.13216326 26.0832 0.508253 7.0124364 17.807043 2119.6523 decam 10.0814 -11.699532 147 object focus 0 0.0 924.0 1948.0 -0.14037675 1.0003296 -0.0017432318 -0.22624512 0.001974726 0.99985445 21252534642 0.0047177547
/home/declsp/obsbot/rawdata/DECam_01479416.fits.fz N4 1479416 10.0 61172.95096878 1.0 140.7920847107513 -28.908992473823915 140.80066666666667 -28.83388888888889 r 0.13216326 25.987797 0.4654987 5.9988623 17.927546 1654.9891 decam 6.312298 -20.938557 94 object focus 0 0.0 924.0 1948.0 0.02244731 1.0003494 -0.0016696098 -0.32031658 0.0018706328 1.0003494 20638064144 0.0060423356
/home/declsp/obsbot/rawdata/DECam_01479417.fits.fz N4 1479417 10.0 61172.95137954 1.0 140.7920847107513 -28.908992473823915 140.80066666666667 -28.83388888888889 r 0.13216326 26.14292 0.53699243 7.3271656 18.049862 1657.6495 decam -6.870128 -10.349533 171 object focus 0 0.0 924.0 1948.0 -0.3135496 1.0007279 -0.0013516712 -0.17580621 0.0017696884 0.9997975 20082613972 0.0060326383
/home/declsp/obsbot/rawdata/DECam_01479418.fits.fz N4 1479418 10.0 61172.9518041 1.0 140.7920847107513 -28.908992473823915 140.80066666666667 -28.83388888888889 r 0.13216326 26.479376 0.73206574 5.7383456 18.17504 487.49734 decam 5.755867 -9.6491585 230 object focus 0 0.0 924.0 1948.0 -0.4027422 1.0001107 -0.0012374553 -0.105379045 0.0015023013 1.0000292 19575731103 0.020512933
/home/declsp/obsbot/rawdata/DECam_01479419.fits.fz N4 1479419 10.0 61172.95223009 1.0 140.7920847107513 -28.908992473823915 140.80066666666667 -28.83388888888889 r 0.13216326 26.699392 0.89651406 4.024248 18.300062 142.48856 decam 2.4391544 -10.305071 265 object focus 0 0.0 924.0 1948.0 -0.62396073 1.0010035 -0.0016235036 -0.35267714 0.0014319336 0.99980325 19125515958 0.07018107
/home/declsp/obsbot/rawdata/DECam_01479420.fits.fz N4 1479420 10.0 61172.95265994 1.0 140.7920847107513 -28.908992473823915 140.80066666666667 -28.83388888888889 r 0.13216326 26.757126 0.94547564 3.2538958 18.424337 74.70612 decam 13.696932 -7.287932 287 object focus 0 0.0 924.0 1948.0 -0.14271146 1.0002898 -0.0017350515 -0.17189245 0.0017112482 0.99993294 18755731419 0.13385783
/home/declsp/obsbot/rawdata/DECam_01479421.fits.fz N4 1479421 30.0 61172.95354986 1.0 140.7920847107513 -28.908992473823915 140.80066666666667 -28.83388888888889 r 0.13216326 26.79109 0.97551966 2.2468798 18.70948 25.73912 decam 18.815432 -3.040931 467 object pointing 0 0.0 924.0 1948.0 0.039979704 1.0002314 -0.001812719 -0.17786002 0.0017077513 1.0000005 23278312740 1.1655409
/home/declsp/obsbot/rawdata/DECam_01479424.fits.fz N4 1479424 10.0 61172.95676506 1.0 140.7920847107513 -28.908992473823915 140.80066666666667 -28.83388888888889 r 0.13216326 26.815977 0.99813867 1.1204075 19.514006 2.9182246 decam 4.305065 36.954964 592 object focus 0 0.0 924.0 1948.0 0.19836356 1.0001229 -0.0017820194 -0.22197606 0.0017604185 0.99993366 16662611229 3.4267411
/home/declsp/obsbot/rawdata/DECam_01479425.fits.fz N4 1479425 10.0 61172.95719411 1.0 140.7920847107513 -28.908992473823915 140.80066666666667 -28.83388888888889 r 0.13216326 26.81941 1.001299 0.96104956 19.618214 1.9397283 decam 10.325203 44.48385 640 object focus 0 0.0 924.0 1948.0 0.27444726 0.99997336 -0.0017090183 -0.17574173 0.0017913585 0.9999244 16567436609 5.155361
/home/declsp/obsbot/rawdata/DECam_01479426.fits.fz N4 1479426 10.0 61172.95898427 1.02 130.3761489802335 -32.93424242676747 130.3851 -32.859138888888886 M490 0.33464447 24.967684 0.9923149 0.9713434 20.40045 2.7993436 decam -24.452291 65.09779 906 object "LTT3218 N4" 0 0.0 924.0 1948.0 0.10117167 0.999962 -0.0021158736 -0.09582815 0.002260461 0.99994993 15483733725 3.572266
/home/declsp/obsbot/rawdata/DECam_01479427.fits.fz N4 1479427 10.0 61172.95941389 1.03 130.00609898023347 -32.93424242676747 130.01505 -32.859138888888886 M490 0.29259276 24.96264 0.98951024 1.12832 20.50966 3.445291 decam -10.20184 68.15592 1117 object "LTT3218 N5" 0 0.0 924.0 1948.0 0.15139359 0.9999626 -0.002045478 -0.2333537 0.002344093 0.9998891 15470060007 2.9025123
/home/declsp/obsbot/rawdata/DECam_01479428.fits.fz N4 1479428 10.0 61172.95984358 1.02 130.74619871054136 -33.10090964695198 130.75516666666667 -33.02580611111111 M490 0.41609186 24.969255 0.99375284 1.1314963 20.528406 3.3641272 decam 2.2865393 81.85722 793 object "LTT3218 S3" 0 0.0 924.0 1948.0 0.08150206 1.0001761 -0.0021106827 0.016384305 0.0018824 1.0000395 15492027964 2.9725392
/home/declsp/obsbot/rawdata/DECam_01479429.fits.fz N4 1479429 10.0 61172.96028688 1.03 130.37613204387472 -33.100909646952 130.3851 -33.02580611111111 M490 0.3320199 24.953411 0.9811349 1.1172047 20.683376 2.9277978 decam -7.0747867 69.11258 897 object "LTT3218 S4" 0 0.0 924.0 1948.0 -0.14723775 0.99986786 -0.002046028 -0.20470084 0.0020725627 0.9999937 15454550569 3.4155364
/home/declsp/obsbot/rawdata/DECam_01479430.fits.fz N4 1479430 10.0 61172.96071727 1.03 130.00608204387473 -33.10090964695198 130.01505 -33.02580611111111 M490 0.27418688 24.965672 0.9922761 1.0608376 20.770672 2.382006 decam -18.499159 61.97719 1091 object "LTT3218 S5" 0 0.0 924.0 1948.0 0.32625827 1.0001736 -0.0021751488 -0.07733636 0.002087299 0.9999796 15450204991 4.1981425
/home/declsp/obsbot/rawdata/DECam_01479431.fits.fz N4 1479431 15.0 61172.96234416 1.02 158.0489082850337 -35.62021461516044 158.05815 -35.54511111111111 M490 0.09512646 24.986303 1.0094798 1.0963151 21.207811 1.6371652 decam 4.95511 31.180864 305 object "LTT3864 N4" 0 0.0 924.0 1948.0 0.13753787 1.0002115 -0.0011959752 0.023478739 0.0010579893 1.0000314 15449071848 9.162179
/home/declsp/obsbot/rawdata/DECam_01479432.fits.fz N4 1479432 15.0 61172.96284491 1.02 157.66682911836705 -35.62021461516044 157.67607083333334 -35.54511111111111 M490 0.097239666 24.984846 1.0081255 1.012855 21.307884 1.2782291 decam -5.977236 22.905067 247 object "LTT3864 N5" 0 0.0 924.0 1948.0 0.08141814 1.0002973 -0.001219766 -0.049176745 0.0010747035 1.0000416 15444550754 11.734985
/home/declsp/obsbot/rawdata/DECam_01479433.fits.fz N4 1479433 15.0 61172.96330951 1.02 158.43095561147695 -35.78688155743227 158.44021666666666 -35.711778055555556 M490 0.09434271 24.985752 1.0089662 0.9777061 21.345201 1.1490988 decam -8.066201 23.712843 298 object "LTT3864 S3" 0 0.0 924.0 1948.0 0.09284358 1.0000412 -0.0010715375 -0.05112764 0.00075178343 1.0000757 15438616794 13.053708
/home/declsp/obsbot/rawdata/DECam_01479434.fits.fz N4 1479434 15.0 61172.96377776 1.02 158.0488889448103 -35.78688155743227 158.05815 -35.711778055555556 M490 0.10869775 24.985966 1.0091659 0.96037143 21.535667 0.9300421 decam -1.5233803 16.948807 326 object "LTT3864 S4" 0 0.0 924.0 1948.0 0.22204214 1.0000937 -0.0010575488 -0.038820993 0.0009935172 1.0000042 15440150769 16.128302
/home/declsp/obsbot/rawdata/DECam_01479435.fits.fz N4 1479435 15.0 61172.96427646 1.02 157.66680977814363 -35.78688155743227 157.67607083333334 -35.711778055555556 M490 0.09514436 24.99153 1.0143499 0.96483886 21.60806 0.86919004 decam -16.41531 25.803783 324 object "LTT3864 S5" 0 0.0 924.0 1948.0 -0.14705856 0.9998929 -0.0010514779 0.11612597 0.0011401995 1.0000842 15434239171 17.257446
/home/declsp/obsbot/rawdata/DECam_01479436.fits.fz N4 1479436 150.0 61172.9658692 1.16 151.4440832607939 -0.14959580007872947 151.45159583333333 -0.07449194444444444 M490 0.040781684 24.980217 1.0296619 1.1070365 21.542051 1.2408005 decam -16.898443 56.788296 147 object "Pal3 position 10" 0 0.0 924.0 1948.0 0.32813793 1.0000786 -0.001293432 -0.02319734 0.001255253 0.9999188 15905923150 120.8897
/home/declsp/obsbot/rawdata/DECam_01479437.fits.fz N4 1479437 150.0 61172.96792719 1.16 151.4263374244812 0.1580591972766452 151.43385 0.23316305555555555 M490 0.039672267 24.971918 1.0218225 1.1030202 21.665833 1.1160331 decam -16.111046 51.57046 148 object "Pal3 position 11" 0 0.0 924.0 1948.0 -0.20257449 1.0001708 -0.0013470635 -0.11862067 0.0013140824 0.9999091 15848925225 134.40462
/home/declsp/obsbot/rawdata/DECam_01479438.fits.fz N4 1479438 150.0 61172.97000545 1.16 151.22272911003418 -0.09207080057321967 151.23024166666667 -0.016966944444444444 M490 0.04133038 24.966513 1.0167474 1.0788147 21.742214 1.0051181 decam -2.807399 66.91694 128 object "Pal3 position 12" 0 0.0 924.0 1948.0 0.09493509 0.9996017 -0.0012319416 -0.045083214 0.0011171855 1.0000299 15818896475 149.23619
/home/declsp/obsbot/rawdata/DECam_01479439.fits.fz N4 1479439 35.0 61172.97224462 1.12 156.65174561931116 -4.279103820068271 156.65927916666666 -4.204 M490 0.042882897 24.965588 1.0085349 1.0174063 21.814945 0.8376764 decam -0.23224986 45.705544 86 object "pointing test" 0 0.0 924.0 1948.0 0.20690674 1.0002725 -0.0012061788 -0.045770768 0.0011495148 0.99977565 15473304955 41.782246
/home/declsp/obsbot/rawdata/DECam_01479440.fits.fz N4 1479440 0.0 61172.97296489 0.0 0.0 0.0 156.65974583333335 -4.203861111111111 solid 0.0 0.0 0.0 0.0 0.0 0.0 decam 0.0 0.0 -1 zero "" 0 0.0 0.0 0.0 0.0 0.0 0.0 0.0 0.0 0.0 "" 0.0
/home/declsp/obsbot/rawdata/DECam_01479441.fits.fz N4 1479441 641.4157 61172.97559583 1.13 159.1297545913064 -3.240103829038386 159.13727916666667 -3.165 M490 0.054800212 24.9814 1.0251882 1.091376 21.885912 0.8767227 decam 4.0985246 -11.07759 151 object IBIS_wide_M490_428429 428429 0.055074 924.0 1948.0 0.12655008 0.99997747 -0.0009881958 -0.0047481568 0.0011489277 0.99993753 17133325820 731.60614
/home/declsp/obsbot/rawdata/DECam_01479442.fits.fz N4 1479442 509.7466 61172.98338014 1.13 161.4577513323215 -3.652103825483953 161.46527916666665 -3.577 M490 0.052955408 24.975454 1.0195904 1.0002278 21.87404 0.7529907 decam 18.028425 2.541312 146 object IBIS_wide_M490_425479 425479 0.044047 924.0 1948.0 0.1079104 1.0000521 -0.00092664594 0.08963818 0.00095814205 0.999855 16736335538 676.96265
/home/declsp/obsbot/rawdata/DECam_01479443.fits.fz N4 1479443 494.0367 61172.98961761 1.12 162.98175129036247 -3.657103825440798 162.98927916666668 -3.582 M490 0.04031695 24.983242 1.0250688 0.93494403 21.871098 0.6505293 decam 7.549909 -8.313681 148 object IBIS_wide_M490_425231 425231 0.039076 924.0 1948.0 0.017898457 0.9998827 -0.0007197145 -0.015056467 0.0007798525 0.9998675 16957598388 759.43805
/home/declsp/obsbot/rawdata/DECam_01479444.fits.fz N4 1479444 592.0661 61172.99564904 1.12 161.9537454722949 -3.3441038281414386 161.96127083333332 -3.269 M490 0.037766654 24.9772 1.0193793 0.969239 21.881113 0.7003243 decam 7.5707636 3.992437 129 object IBIS_wide_M490_428465 428465 0.041716 924.0 1948.0 -0.031983025 1.000162 -0.0009072813 -0.13250726 0.00072524 1.000093 17046680535 845.41705
/home/declsp/obsbot/rawdata/DECam_01479445.fits.fz N4 1479445 671.0356 61173.00300205 1.12 167.36674709849257 -3.660103825414904 167.37427499999998 -3.585 M490 0.06104764 24.953 0.9969095 1.0292339 21.89185 0.8173348 decam 10.961496 5.8180037 129 object IBIS_wide_M490_425234 425234 0.057427 924.0 1948.0 0.080499016 0.99998754 -0.0007524069 0.05607805 0.0006394335 0.999934 17079195706 821.0046
/home/declsp/obsbot/rawdata/DECam_01479446.fits.fz N4 1479446 617.8059 61173.01110915 1.12 166.2047454108243 -3.3521038280724342 166.21227083333332 -3.277 M490 0.059537165 24.977398 1.0195653 0.9935535 21.890116 0.7294654 decam 2.2629871 15.579454 123 object IBIS_wide_M490_428221 428221 0.0578 924.0 1948.0 0.17730226 1.0000498 -0.0007383952 0.05664507 0.00072881137 0.99993694 16925176006 846.9297
/home/declsp/obsbot/rawdata/DECam_01479447.fits.fz N4 1479447 469.9069 61173.01857562 1.12 167.3957453028953 -3.366103827951675 167.40327083333332 -3.291 M490 0.05607566 24.983105 1.0249381 0.9703038 21.879053 0.69558614 decam -0.38017747 27.399733 129 object IBIS_wide_M490_428220 428220 0.055731 924.0 1948.0 -0.015207272 1.0001854 -0.00057803676 0.0792374 0.000948501 0.9999178 16681332589 675.5553
/home/declsp/obsbot/rawdata/DECam_01479448.fits.fz N4 1479448 337.1578 61173.02440101 1.12 171.4447522001138 -3.5471038263901113 171.45227916666667 -3.472 M490 0.06419087 24.977228 1.0194066 0.9386669 21.8968 0.64749944 decam -10.352604 23.788862 147 object IBIS_wide_M490_425303 425303 0.054564 924.0 1948.0 -0.01354852 0.9999644 -0.0005702829 -0.18811305 0.0006074858 0.9999343 16279694514 520.70746
/home/declsp/obsbot/rawdata/DECam_01479449.fits.fz N4 1479449 346.1678 61173.02861349 1.12 171.78675362077328 -3.3681038279344238 171.79427916666668 -3.293 M490 0.06091485 24.960285 1.0036215 0.97503394 21.892332 0.72361517 decam -11.153782 29.578745 120 object IBIS_wide_M490_428289 428289 0.052074 924.0 1948.0 -0.012735944 1.0001534 -0.00047153755 0.13544875 0.00065424526 0.9998446 16246810694 478.38657
/home/declsp/obsbot/rawdata/DECam_01479450.fits.fz N4 1479450 345.1877 61173.03294809 1.12 173.2457449294181 -3.414103827537616 173.25327083333335 -3.339 M490 0.042210512 24.969694 1.0123571 1.0511551 21.894665 0.8244818 decam -2.807506 22.207188 140 object IBIS_wide_M490_428288 428288 0.039582 924.0 1948.0 0.0022138893 1.0001209 -0.00047685768 0.030778179 0.0007190757 1.000006 16255244601 418.67233
/home/declsp/obsbot/rawdata/DECam_01479451.fits.fz N4 1479451 321.5278 61173.03727399 1.12 174.54474583045177 -3.297103828546813 174.55227083333332 -3.222 M490 0.030650474 24.97406 1.0164363 0.99601233 21.911118 0.72346133 decam -12.47258 23.191486 140 object IBIS_wide_M490_428267 428267 0.02948 924.0 1948.0 -0.2494385 1.0003546 -0.0003602299 0.086787395 7.469016e-05 0.9998448 16162392895 444.42984
/home/declsp/obsbot/rawdata/DECam_01479452.fits.fz N4 1479452 281.5181 61173.04149424 1.12 179.70675457643253 -3.2421038290211386 179.71427916666664 -3.167 M490 0.022780066 24.97653 1.0187513 0.9716224 21.902054 0.69117147 decam -13.654254 16.980898 136 object IBIS_wide_M490_424985 424985 0.026863 924.0 1948.0 0.0032493083 1.0001919 -0.00018636872 0.12345396 0.00028661193 0.9999287 16474947385 407.30573
/home/declsp/obsbot/rawdata/DECam_01479453.fits.fz N4 1479453 276.7781 61173.04507365 1.13 180.26475548116656 -3.1181038300903405 180.27227916666666 -3.043 M490 0.02904329 24.96456 1.009411 0.95869696 21.889248 0.69611907 decam -13.8197975 19.417742 154 object IBIS_wide_M490_434265 434265 0.027474 924.0 1948.0 -0.041438293 1.0001967 -9.5678755e-05 0.05882374 2.6891621e-05 0.999959 16066243899 397.60168
/home/declsp/obsbot/rawdata/DECam_01479454.fits.fz N4 1479454 312.928 61173.04859647 1.12 177.68274722637977 -3.1071038301851766 177.69027083333333 -3.032 M490 0.022534462 25.000803 1.041782 1.3170354 21.898556 1.2168635 decam -11.257949 41.576057 187 object IBIS_wide_M490_425286 425286 0.021701 924.0 1948.0 -0.048817024 1.0000731 -0.0001410867 0.155204 0.0002922381 0.99994385 16181701999 257.1595
/home/declsp/obsbot/rawdata/DECam_01479455.fits.fz N4 1479455 335.6878 61173.05254269 1.12 180.31175259841532 -2.9331038316850546 180.319275 -2.858 M490 0.029535435 24.97215 1.0146511 1.1170497 21.88045 0.9388581 decam -8.701926 26.785751 172 object IBIS_wide_M490_433963 433963 0.027087 924.0 1948.0 0.014599895 1.0000334 -0.00010311447 0.006091371 4.3478223e-05 0.99998355 16382744905 357.54904
/home/declsp/obsbot/rawdata/DECam_01479456.fits.fz N4 1479456 414.1272 61173.05793811 1.13 184.50075808320506 -2.730103833434324 184.50827916666668 -2.655 M490 0.032342777 24.971483 1.0158677 1.1111815 21.862396 0.9457798 decam -0.031985532 -14.998281 146 object IBIS_wide_M490_434528 434528 0.032141 924.0 1948.0 -0.067735374 0.999979 3.0245668e-05 0.07310271 3.819544e-05 0.9999143 16532748146 437.86853
/home/declsp/obsbot/rawdata/DECam_01479457.fits.fz N4 1479457 336.6077 61173.06305584 1.13 184.86975885364248 -2.6041038345197776 184.87727916666665 -2.529 M490 0.03227395 24.974096 1.0183166 1.0398557 21.861908 0.82488924 decam 4.0233674 -12.344868 131 object IBIS_wide_M490_431543 431543 0.031615 924.0 1948.0 -0.21433106 0.9999661 9.712129e-05 0.060566034 -6.9639864e-05 0.99997455 16278296493 408.06412
