logs/db-2026-05-12.ecsv
# %ECSV 1.0
# ---
# datatype:
# - {name: filename, datatype: string}
# - {name: extension, datatype: string}
# - {name: expnum, datatype: int64}
# - {name: exptime, datatype: float32}
# - {name: mjd_obs, datatype: float64}
# - {name: airmass, datatype: float32}
# - {name: racenter, datatype: float64}
# - {name: deccenter, datatype: float64}
# - {name: rabore, datatype: float64}
# - {name: decbore, datatype: float64}
# - {name: band, datatype: string}
# - {name: ebv, datatype: float32}
# - {name: zeropoint, datatype: float32}
# - {name: transparency, datatype: float32}
# - {name: seeing, datatype: float32}
# - {name: sky, datatype: float32}
# - {name: expfactor, datatype: float32}
# - {name: camera, datatype: string}
# - {name: dx, datatype: float32}
# - {name: dy, datatype: float32}
# - {name: nmatched, datatype: int64}
# - {name: obstype, datatype: string}
# - {name: object, datatype: string}
# - {name: tileid, datatype: int64}
# - {name: tileebv, datatype: float32}
# - {name: affine_x0, datatype: float32}
# - {name: affine_y0, datatype: float32}
# - {name: affine_dx, datatype: float32}
# - {name: affine_dxx, datatype: float32}
# - {name: affine_dxy, datatype: float32}
# - {name: affine_dy, datatype: float32}
# - {name: affine_dyx, datatype: float32}
# - {name: affine_dyy, datatype: float32}
# - {name: checksum, datatype: string}
# - {name: efftime, datatype: float32}
# schema: astropy-2.0
filename extension expnum exptime mjd_obs airmass racenter deccenter rabore decbore band ebv zeropoint transparency seeing sky expfactor camera dx dy nmatched obstype object tileid tileebv affine_x0 affine_y0 affine_dx affine_dxx affine_dxy affine_dy affine_dyx affine_dyy checksum efftime
[from data line 82]
/home/declsp/obsbot/rawdata/DECam_01479499.fits.fz N4 1479499 642.0358 61173.25084959 1.21 237.40775786973037 2.0008961258729716 237.415275 2.076 M490 0.12690252 24.937307 0.99878246 1.0640832 21.751667 1.0230181 decam -1.2090422 10.763419 323 object IBIS_wide_M490_440648 440648 0.11229 924.0 1948.0 -0.074235305 1.0001577 0.0017951707 0.1628614 -0.0019602329 1.0000284 17319345098 627.5899
/home/declsp/obsbot/rawdata/DECam_01479500.fits.fz N4 1479500 511.8967 61173.25861335 1.21 239.88076324952937 1.7158961283254313 239.88827916666668 1.791 M490 0.08341847 24.952852 1.0131853 0.98136324 21.801073 0.80828065 decam 8.672312 7.034036 375 object IBIS_wide_M490_437658 437658 0.091155 924.0 1948.0 -0.06533696 1.0003793 0.0018946533 0.23686865 -0.0019397896 0.9999753 16875836721 633.31555
/home/declsp/obsbot/rawdata/DECam_01479501.fits.fz N4 1479501 511.0967 61173.26486039 1.21 242.39576794748467 1.5748961295384758 242.40328333333332 1.65 M490 0.102769926 24.961002 1.0208195 1.0021673 21.784172 0.84328985 decam -3.8263361 8.883691 383 object IBIS_wide_M490_440316 440316 0.097053 924.0 1948.0 -0.3348728 1.0001283 0.002014436 0.17537425 -0.002014392 1.0000036 18516159780 606.07477
/home/declsp/obsbot/rawdata/DECam_01479502.fits.fz N4 1479502 510.5867 61173.27109212 1.21 243.26476519979462 1.1138961335034605 243.27227916666664 1.189 M490 0.09400219 24.956682 1.0167664 0.98675925 21.796852 0.81458586 decam 6.05434 11.219955 485 object IBIS_wide_M490_437335 437335 0.098665 924.0 1948.0 -0.30108792 1.0001129 0.0019790013 0.22477564 -0.0019327508 0.99997234 16848709564 626.80524
/home/declsp/obsbot/rawdata/DECam_01479503.fits.fz N4 1479503 439.1171 61173.27732581 1.22 245.54176284093177 1.816896127456404 245.54927916666668 1.892 M490 0.064334355 24.966078 1.0274659 0.97669065 21.79111 0.7885564 decam 1.1928027 14.1595125 520 object IBIS_wide_M490_437337 437337 0.069637 924.0 1948.0 -0.31266955 1.000011 0.0020274422 0.22943814 -0.0019423114 1.0000111 16620394114 556.862
/home/declsp/obsbot/rawdata/DECam_01479504.fits.fz N4 1479504 395.0074 61173.28274685 1.21 246.26276940193543 1.0998961336238502 246.2702833333333 1.175 M490 0.072349034 24.961187 1.0209938 0.97933954 21.77121 0.8148004 decam -1.6245475 4.699553 554 object IBIS_wide_M490_437315 437315 0.073553 924.0 1948.0 -0.5466976 1.0001601 0.0020432677 0.17175849 -0.0019745484 1.00004 17033208210 484.79037
/home/declsp/obsbot/rawdata/DECam_01479505.fits.fz N4 1479505 422.6272 61173.28763957 1.23 246.99476790040842 1.587896129426642 247.0022833333333 1.663 M490 0.062177084 24.966967 1.0301743 0.9969175 21.758732 0.84494984 decam -0.46534953 8.123721 523 object IBIS_wide_M490_437316 437316 0.064659 924.0 1948.0 -0.20537837 1.0000898 0.0020193793 0.28276297 -0.0019225157 1.0001738 17727888226 500.1802
/home/declsp/obsbot/rawdata/DECam_01479506.fits.fz N4 1479506 270.7181 61173.29286295 1.22 249.26076103312803 1.1138961335034605 249.26827500000002 1.189 M490 0.068624794 24.957245 1.0191405 1.0202636 21.779745 0.88360864 decam -5.5324717 9.534983 631 object IBIS_wide_M490_437351 437351 0.075045 924.0 1948.0 -0.005911768 1.0002296 0.0020424153 0.038783327 -0.002025324 1.0000614 16180132662 306.37784
/home/declsp/obsbot/rawdata/DECam_01479507.fits.fz N4 1479507 419.8372 61173.29631811 1.24 250.20975936549505 2.5168961214304764 250.21727916666666 2.592 M490 0.07586501 24.962227 1.0275491 0.98321027 21.783678 0.81030744 decam -12.058292 10.019431 669 object IBIS_wide_M490_440340 440340 0.067599 924.0 1948.0 -0.4452944 1.0001546 0.002066824 0.246834 -0.001922182 1.0001271 16744203355 518.12085
/home/declsp/obsbot/rawdata/DECam_01479508.fits.fz N4 1479508 479.9068 61173.30307866 1.3 308.7445231661483 -14.273103731625252 308.752275 -14.198 M490 0.032278277 24.964582 1.0410532 1.061956 21.57808 1.1370107 decam -30.46223 -32.444305 700 object IBIS_wide_M490_451985 451985 0.038235 924.0 1948.0 -0.09935959 1.00008 0.001816058 0.15412423 -0.0020083347 1.0001804 17135820590 422.07764
/home/declsp/obsbot/rawdata/DECam_01479509.fits.fz N4 1479509 507.1366 61173.30896903 1.28 307.87057796021895 -12.430103748361887 307.8782708333333 -12.355 M490 0.045344483 24.962938 1.0357134 1.0061538 21.587826 1.0148606 decam -18.196295 -38.08155 763 object IBIS_wide_M490_451994 451994 0.048053 924.0 1948.0 0.011630731 1.0002639 0.0018287734 0.23352095 -0.002027603 1.0001847 17338307501 499.71057
/home/declsp/obsbot/rawdata/DECam_01479510.fits.fz N4 1479510 159.4389 61173.3151389 1.25 309.01053904128014 -13.677103737065861 309.01827083333336 -13.602 M490 0.042734645 24.968304 1.0351931 0.91469204 21.562254 0.85072726 decam -17.58242 -41.94338 661 object IBIS_wide_M490_449000 449000 0.039854 924.0 1948.0 -0.11899063 1.0000932 0.0018506183 0.0502367 -0.0019196002 1.0001824 15963785892 187.41483
/home/declsp/obsbot/rawdata/DECam_01479511.fits.fz N4 1479511 421.0472 61173.31729512 1.24 309.99950624991334 -14.520103729362118 310.0072666666666 -14.445 M490 0.045035243 24.969118 1.034093 0.9612718 21.544418 0.9534355 decam -14.844225 -42.153694 601 object IBIS_wide_M490_451984 451984 0.040883 924.0 1948.0 0.043812636 1.0001365 0.0018695019 0.12103023 -0.002020778 1.0001433 16946906900 441.6106
/home/declsp/obsbot/rawdata/DECam_01479512.fits.fz N4 1479512 521.1465 61173.32397346 1.22 309.1035688141581 -12.73510374560946 309.1112708333333 -12.66 M490 0.051384278 24.96932 1.0305386 1.0315728 21.517626 1.1246046 decam 15.195711 2.9093928 719 object IBIS_wide_M490_449017 449017 0.046726 924.0 1948.0 -0.16440864 1.0003517 0.0018356506 0.19061221 -0.0019567562 1.0001309 18484306291 463.4042
/home/declsp/obsbot/rawdata/DECam_01479513.fits.fz N4 1479513 676.5455 61173.33032251 1.2 310.87849301447113 -14.892103725944098 310.8862666666667 -14.817 M490 0.04517143 24.966124 1.023786 1.1655016 21.46611 1.5134511 decam 20.542278 3.2866387 613 object IBIS_wide_M490_451962 451962 0.045202 924.0 1948.0 0.029713964 1.0002784 0.0018745069 0.16918692 -0.002121164 1.0001705 18200885172 447.0217
/home/declsp/obsbot/rawdata/DECam_01479514.fits.fz N4 1479514 629.2358 61173.33849906 1.17 308.714600542701 -11.790103754116707 308.722275 -11.715 M490 0.052300535 24.977875 1.0293093 1.1212299 21.460485 1.3779864 decam 23.209387 -3.5849264 707 object IBIS_wide_M490_452005 452005 0.050563 924.0 1948.0 -0.11838625 1.0001069 0.0019345684 0.27081436 -0.0019675405 1.000171 17952213631 456.63425
/home/declsp/obsbot/rawdata/DECam_01479515.fits.fz N4 1479515 324.9478 61173.34612187 1.15 311.30750248108774 -14.627103728380169 311.3152666666666 -14.552 M490 0.03995803 24.977537 1.0252626 1.1060599 21.418861 1.3942976 decam 31.758947 -3.6537156 577 object IBIS_wide_M490_448987 448987 0.047446 924.0 1948.0 -0.08662304 1.0001786 0.0018825077 0.2733997 -0.0020164864 1.0001705 16718556370 233.05486
/home/declsp/obsbot/rawdata/DECam_01479516.fits.fz N4 1479516 592.4761 61173.35021434 1.13 309.44658615719 -12.293103749596114 309.454275 -12.218 M490 0.048696212 24.987045 1.0305332 1.0965466 21.409988 1.3577251 decam 27.746073 -9.038252 708 object IBIS_wide_M490_452003 452003 0.048059 924.0 1948.0 -0.06450946 1.0000528 0.0018692642 0.37376 -0.0021430121 1.00012 18056162873 436.37408
/home/declsp/obsbot/rawdata/DECam_01479517.fits.fz N4 1479517 598.7261 61173.35742035 1.12 312.1804977535753 -14.760103727158276 312.18826666666666 -14.685 M490 0.05837351 24.982506 1.0243742 1.0525609 21.40321 1.2696129 decam 32.076706 -13.691728 550 object IBIS_wide_M490_451971 451971 0.056063 924.0 1948.0 -0.12845874 0.9999672 0.0018256522 0.2141264 -0.0019502557 1.0000864 17862979303 471.5816
/home/declsp/obsbot/rawdata/DECam_01479518.fits.fz N4 1479518 494.3468 61173.36466845 1.11 311.41955673715927 -13.12610374207122 311.4272708333333 -13.051 M490 0.04130904 24.992455 1.0319299 1.0132204 21.419708 1.1379007 decam 34.371147 -10.275899 642 object IBIS_wide_M490_451996 451996 0.046626 924.0 1948.0 -0.089349605 1.0002383 0.0018661966 0.2982553 -0.002019102 1.0000664 17522077559 434.43756
/home/declsp/obsbot/rawdata/DECam_01479519.fits.fz N4 1479519 544.9364 61173.37071001 1.1 313.0025143851473 -14.286103731506262 313.01026666666667 -14.211 M490 0.050682597 24.9988 1.0360967 1.0184214 21.3919 1.1657027 decam 34.465504 -11.887373 505 object IBIS_wide_M490_451972 451972 0.054689 924.0 1948.0 -0.49502048 1.0001657 0.0018804314 0.09864456 -0.001688148 1.0000355 17756967056 467.4746
/home/declsp/obsbot/rawdata/DECam_01479520.fits.fz N4 1479520 535.7766 61173.37738529 1.1 316.1145341522331 -13.825103735717455 316.12227083333335 -13.75 M490 0.041515302 24.99283 1.0304147 1.0044322 21.357328 1.1836089 decam 25.019663 -15.94376 419 object IBIS_wide_M490_449025 449025 0.047383 924.0 1948.0 -0.12664685 1.0002729 0.0016868707 0.22118919 -0.0017317195 1.0002046 17695405516 452.66354
/home/declsp/obsbot/rawdata/DECam_01479521.fits.fz N4 1479521 699.3055 61173.38390234 1.1 318.1905090112697 -14.560103728995141 318.1982708333333 -14.485 M490 0.0919273 24.983643 1.0217319 0.99296033 21.279243 1.2642714 decam 26.313057 -14.407044 374 object IBIS_wide_M490_450894 450894 0.073849 924.0 1948.0 -0.2645956 1.0002377 0.0017031094 0.29211128 -0.0016010451 1.0001131 18652581200 553.1293
/home/declsp/obsbot/rawdata/DECam_01479522.fits.fz N4 1479522 465.427 61173.39230308 1.09 320.6125008062925 -14.90710372580603 320.620275 -14.832 M490 0.07295698 24.989662 1.0255505 0.9333492 21.241488 1.1441848 decam 25.370775 -17.525574 310 object IBIS_wide_M490_453898 453898 0.068052 924.0 1948.0 -0.1020251 1.0002455 0.0015407609 0.019598935 -0.0016432746 1.0001427 18137973398 406.77606
/home/declsp/obsbot/rawdata/DECam_01479523.fits.fz N4 1479523 662.1957 61173.39800403 1.09 322.19149283403465 -14.897103725898075 322.19926666666663 -14.822 M490 0.06558807 24.998055 1.0335072 0.94050527 21.23471 1.1510904 decam 22.72313 -16.909739 276 object IBIS_wide_M490_453890 453890 0.073869 924.0 1948.0 0.08612539 1.0002172 0.001570007 0.15169697 -0.0015548527 1.000134 18515285485 575.27686
/home/declsp/obsbot/rawdata/DECam_01479524.fits.fz N4 1479524 697.8055 61173.40597792 1.08 322.91150995324926 -14.414103730333956 322.91926666666666 -14.339 M490 0.083162 24.990883 1.0248431 0.97831225 21.216259 1.2834109 decam 18.176964 -19.171448 260 object IBIS_wide_M490_453892 453892 0.069672 924.0 1948.0 -0.11054947 0.999951 0.0013377869 0.18529953 -0.0017096647 1.0001076 18741243708 543.7117
/home/declsp/obsbot/rawdata/DECam_01479526.fits.fz N4 1479526 150.0 61173.41930264 1.23 346.60344136260625 -15.611302608190982 346.6112416666667 -15.536198888888888 M490 0.034873523 24.971695 1.0346707 0.9702222 20.748474 2.0120409 decam 6.2275357 -2.739092 109 object "NGC7492 position 17" 0 0.0 924.0 1948.0 -0.042691365 1.0002948 0.0006135155 -0.0063640955 -0.0007380807 1.0000819 16548101593 74.55117
/home/declsp/obsbot/rawdata/DECam_01479527.fits.fz N4 1479527 150.0 61173.42136019 1.23 346.98104351799907 -15.772765662249046 346.98885 -15.697661944444445 M490 0.03530337 24.975035 1.037857 0.9860633 20.669638 2.2209086 decam 12.187653 -7.773383 126 object "NGC7492 position 18" 0 0.0 924.0 1948.0 0.042269763 0.99996275 0.0005624114 -0.08440818 -9.9916375e-05 1.0001518 16518977665 67.539925
/home/declsp/obsbot/rawdata/DECam_01479528.fits.fz N4 1479528 150.0 61173.4234167 1.22 346.8109869179663 -15.397901776833228 346.8187791666667 -15.322798055555555 M490 0.034114573 24.976236 1.0371234 1.0018795 20.529415 2.6028194 decam 15.031616 -2.3651743 119 object "NGC7492 position 19" 0 0.0 924.0 1948.0 -0.05696094 1.000033 0.0005842967 -0.036947902 -0.00065128115 1.0002298 16701176337 57.629814
/home/declsp/obsbot/rawdata/DECam_01479529.fits.fz N4 1479529 150.0 61173.42547152 1.21 346.66973431775375 -15.795273717595665 346.6775416666666 -15.72017 M490 0.03547789 24.982729 1.0414525 0.98738146 20.340937 2.9717512 decam 15.823476 -11.194029 109 object "NGC7492 position 20" 0 0.0 924.0 1948.0 -0.07740392 1.0001848 0.00062716205 0.10518674 -0.00059581106 1.0001389 16925625773 50.47529
/home/declsp/obsbot/rawdata/DECam_01479530.fits.fz N4 1479530 150.0 61173.42753219 1.2 347.0621713849674 -15.588789830621815 347.06997083333334 -15.513686111111111 M490 0.036505133 25.057623 1.1138052 0.99553436 20.038424 3.4771771 decam 19.170938 -5.1244535 853 object "NGC7492 position 21" 0 0.0 924.0 1948.0 -0.68150014 0.99993193 0.00030717519 -0.52338016 -0.00040346052 0.99987936 17430590776 43.13844
/home/declsp/obsbot/rawdata/DECam_01479531.fits.fz N4 1479531 150.0 61173.42958385 1.19 346.61784620915404 -15.483305664931972 346.62564166666664 -15.408201944444444 M490 0.03384142 24.985102 1.0399505 1.0276817 19.681137 5.8843126 decam 21.258875 -7.498107 86 object "NGC7492 position 22" 0 0.0 924.0 1948.0 0.0035752726 1.0002856 0.0005374086 0.05276374 -0.0007373939 1.0001622 18438131462 25.491508
/home/declsp/obsbot/rawdata/DECam_01479532.fits.fz N4 1479532 150.0 61173.43164233 1.18 346.8774485275817 -15.858865661449537 346.88525833333335 -15.783761944444445 M490 0.034571603 24.978765 1.0320257 1.1213512 19.238752 10.649242 decam 25.905598 -10.810322 91 object "NGC7492 position 23" 0 0.0 924.0 1948.0 0.09015157 1.0001405 0.0003736591 0.049870614 -0.00079013366 1.0004319 19676404007 14.085509
/home/declsp/obsbot/rawdata/DECam_01479533.fits.fz N4 1479533 5.0 61173.43521866 1.02 302.72841500890684 -30.2114535701363 302.73710833333337 -30.13635 M490 0.13380514 24.985392 1.0086313 0.90210915 19.0779 7.9043574 decam 25.251453 6.239355 177 object "LTT7987 N4" 0 0.0 924.0 1948.0 -0.40698498 1.0002527 0.002430379 0.27291808 -0.0025630626 1.0002328 15528123245 0.63256246
/home/declsp/obsbot/rawdata/DECam_01479534.fits.fz N4 1479534 5.0 61173.43556643 1.02 302.36934834224013 -30.2114535701363 302.37804166666666 -30.13635 M490 0.14321716 24.99771 1.0201397 0.8164704 18.943533 7.1683064 decam 26.604311 4.7846003 188 object "LTT7987 N5" 0 0.0 924.0 1948.0 -0.19303453 0.9999944 0.0023099228 0.13041797 -0.0024459197 1.000036 15538686543 0.69751483
