logs/db-2025-04-28.ecsv
# %ECSV 1.0
# ---
# datatype:
# - {name: filename, datatype: string}
# - {name: extension, datatype: string}
# - {name: expnum, datatype: int64}
# - {name: exptime, datatype: float32}
# - {name: mjd_obs, datatype: float64}
# - {name: airmass, datatype: float32}
# - {name: racenter, datatype: float64}
# - {name: deccenter, datatype: float64}
# - {name: rabore, datatype: float64}
# - {name: decbore, datatype: float64}
# - {name: band, datatype: string}
# - {name: ebv, datatype: float32}
# - {name: zeropoint, datatype: float32}
# - {name: transparency, datatype: float32}
# - {name: seeing, datatype: float32}
# - {name: sky, datatype: float32}
# - {name: expfactor, datatype: float32}
# - {name: camera, datatype: string}
# - {name: dx, datatype: float32}
# - {name: dy, datatype: float32}
# - {name: nmatched, datatype: int64}
# - {name: obstype, datatype: string}
# - {name: object, datatype: string}
# - {name: tileid, datatype: int64}
# - {name: tileebv, datatype: float32}
# - {name: affine_x0, datatype: float32}
# - {name: affine_y0, datatype: float32}
# - {name: affine_dx, datatype: float32}
# - {name: affine_dxx, datatype: float32}
# - {name: affine_dxy, datatype: float32}
# - {name: affine_dy, datatype: float32}
# - {name: affine_dyx, datatype: float32}
# - {name: affine_dyy, datatype: float32}
# - {name: checksum, datatype: string}
# - {name: efftime, datatype: float32}
# schema: astropy-2.0
filename extension expnum exptime mjd_obs airmass racenter deccenter rabore decbore band ebv zeropoint transparency seeing sky expfactor camera dx dy nmatched obstype object tileid tileebv affine_x0 affine_y0 affine_dx affine_dxx affine_dxy affine_dy affine_dyx affine_dyy checksum efftime
rawdata/DECam_01382809.fits.fz N4 1382809 5.0 60793.95634586 1.01 122.70561777310925 -32.45467159925495 122.71452083333332 -32.37956805555555 r 0.86425143 26.807947 0.991696 1.8484222 17.718052 1321.6273 decam -18.989704 -4.149002 1540 object pointing 0 0.0 924.0 1948.0 0.88560236 1.0002468 -0.0022308065 0.05619767 0.002090957 0.9999462 18579354022 0.0037832148
rawdata/DECam_01382812.fits.fz N4 1382812 15.0 60793.96106415 1.0 130.36853730509753 -33.00830159252962 130.37749583333334 -32.93319805555556 M517 0.3303814 25.101189 1.0677648 1.4884079 19.687634 85.44227 decam -7.4952035 24.60453 953 object "LTT3218 N4 M517" 0 0.0 924.0 1948.0 -0.17750362 1.000077 -0.0020998567 -0.52062863 0.0022325194 0.99993217 15667676020 0.17555714
rawdata/DECam_01382820.fits.fz N4 1382820 150.0 60793.97252841 1.01 137.29236467737718 -37.196492372015406 137.30179583333333 -37.12138888888889 M490 0.30323255 25.01908 1.0385311 1.3695624 21.696894 11.681323 decam -46.278637 16.720764 1674 object "Pyxis M490" 0 0.0 924.0 1948.0 0.049122445 0.99991655 -0.0019471117 -0.02762298 0.0019338594 0.9998903 15979065567 12.841011
rawdata/DECam_01382814.fits.fz N4 1382814 15.0 60793.96212066 1.0 130.36853730509753 -33.00830159252962 130.37749583333334 -32.93319805555556 M464 0.3303814 24.900936 0.9496732 1.7144396 19.725801 186.26558 decam -17.685755 34.290436 771 object "LTT3218 N4 M464" 0 0.0 924.0 1948.0 -0.22914276 1.000169 -0.0020788799 -0.43833837 0.002200046 0.99985135 15632948650 0.080530174
rawdata/DECam_01382813.fits.fz N4 1382813 15.0 60793.96157502 1.0 130.36853730509753 -33.00830159252962 130.37749583333334 -32.93319805555556 M490 0.3303814 25.005922 1.0241628 1.5259082 19.611261 121.63053 decam -4.227108 17.966324 871 object "LTT3218 N4 M490" 0 0.0 924.0 1948.0 0.035546403 1.0000443 -0.0020880166 -0.34216133 0.0020780426 0.99994665 15670791691 0.1233243
rawdata/DECam_01382815.fits.fz N4 1382815 3.0 60793.96264334 1.0 130.36853730509753 -33.00830159252962 130.37749583333334 -32.93319805555556 g 0.3303814 26.666258 1.0531807 1.5620528 19.858412 74.203835 decam -30.361036 29.692976 832 object "LTT3218 N4 g" 0 0.0 924.0 1948.0 -0.25408825 1.0001316 -0.001980575 -0.35190806 0.0022281806 0.9999719 15581479331 0.04042918
rawdata/DECam_01382816.fits.fz N4 1382816 150.0 60793.96411473 1.01 136.96453759435042 -37.21315959401179 136.97397083333334 -37.13805611111111 M490 0.32769462 25.02465 1.0438749 1.3094525 20.454056 39.121414 decam -32.6947 18.79471 1793 object "Pyxis M490" 0 0.0 924.0 1948.0 0.5452991 0.9998548 -0.002030044 -0.37560102 0.0019213095 0.99997 16910662907 3.8342173
rawdata/DECam_01382818.fits.fz N4 1382818 150.0 60793.96831539 1.01 136.68119905229673 -37.22149237167661 136.69063333333332 -37.146388888888886 M490 0.3887554 25.013342 1.0330583 1.3610852 21.262018 30.866207 decam -37.029896 11.621455 1608 object "Pyxis M490" 0 0.0 924.0 1948.0 0.35696894 1.0000728 -0.002023512 -0.049131773 0.0020880701 0.9999166 16265027987 4.8596835
rawdata/DECam_01382819.fits.fz N4 1382819 150.0 60793.97042304 1.01 136.66451561923702 -37.38815959163442 136.67397083333333 -37.31305611111111 M490 0.4292886 25.015587 1.0351962 1.2935447 21.498713 29.295443 decam -43.184162 16.664312 1601 object "Pyxis M490" 0 0.0 924.0 1948.0 0.28280446 0.99997205 -0.0018958016 -0.041571163 0.0019595672 1.0000552 16302004374 5.12025
rawdata/DECam_01382810.fits.fz N4 1382810 30.0 60793.9582965 1.01 122.70561777310925 -32.45467159925495 122.71452083333332 -32.37956805555555 r 0.86425143 26.81954 1.002342 1.3430352 18.371681 374.31824 decam 13.212658 6.1475844 2812 object pointing 0 0.0 924.0 1948.0 0.36939764 1.0000765 -0.002236846 -0.123136684 0.002140938 1.0000192 26171148811 0.08014571
rawdata/DECam_01382811.fits.fz N4 1382811 3.0 60793.96068997 1.0 130.36853730509753 -33.00830159252962 130.37749583333334 -32.93319805555556 g 0.3303814 26.67013 1.0569434 1.6358792 19.360703 127.7862 decam -8.094262 14.603232 784 object "LTT3218 N4 g" 0 0.0 924.0 1948.0 -0.11084442 1.000103 -0.001967182 -0.54830366 0.0022519466 1.000139 15710976379 0.023476712
rawdata/DECam_01382817.fits.fz N4 1382817 150.0 60793.96622219 1.01 136.9978458367654 -37.37982542508124 137.0073 -37.304721944444445 M490 0.3276871 25.021055 1.0404238 1.388963 20.80613 32.031036 decam -32.156284 9.425729 1439 object "Pyxis M490" 0 0.0 924.0 1948.0 0.15275368 1.000012 -0.0019442458 -0.21709473 0.0019700527 1.0000072 17084054000 4.682958
rawdata/DECam_01382821.fits.fz N4 1382821 60.0 60793.97681095 1.21 0.0 0.0 149.50727916666665 2.564 solid 0.0 0.0 0.0 0.0 0.0 0.0 decam 0.0 0.0 -1 object "" 0 0.0 0.0 0.0 0.0 0.0 0.0 0.0 0.0 0.0 "" 0.0
rawdata/DECam_01382822.fits.fz N4 1382822 500.0 60793.9798908 1.21 151.56275721533152 2.138896124685166 151.570275 2.214 M464 0.050979055 24.93338 1.0216082 1.3555738 21.89529 2.0199459 decam -37.77693 38.237827 141 object IBIS_deep_cosmos_M464_16 0 0.0 924.0 1948.0 0.18199317 1.0001498 -0.0014379224 -0.3561219 0.001286147 1.000031 16680577655 247.53139
rawdata/DECam_01382823.fits.fz N4 1382823 366.6877 60793.98606085 1.22 150.96274810833103 3.5378961126291215 150.97027500000002 3.613 M464 0.022124961 24.919245 1.0104667 1.1641269 21.904642 1.2339857 decam -26.480593 34.952343 131 object IBIS_deep_cosmos_M464_21 0 0.0 924.0 1948.0 0.10984352 1.0000423 -0.0014482256 -0.117519155 0.0011163655 0.9999774 16282452439 297.1572
rawdata/DECam_01382824.fits.fz N4 1382824 353.5778 60793.99064973 1.18 150.58676881667495 1.3118961318006772 150.59428333333332 1.387 M464 0.025361596 24.94922 1.0302541 1.1837207 21.952782 1.1819296 decam -21.414448 44.473648 144 object IBIS_deep_cosmos_M464_29 0 0.0 924.0 1948.0 0.09274408 1.0000288 -0.0014233363 -0.2783052 0.0017937013 1.0000535 16195879006 299.153
rawdata/DECam_01382825.fits.fz N4 1382825 361.8878 60793.99509067 1.19 148.3687599530443 2.412896122326123 148.37627916666665 2.488 M517 0.037144516 25.047419 1.0475895 1.1637311 21.66477 1.4959456 decam -14.7852125 46.82121 133 object IBIS_deep_cosmos_M517_46 0 0.0 924.0 1948.0 -0.04236196 0.9999667 -0.0015531472 -0.29465047 0.0016799311 0.99988675 16633588023 241.9124
rawdata/DECam_01382826.fits.fz N4 1382826 425.6374 60793.99964282 1.18 150.6847632140693 1.724896128247997 150.69227916666668 1.8 M464 0.021425394 24.955925 1.0366359 1.1787753 21.943327 1.1354334 decam -13.775118 40.374077 121 object IBIS_deep_cosmos_M464_49 0 0.0 924.0 1948.0 0.12861812 0.9999312 -0.0014642559 -0.42346188 0.001606588 0.99996144 16497365859 374.86777
rawdata/DECam_01382827.fits.fz N4 1382827 272.7883 60794.00870696 1.19 149.28774724211056 3.104896116363767 149.29527083333332 3.18 M517 0.029140174 25.032228 1.033036 1.2250898 21.689913 1.5843395 decam 24.60635 -30.528183 133 object IBIS_deep_cosmos_M517_58 0 0.0 924.0 1948.0 0.052180346 1.0000862 -0.0016121295 -0.13175474 0.0016035736 0.9999255 16266578409 172.17793
rawdata/DECam_01382828.fits.fz N4 1382828 456.7572 60794.01219972 1.17 148.8117609292994 1.1538961331594837 148.81927499999998 1.229 M490 0.024043811 25.031395 1.0813192 1.1975844 21.85797 1.1601361 decam 27.016674 -24.612677 135 object IBIS_deep_cosmos_M490_65 0 0.0 924.0 1948.0 0.12079757 1.0000978 -0.0015281147 -0.19485848 0.0018474266 0.9998637 16710618235 393.71002
rawdata/DECam_01382829.fits.fz N4 1382829 381.0077 60794.0178712 1.19 150.21975708669652 2.8848961182600776 150.22727916666665 2.96 M517 0.018493949 25.035711 1.0363556 1.2182117 21.713072 1.4257216 decam 39.298046 -38.363224 130 object IBIS_deep_cosmos_M517_73 0 0.0 924.0 1948.0 0.03468905 1.0001577 -0.0016063908 0.009130081 0.0014966348 0.9999571 16580541452 267.2385
rawdata/DECam_01382830.fits.fz N4 1382830 361.7178 60794.02263753 1.2 149.91075663148905 2.9528961176740265 149.91827916666665 3.028 M464 0.024516622 24.942924 1.0285122 1.1882514 21.956894 1.193092 decam 33.516453 -28.378736 134 object IBIS_deep_cosmos_M464_74 0 0.0 924.0 1948.0 0.10253666 1.0001094 -0.0015455321 -0.18427281 0.0016386753 0.99990755 16435834267 303.1768
rawdata/DECam_01382831.fits.fz N4 1382831 269.5883 60794.02717002 1.19 148.97675679049644 2.2238961239534416 148.984275 2.299 M490 0.023137018 25.025864 1.0797356 1.232184 21.84567 1.2471309 decam 40.09656 -26.52431 121 object IBIS_deep_cosmos_M490_78 0 0.0 924.0 1948.0 0.04044029 1.0005304 -0.0017539401 -0.30745032 0.0015835502 0.999915 16098613218 216.1668
rawdata/DECam_01382832.fits.fz N4 1382832 500.0 60794.03063261 1.19 148.93076661066914 1.9098961266561243 148.93828333333332 1.9849999999999999 M464 0.020946138 24.92412 1.0087794 1.4248675 21.983862 1.687889 decam 33.524456 -31.375095 124 object IBIS_deep_cosmos_M464_79 0 0.0 924.0 1948.0 0.018294394 1.0000249 -0.0016829179 -0.22958976 0.0017886396 0.9999696 16570835982 296.22803
rawdata/DECam_01382833.fits.fz N4 1382833 379.0477 60794.03677512 1.19 149.0937605102805 1.302896131878082 149.101275 1.3780000000000001 M490 0.022536667 25.031956 1.0858114 1.1820346 21.863438 1.1121305 decam 32.739773 -26.625177 159 object IBIS_deep_cosmos_M490_81 0 0.0 924.0 1948.0 0.052402657 1.0001358 -0.0016807128 -0.21437079 0.001676175 0.9999691 16491075623 340.83023
rawdata/DECam_01382834.fits.fz N4 1382834 357.5878 60794.04152256 1.2 149.0937605102805 1.302896131878082 149.101275 1.3780000000000001 M517 0.022536667 25.045078 1.0470117 1.1635246 21.757133 1.2590985 decam 35.800865 -35.85901 160 object IBIS_deep_cosmos_M517_81 0 0.0 924.0 1948.0 0.10316864 0.999983 -0.001660114 -0.18631561 0.0016310618 1.0000226 16585411893 284.00302
rawdata/DECam_01382835.fits.fz N4 1382835 359.8378 60794.04600471 1.2 149.2847695273662 1.0488961340624035 149.29228333333333 1.124 M464 0.022629706 24.938988 1.0247902 1.1612113 21.99801 1.0903399 decam 33.298542 -26.122358 127 object IBIS_deep_cosmos_M464_82 0 0.0 924.0 1948.0 0.001529032 1.0000561 -0.0016694667 -0.3250824 0.0017612838 0.9999017 16209874790 330.0235
rawdata/DECam_01382836.fits.fz N4 1382836 391.1077 60794.05168298 1.21 149.2847695273662 1.0488961340624035 149.29228333333333 1.124 M490 0.022629706 25.02639 1.0841874 1.1396637 21.864058 1.0446783 decam -0.9395645 0.9952319 126 object IBIS_deep_cosmos_M490_82 0 0.0 924.0 1948.0 0.049355786 1.0000846 -0.0016427223 -0.39847398 0.001756927 0.999888 16423645704 374.38098
rawdata/DECam_01382837.fits.fz N4 1382837 404.0176 60794.05655217 1.22 149.53076996370925 0.8478961357906856 149.53828333333334 0.923 M464 0.02632164 24.94046 1.0304059 1.2125425 21.98758 1.228908 decam -10.314919 11.196359 153 object IBIS_deep_cosmos_M464_83 0 0.0 924.0 1948.0 0.29790065 0.9999356 -0.0015703742 -0.117099606 0.0013716202 1.0000837 16345519242 328.7615
rawdata/DECam_01382838.fits.fz N4 1382838 387.4077 60794.06161069 1.23 149.53076996370925 0.8478961357906856 149.53828333333334 0.923 M490 0.02632164 25.028646 1.0903916 1.1698351 21.850277 1.137851 decam -11.691782 15.808066 157 object IBIS_deep_cosmos_M490_83 0 0.0 924.0 1948.0 0.36691007 1.0000154 -0.0016429018 -0.08792252 0.0014424215 1.0000484 16452073015 340.47314
rawdata/DECam_01382839.fits.fz N4 1382839 315.6381 60794.0664549 1.24 149.53076996370925 0.8478961357906856 149.53828333333334 0.923 M517 0.02632164 25.039722 1.0485584 1.1111867 21.733715 1.2136153 decam -11.050054 8.32311 164 object IBIS_deep_cosmos_M517_83 0 0.0 924.0 1948.0 0.48750535 1.0000513 -0.0016896493 -0.10313518 0.0016457628 1.0000867 16391525335 260.08084
rawdata/DECam_01382840.fits.fz N4 1382840 376.3278 60794.0704625 1.25 149.81577020972787 0.7098961369771607 149.82328333333334 0.785 M490 0.022594362 25.024246 1.0899304 1.1445848 21.84601 1.0753492 decam -9.773858 24.316816 163 object IBIS_deep_cosmos_M490_84 0 0.0 924.0 1948.0 -0.2503543 1.0001572 -0.0015658311 -0.2743514 0.002019684 1.0000272 16406937515 349.95868
rawdata/DECam_01382841.fits.fz N4 1382841 342.7879 60794.07519103 1.27 149.81577020972787 0.7098961369771607 149.82328333333334 0.785 M517 0.022594362 25.038109 1.0520475 1.123856 21.731478 1.2189412 decam -6.7204776 8.379557 166 object IBIS_deep_cosmos_M517_84 0 0.0 924.0 1948.0 -0.25707462 1.0003597 -0.0016124382 -0.2604529 0.001810236 1.0000508 16467265908 281.21774
rawdata/DECam_01382842.fits.fz N4 1382842 434.0474 60794.07953857 1.28 150.12477032077763 0.6378961375961623 150.13228333333333 0.713 M464 0.024781406 24.909554 1.0139061 1.2280227 21.971384 1.339498 decam -5.8338194 25.545055 144 object IBIS_deep_cosmos_M464_85 0 0.0 924.0 1948.0 0.79036444 1.0003303 -0.0016170556 -0.22414371 0.0019697605 0.99987626 16403526764 324.03735
rawdata/DECam_01382843.fits.fz N4 1382843 366.1078 60794.08492228 1.3 150.12477032077763 0.6378961375961623 150.13228333333333 0.713 M517 0.024781406 25.023458 1.0429502 1.1178881 21.7162 1.2738874 decam 3.5934367 10.135358 148 object IBIS_deep_cosmos_M517_85 0 0.0 924.0 1948.0 0.5601413 1.0001584 -0.0016243737 -0.13357371 0.0018001656 0.99994904 16545303413 287.39417
rawdata/DECam_01382844.fits.fz N4 1382844 377.9878 60794.08954449 1.32 150.44277032369297 0.6358961376133566 150.45028333333335 0.711 M464 0.024719596 24.907553 1.0203881 1.1206802 21.965492 1.1256516 decam -10.694854 7.8472 157 object IBIS_deep_cosmos_M464_86 0 0.0 924.0 1948.0 0.34699294 1.0000244 -0.0015904643 -0.25077832 0.0017659533 1.000069 16243874982 335.79465
rawdata/DECam_01382845.fits.fz N4 1382845 363.2978 60794.09429078 1.34 150.44277032369297 0.6358961376133566 150.45028333333335 0.711 M490 0.024719596 24.998482 1.0818944 1.0916312 21.834608 1.0515844 decam -3.142164 9.007296 159 object IBIS_deep_cosmos_M490_86 0 0.0 924.0 1948.0 0.46442696 1.000016 -0.0016119961 -0.24357845 0.0017732942 1.0000403 16338899053 345.4766
rawdata/DECam_01382846.fits.fz N4 1382846 442.2374 60794.0988639 1.36 150.75376605919445 0.699896137063134 150.76127916666667 0.775 M490 0.025444476 25.006437 1.0938125 1.1938062 21.828495 1.2519882 decam -1.3323315 -0.27781728 162 object IBIS_deep_cosmos_M490_87 0 0.0 924.0 1948.0 0.4431316 1.0001732 -0.0015936932 -0.12830463 0.0016538182 1.0000252 16574278998 353.2281
rawdata/DECam_01382847.fits.fz N4 1382847 472.4672 60794.10431623 1.39 150.75376605919445 0.699896137063134 150.76127916666667 0.775 M517 0.025444476 25.019114 1.0538751 1.2839198 21.693445 1.7361089 decam -0.6453862 -3.327355 164 object IBIS_deep_cosmos_M517_87 0 0.0 924.0 1948.0 0.36655483 1.0000356 -0.0016150011 0.06078993 0.0017930616 1.0000231 16899234445 272.14145
rawdata/DECam_01382848.fits.fz N4 1382848 500.0 60794.11012553 1.42 151.0447658391844 0.8258961359798389 151.05227916666666 0.901 M490 0.026774086 24.969479 1.068777 1.3163803 21.810442 1.6711576 decam -8.326043 -6.721863 123 object IBIS_deep_cosmos_M490_88 0 0.0 924.0 1948.0 0.22490159 1.0003586 -0.001655392 -0.18482415 0.0017404353 1.000009 16760572024 299.19382
rawdata/DECam_01382849.fits.fz N4 1382849 348.6179 60794.11811961 1.1 184.89072456922702 -6.048103804736426 184.89827916666667 -5.973 M490 0.030832784 25.026142 1.0625197 1.1086421 21.86697 1.0422239 decam -31.384218 16.953247 158 object IBIS_wide_M490_430947 430947 0.033684 924.0 1948.0 -0.14875156 1.000116 -0.00010693014 -0.034952816 0.00037484866 0.99992615 16347732784 334.49423
rawdata/DECam_01382850.fits.fz N4 1382850 394.0077 60794.12252507 1.1 187.02373245315982 -5.454103809894322 187.03127916666665 -5.379 M490 0.030007754 25.040253 1.0764184 1.1113309 21.851215 1.0296123 decam -20.049637 8.310233 153 object IBIS_wide_M490_431446 431446 0.038672 924.0 1948.0 -0.10174372 1.0001713 -2.0341226e-05 0.1412028 0.00010659815 1.0000322 16430942730 382.67578
rawdata/DECam_01382851.fits.fz N4 1382851 333.5381 60794.12747032 1.11 185.26672157078195 -5.653103808167533 185.27427083333333 -5.578 M490 0.033484038 25.043108 1.0812134 1.0968026 21.848764 1.0234771 decam -9.8978405 -8.174811 162 object IBIS_wide_M490_433933 433933 0.034104 924.0 1948.0 0.2566583 0.99997765 -0.00022210227 -0.0014459002 0.00035581415 1.0000007 16290065860 325.8872
