logs/db-2025-03-02.ecsv
# %ECSV 1.0
# ---
# datatype:
# - {name: filename, datatype: string}
# - {name: extension, datatype: string}
# - {name: expnum, datatype: int64}
# - {name: exptime, datatype: float32}
# - {name: mjd_obs, datatype: float64}
# - {name: airmass, datatype: float32}
# - {name: racenter, datatype: float64}
# - {name: deccenter, datatype: float64}
# - {name: rabore, datatype: float64}
# - {name: decbore, datatype: float64}
# - {name: band, datatype: string}
# - {name: ebv, datatype: float32}
# - {name: zeropoint, datatype: float32}
# - {name: transparency, datatype: float32}
# - {name: seeing, datatype: float32}
# - {name: sky, datatype: float32}
# - {name: expfactor, datatype: float32}
# - {name: camera, datatype: string}
# - {name: dx, datatype: float32}
# - {name: dy, datatype: float32}
# - {name: nmatched, datatype: int64}
# - {name: obstype, datatype: string}
# - {name: object, datatype: string}
# - {name: tileid, datatype: int64}
# - {name: tileebv, datatype: float32}
# - {name: affine_x0, datatype: float32}
# - {name: affine_y0, datatype: float32}
# - {name: affine_dx, datatype: float32}
# - {name: affine_dxx, datatype: float32}
# - {name: affine_dxy, datatype: float32}
# - {name: affine_dy, datatype: float32}
# - {name: affine_dyx, datatype: float32}
# - {name: affine_dyy, datatype: float32}
# - {name: checksum, datatype: string}
# - {name: efftime, datatype: float32}
# schema: astropy-2.0
filename extension expnum exptime mjd_obs airmass racenter deccenter rabore decbore band ebv zeropoint transparency seeing sky expfactor camera dx dy nmatched obstype object tileid tileebv affine_x0 affine_y0 affine_dx affine_dxx affine_dxy affine_dy affine_dyx affine_dyy checksum efftime
[from data line 88]
rawdata/DECam_01370318.fits.fz N4 1370318 328.0 60737.38727609 1.17 208.8177193906059 -6.120103804110478 208.825275 -6.045 M490 0.025659002 24.98218 1.0333985 0.99264765 21.561365 0.9769874 decam -11.389736 3.3346064 144 object IBIS_wide_M490_431110 431110 0.028618 924.0 1948.0 -0.012884687 1.0002424 0.0006668864 0.07210724 -0.0005324269 1.0001428 16517341623 335.72592
rawdata/DECam_01370319.fits.fz N4 1370319 329.0 60737.39147203 1.17 209.0397087250123 -6.8321037979111425 209.04727499999998 -6.757 M490 0.035946283 24.98141 1.0326649 1.0032945 21.282167 1.2924933 decam -11.173759 5.286458 143 object IBIS_wide_M490_434089 434089 0.03042 924.0 1948.0 -0.38411847 1.0004143 0.0010311682 0.05485919 -0.00047341047 1.0000883 16830804193 254.54675
rawdata/DECam_01370320.fits.fz N4 1370320 150.0 60737.39621108 1.02 219.89284295781863 -26.61400361013519 219.90124583333332 -26.5389 M490 0.099192224 25.015572 1.0370622 1.0386742 20.936161 1.788666 decam -36.951008 -16.055199 390 object "NGC5694 M490" 0 0.0 924.0 1948.0 0.15194108 1.000043 0.0014375217 0.05096826 -0.0011468052 1.000187 16388467706 83.86138
rawdata/DECam_01370321.fits.fz N4 1370321 150.0 60737.39832685 1.02 219.8268405012535 -26.647403609775893 219.83524583333335 -26.5723 M490 0.09794536 25.020634 1.041908 0.9587748 20.560135 2.1357007 decam -35.339108 -17.179726 392 object "NGC5694 M490" 0 0.0 924.0 1948.0 0.14874068 1.0003831 0.0014565389 0.053330895 -0.0012838605 1.0002453 17295570893 70.23456
rawdata/DECam_01370322.fits.fz N4 1370322 150.0 60737.40047274 1.03 219.94285739917788 -26.53070361103037 219.95125416666667 -26.4556 M490 0.10139887 25.020073 1.0432624 0.9746424 20.090227 3.4054139 decam -35.832645 -14.33055 419 object "NGC5694 M490" 0 0.0 924.0 1948.0 0.05663283 1.0001472 0.0014362909 0.13334958 -0.0013280185 1.0003155 17462503867 44.04751
rawdata/DECam_01370323.fits.fz N4 1370323 150.0 60737.40262695 1.03 219.87685617677386 -26.54740361085101 219.88525416666667 -26.4723 M490 0.09957841 25.021622 1.044751 0.9643992 19.536802 5.535407 decam -47.903423 -19.357162 369 object "NGC5694 M490" 0 0.0 924.0 1948.0 -0.10945413 1.0001612 0.0014022618 0.04456891 -0.0011672166 1.0002458 18666097616 27.098278
rawdata/DECam_01370324.fits.fz N4 1370324 150.0 60737.40477435 1.03 219.9018380477679 -26.68070360941746 219.91024583333333 -26.6056 M490 0.09986266 25.024601 1.0476208 0.98319525 18.983957 9.519756 decam -50.286663 -9.144202 285 object "NGC5694 M490" 0 0.0 924.0 1948.0 0.13898687 1.0001348 0.0013904743 0.05432952 -0.0012819308 1.0000716 21461098066 15.756706
rawdata/DECam_01370325.fits.fz N4 1370325 10.0 60737.40736417 1.0 234.74059043331735 -28.58528747744383 234.74914583333333 -28.51018388888889 M411 0.11379964 24.54283 1.0373648 0.98370355 18.517542 14.772606 decam -61.094856 -18.051138 188 object "LTT6248 M411 N4" 0 0.0 924.0 1948.0 -0.37155402 1.0000255 0.001980641 0.10521104 -0.0019028583 1.0000201 15734792988 0.67692864
rawdata/DECam_01370326.fits.fz N4 1370326 10.0 60737.40788902 1.0 234.7405770094025 -28.749586642275986 234.74914583333333 -28.674483055555555 M411 0.12067735 24.546675 1.0410464 0.9089893 18.376856 14.263822 decam -60.120796 -18.412893 171 object "LTT6248 M411 S4" 0 0.0 924.0 1948.0 -0.15582067 1.0001049 0.0019507762 -0.15483262 -0.0021592022 1.0001055 15780771039 0.70107436
rawdata/DECam_01370327.fits.fz N4 1370327 30.0 60737.40844253 1.0 234.7405770094025 -28.749586642275986 234.74914583333333 -28.674483055555555 M411 0.12067735 24.569422 1.0630869 0.9971992 18.184896 19.635698 decam -48.08597 -31.6637 249 object "LTT6248 M411 S4" 0 0.0 924.0 1948.0 0.009580888 1.0002139 0.0019133803 -0.07536133 -0.0019505799 1.0001373 16832661105 1.5278295
rawdata/DECam_01370328.fits.fz N4 1370328 10.0 60737.40919423 1.0 234.74059043331735 -28.58528747744383 234.74914583333333 -28.51018388888889 M490 0.11379964 25.029392 1.046543 0.8895513 18.047071 18.317179 decam -38.33027 -41.704906 343 object "LTT6248 M490 N4" 0 0.0 924.0 1948.0 -0.1823815 1.0001137 0.0019327794 0.07068325 -0.0019971733 1.0001297 16241495444 0.5459356
rawdata/DECam_01370329.fits.fz N4 1370329 10.0 60737.40973489 1.0 234.7405770094025 -28.749586642275986 234.74914583333333 -28.674483055555555 M490 0.12067735 25.024855 1.0421777 0.94767606 17.891394 24.18658 decam -26.717106 -50.68065 271 object "LTT6248 M490 S4" 0 0.0 924.0 1948.0 -0.05512648 1.0001106 0.0018881572 -0.13276453 -0.002060975 0.9999459 16367324937 0.4134524
rawdata/DECam_01370330.fits.fz N4 1370330 30.0 60737.41026545 1.0 234.7405770094025 -28.749586642275986 234.74914583333333 -28.674483055555555 M490 0.12067735 25.025906 1.0431873 0.9777396 17.7006 30.627012 decam -23.482382 -62.997547 382 object "LTT6248 M490 S4" 0 0.0 924.0 1948.0 0.07334833 1.0002688 0.0018326197 0.056105867 -0.0018585813 0.9999289 18928736779 0.9795275
rawdata/DECam_01370331.fits.fz N4 1370331 10.0 60737.41103281 1.0 234.74059043331735 -28.58528747744383 234.74914583333333 -28.51018388888889 M517 0.11379964 25.068937 1.0365132 0.9473314 17.751476 27.794584 decam -33.76302 -51.445763 321 object "LTT6248 M517 N4" 0 0.0 924.0 1948.0 -0.11845521 1.0000864 0.0018887741 0.012084999 -0.002026178 1.0000668 16565450370 0.3597823
rawdata/DECam_01370332.fits.fz N4 1370332 10.0 60737.41155737 1.0 234.7405770094025 -28.749586642275986 234.74914583333333 -28.674483055555555 M517 0.12067735 25.08301 1.0500352 1.009531 17.59015 35.67165 decam -31.603937 -59.648426 253 object "LTT6248 M517 S4" 0 0.0 924.0 1948.0 -0.07216459 1.0000939 0.0018683814 0.08482175 -0.0016526169 0.9999352 16749675308 0.28033468
rawdata/DECam_01370333.fits.fz N4 1370333 30.0 60737.41209819 1.0 234.7405770094025 -28.749586642275986 234.74914583333333 -28.674483055555555 M517 0.12067735 25.0846 1.051574 0.92524344 17.390064 35.938663 decam -26.276756 -46.54511 367 object "LTT6248 M517 S4" 0 0.0 924.0 1948.0 0.14644136 1.0002185 0.001853434 -0.096806124 -0.001996434 1.000079 20335924606 0.83475554
