logs/db-2026-03-19.ecsv
# %ECSV 1.0
# ---
# datatype:
# - {name: filename, datatype: string}
# - {name: extension, datatype: string}
# - {name: expnum, datatype: int64}
# - {name: exptime, datatype: float32}
# - {name: mjd_obs, datatype: float64}
# - {name: airmass, datatype: float32}
# - {name: racenter, datatype: float64}
# - {name: deccenter, datatype: float64}
# - {name: rabore, datatype: float64}
# - {name: decbore, datatype: float64}
# - {name: band, datatype: string}
# - {name: ebv, datatype: float32}
# - {name: zeropoint, datatype: float32}
# - {name: transparency, datatype: float32}
# - {name: seeing, datatype: float32}
# - {name: sky, datatype: float32}
# - {name: expfactor, datatype: float32}
# - {name: camera, datatype: string}
# - {name: dx, datatype: float32}
# - {name: dy, datatype: float32}
# - {name: nmatched, datatype: int64}
# - {name: obstype, datatype: string}
# - {name: object, datatype: string}
# - {name: tileid, datatype: int64}
# - {name: tileebv, datatype: float32}
# - {name: affine_x0, datatype: float32}
# - {name: affine_y0, datatype: float32}
# - {name: affine_dx, datatype: float32}
# - {name: affine_dxx, datatype: float32}
# - {name: affine_dxy, datatype: float32}
# - {name: affine_dy, datatype: float32}
# - {name: affine_dyx, datatype: float32}
# - {name: affine_dyy, datatype: float32}
# - {name: checksum, datatype: string}
# - {name: efftime, datatype: float32}
# schema: astropy-2.0
filename extension expnum exptime mjd_obs airmass racenter deccenter rabore decbore band ebv zeropoint transparency seeing sky expfactor camera dx dy nmatched obstype object tileid tileebv affine_x0 affine_y0 affine_dx affine_dxx affine_dxy affine_dy affine_dyx affine_dyy checksum efftime
[from data line 81]
/home/declsp/obsbot/rawdata/DECam_01464780.fits.fz N4 1464780 15.0 61119.40739129 1.58 189.70074772476212 -49.95810327083149 189.712425 -49.883 M490 0.11683266 24.86279 0.9972853 2.105012 20.080389 21.372263 decam -64.96921 2.663333 610 object "LTT4861 S4" 0 0.0 924.0 1948.0 -0.24358314 1.0000257 0.00087331346 -0.040902294 -0.0010304005 1.0003808 15569417583 0.7018442
/home/declsp/obsbot/rawdata/DECam_01464781.fits.fz N4 1464781 15.0 61119.40786727 1.59 189.21960605809545 -49.95810327083149 189.23128333333335 -49.883 M490 0.12251485 24.876379 1.0116807 1.8602843 19.956715 18.245974 decam -60.33072 -7.0640283 635 object "LTT4861 S5" 0 0.0 924.0 1948.0 -0.32972616 0.9997938 0.0009130628 -0.21863437 -0.00077179103 1.0005789 15588841235 0.82209915
/home/declsp/obsbot/rawdata/DECam_01464782.fits.fz N4 1464782 15.0 61119.40835473 1.59 189.70078795747543 -49.79143632983654 189.712425 -49.71633305555556 M517 0.12849489 24.937677 1.0095669 1.8580763 20.030338 16.658937 decam -45.78705 -17.13438 675 object "LTT4861 N4" 0 0.0 924.0 1948.0 -0.22527026 0.9999046 0.0006956088 0.12625478 -0.0010662517 1.0000865 15588785450 0.90041757
/home/declsp/obsbot/rawdata/DECam_01464783.fits.fz N4 1464783 15.0 61119.40883171 1.6 189.21964629080875 -49.79143632983654 189.23128333333335 -49.71633305555556 M517 0.123391315 24.934313 1.008057 1.9017162 19.915712 19.51371 decam -55.040222 -9.889241 636 object "LTT4861 N5" 0 0.0 924.0 1948.0 -0.4322424 0.9999271 0.00067253306 -0.0792751 -0.0012445064 1.0004972 15614039020 0.76869035
/home/declsp/obsbot/rawdata/DECam_01464784.fits.fz N4 1464784 15.0 61119.40933132 1.58 190.1818893914288 -49.95810327083149 190.19356666666667 -49.883 M517 0.13002166 24.942286 1.0122364 1.9683414 19.807514 22.757832 decam -62.956276 -27.615623 623 object "LTT4861 S3" 0 0.0 924.0 1948.0 -0.105601735 1.0001996 0.00093927264 -0.034365475 -0.0010042434 1.0003215 15641184940 0.65911376
/home/declsp/obsbot/rawdata/DECam_01464785.fits.fz N4 1464785 15.0 61119.4098187 1.6 189.70074772476212 -49.95810327083149 189.712425 -49.883 M517 0.11683266 24.935017 1.008711 1.9033476 19.678078 24.298233 decam -50.20375 -34.0267 667 object "LTT4861 S4" 0 0.0 924.0 1948.0 -0.23379508 0.999937 0.0008102746 0.2279853 -0.0009122274 1.0004263 15673970071 0.6173288
/home/declsp/obsbot/rawdata/DECam_01464787.fits.fz N4 1464787 15.0 61119.4108872 1.62 189.21960605809545 -49.95810327083149 189.23128333333335 -49.883 M517 0.12251485 24.934084 1.0110793 1.8134986 19.385902 28.921505 decam -37.795982 -33.04922 625 object "LTT4861 S5" 0 0.0 924.0 1948.0 -0.055390123 0.9998398 0.0008177226 0.106601045 -0.00084532954 1.0004793 15769193436 0.5186452
/home/declsp/obsbot/rawdata/DECam_01464788.fits.fz N4 1464788 15.0 61119.41257919 1.05 234.74177384719718 -28.584297477454864 234.7503291666667 -28.509193888888888 M490 0.11373475 24.983294 1.0121797 1.3403679 19.201454 15.607029 decam -38.758385 -12.6668 468 object "LTT6248 N4" 0 0.0 924.0 1948.0 -0.23799615 1.0000789 0.0020942048 0.15937454 -0.0018876689 1.0000362 15827857153 0.9611054
/home/declsp/obsbot/rawdata/DECam_01464789.fits.fz N4 1464789 15.0 61119.41305642 1.05 234.38807384719718 -28.584297477454868 234.39662916666666 -28.509193888888888 M490 0.22622195 24.981457 1.0104682 1.5799055 19.052332 24.950739 decam -42.112812 -24.582045 285 object "LTT6248 N5" 0 0.0 924.0 1948.0 -0.21950404 0.9999269 0.0020511888 0.08634076 -0.0016643339 1.0002686 15872411218 0.6011846
/home/declsp/obsbot/rawdata/DECam_01464790.fits.fz N4 1464790 15.0 61119.41353845 1.05 235.09544772966674 -28.750964697816126 235.10401666666667 -28.67586111111111 M490 0.13145722 24.969576 0.99947196 1.6169623 18.933956 29.788937 decam -35.307365 -13.889628 406 object "LTT6248 S3" 0 0.0 924.0 1948.0 -0.06297906 1.0000918 0.0019169137 0.17339714 -0.0021743595 1.0000885 15934115323 0.50354266
/home/declsp/obsbot/rawdata/DECam_01464791.fits.fz N4 1464791 15.0 61119.41402691 1.05 234.74176022966677 -28.750964697816126 234.7503291666667 -28.67586111111111 M490 0.12067507 24.978203 1.0074437 1.6398224 18.79083 34.4023 decam -24.088211 -4.1588736 331 object "LTT6248 S4" 0 0.0 924.0 1948.0 -0.227414 0.9999573 0.0021265468 0.23857956 -0.0017309313 1.000122 16010262058 0.43601733
/home/declsp/obsbot/rawdata/DECam_01464792.fits.fz N4 1464792 15.0 61119.41451553 1.06 234.38806022966676 -28.750964697816126 234.39662916666666 -28.67586111111111 M490 0.33074725 24.981098 1.0119699 1.571549 18.642357 36.03771 decam -36.798965 5.8436527 263 object "LTT6248 S5" 0 0.0 924.0 1948.0 -0.5967938 0.9999651 0.0021749751 0.45346266 -0.001973214 0.9999672 16105709982 0.4162307
/home/declsp/obsbot/rawdata/DECam_01464793.fits.fz N4 1464793 15.0 61119.41497931 1.06 234.74177384719718 -28.584297477454864 234.7503291666667 -28.509193888888888 M517 0.11373475 25.020203 1.0005913 1.4714137 18.750648 29.176575 decam -33.071312 12.055448 431 object "LTT6248 N4" 0 0.0 924.0 1948.0 -0.3759253 1.0001148 0.0021008952 0.07031526 -0.0017722524 1.0001049 16078436138 0.51411104
/home/declsp/obsbot/rawdata/DECam_01464794.fits.fz N4 1464794 15.0 61119.41544317 1.06 234.38807384719718 -28.584297477454868 234.39662916666666 -28.509193888888888 M517 0.22622195 25.113579 1.0904542 1.6188631 18.610106 33.83866 decam -33.6203 12.294524 269 object "LTT6248 N5" 0 0.0 924.0 1948.0 -0.30259383 1.0001165 0.002139769 0.0764894 -0.0019648375 1.0001819 16165018300 0.44327995
/home/declsp/obsbot/rawdata/DECam_01464795.fits.fz N4 1464795 15.0 61119.41592508 1.05 235.09544772966674 -28.750964697816126 235.10401666666667 -28.67586111111111 M517 0.13145722 25.01988 0.998694 1.5100241 18.479073 39.481575 decam -45.536797 17.182299 391 object "LTT6248 S3" 0 0.0 924.0 1948.0 -0.15184532 1.0000753 0.002007787 0.12456206 -0.002188436 1.0002496 16274206136 0.37992403
/home/declsp/obsbot/rawdata/DECam_01464796.fits.fz N4 1464796 15.0 61119.41642325 1.06 234.74176022966677 -28.750964697816126 234.7503291666667 -28.67586111111111 M517 0.12067507 25.036419 1.015648 1.3882786 18.325975 37.280052 decam -35.28045 32.12167 343 object "LTT6248 S4" 0 0.0 924.0 1948.0 -0.3322634 1.0000964 0.0020154263 0.026509615 -0.001762874 1.0000327 16407952160 0.40235993
/home/declsp/obsbot/rawdata/DECam_01464797.fits.fz N4 1464797 15.0 61119.41692852 1.06 234.38806022966676 -28.750964697816126 234.39662916666666 -28.67586111111111 M517 0.33074725 25.113638 1.0905135 1.3855808 18.168663 37.233925 decam -51.17465 18.609392 276 object "LTT6248 S5" 0 0.0 924.0 1948.0 -0.65814465 0.9997743 0.0022341788 0.34999797 -0.0021065183 1.0000286 16571658858 0.40285844
/home/declsp/obsbot/rawdata/DECam_01464798.fits.fz N4 1464798 15.0 61119.41741589 1.06 234.74177384719718 -28.584297477454864 234.7503291666667 -28.509193888888888 M490 0.11373475 24.966808 0.9987378 1.6081314 17.79596 84.47263 decam -35.797657 28.071272 323 object "LTT6248 N4" 0 0.0 924.0 1948.0 -0.50688934 1.000413 0.0020429513 0.042493537 -0.0020456847 1.0001625 16995537400 0.1775723
/home/declsp/obsbot/rawdata/DECam_01464799.fits.fz N4 1464799 15.0 61119.41791752 1.06 234.38807384719718 -28.584297477454868 234.39662916666666 -28.509193888888888 M490 0.22622195 24.989754 1.020068 1.4251586 17.640305 73.42116 decam -53.3435 16.18556 215 object "LTT6248 N5" 0 0.0 924.0 1948.0 -0.37601355 1.0000726 0.0020619705 0.15113863 -0.002057304 1.000111 17233137951 0.20430078
/home/declsp/obsbot/rawdata/DECam_01464800.fits.fz N4 1464800 15.0 61119.41838186 1.06 235.09544772966674 -28.750964697816126 235.10401666666667 -28.67586111111111 M490 0.13145722 24.979965 1.0109129 1.4298408 17.50863 84.9507 decam -54.56203 12.412216 306 object "LTT6248 S3" 0 0.0 924.0 1948.0 0.058957342 0.9998616 0.0019650115 0.14257818 -0.002161806 1.0001414 17473149957 0.17657301
