logs/db-2024-07-06.ecsv
# %ECSV 1.0
# ---
# datatype:
# - {name: filename, datatype: string}
# - {name: extension, datatype: string}
# - {name: expnum, datatype: int64}
# - {name: exptime, datatype: float32}
# - {name: mjd_obs, datatype: float64}
# - {name: airmass, datatype: float32}
# - {name: racenter, datatype: float64}
# - {name: deccenter, datatype: float64}
# - {name: rabore, datatype: float64}
# - {name: decbore, datatype: float64}
# - {name: band, datatype: string}
# - {name: ebv, datatype: float32}
# - {name: zeropoint, datatype: float32}
# - {name: transparency, datatype: float32}
# - {name: seeing, datatype: float32}
# - {name: sky, datatype: float32}
# - {name: expfactor, datatype: float32}
# - {name: camera, datatype: string}
# - {name: dx, datatype: float32}
# - {name: dy, datatype: float32}
# - {name: nmatched, datatype: int64}
# - {name: obstype, datatype: string}
# - {name: object, datatype: string}
# - {name: tileid, datatype: int64}
# - {name: tileebv, datatype: float32}
# - {name: affine_x0, datatype: float32}
# - {name: affine_y0, datatype: float32}
# - {name: affine_dx, datatype: float32}
# - {name: affine_dxx, datatype: float32}
# - {name: affine_dxy, datatype: float32}
# - {name: affine_dy, datatype: float32}
# - {name: affine_dyx, datatype: float32}
# - {name: affine_dyy, datatype: float32}
# - {name: checksum, datatype: string}
# - {name: efftime, datatype: float32}
# schema: astropy-2.0
filename extension expnum exptime mjd_obs airmass racenter deccenter rabore decbore band ebv zeropoint transparency seeing sky expfactor camera dx dy nmatched obstype object tileid tileebv affine_x0 affine_y0 affine_dx affine_dxx affine_dxy affine_dy affine_dyx affine_dyy checksum efftime
rawdata/DECam_01309341.fits.fz N4 1309341 5.0 60497.947568 1.0 192.10133381560578 -27.67260248753193 192.10981666666666 -27.59749888888889 r 0.06783607 26.843653 1.023909 1.7967945 17.063198 89.22911 decam -3.5388134 -52.512817 81 object pointing 0 0.0 924.0 1948.0 -0.11016357 1.0001152 0.00031392262 0.034749284 -0.00065400585 1.0000352 21166155949 0.056035526
rawdata/DECam_01309342.fits.fz N4 1309342 30.0 60497.94927306 1.0 192.10133381560578 -27.67260248753193 192.10981666666666 -27.59749888888889 r 0.06783607 26.888203 1.066796 1.0651478 17.582827 17.925106 decam -16.614346 7.026169 158 object pointing 0 0.0 924.0 1948.0 -0.17228904 1.0001422 0.00030032036 0.11089896 -0.00056216953 0.99998456 36900798717 1.6736302
rawdata/DECam_01309343.fits.fz N4 1309343 50.0 60497.95465949 1.1 190.52672058397414 -6.0351038048494265 190.534275 -5.96 g 0.022557205 26.699116 1.1026722 1.0992252 19.493183 7.834136 decam 3.9428356 48.68355 96 object corr_g 0 0.0 924.0 1948.0 -0.086627245 1.0000516 0.00040124112 0.043150228 -0.00012650616 0.9999684 20498621045 6.3823247
rawdata/DECam_01309344.fits.fz N4 1309344 500.0 60497.95934587 1.11 190.52672058397414 -6.0351038048494265 190.534275 -5.96 M464 0.022557205 24.965208 1.031343 1.002861 20.916748 1.7830594 decam 15.798938 3.5127409 136 object IBIS_wide_M464_331420 331420 0.024722 924.0 1948.0 0.017908333 0.99993485 0.00013140631 -0.030334149 8.9157984e-05 0.99999636 18438720681 280.4169
rawdata/DECam_01309346.fits.fz N4 1309346 50.0 60497.97630954 1.12 194.43772782306138 -5.151103812521369 194.44527083333332 -5.076 g 0.026399348 26.685047 1.0918897 2.0790715 21.520222 4.5417666 decam 22.73341 -15.984034 95 object corr_g 0 0.0 924.0 1948.0 -0.114178605 0.999995 0.00034989437 0.10566579 -0.00033956766 0.9999994 16202240972 11.008932
rawdata/DECam_01309347.fits.fz N4 1309347 500.0 60497.97806345 1.13 194.43772782306138 -5.151103812521369 194.44527083333332 -5.076 M464 0.026399348 24.962036 1.0327011 1.3418307 21.687101 1.5771959 decam 32.80915 -5.4459167 119 object IBIS_wide_M464_334411 334411 0.027355 924.0 1948.0 -0.08834584 1.0001105 0.000287491 0.022595447 -0.00031112332 0.99999815 16899011862 317.01834
rawdata/DECam_01309348.fits.fz N4 1309348 500.0 60497.98422053 1.13 196.8557373744276 -4.270103820146069 196.86327083333333 -4.195 M464 0.036382094 24.963886 1.0344625 1.0726868 21.732939 0.96374583 decam 33.272446 4.211785 134 object IBIS_wide_M464_331470 331470 0.031405 924.0 1948.0 -0.13774362 1.0001414 0.00046610183 0.1887703 -1.4461711e-05 0.999748 16872272277 518.80896
rawdata/DECam_01309349.fits.fz N4 1309349 361.0 60497.99110389 1.13 196.47872606277687 -5.62810380838453 196.486275 -5.553 M464 0.030708088 24.973066 1.0432459 1.0085448 21.721375 0.84686315 decam 32.59962 -2.6921844 118 object IBIS_wide_M464_334161 334161 0.035221 924.0 1948.0 -0.110760964 1.0000376 0.00036377605 0.04615798 -0.00014460486 1.000064 16451836438 426.27905
rawdata/DECam_01309350.fits.fz N4 1309350 365.0 60497.9956486 1.14 196.94372637371353 -5.60410380859283 196.95127499999998 -5.529 M464 0.031771205 24.95474 1.0279593 0.9939026 21.70633 0.8625138 decam 27.749556 9.762547 127 object IBIS_wide_M464_331176 331176 0.035712 924.0 1948.0 -0.07330933 0.99989456 0.0001814489 0.08667306 -0.0002467329 0.99973154 16496844663 423.18164
rawdata/DECam_01309351.fits.fz N4 1309351 327.0 60498.00147706 1.15 198.60472753756042 -5.17510381231338 198.61227083333333 -5.1 M464 0.040282875 24.957327 1.0325972 0.9903396 21.741451 0.82504773 decam 3.636412 -9.463836 130 object IBIS_wide_M464_334203 334203 0.036429 924.0 1948.0 0.12335405 1.000201 0.000401545 0.11196063 -7.86312e-05 0.99990344 16368154532 396.3407
rawdata/DECam_01309352.fits.fz N4 1309352 329.0 60498.00563125 1.14 199.80472393091966 -5.469103809764204 199.81227083333334 -5.394 M464 0.037929203 24.955793 1.028958 1.2625746 21.768108 1.3110455 decam 2.0624316 1.1501602 124 object IBIS_wide_M464_331212 331212 0.037674 924.0 1948.0 0.015991246 1.0000062 0.0006215685 0.13413177 -0.0003145895 0.9997921 16359715145 250.94476
rawdata/DECam_01309353.fits.fz N4 1309353 307.0 60498.0098048 1.15 203.36674709849254 -3.660103825414904 203.37427499999998 -3.585 M464 0.037676986 24.956818 1.0321126 1.2713994 21.845724 1.2351993 decam -5.403867 0.59319234 120 object IBIS_wide_M464_331226 331226 0.035653 924.0 1948.0 -0.042121388 1.000203 0.00065088994 0.1433232 -0.00055280747 0.9998268 16217998015 248.54288
rawdata/DECam_01309354.fits.fz N4 1309354 497.0 60498.01371096 1.16 202.48373748227766 -4.259103820241151 202.49127083333332 -4.184 M464 0.034417782 24.953484 1.0311295 1.1636866 21.818022 1.0682386 decam 3.7500668 0.23059863 128 object IBIS_wide_M464_331225 331225 0.034923 924.0 1948.0 -0.15977289 1.0000292 0.00059525704 0.15011805 -0.0004743651 0.9999732 16936647478 465.25183
rawdata/DECam_01309355.fits.fz N4 1309355 460.0 60498.01981609 1.16 202.15072175314626 -5.639103808289053 202.15827083333332 -5.564 M464 0.031756908 24.957193 1.0346593 1.1798917 21.809692 1.0990618 decam -0.6705985 -1.9776433 111 object IBIS_wide_M464_334177 334177 0.032587 924.0 1948.0 -0.19271801 1.0001955 0.0002768514 0.13471307 -0.00044094387 1.0001333 16733962252 418.53876
rawdata/DECam_01309356.fits.fz N4 1309356 393.0 60498.02551035 1.17 202.8527276447809 -5.16610381239138 202.86027083333332 -5.091 M464 0.03189371 24.934097 1.0150307 1.3469334 21.839005 1.4539287 decam -9.658771 3.804898 134 object IBIS_wide_M464_334178 334178 0.031544 924.0 1948.0 -0.068632424 0.9999329 0.0004895932 0.06471124 -0.0004827896 1.0000354 16442232440 270.3021
rawdata/DECam_01309357.fits.fz N4 1309357 403.0 60498.03041666 1.17 206.33474118498245 -4.70810381635777 206.34227916666666 -4.633 M464 0.02551937 24.947886 1.0280019 1.1189435 21.883205 0.9397823 decam -13.178883 2.1885693 143 object IBIS_wide_M464_334185 334185 0.030164 924.0 1948.0 0.060833156 1.000136 0.0008249009 0.16733275 -0.0008677467 0.9997299 16542288198 428.8227
rawdata/DECam_01309358.fits.fz N4 1309358 500.0 60498.03543966 1.18 205.96673306788665 -4.688103816530851 205.97427083333335 -4.6129999999999995 M464 0.02631857 24.952166 1.0342524 1.0326287 21.877748 0.7982752 decam -12.221409 1.805124 142 object IBIS_wide_M464_331199 331199 0.030021 924.0 1948.0 -0.06782265 1.0000176 0.0005876149 0.09633339 -0.00035696133 1.0003105 16670968727 626.3504
rawdata/DECam_01309359.fits.fz N4 1309359 376.0 60498.04158597 1.19 209.24574492941807 -3.414103827537616 209.25327083333335 -3.339 M464 0.042820588 24.949827 1.034215 0.99118 21.912762 0.7152641 decam -11.730808 4.090889 154 object IBIS_wide_M464_334280 334280 0.0451 924.0 1948.0 -0.20176907 1.0001167 0.0008453585 0.1147139 -0.0006142632 0.9999674 16327521309 525.68
rawdata/DECam_01309360.fits.fz N4 1309360 291.0 60498.0463053 1.19 209.21273345476862 -4.652103816842374 209.22027083333333 -4.577 M464 0.029582944 24.958788 1.0427853 1.0446138 21.913246 0.7809085 decam -10.015783 -2.4518478 135 object IBIS_wide_M464_334255 334255 0.028945 924.0 1948.0 -0.17400074 0.9997278 0.0006861131 0.006862243 -0.0008005107 1.000218 16106267760 372.64288
rawdata/DECam_01309361.fits.fz N4 1309361 257.0 60498.05003783 1.2 208.83673956706087 -4.855103815085307 208.84427916666667 -4.78 M464 0.026813498 24.953854 1.0402592 1.0984236 21.908224 0.8750491 decam 3.2217371 1.8351127 136 object IBIS_wide_M464_331269 331269 0.027738 924.0 1948.0 -0.11982449 0.99994594 0.0010117183 0.076191135 -0.00093277567 0.99986905 16017828679 293.6978
rawdata/DECam_01309362.fits.fz N4 1309362 279.0 60498.05337897 1.19 211.57573948876166 -4.8621038150247005 211.58327916666667 -4.787 M464 0.02819043 24.959435 1.0434078 1.0788733 21.939405 0.8120542 decam -11.910993 8.797722 152 object IBIS_wide_M464_331265 331265 0.029126 924.0 1948.0 -0.08966201 0.99981654 0.00078234373 0.1695826 -0.00083057344 0.99974704 16094647575 343.57312
rawdata/DECam_01309363.fits.fz N4 1309363 312.0 60498.05697878 1.2 210.3107149690438 -6.138103803953966 210.31827083333334 -6.063 M464 0.035819422 24.945211 1.0320119 1.0971491 21.91595 0.88074344 decam -3.6819558 -2.7165923 172 object IBIS_wide_M464_331261 331261 0.029156 924.0 1948.0 -0.10452612 0.99995255 0.0009661016 0.038238786 -0.0007307702 1.0001807 16171240098 354.2462
rawdata/DECam_01309364.fits.fz N4 1309364 323.0 60498.06095015 1.21 213.23174826471302 -4.0011038224705 213.23927916666668 -3.926 M464 0.044000227 24.938393 1.0277252 1.1605134 21.946945 0.9694474 decam -8.08814 7.3889265 162 object IBIS_wide_M464_331277 331277 0.044004 924.0 1948.0 -0.31542167 1.0000465 0.0009236301 0.17145929 -0.0008752828 1.0000418 16164026786 333.1795
rawdata/DECam_01309365.fits.fz N4 1309365 353.0 60498.06504306 1.2 214.78973732531205 -4.2751038201028475 214.79727083333336 -4.2 M464 0.046834216 24.948286 1.0349387 1.1407678 21.955507 0.91277164 decam -2.377618 2.6068625 180 object IBIS_wide_M464_331258 331258 0.047885 924.0 1948.0 0.17151535 0.9999715 0.0008987117 0.075441 -0.00089652446 0.9999878 16232807736 386.7342
rawdata/DECam_01309366.fits.fz N4 1309366 348.0 60498.06948881 1.21 212.12171084705375 -6.960103796794752 212.12927916666666 -6.885 M464 0.029651966 24.9478 1.0366681 1.067099 21.917706 0.8278493 decam 2.1038349 -8.502311 146 object IBIS_wide_M464_334236 334236 0.028768 924.0 1948.0 -0.052695554 1.0002079 0.0010431003 0.34311634 -0.00094145694 0.9998405 16266054662 420.36636
rawdata/DECam_01309367.fits.fz N4 1309367 375.0 60498.07387122 1.22 215.1927365830478 -4.748103816011576 215.200275 -4.673 M464 0.051578697 24.94333 1.0345999 1.0081527 21.943693 0.72749984 decam 3.84483 -3.9419527 156 object IBIS_wide_M464_334243 334243 0.048445 924.0 1948.0 0.12826267 1.0001347 0.0011645735 0.21328467 -0.001262461 1.0000364 16288377494 515.46405
rawdata/DECam_01309368.fits.fz N4 1309368 363.0 60498.07857094 1.22 216.65973526609707 -4.86710381498141 216.66727500000002 -4.792 M464 0.06201976 24.9339 1.0256531 1.098784 21.941626 0.88065696 decam -0.5258617 -0.3675149 176 object IBIS_wide_M464_336961 336961 0.061045 924.0 1948.0 -0.13598484 0.9998003 0.0010238454 0.2062617 -0.0010603474 0.9999857 16274817508 412.1923
rawdata/DECam_01309369.fits.fz N4 1309369 290.0 60498.08313338 1.23 216.014717936108 -6.222103803223431 216.02227499999998 -6.147 M464 0.04419426 24.938368 1.0320656 1.0838926 21.92725 0.8611917 decam 6.871335 -6.3913655 170 object IBIS_wide_M464_340225 340225 0.045322 924.0 1948.0 0.048199 0.9999584 0.0010675228 0.12528293 -0.00077915244 1.0000991 16100488535 336.74268
rawdata/DECam_01309370.fits.fz N4 1309370 461.0 60498.08685403 1.25 217.85374250163966 -4.1711038210017115 217.86127499999998 -4.096 M464 0.121832915 24.912474 1.0120205 1.1153487 21.899063 0.9812426 decam 12.276562 -4.595468 157 object IBIS_wide_M464_339948 339948 0.087015 924.0 1948.0 -0.2320284 1.0003096 0.000920497 0.39769262 -0.0014491298 0.9999768 16569626387 469.81247
rawdata/DECam_01309371.fits.fz N4 1309371 453.0 60498.09254327 1.25 219.84873904539626 -4.517103818010305 219.856275 -4.442 M464 0.10146154 24.91562 1.0149593 1.0774308 21.938826 0.87775284 decam 5.564663 -3.3978798 197 object IBIS_wide_M464_339943 339943 0.087061 924.0 1948.0 -0.07501303 0.99989957 0.0012715686 0.14378823 -0.0010791429 1.0000077 16484811927 516.09064
rawdata/DECam_01309372.fits.fz N4 1309372 500.0 60498.09815181 1.27 220.9587469552815 -3.67710382526817 220.966275 -3.602 M464 0.10475247 24.912636 1.01647 0.99452996 21.95103 0.7436807 decam 14.626576 -9.78369 187 object IBIS_wide_M464_337528 337528 0.094997 924.0 1948.0 -0.24233434 1.0001203 0.0011365793 0.13491474 -0.0011893976 0.9998209 16574168798 672.33154
rawdata/DECam_01309373.fits.fz N4 1309373 494.0 60498.10430581 1.28 222.70275362850208 -3.3671038279430494 222.71027916666665 -3.292 M464 0.1013544 24.916462 1.0222206 0.92486614 21.949186 0.6398858 decam 10.1721945 -13.536227 199 object IBIS_wide_M464_340513 340513 0.095934 924.0 1948.0 -0.040846646 0.9999213 0.0012979829 0.18307826 -0.0010997987 0.99989265 16647127348 772.01276
rawdata/DECam_01309374.fits.fz N4 1309374 342.0 60498.11037098 1.29 221.99872758523736 -5.171103812348045 222.00627083333333 -5.096 M464 0.06698641 24.921711 1.0293531 1.0013565 21.938171 0.7500419 decam 7.986093 -14.184006 222 object IBIS_wide_M464_339926 339926 0.068408 924.0 1948.0 -0.20608787 1.0002913 0.0010330931 0.22078346 -0.0013675324 1.0000343 16275385036 455.97452
rawdata/DECam_01309375.fits.fz N4 1309375 312.0 60498.11470228 1.3 225.45275663551962 -2.2541038375338194 225.460275 -2.179 M464 0.07615749 24.912888 1.0231861 0.96714807 21.97401 0.6880813 decam 9.318933 -20.21582 195 object IBIS_wide_M464_340442 340442 0.076755 924.0 1948.0 0.1205271 1.0002648 0.0014100046 0.05983506 -0.0008984596 0.9999417 16137393845 453.43478
rawdata/DECam_01309376.fits.fz N4 1309376 355.0 60498.11867911 1.32 226.5787648024944 -1.2601038460865541 226.58627916666666 -1.185 M464 0.071781084 24.920837 1.0350821 0.9530619 21.981684 0.65371555 decam 3.343513 -15.115619 169 object IBIS_wide_M464_337460 337460 0.06874 924.0 1948.0 -0.021034382 1.0002351 0.0013809052 0.02117249 -0.0013170011 1.0001858 16279329996 543.0497
rawdata/DECam_01309377.fits.fz N4 1309377 299.0 60498.12316155 1.34 228.19776245033145 0.04889614265946457 228.205275 0.12400000000000001 M464 0.052150805 24.919588 1.038282 0.9465724 21.993832 0.6389972 decam 7.4538507 -26.059982 206 object IBIS_wide_M464_340490 340490 0.052802 924.0 1948.0 0.050719693 1.0001376 0.0014488307 0.08742044 -0.0012834112 1.0001014 16139902488 467.9207
rawdata/DECam_01309378.fits.fz N4 1309378 306.0 60498.1269736 1.36 227.22276174412602 -0.7871038501538087 227.230275 -0.712 M464 0.07170015 24.914886 1.038184 0.98715395 21.969421 0.71660113 decam 4.9871125 -27.290781 206 object IBIS_wide_M464_337461 337461 0.065122 924.0 1948.0 0.26607904 1.0003155 0.0013579305 0.18093888 -0.0016185507 1.0001407 16164359410 427.0158
rawdata/DECam_01309379.fits.fz N4 1309379 270.0 60498.13090647 1.37 231.43475863253676 1.826896127370356 231.442275 1.902 M464 0.05760711 24.899126 1.0253928 0.9921931 22.001001 0.7237838 decam 1.0534712 -21.389074 221 object IBIS_wide_M464_337518 337518 0.051297 924.0 1948.0 -0.22664474 0.99989855 0.0015317547 0.21952754 -0.0013765836 0.99998987 16034953884 373.03958
rawdata/DECam_01309380.fits.fz N4 1309380 294.0 60498.13438729 1.38 233.37575058917687 3.217896115389449 233.383275 3.293 M464 0.04302456 24.9093 1.0372407 1.030255 22.014118 0.7564569 decam 5.632243 -9.259666 232 object IBIS_wide_M464_340508 340508 0.046971 924.0 1948.0 -0.27971673 1.0004355 0.0017977933 0.08818071 -0.0014227722 1.0000918 16063388002 388.654
rawdata/DECam_01309381.fits.fz N4 1309381 299.0 60498.13814023 1.36 233.21076138542864 0.9658961347760964 233.218275 1.041 M464 0.056525867 24.907682 1.0313184 1.0022527 21.979618 0.7415028 decam 6.5103874 -20.012709 224 object IBIS_wide_M464_340496 340496 0.05479 924.0 1948.0 -0.36146787 1.0001148 0.0013372991 0.09051563 -0.001227972 1.0001166 16082775455 403.23514
rawdata/DECam_01309382.fits.fz N4 1309382 328.0 60498.14197611 1.38 234.71776220891707 1.9628961262000124 234.72527916666667 2.038 M464 0.060045563 24.906797 1.034854 1.0328915 21.982836 0.78616345 decam 0.3931331 -13.52852 258 object IBIS_wide_M464_340500 340500 0.061674 924.0 1948.0 -0.087687664 1.0000385 0.0016693235 0.117216066 -0.0012322505 1.0000218 16217684798 417.21606
rawdata/DECam_01309383.fits.fz N4 1309383 373.0 60498.1461377 1.38 235.38076427963802 1.4298961307857618 235.38827916666668 1.505 M464 0.08136052 24.8988 1.0272584 1.0336933 21.972506 0.8067071 decam -2.3098342 -20.805164 267 object IBIS_wide_M464_340478 340478 0.081954 924.0 1948.0 0.02404437 1.0001137 0.0015611149 0.11564265 -0.0016734959 1.0001985 16272700679 462.37354
