logs/db-2026-04-18.ecsv
# %ECSV 1.0
# ---
# datatype:
# - {name: filename, datatype: string}
# - {name: extension, datatype: string}
# - {name: expnum, datatype: int64}
# - {name: exptime, datatype: float32}
# - {name: mjd_obs, datatype: float64}
# - {name: airmass, datatype: float32}
# - {name: racenter, datatype: float64}
# - {name: deccenter, datatype: float64}
# - {name: rabore, datatype: float64}
# - {name: decbore, datatype: float64}
# - {name: band, datatype: string}
# - {name: ebv, datatype: float32}
# - {name: zeropoint, datatype: float32}
# - {name: transparency, datatype: float32}
# - {name: seeing, datatype: float32}
# - {name: sky, datatype: float32}
# - {name: expfactor, datatype: float32}
# - {name: camera, datatype: string}
# - {name: dx, datatype: float32}
# - {name: dy, datatype: float32}
# - {name: nmatched, datatype: int64}
# - {name: obstype, datatype: string}
# - {name: object, datatype: string}
# - {name: tileid, datatype: int64}
# - {name: tileebv, datatype: float32}
# - {name: affine_x0, datatype: float32}
# - {name: affine_y0, datatype: float32}
# - {name: affine_dx, datatype: float32}
# - {name: affine_dxx, datatype: float32}
# - {name: affine_dxy, datatype: float32}
# - {name: affine_dy, datatype: float32}
# - {name: affine_dyx, datatype: float32}
# - {name: affine_dyy, datatype: float32}
# - {name: checksum, datatype: string}
# - {name: efftime, datatype: float32}
# schema: astropy-2.0
filename extension expnum exptime mjd_obs airmass racenter deccenter rabore decbore band ebv zeropoint transparency seeing sky expfactor camera dx dy nmatched obstype object tileid tileebv affine_x0 affine_y0 affine_dx affine_dxx affine_dxy affine_dy affine_dyx affine_dyy checksum efftime
[from data line 41]
/home/declsp/obsbot/rawdata/DECam_01476471.fits.fz N4 1476471 199.2387 61149.05960082 1.12 166.85272764478097 -5.166103812391379 166.86027083333335 -5.091 M517 0.061782185 25.022959 1.0128272 0.8992106 21.827356 0.63862187 decam -22.030315 9.544737 159 object IBIS_wide_M517_528186 528186 0.053457 924.0 1948.0 0.15909244 1.0000231 -0.00054844364 -0.079125755 0.00037482864 1.0000823 15948959973 311.98227
/home/declsp/obsbot/rawdata/DECam_01476472.fits.fz N4 1476472 203.9887 61149.06221833 1.12 166.14273855445543 -4.564103817603741 166.150275 -4.489 M517 0.04845889 25.015013 1.0054427 0.86194307 21.823587 0.5976681 decam -20.001156 8.44054 127 object IBIS_wide_M517_528208 528208 0.051732 924.0 1948.0 0.07142378 1.0002369 -0.000747199 0.14328267 0.0003810925 0.99989086 15936970307 341.30765
/home/declsp/obsbot/rawdata/DECam_01476473.fits.fz N4 1476473 216.0886 61149.06489576 1.12 168.60173122254898 -4.856103815076649 168.60927083333334 -4.781 M517 0.041162003 25.018667 1.0088313 0.90316916 21.806686 0.66183347 decam -19.082588 17.403414 132 object IBIS_wide_M517_525210 525210 0.041295 924.0 1948.0 0.00878218 1.0000683 -0.00039001956 -0.044522326 0.00065275683 1.0000365 15979961803 326.49994
/home/declsp/obsbot/rawdata/DECam_01476474.fits.fz N4 1476474 211.8486 61149.06771403 1.12 167.53673563107517 -4.444103818641669 167.54427083333334 -4.369 M517 0.052982986 25.024658 1.0144142 0.8587111 21.815565 0.58708537 decam -17.735111 19.79948 127 object IBIS_wide_M517_528197 528197 0.053879 924.0 1948.0 -0.19780864 1.0003244 -0.0005083438 -0.048647277 0.00061462336 0.99996245 15970275483 360.84802
/home/declsp/obsbot/rawdata/DECam_01476475.fits.fz N4 1476475 186.9488 61149.07065193 1.12 173.66072691460457 -5.562103808957317 173.668275 -5.487 M517 0.044754427 25.010994 1.001727 0.88202393 21.748928 0.6752702 decam -15.669191 15.354502 123 object IBIS_wide_M517_525275 525275 0.041947 924.0 1948.0 0.04351684 1.0001844 -0.00019679489 0.06280551 0.00023206975 1.000037 16934382268 276.85037
/home/declsp/obsbot/rawdata/DECam_01476476.fits.fz N4 1476476 212.5386 61149.07313939 1.12 172.4747276566827 -5.1651038124000435 172.48227083333333 -5.09 M517 0.049048383 25.020147 1.0102088 0.90303993 21.79578 0.6665031 decam -10.03663 24.863426 134 object IBIS_wide_M517_528106 528106 0.049641 924.0 1948.0 0.095511 1.0001392 -0.00030549147 0.080808125 0.00022511369 0.9999974 15980384029 318.88617
/home/declsp/obsbot/rawdata/DECam_01476477.fits.fz N4 1476477 216.2586 61149.07593921 1.11 169.96673306788665 -4.688103816530851 169.97427083333332 -4.6129999999999995 M517 0.05227501 25.021502 1.0098493 0.8609126 21.802082 0.60094774 decam 0.31122035 16.95181 129 object IBIS_wide_M517_525207 525207 0.044032 924.0 1948.0 0.027792625 0.9999878 -0.00048573175 0.049430747 0.00046276944 0.99996424 16024347469 359.86258
/home/declsp/obsbot/rawdata/DECam_01476478.fits.fz N4 1476478 189.1888 61149.07874927 1.11 170.3347411849825 -4.70810381635777 170.34227916666669 -4.633 M517 0.056820534 25.022131 1.0104353 0.85986274 21.796343 0.6019659 decam -4.2657704 21.867832 139 object IBIS_wide_M517_528193 528193 0.04284 924.0 1948.0 0.04686662 1.00015 -0.00047964085 -0.07036292 0.00026763047 0.9998995 15918101865 314.2849
/home/declsp/obsbot/rawdata/DECam_01476479.fits.fz N4 1476479 198.8388 61149.08125839 1.11 172.8367395670609 -4.855103815085307 172.84427916666667 -4.78 M517 0.068183154 25.029516 1.0173315 0.8775804 21.780586 0.6275135 decam -6.7777553 22.676592 130 object IBIS_wide_M517_525277 525277 0.049985 924.0 1948.0 0.022297908 0.9999377 -0.00040271296 -0.08154772 0.00023810797 0.99985015 16006234712 316.86777
/home/declsp/obsbot/rawdata/DECam_01476480.fits.fz N4 1476480 199.1287 61149.0840321 1.12 178.9007190368847 -5.844103806509046 178.90827083333332 -5.769 M517 0.028117748 24.999016 0.99073654 0.90762246 21.764242 0.7206202 decam -11.348623 12.695406 150 object IBIS_wide_M517_528247 528247 0.027263 924.0 1948.0 -0.08062902 1.0001111 1.931096e-05 0.1461245 6.6636385e-05 0.9998272 16023415285 276.3296
/home/declsp/obsbot/rawdata/DECam_01476481.fits.fz N4 1476481 202.2287 61149.08666303 1.12 176.6507275852374 -5.171103812348045 176.65827083333335 -5.096 M517 0.021809973 25.015303 1.00571 0.94041955 21.778189 0.74103826 decam -5.9747834 15.193032 149 object IBIS_wide_M517_528257 528257 0.02376 924.0 1948.0 -0.09463876 1.0002228 -3.4516022e-05 0.18237315 -0.00029946122 0.9999233 16130815836 272.89914
/home/declsp/obsbot/rawdata/DECam_01476482.fits.fz N4 1476482 241.6185 61149.08932564 1.11 174.16973104337427 -4.872103814938115 174.17727083333335 -4.797 M517 0.04413547 25.02168 1.0100167 0.87578005 21.79 0.6285616 decam -1.27675 9.796885 163 object IBIS_wide_M517_525276 525276 0.047294 924.0 1948.0 0.013106621 1.0001112 -0.00028891998 0.016777389 0.0002684277 1.000009 16073723387 384.39908
/home/declsp/obsbot/rawdata/DECam_01476483.fits.fz N4 1476483 213.2786 61149.09246277 1.11 177.03873455553153 -4.93010381443588 177.04627499999998 -4.855 M517 0.024460617 25.02781 1.0157336 0.9506047 21.804007 0.72250056 decam -6.1227045 13.358898 147 object IBIS_wide_M517_525272 525272 0.025264 924.0 1948.0 0.008440637 1.0000863 -0.00016469952 0.074665025 1.6933967e-05 0.99993545 16012943281 295.19507
/home/declsp/obsbot/rawdata/DECam_01476484.fits.fz N4 1476484 231.0785 61149.09530702 1.11 173.21273345476865 -4.6521038168423745 173.22027083333333 -4.577 M517 0.054191194 25.017197 1.0058525 0.9213374 21.821428 0.68120104 decam -2.4058821 18.571783 136 object IBIS_wide_M517_528263 528263 0.048568 924.0 1948.0 0.12384598 0.9999231 -0.00033142758 -0.0670342 0.00023378425 0.9999795 16038992805 339.2222
/home/declsp/obsbot/rawdata/DECam_01476485.fits.fz N4 1476485 185.4289 61149.09860657 1.12 181.7607316684449 -5.178103812287381 181.768275 -5.103 M517 0.03574683 25.01686 1.0071526 0.87671447 21.792858 0.63385034 decam -9.596431 7.057923 142 object IBIS_wide_M517_533953 533953 0.031633 924.0 1948.0 -0.046679694 1.0000184 8.305396e-05 0.19556437 -2.7077254e-05 1.0000122 15900817985 292.54364
/home/declsp/obsbot/rawdata/DECam_01476486.fits.fz N4 1476486 185.1088 61149.10108623 1.11 179.1927365830478 -4.748103816011575 179.200275 -4.673 M517 0.025716294 25.015972 1.0047196 0.8644797 21.750158 0.6421088 decam -7.838037 10.173028 149 object IBIS_wide_M517_528251 528251 0.02534 924.0 1948.0 0.013025887 1.0000371 -4.6353278e-05 0.2820096 -9.576162e-05 0.9999405 16766533487 288.2826
/home/declsp/obsbot/rawdata/DECam_01476487.fits.fz N4 1476487 219.4486 61149.10357772 1.12 182.11473436220666 -4.9471038142886545 182.122275 -4.872 M517 0.033247963 25.019035 1.0091743 0.92198527 21.808113 0.68823814 decam -10.983964 8.507429 170 object IBIS_wide_M517_530968 530968 0.033719 924.0 1948.0 -0.051372744 0.99997646 0.00013652093 0.16423813 -0.00019504674 0.9999674 16084730391 318.85562
/home/declsp/obsbot/rawdata/DECam_01476488.fits.fz N4 1476488 110.7493 61149.10652574 1.12 186.6487270051145 -5.87110380627451 186.65627916666668 -5.796 M517 0.03011672 25.019577 1.0096774 0.8875929 21.779964 0.6541023 decam -15.305329 2.6202908 154 object IBIS_wide_M517_533932 533932 0.032099 924.0 1948.0 -0.1570738 0.9999007 0.00012002864 0.124597415 -2.9461651e-05 1.0000601 15693404061 169.31494
/home/declsp/obsbot/rawdata/DECam_01476489.fits.fz N4 1476489 177.8188 61149.10842298 1.11 177.40373441927886 -4.561103817629695 177.41127083333333 -4.486 M517 0.024916956 25.020359 1.0087873 0.9294675 21.843493 0.6753487 decam -1.8646675 21.904055 154 object IBIS_wide_M517_528258 528258 0.026792 924.0 1948.0 -0.14658228 1.0000496 -0.00010062938 0.14975195 0.00020584742 0.99998415 15857469272 263.29926
/home/declsp/obsbot/rawdata/DECam_01476490.fits.fz N4 1476490 236.9785 61149.11110472 1.12 186.2597311554283 -4.8621038150247005 186.26727083333333 -4.787 M517 0.052459355 25.022314 1.0122262 0.93965346 21.765991 0.73859173 decam -16.425573 11.191373 144 object IBIS_wide_M517_531448 531448 0.04551 924.0 1948.0 -0.2682179 1.0002528 0.0002896195 0.068076864 -0.00016608823 1.0000074 16080093368 320.8518
/home/declsp/obsbot/rawdata/DECam_01476491.fits.fz N4 1476491 207.3386 61149.11416354 1.12 183.8487390453963 -4.517103818010305 183.856275 -4.442 M517 0.03879339 25.015915 1.0062782 0.8794966 21.795168 0.6376169 decam -12.17101 15.679897 164 object IBIS_wide_M517_533951 533951 0.038798 924.0 1948.0 -0.13909161 1.0000027 0.00013332136 0.06297072 -0.00010263891 0.9999586 15964476753 325.1774
/home/declsp/obsbot/rawdata/DECam_01476492.fits.fz N4 1476492 231.9886 61149.11687727 1.12 184.21673733513978 -4.274103820111492 184.22427083333332 -4.199 M517 0.034478605 25.012877 1.0034654 0.96872306 21.768255 0.79696643 decam -14.762517 19.155941 174 object IBIS_wide_M517_530966 530966 0.03781 924.0 1948.0 -0.040998805 1.0001637 0.00012495574 0.12712857 -0.00013331336 1.0000412 16101075920 291.08954
/home/declsp/obsbot/rawdata/DECam_01476493.fits.fz N4 1476493 217.7386 61149.11991006 1.11 181.39874583518994 -4.257103820258438 181.40627916666665 -4.182 M517 0.022485739 25.021046 1.0094253 0.966097 21.819138 0.7450747 decam 1.1762873 21.166197 157 object IBIS_wide_M517_530970 530970 0.028262 924.0 1948.0 -0.17473389 1.0002347 -4.7492216e-05 0.14695962 3.6893973e-05 0.9999689 16069048459 292.23727
/home/declsp/obsbot/rawdata/DECam_01476494.fits.fz N4 1476494 139.1791 61149.12306083 1.12 190.23172783492805 -5.150103812530036 190.23927083333334 -5.075 M517 0.023845643 25.007511 0.99851847 1.0666568 21.75019 0.99175686 decam -18.859648 13.307013 152 object IBIS_wide_M517_534428 534428 0.025313 924.0 1948.0 -0.21519493 1.0000864 0.00050072215 0.008658522 -0.00034820312 1.0000552 15806532921 140.3359
/home/declsp/obsbot/rawdata/DECam_01476495.fits.fz N4 1476495 267.1883 61149.12500866 1.12 187.4037440428427 -4.007103822418671 187.411275 -3.932 M517 0.048871357 25.018463 1.0086432 1.0049983 21.770483 0.8470866 decam -8.119954 12.052919 161 object IBIS_wide_M517_534435 534435 0.042123 924.0 1948.0 -0.11774238 1.0001173 0.00034785425 0.13147067 -0.0003247757 0.9999964 16175648181 315.4203
/home/declsp/obsbot/rawdata/DECam_01476496.fits.fz N4 1476496 218.2886 61149.1284378 1.11 184.54874853948036 -3.9711038227296327 184.55627916666666 -3.896 M517 0.033119146 25.026743 1.0147364 0.936712 21.394876 1.0246874 decam -15.396052 19.458769 73 object IBIS_wide_M517_533952 533952 0.037091 924.0 1948.0 -0.25171304 0.999872 0.00021404887 -0.045859713 -0.00021379643 1.0000685 18130825318 213.02946
/home/declsp/obsbot/rawdata/DECam_01476497.fits.fz N4 1476497 92.3394 61149.13146173 1.11 191.93972036063917 -6.051103804710349 191.94727500000002 -5.976 M517 0.024069086 25.023571 1.0117764 0.8592461 21.760357 0.61971706 decam -13.855853 4.338428 186 object IBIS_wide_M517_531419 531419 0.027799 924.0 1948.0 -0.06014183 0.9999789 0.0005309178 0.11637205 -0.0006292784 0.99999684 15665250300 149.00252
/home/declsp/obsbot/rawdata/DECam_01476498.fits.fz N4 1476498 225.3585 61149.13291974 1.12 187.64374644448924 -3.737103824750243 187.651275 -3.662 M517 0.034472447 25.016375 1.0067048 0.90371096 21.7775 0.683558 decam -8.607795 13.853323 160 object IBIS_wide_M517_531452 531452 0.039197 924.0 1948.0 -0.124405235 1.0001931 0.00027539115 -0.028265277 -4.1100825e-06 0.999937 16088975051 329.68454
/home/declsp/obsbot/rawdata/DECam_01476499.fits.fz N4 1476499 262.0183 61149.13585846 1.12 189.12574711529703 -3.6581038254321667 189.13327500000003 -3.583 M517 0.026711496 25.016607 1.0069195 0.94774354 21.775145 0.7528939 decam -16.100864 11.797049 170 object IBIS_wide_M517_531451 531451 0.036961 924.0 1948.0 -0.043636896 1.0001398 0.00032337144 -0.0044537326 -0.00034953497 1.0000472 16147674509 348.01492
/home/declsp/obsbot/rawdata/DECam_01476500.fits.fz N4 1476500 225.4285 61149.1393264 1.1 193.87871698609075 -6.568103800211823 193.88627916666667 -6.493 M517 0.040180836 25.0291 1.0153143 0.9205699 21.763056 0.70206684 decam -12.97896 6.105406 155 object IBIS_wide_M517_531422 531422 0.03352 924.0 1948.0 -0.004216093 0.99987257 0.0005225222 0.16520631 -0.0008260691 1.0000347 16035883693 321.09265
/home/declsp/obsbot/rawdata/DECam_01476501.fits.fz N4 1476501 209.5286 61149.14228819 1.12 191.926743473237 -3.5951038259758943 191.93427083333333 -3.52 M517 0.023906568 25.008991 0.9998806 0.9138162 21.779432 0.70719576 decam -11.390691 14.228141 153 object IBIS_wide_M517_531455 531455 0.025862 924.0 1948.0 -0.11169263 1.0001669 0.0003966183 0.06323839 -0.0006978747 1.0001271 15982526077 296.28088
/home/declsp/obsbot/rawdata/DECam_01476502.fits.fz N4 1476502 229.7485 61149.14503549 1.12 192.2907494541066 -3.3681038279344238 192.298275 -3.293 M517 0.027492465 25.020313 1.0103626 0.9855437 21.780807 0.8042346 decam -17.893246 7.8198633 153 object IBIS_wide_M517_534441 534441 0.025079 924.0 1948.0 0.079859294 1.0002297 0.00046167566 0.10662105 -0.00020300358 0.99995685 16045241056 285.6735
/home/declsp/obsbot/rawdata/DECam_01476503.fits.fz N4 1476503 210.4786 61149.14801814 1.12 190.88674944637546 -3.3691038279257977 190.89427500000002 -3.294 M517 0.026560837 25.023521 1.0133533 0.91063845 21.774837 0.6866499 decam -11.037416 26.11612 142 object IBIS_wide_M517_534442 534442 0.02771 924.0 1948.0 -0.017430082 1.0001074 0.0004038309 0.10603578 -0.0004204831 0.99990857 16013992552 306.52972
/home/declsp/obsbot/rawdata/DECam_01476504.fits.fz N4 1476504 248.8784 61149.15085193 1.13 195.45875176758847 -3.054103830642087 195.466275 -2.979 M517 0.026858445 25.023594 1.0150455 0.9284284 21.757677 0.7249331 decam -17.397919 10.01049 169 object IBIS_wide_M517_531478 531478 0.026179 924.0 1948.0 -0.18973392 1.00011 0.0007105433 0.24781166 -0.00082287146 1.0000334 16150519278 343.31226
/home/declsp/obsbot/rawdata/DECam_01476505.fits.fz N4 1476505 194.1387 61149.15407129 1.12 192.58374754480207 -3.0621038305731223 192.59127083333334 -2.987 M517 0.020699559 25.023548 1.0133778 0.9254185 21.776876 0.7076873 decam -14.383965 22.689148 167 object IBIS_wide_M517_531458 531458 0.023489 924.0 1948.0 0.047960218 1.0002605 0.0004599945 -0.008101751 -0.00037154986 1.0000831 15972665324 274.32837
/home/declsp/obsbot/rawdata/DECam_01476506.fits.fz N4 1476506 244.7683 61149.1566969 1.13 197.13474952303648 -2.766103833124153 197.14227083333333 -2.691 M517 0.027068233 25.016283 1.008233 0.92524743 21.728178 0.74984884 decam -11.973184 15.256394 178 object IBIS_wide_M517_534459 534459 0.025486 924.0 1948.0 -0.13972561 1.0001985 0.000723519 0.061563447 -0.00070692063 0.9999194 16337100768 326.42352
/home/declsp/obsbot/rawdata/DECam_01476507.fits.fz N4 1476507 223.3785 61149.15984394 1.12 197.95374547229488 -3.344103828141439 197.96127083333334 -3.269 M517 0.02595325 25.023832 1.0136427 0.9092847 21.751469 0.69911194 decam -18.821154 11.689374 144 object IBIS_wide_M517_534457 534457 0.028597 924.0 1948.0 0.06284468 1.0002252 0.000722278 0.18514796 -0.000465956 1.0000466 16056042382 319.5175
/home/declsp/obsbot/rawdata/DECam_01476508.fits.fz N4 1476508 108.0992 61149.16275633 1.1 198.35773240283618 -5.458103809859626 198.36527916666668 -5.383 M517 0.04092491 25.028223 1.014493 0.8820919 21.73682 0.66161263 decam -9.961732 12.205269 139 object IBIS_wide_M517_531217 531217 0.03807 924.0 1948.0 -0.2563276 1.0003177 0.0006785804 0.14884108 -0.0010102963 0.9999784 15719782428 163.38745
/home/declsp/obsbot/rawdata/DECam_01476509.fits.fz N4 1476509 184.8888 61149.16436242 1.13 199.01175857660522 -2.650103834123527 199.01927916666668 -2.575 M517 0.027340032 25.016922 1.0088272 0.8752375 21.75099 0.6564822 decam -13.1586 18.526464 192 object IBIS_wide_M517_531475 531475 0.029018 924.0 1948.0 -0.22484931 1.0000262 0.0007015049 0.04797968 -0.00075654115 0.99998075 15946695407 281.63565
