logs/db-2026-03-14.ecsv
# %ECSV 1.0
# ---
# datatype:
# - {name: filename, datatype: string}
# - {name: extension, datatype: string}
# - {name: expnum, datatype: int64}
# - {name: exptime, datatype: float32}
# - {name: mjd_obs, datatype: float64}
# - {name: airmass, datatype: float32}
# - {name: racenter, datatype: float64}
# - {name: deccenter, datatype: float64}
# - {name: rabore, datatype: float64}
# - {name: decbore, datatype: float64}
# - {name: band, datatype: string}
# - {name: ebv, datatype: float32}
# - {name: zeropoint, datatype: float32}
# - {name: transparency, datatype: float32}
# - {name: seeing, datatype: float32}
# - {name: sky, datatype: float32}
# - {name: expfactor, datatype: float32}
# - {name: camera, datatype: string}
# - {name: dx, datatype: float32}
# - {name: dy, datatype: float32}
# - {name: nmatched, datatype: int64}
# - {name: obstype, datatype: string}
# - {name: object, datatype: string}
# - {name: tileid, datatype: int64}
# - {name: tileebv, datatype: float32}
# - {name: affine_x0, datatype: float32}
# - {name: affine_y0, datatype: float32}
# - {name: affine_dx, datatype: float32}
# - {name: affine_dxx, datatype: float32}
# - {name: affine_dxy, datatype: float32}
# - {name: affine_dy, datatype: float32}
# - {name: affine_dyx, datatype: float32}
# - {name: affine_dyy, datatype: float32}
# - {name: checksum, datatype: string}
# - {name: efftime, datatype: float32}
# schema: astropy-2.0
filename extension expnum exptime mjd_obs airmass racenter deccenter rabore decbore band ebv zeropoint transparency seeing sky expfactor camera dx dy nmatched obstype object tileid tileebv affine_x0 affine_y0 affine_dx affine_dxx affine_dxy affine_dy affine_dyx affine_dyy checksum efftime
[from data line 41]
/home/declsp/obsbot/rawdata/DECam_01463197.fits.fz N4 1463197 331.1979 61114.14774299 1.12 166.4357220128697 -5.619103808462647 166.44327083333332 -5.5440000000000005 M490 0.06709414 24.979458 1.0215012 1.0067219 21.890068 1.169501 decam 1.5433077 22.094822 157 object IBIS_wide_M490_425200 425200 0.0517 924.0 1948.0 0.2120212 1.0003561 -0.00063786656 0.069737695 0.00070889323 1.0000486 16213848476 283.19592
/home/declsp/obsbot/rawdata/DECam_01463198.fits.fz N4 1463198 368.1776 61114.15189176 1.12 165.42573163264174 -5.181103812261381 165.433275 -5.106 M490 0.04128698 24.992895 1.0342224 1.1307336 21.89586 1.2037162 decam 6.7531085 34.367153 137 object IBIS_wide_M490_428207 428207 0.039205 924.0 1948.0 -0.16648532 1.0003477 -0.0007830686 -0.058963355 0.00088422303 1.0000311 16288623838 305.86746
/home/declsp/obsbot/rawdata/DECam_01463199.fits.fz N4 1463199 511.1968 61114.15647083 1.12 166.85272764478097 -5.166103812391379 166.86027083333335 -5.091 M490 0.061782185 24.999308 1.0403489 1.2363379 21.87957 1.6556058 decam 4.479863 29.188725 159 object IBIS_wide_M490_428186 428186 0.053457 924.0 1948.0 0.039676692 0.9997481 -0.0005231827 -0.08782936 0.0005513392 1.0001305 16740670729 308.7672
/home/declsp/obsbot/rawdata/DECam_01463200.fits.fz N4 1463200 364.4577 61114.16297327 1.12 172.36571984556005 -6.377103801874804 172.37327916666666 -6.302 M490 0.03294676 25.007637 1.0483603 1.1317726 21.871536 1.1349838 decam 1.3711499 30.59065 143 object IBIS_wide_M490_428103 428103 0.038942 924.0 1948.0 0.0658897 1.0002278 -0.0003066281 0.10193027 0.0005147389 0.99999416 16419068533 321.1127
/home/declsp/obsbot/rawdata/DECam_01463201.fits.fz N4 1463201 341.4778 61114.16752142 1.11 169.56673225164053 -5.470103809755528 169.57427916666668 -5.395 M490 0.035047174 24.988607 1.0282792 1.0421771 21.884386 0.9993139 decam 9.532571 32.65794 138 object IBIS_wide_M490_425204 425204 0.040431 924.0 1948.0 -0.06504307 1.0002664 -0.0005441295 0.06111021 0.00047424217 1.000083 16228907888 341.71228
/home/declsp/obsbot/rawdata/DECam_01463202.fits.fz N4 1463202 328.0878 61114.17180955 1.11 168.60173122254898 -4.856103815076649 168.60927083333334 -4.781 M490 0.041162003 25.002848 1.0418539 1.0735631 21.87656 1.0837924 decam 9.857904 42.348118 133 object IBIS_wide_M490_425210 425210 0.041295 924.0 1948.0 -0.03575767 1.0001327 -0.0005626646 0.007367288 0.00038262884 0.99992865 16197873251 302.722
/home/declsp/obsbot/rawdata/DECam_01463203.fits.fz N4 1463203 400.5575 61114.17592785 1.11 169.96673306788665 -4.688103816530851 169.97427083333332 -4.6129999999999995 M490 0.05227501 24.99668 1.0359523 1.1144184 21.860048 1.2917935 decam 4.169807 43.985466 129 object IBIS_wide_M490_425207 425207 0.044032 924.0 1948.0 -0.014821438 1.0001572 -0.00052321696 0.031238323 0.00048469912 1.0000077 16461995912 310.07858
/home/declsp/obsbot/rawdata/DECam_01463204.fits.fz N4 1463204 262.8383 61114.18090605 1.11 172.8367395670609 -4.855103815085307 172.84427916666667 -4.78 M490 0.068183154 25.004358 1.0433044 0.96792626 21.850906 1.0786166 decam 6.0007987 44.095127 128 object IBIS_wide_M490_425277 425277 0.049985 924.0 1948.0 0.15919739 1.0001585 -0.00051260117 -0.32104748 0.00031278806 0.9999928 16118307455 243.68092
/home/declsp/obsbot/rawdata/DECam_01463205.fits.fz N4 1463205 274.3282 61114.18428192 1.11 174.16973104337427 -4.872103814938115 174.17727083333335 -4.797 M490 0.04413547 25.005713 1.0446075 0.9365255 21.83872 0.867206 decam 2.4168384 46.869713 155 object IBIS_wide_M490_425276 425276 0.047294 924.0 1948.0 -0.001122117 1.0001092 -0.00026152347 0.005462995 0.00028929833 1.0000496 16092388876 316.33566
/home/declsp/obsbot/rawdata/DECam_01463206.fits.fz N4 1463206 259.8183 61114.18777944 1.11 171.7837409351584 -4.731103816158713 171.79127916666664 -4.656 M490 0.04798321 25.003826 1.0427945 0.93692076 21.842571 0.8905362 decam 7.56945 56.050735 115 object IBIS_wide_M490_428192 428192 0.05136 924.0 1948.0 0.085939966 1.0003806 -0.00037665162 0.13056265 0.00080511573 1.0001253 16078924121 291.7549
/home/declsp/obsbot/rawdata/DECam_01463207.fits.fz N4 1463207 268.9883 61114.19111329 1.11 173.21273345476865 -4.6521038168423745 173.22027083333333 -4.577 M490 0.054191194 25.006039 1.0449202 0.95696044 21.829346 0.9762622 decam 7.152478 57.34466 136 object IBIS_wide_M490_428263 428263 0.048568 924.0 1948.0 0.16175883 1.0000538 -0.00045078795 -0.03043484 0.00023464291 0.9999924 16100424615 275.52875
/home/declsp/obsbot/rawdata/DECam_01463208.fits.fz N4 1463208 230.5985 61114.19502668 1.11 176.17473868029023 -4.5521038177075495 176.182275 -4.477 M490 0.02091414 25.005697 1.044592 0.9226348 21.732885 0.79426 decam -3.7461717 -7.409177 104 object IBIS_wide_M490_428259 428259 0.022908 924.0 1948.0 -0.034415964 1.0001049 -0.00030620024 0.05754151 0.0005722818 1.0000434 16574444711 290.33124
/home/declsp/obsbot/rawdata/DECam_01463209.fits.fz N4 1463209 278.3783 61114.19806051 1.11 179.7987358123653 -4.818103815405639 179.806275 -4.743 M490 0.03284339 25.003424 1.0424072 0.99863434 21.81376 0.9390877 decam -2.1668417 -7.8414426 153 object IBIS_wide_M490_424966 424966 0.026585 924.0 1948.0 -0.13655333 1.0003492 6.855916e-05 0.045071512 0.00022758682 1.00017 16256759394 296.4348
/home/declsp/obsbot/rawdata/DECam_01463210.fits.fz N4 1463210 237.2085 61114.20163356 1.11 177.40373441927886 -4.561103817629695 177.41127083333333 -4.486 M490 0.024916956 25.009985 1.048726 0.9054805 21.833244 0.71085733 decam -2.5122285 -1.4952345 154 object IBIS_wide_M490_428258 428258 0.026792 924.0 1948.0 -0.118545935 1.0000634 -0.00012986013 0.12831149 0.00020241301 0.9999971 15991287702 333.69354
/home/declsp/obsbot/rawdata/DECam_01463211.fits.fz N4 1463211 234.4985 61114.20472241 1.11 180.3107371677523 -4.2911038199645395 180.31827083333334 -4.216 M490 0.03421406 25.00425 1.0432004 0.8610483 21.825514 0.69654787 decam 0.7397636 -4.4815183 157 object IBIS_wide_M490_430976 430976 0.029267 924.0 1948.0 0.0808518 1.00024 2.7408227e-05 0.04703018 -9.617869e-05 1.0000892 15994410476 336.65814
/home/declsp/obsbot/rawdata/DECam_01463212.fits.fz N4 1463212 212.4787 61114.20776063 1.11 181.39874583518994 -4.257103820258438 181.40627916666665 -4.182 M490 0.022485739 25.002527 1.0415467 0.8459643 21.824179 0.62436765 decam -2.4632668 -7.5166907 157 object IBIS_wide_M490_430970 430970 0.028262 924.0 1948.0 -0.11591015 1.0002156 -7.721751e-05 0.16218771 6.1403966e-06 1.0000818 16011231346 340.31024
/home/declsp/obsbot/rawdata/DECam_01463213.fits.fz N4 1463213 242.3785 61114.21053912 1.12 182.7787472488402 -4.11010382152882 182.78627916666667 -4.035 M490 0.030592877 24.995466 1.036674 0.87814975 21.811321 0.7280223 decam -3.189558 -4.020241 124 object IBIS_wide_M490_430971 430971 0.031905 924.0 1948.0 0.014963286 0.9999308 3.226402e-05 0.11943321 0.00015364507 1.0001059 16020630027 332.9273
/home/declsp/obsbot/rawdata/DECam_01463214.fits.fz N4 1463214 255.7784 61114.21366087 1.12 183.31874769958955 -4.062103821943537 183.32627916666667 -3.987 M490 0.030277172 25.006771 1.0475253 0.92565846 21.809116 0.791929 decam -2.6351361 -1.8101411 130 object IBIS_wide_M490_433957 433957 0.034488 924.0 1948.0 -0.017491052 1.0001588 3.387619e-05 0.080538265 -0.00022458336 1.0000165 16077111292 322.98148
/home/declsp/obsbot/rawdata/DECam_01463215.fits.fz N4 1463215 264.1283 61114.21695056 1.12 184.54874853948036 -3.9711038227296327 184.55627916666666 -3.896 M490 0.033119146 25.007051 1.0477948 0.947624 21.408869 1.2222029 decam 4.652481 -3.1483426 77 object IBIS_wide_M490_433952 433952 0.037091 924.0 1948.0 -0.106961064 1.00035 5.872238e-05 0.09878905 -0.0001746974 1.0001992 18461013881 216.10838
/home/declsp/obsbot/rawdata/DECam_01463216.fits.fz N4 1463216 349.5978 61114.22033889 1.12 185.97674859418373 -3.965103822781458 185.98427916666668 -3.89 M490 0.044429902 25.002476 1.0433888 1.0253339 21.783365 1.1020385 decam -8.413905 -6.569611 146 object IBIS_wide_M490_434520 434520 0.042798 924.0 1948.0 -0.098866045 1.0001254 0.0001481802 -0.09047483 -9.7612545e-05 1.0002297 16382513253 317.2283
/home/declsp/obsbot/rawdata/DECam_01463217.fits.fz N4 1463217 400.5675 61114.22469445 1.12 187.64374644448924 -3.737103824750243 187.651275 -3.662 M490 0.034472447 25.000307 1.0413066 1.1552856 21.781504 1.3156246 decam -7.0198717 -5.4639225 160 object IBIS_wide_M490_431452 431452 0.039197 924.0 1948.0 -0.19114248 1.0003799 0.0001829858 -0.08369466 5.600363e-05 0.9999751 16585435826 304.46945
/home/declsp/obsbot/rawdata/DECam_01463218.fits.fz N4 1463218 320.9582 61114.22966585 1.12 189.12574711529703 -3.6581038254321667 189.13327500000003 -3.583 M490 0.026711496 25.00243 1.0433449 0.98928374 21.787004 0.90826267 decam -10.455034 -7.8243966 168 object IBIS_wide_M490_431451 431451 0.036961 924.0 1948.0 -0.07155571 1.0002522 0.00032976226 0.020376489 -0.00035537788 1.0000938 16261555602 353.37595
/home/declsp/obsbot/rawdata/DECam_01463219.fits.fz N4 1463219 270.3984 61114.23373027 1.12 186.18274712369575 -3.657103825440798 186.19027499999999 -3.582 M490 0.03420506 25.004452 1.045289 0.9675653 21.777967 0.9178729 decam -8.342973 13.246629 142 object IBIS_wide_M490_431535 431535 0.040154 924.0 1948.0 0.023027673 1.0002135 0.00020550317 0.10952713 -0.00015418438 1.0001066 16117917032 294.59244
/home/declsp/obsbot/rawdata/DECam_01463220.fits.fz N4 1463220 242.2985 61114.2373986 1.12 192.2907494541066 -3.3681038279344238 192.298275 -3.293 M490 0.027492465 24.99762 1.0387332 0.94945955 21.799057 0.83930016 decam -11.455168 -7.7152147 150 object IBIS_wide_M490_434441 434441 0.025079 924.0 1948.0 -0.061681215 0.999961 0.00031495225 0.13334252 -0.0005002057 0.9998177 16030680631 288.6911
/home/declsp/obsbot/rawdata/DECam_01463221.fits.fz N4 1463221 279.8484 61114.24056496 1.12 189.54174543389308 -3.3491038280983103 189.54927083333334 -3.274 M490 0.042537414 25.003794 1.0446557 0.97936857 21.785294 0.9888396 decam 0.75435126 10.876464 147 object IBIS_wide_M490_434437 434437 0.03393 924.0 1948.0 0.05665291 1.0003896 5.4914024e-05 0.19218056 -0.00038302853 0.99995977 16283071245 283.00684
/home/declsp/obsbot/rawdata/DECam_01463222.fits.fz N4 1463222 243.8286 61114.24418963 1.13 193.95875175357236 -3.056103830624846 193.966275 -2.981 M490 0.021261813 24.984295 1.0279268 0.9976608 21.803051 0.9072969 decam -12.04455 -3.9696054 158 object IBIS_wide_M490_431437 431437 0.020827 924.0 1948.0 -0.16510084 1.0000298 0.00044151014 0.08004527 -0.0006832216 1.0000728 16022194568 268.7418
/home/declsp/obsbot/rawdata/DECam_01463223.fits.fz N4 1463223 275.3984 61114.24734533 1.13 195.45875176758847 -3.054103830642087 195.466275 -2.979 M490 0.026858445 25.002703 1.0455021 0.9617438 21.791449 0.85543174 decam -7.4505396 -6.247995 161 object IBIS_wide_M490_431478 431478 0.026179 924.0 1948.0 -0.14608541 1.0001467 0.00066355895 0.17751655 -0.0007699573 1.000086 16162566759 321.94083
/home/declsp/obsbot/rawdata/DECam_01463224.fits.fz N4 1463224 294.4283 61114.25085604 1.11 198.01274277359394 -4.559103817646996 198.02027916666668 -4.484 M490 0.03194717 24.988325 1.0280116 0.98420376 21.81157 0.93420774 decam -15.084536 -7.928252 186 object IBIS_wide_M490_434205 434205 0.032649 924.0 1948.0 -0.45544067 1.0003815 0.00073533854 0.15520424 -0.00058942393 1.0000994 16178166733 315.16364
/home/declsp/obsbot/rawdata/DECam_01463225.fits.fz N4 1463225 231.0387 61114.25457171 1.13 199.72074761492868 -3.0521038306593278 199.72827083333334 -2.977 M490 0.03464182 25.000175 1.0430723 0.8955215 21.816504 0.7674402 decam -10.732855 -7.8776865 163 object IBIS_wide_M490_431224 431224 0.032465 924.0 1948.0 -0.23465899 1.0002278 0.00069168455 0.007266754 -0.0007409363 0.99990094 15998328796 301.0511
/home/declsp/obsbot/rawdata/DECam_01463226.fits.fz N4 1463226 243.1886 61114.25773798 1.13 198.6097571843091 -2.870103832227997 198.61727916666666 -2.795 M490 0.03368818 25.007269 1.0499091 0.94599545 21.80756 0.84656036 decam -10.0673065 -2.811834 166 object IBIS_wide_M490_434460 434460 0.029344 924.0 1948.0 -0.3118114 1.0003177 0.0007913547 0.19060284 -0.0006669769 1.0002193 16255740312 287.2667
/home/declsp/obsbot/rawdata/DECam_01463227.fits.fz N4 1463227 251.1286 61114.26088218 1.13 199.92774952303648 -2.7661038331241525 199.93527083333333 -2.691 M490 0.03081008 24.992878 1.036084 0.91770506 21.831703 0.78495383 decam -20.027184 -3.9070086 151 object IBIS_wide_M490_434210 434210 0.031213 924.0 1948.0 -0.198714 1.0001447 0.00074462255 0.18326856 -0.00082438823 1.0000521 16042673928 319.92786
/home/declsp/obsbot/rawdata/DECam_01463228.fits.fz N4 1463228 261.9886 61114.26412232 1.13 201.45174942764137 -2.7811038329949094 201.45927083333333 -2.706 M490 0.036832407 24.984257 1.0278896 0.9658874 21.839516 0.91297793 decam -10.105045 -4.9994364 159 object IBIS_wide_M490_434219 434219 0.037156 924.0 1948.0 -0.0640349 1.0001396 0.0007918735 -0.0067142528 -0.00094617583 1.0001436 16116337278 286.96048
/home/declsp/obsbot/rawdata/DECam_01463229.fits.fz N4 1463229 346.9782 61114.26746689 1.13 202.44875178859533 -3.0511038306679477 202.456275 -2.976 M490 0.04020378 25.00206 1.0448841 1.0261185 21.841944 1.017335 decam -13.33088 -6.4108057 160 object IBIS_wide_M490_431228 431228 0.037249 924.0 1948.0 -0.08996929 1.0000814 0.0008688902 -0.07339647 -0.00090708066 1.0000621 16336428575 341.06583
/home/declsp/obsbot/rawdata/DECam_01463230.fits.fz N4 1463230 284.6085 61114.27180242 1.13 204.47475954204782 -2.4861038355361167 204.48227916666667 -2.411 M490 0.0668368 24.99133 1.0346069 0.98487175 21.831173 1.1542542 decam -11.675166 -7.742499 153 object IBIS_wide_M490_431230 431230 0.041622 924.0 1948.0 0.02861765 0.99998814 0.000939459 0.11837804 -0.00096131576 1.0001129 16160277129 246.57349
/home/declsp/obsbot/rawdata/DECam_01463231.fits.fz N4 1463231 244.2887 61114.27543311 1.13 204.2417495166929 -2.7671038331155375 204.24927083333333 -2.692 M490 0.05335612 25.000923 1.0437894 0.90460473 21.82554 0.8790681 decam -16.397955 -6.2444654 161 object IBIS_wide_M490_434215 434215 0.038918 924.0 1948.0 -0.09043957 1.0001898 0.0008725663 0.17593068 -0.0010286195 1.0001024 16015431861 277.89508
/home/declsp/obsbot/rawdata/DECam_01463232.fits.fz N4 1463232 285.1084 61114.27856817 1.13 203.25675962159826 -2.472103835656688 203.26427916666665 -2.3970000000000002 M490 0.037621867 25.00179 1.0446235 0.98584515 21.76681 0.98976016 decam -17.796463 0.721527 182 object IBIS_wide_M490_431231 431231 0.037691 924.0 1948.0 0.008132389 1.0002204 0.00069445895 0.19507053 -0.00090114854 1.0000125 16823747055 288.05807
/home/declsp/obsbot/rawdata/DECam_01463233.fits.fz N4 1463233 284.7285 61114.28220581 1.13 205.74774956737693 -2.7591038331844655 205.75527083333333 -2.684 M490 0.046876807 24.987041 1.0305307 0.99081624 21.834309 1.0271027 decam -16.273561 -4.354245 174 object IBIS_wide_M490_434194 434194 0.041995 924.0 1948.0 -0.20888402 1.0003272 0.000991102 0.10277043 -0.0011447101 1.0000917 16123868844 277.2152
/home/declsp/obsbot/rawdata/DECam_01463234.fits.fz N4 1463234 283.9685 61114.28582751 1.13 207.15275358154952 -2.7831038329776767 207.16027499999998 -2.708 M490 0.04530402 25.004019 1.0467706 0.9618309 21.803997 0.9546863 decam -18.820673 -5.7302814 141 object IBIS_wide_M490_434287 434287 0.046307 924.0 1948.0 -0.093728036 0.9999373 0.0010292459 0.19499628 -0.0014034087 1.0000621 17091081590 297.44693
/home/declsp/obsbot/rawdata/DECam_01463235.fits.fz N4 1463235 293.3284 61114.28944161 1.13 207.38075633737841 -2.3111038370430665 207.388275 -2.236 M490 0.047463592 24.992403 1.0356319 1.01215 21.837175 1.0625355 decam -17.957857 -2.0194147 184 object IBIS_wide_M490_431302 431302 0.047501 924.0 1948.0 -0.042478338 1.0001514 0.0009937689 0.15938969 -0.0012141651 1.00003 16160914797 276.06454
