logs/db-2026-05-19.ecsv
# %ECSV 1.0
# ---
# datatype:
# - {name: filename, datatype: string}
# - {name: extension, datatype: string}
# - {name: expnum, datatype: int64}
# - {name: exptime, datatype: float32}
# - {name: mjd_obs, datatype: float64}
# - {name: airmass, datatype: float32}
# - {name: racenter, datatype: float64}
# - {name: deccenter, datatype: float64}
# - {name: rabore, datatype: float64}
# - {name: decbore, datatype: float64}
# - {name: band, datatype: string}
# - {name: ebv, datatype: float32}
# - {name: zeropoint, datatype: float32}
# - {name: transparency, datatype: float32}
# - {name: seeing, datatype: float32}
# - {name: sky, datatype: float32}
# - {name: expfactor, datatype: float32}
# - {name: camera, datatype: string}
# - {name: dx, datatype: float32}
# - {name: dy, datatype: float32}
# - {name: nmatched, datatype: int64}
# - {name: obstype, datatype: string}
# - {name: object, datatype: string}
# - {name: tileid, datatype: int64}
# - {name: tileebv, datatype: float32}
# - {name: affine_x0, datatype: float32}
# - {name: affine_y0, datatype: float32}
# - {name: affine_dx, datatype: float32}
# - {name: affine_dxx, datatype: float32}
# - {name: affine_dxy, datatype: float32}
# - {name: affine_dy, datatype: float32}
# - {name: affine_dyx, datatype: float32}
# - {name: affine_dyy, datatype: float32}
# - {name: checksum, datatype: string}
# - {name: efftime, datatype: float32}
# schema: astropy-2.0
filename extension expnum exptime mjd_obs airmass racenter deccenter rabore decbore band ebv zeropoint transparency seeing sky expfactor camera dx dy nmatched obstype object tileid tileebv affine_x0 affine_y0 affine_dx affine_dxx affine_dxy affine_dy affine_dyx affine_dyy checksum efftime
/home/declsp/obsbot/rawdata/DECam_01481345.fits.fz N4 1481345 5.0 61179.94660387 1.0 146.33236746374484 -30.27788051381562 146.34106666666668 -30.202776944444444 r 0.11352338 26.79755 0.98134184 1.1649591 17.549656 19.92524 decam -25.582468 -6.625954 313 object pointing 0 0.0 924.0 1948.0 0.10705125 0.9999705 -0.0015681726 -0.085015394 0.0017715344 0.99990064 19076614796 0.250938
/home/declsp/obsbot/rawdata/DECam_01481346.fits.fz N4 1481346 10.0 61179.94771584 1.0 146.33236746374484 -30.27788051381562 146.34106666666668 -30.202776944444444 r 0.11352338 26.796455 0.98035157 1.1061194 17.883488 13.237889 decam 14.495441 -6.2869773 380 object pointing 0 0.0 924.0 1948.0 0.044496797 0.99990696 -0.0015891418 -0.13419531 0.0015582338 0.999963 20834668366 0.75540745
/home/declsp/obsbot/rawdata/DECam_01481347.fits.fz N4 1481347 10.0 61179.94898033 1.0 146.33236746374484 -30.27788051381562 146.34106666666668 -30.202776944444444 r 0.11352338 26.802183 0.985537 1.1081393 18.249296 9.386298 decam 8.655779 9.2997675 406 object pointing 0 0.0 924.0 1948.0 0.04255614 0.9999012 -0.0016099282 -0.16590866 0.0016085019 1.0000587 19287151463 1.0653827
/home/declsp/obsbot/rawdata/DECam_01481348.fits.fz N4 1481348 30.0 61179.95003763 1.0 146.33236746374484 -30.27788051381562 146.34106666666668 -30.202776944444444 r 0.11352338 26.786062 0.9710133 1.3292187 18.577503 10.276382 decam 17.894854 17.64974 493 object pointing 0 0.0 924.0 1948.0 0.10952267 0.99997926 -0.0015197585 -0.23677696 0.0016980602 1.0000358 24102895811 2.9193153
/home/declsp/obsbot/rawdata/DECam_01481349.fits.fz N4 1481349 10.0 61179.95298272 1.04 130.3761489802335 -32.93424242676747 130.3851 -32.859138888888886 M517 0.33464447 25.075136 1.0491527 1.0762194 19.751368 5.6178284 decam 8.2027645 48.315197 880 object "LTT3218 N4" 0 0.0 924.0 1948.0 -0.11356154 0.999922 -0.0020718628 -0.4600626 0.0021126936 1.000113 15582274817 1.7800473
/home/declsp/obsbot/rawdata/DECam_01481350.fits.fz N4 1481350 10.0 61179.95339038 1.05 130.00609898023347 -32.93424242676747 130.01505 -32.859138888888886 M517 0.29259276 25.05001 1.0267957 1.022314 19.835835 4.9130616 decam 13.606393 46.42222 1113 object "LTT3218 N5" 0 0.0 924.0 1948.0 0.14433648 1.0000012 -0.0021181237 -0.14834279 0.002348337 0.999958 15563314799 2.0353906
/home/declsp/obsbot/rawdata/DECam_01481351.fits.fz N4 1481351 10.0 61179.95383273 1.04 130.74619871054136 -33.10090964695198 130.75516666666667 -33.02580611111111 M517 0.41609186 25.116932 1.0903261 0.9831686 19.898973 3.7908032 decam 5.145586 61.17251 820 object "LTT3218 S3" 0 0.0 924.0 1948.0 0.23553428 1.0004851 -0.0021668214 0.0625597 0.0019152891 1.0000619 15578854367 2.6379633
/home/declsp/obsbot/rawdata/DECam_01481352.fits.fz N4 1481352 10.0 61179.9542668 1.05 130.37613204387472 -33.100909646952 130.3851 -33.02580611111111 M517 0.3320199 25.073477 1.0492303 1.0551616 20.02656 4.2042975 decam 11.64109 47.616306 907 object "LTT3218 S4" 0 0.0 924.0 1948.0 -0.03473553 0.99984276 -0.0020150235 -0.13380751 0.0021615035 0.99992996 15532824593 2.3785186
/home/declsp/obsbot/rawdata/DECam_01481353.fits.fz N4 1481353 10.0 61179.95469585 1.05 130.00608204387473 -33.10090964695198 130.01505 -33.02580611111111 M517 0.27418688 25.041332 1.0186219 1.0783962 20.125002 4.255096 decam 24.018852 54.42965 1062 object "LTT3218 S5" 0 0.0 924.0 1948.0 0.1881866 1.0001378 -0.0021939904 -0.45080563 0.0022010952 1.0000336 15522179882 2.3501232
/home/declsp/obsbot/rawdata/DECam_01481354.fits.fz N4 1481354 15.0 61179.95610155 1.01 158.0489082850337 -35.62021461516044 158.05815 -35.54511111111111 M517 0.09512646 25.019602 0.99205756 1.1829634 20.632845 3.3372123 decam 30.31771 15.745478 291 object "LTT3864 N4" 0 0.0 924.0 1948.0 0.2827147 1.0001904 -0.0010573991 0.04111545 0.0010804781 1.0000219 15511081901 4.4947696
/home/declsp/obsbot/rawdata/DECam_01481355.fits.fz N4 1481355 15.0 61179.95661315 1.01 157.66682911836705 -35.62021461516044 157.67607083333334 -35.54511111111111 M517 0.097239666 25.010801 0.9840485 1.282208 20.755878 3.5568879 decam 48.889595 28.537905 221 object "LTT3864 N5" 0 0.0 924.0 1948.0 0.13645723 1.0002905 -0.0011915807 -0.15498264 0.0010181691 1.0000422 15499550247 4.21717
/home/declsp/obsbot/rawdata/DECam_01481356.fits.fz N4 1481356 15.0 61179.95711285 1.01 158.43095561147695 -35.78688155743227 158.44021666666666 -35.711778055555556 M517 0.09434271 25.00407 0.9779662 1.4149803 20.793577 4.234878 decam 38.04536 14.687456 265 object "LTT3864 S3" 0 0.0 924.0 1948.0 0.064173155 1.0000168 -0.0010530206 -0.1592451 0.0007623841 1.0001308 15487297298 3.5420146
/home/declsp/obsbot/rawdata/DECam_01481357.fits.fz N4 1481357 15.0 61179.95759982 1.01 158.0488889448103 -35.78688155743227 158.05815 -35.711778055555556 M517 0.10869775 25.003414 0.97737664 1.2921425 20.86218 3.3201065 decam 29.76857 3.4774928 293 object "LTT3864 S4" 0 0.0 924.0 1948.0 0.13846631 1.0001626 -0.0010515945 -0.115685925 0.0008477323 1.0000505 15483188709 4.517927
/home/declsp/obsbot/rawdata/DECam_01481358.fits.fz N4 1481358 15.0 61179.95809952 1.01 157.66680977814363 -35.78688155743227 157.67607083333334 -35.711778055555556 M517 0.09514436 24.994568 0.9694446 1.4768937 21.018139 3.8174324 decam 40.698418 20.296204 274 object "LTT3864 S5" 0 0.0 924.0 1948.0 -0.2395586 1.0002788 -0.001086741 0.066398434 0.0008558796 1.0000752 15474715554 3.9293427
/home/declsp/obsbot/rawdata/DECam_01481359.fits.fz N4 1481359 150.0 61179.95987234 1.15 151.47196661494695 -0.06467996747533987 151.47947916666666 0.01042388888888889 M517 0.039787255 25.00783 1.0036258 1.0229268 21.018677 1.7884575 decam 37.20702 62.40335 135 object "Pal3 position 5" 0 0.0 924.0 1948.0 0.3840713 1.000172 -0.0013891823 -0.41486666 0.0011065104 0.9999264 16260198091 83.871155
/home/declsp/obsbot/rawdata/DECam_01481360.fits.fz N4 1481360 150.0 61179.9619376 1.16 151.34323743732875 0.11728003096052049 151.35075 0.19238388888888888 M517 0.041424714 25.00994 1.0071908 0.99159837 21.190617 1.4291041 decam 31.952654 57.22275 216 object "Pal3 position 6" 0 0.0 924.0 1948.0 0.49578008 1.0004238 -0.0013636032 -0.48982498 0.0012179947 0.999856 16135920359 104.96086
/home/declsp/obsbot/rawdata/DECam_01481361.fits.fz N4 1481361 150.0 61179.96400296 1.15 151.31344576901827 -0.12325274474962152 151.32095833333335 -0.04814888888888889 M517 0.045850176 24.996346 0.9930669 1.129381 21.302984 1.7129604 decam 23.085346 49.885124 128 object "Pal3 position 7" 0 0.0 924.0 1948.0 0.7010808 0.9998374 -0.0013879401 0.02848131 0.0014893564 0.9998844 16079789391 87.5677
/home/declsp/obsbot/rawdata/DECam_01481362.fits.fz N4 1481362 150.0 61179.96608783 1.16 151.5112666173043 0.046079198239234696 151.51877916666666 0.12118305555555556 M517 0.03762518 24.991873 0.9905702 1.020009 21.358435 1.3392627 decam 20.868626 62.359024 171 object "Pal3 position 8" 0 0.0 924.0 1948.0 -0.3948007 0.9999742 -0.0013763771 0.08683808 0.001340896 0.99990416 16024712772 112.00192
/home/declsp/obsbot/rawdata/DECam_01481363.fits.fz N4 1481363 150.0 61179.96816129 1.16 151.23417078294182 0.05497919816272972 151.24168333333333 0.13008305555555555 M517 0.038566466 25.00234 1.0001658 1.0269192 21.420815 1.2571607 decam 8.352918 69.24964 192 object "Pal3 position 9" 0 0.0 924.0 1948.0 1.1125371 1.0000457 -0.0014137184 0.2724778 0.0015710089 0.99989134 15986130538 119.31649
/home/declsp/obsbot/rawdata/DECam_01481364.fits.fz N4 1481364 35.0 61179.97054031 1.09 160.81571585505705 -6.642103799567185 160.82327916666665 -6.567 M517 0.044132356 25.008907 0.99500835 0.98959243 21.561382 1.0135128 decam 23.49774 36.21121 109 object "pointing test" 0 0.0 924.0 1948.0 -0.07731023 0.999865 -0.0011221459 -0.070831686 0.0009800631 0.9999222 15533356445 34.533356
/home/declsp/obsbot/rawdata/DECam_01481365.fits.fz N4 1481365 433.8372 61179.9726797 1.12 163.32473546723702 -4.4601038185033 163.33227083333333 -4.385 M517 0.031935737 24.92002 0.9212125 0.9670678 21.524803 1.1793001 decam -17.359709 1.4873801 138 object IBIS_wide_M517_528212 528212 0.03192 924.0 1948.0 0.124799915 0.9999384 -0.00090693077 0.06466158 0.0007060532 1.0000588 17006911510 367.87683
/home/declsp/obsbot/rawdata/DECam_01481366.fits.fz N4 1481366 338.0978 61179.97801351 1.11 164.7327378670314 -4.629103817041387 164.740275 -4.554 M517 0.031733934 24.979227 0.97128505 0.9757824 21.584692 1.018766 decam -15.904425 9.955649 131 object IBIS_wide_M517_528209 528209 0.032845 924.0 1948.0 -0.10304739 1.0002029 -0.00056841166 -0.15328342 0.0007327651 1.0000132 16947165693 331.86993
/home/declsp/obsbot/rawdata/DECam_01481367.fits.fz N4 1481367 800.0 61179.98225344 1.11 163.77473774581034 -4.232103820474523 163.7822708333333 -4.157 M517 0.03035259 24.66617 0.7279881 1.039217 21.38217 2.4779923 decam -20.968391 14.042401 140 object IBIS_wide_M517_525229 525229 0.031963 924.0 1948.0 0.16309145 0.9999015 -0.00086505717 0.0017837189 0.00076973427 0.99993044 18756729388 322.842
/home/declsp/obsbot/rawdata/DECam_01481368.fits.fz N4 1481368 627.306 61179.99184958 1.11 165.07274586454096 -4.254103820284368 165.08027916666666 -4.179 M517 0.035665363 24.723423 0.7674066 1.0668038 21.448185 2.2110395 decam -15.702499 14.053572 132 object IBIS_wide_M517_525224 525224 0.037907 924.0 1948.0 0.25321034 0.9999356 -0.00081622 -0.050135933 0.00042231623 0.9999999 17938405692 283.71542
/home/declsp/obsbot/rawdata/DECam_01481369.fits.fz N4 1481369 487.3068 61179.99973977 1.11 171.7837409351584 -4.731103816158713 171.79127916666664 -4.656 M517 0.04798321 24.906292 0.9081814 1.0968105 21.595953 1.4562547 decam -11.983142 5.012989 117 object IBIS_wide_M517_528192 528192 0.05136 924.0 1948.0 0.024696773 1.0001084 -0.0004422231 0.20050873 0.00047212603 1.0000402 17079631563 334.6302
/home/declsp/obsbot/rawdata/DECam_01481370.fits.fz N4 1481370 390.0075 61180.00571404 1.11 172.24874561931114 -4.27910382006827 172.25627916666667 -4.204 M517 0.04640034 24.993698 0.98431814 1.0995127 21.655375 1.1794388 decam -19.780884 17.485712 139 object IBIS_wide_M517_525301 525301 0.057635 924.0 1948.0 0.039196428 1.0002087 -0.00035182285 0.14050351 0.00032484363 0.9998568 16714474562 330.6721
/home/declsp/obsbot/rawdata/DECam_01481371.fits.fz N4 1481371 346.0878 61180.01059636 1.11 176.17473868029023 -4.5521038177075495 176.182275 -4.477 M517 0.02091414 24.99317 0.983838 1.1536863 21.634644 1.3245986 decam -9.289743 3.9797223 106 object IBIS_wide_M517_528259 528259 0.022908 924.0 1948.0 0.05229091 0.9998998 -0.0003373893 0.0036746038 0.00041488442 0.999975 17421985043 261.2775
/home/declsp/obsbot/rawdata/DECam_01481372.fits.fz N4 1481372 346.5178 61180.01493023 1.11 175.29574311993997 -4.106103821563381 175.303275 -4.031 M517 0.023713525 25.011099 1.0002192 1.1685297 21.734985 1.1986372 decam -12.503439 19.274183 174 object IBIS_wide_M517_528265 528265 0.025373 924.0 1948.0 -0.1775666 1.000377 -0.00039925688 -0.15580337 0.0002042039 0.9999692 16535240083 289.09314
/home/declsp/obsbot/rawdata/DECam_01481373.fits.fz N4 1481373 365.8877 61180.01931098 1.12 178.78973732531205 -4.2751038201028475 178.79727083333333 -4.2 M517 0.023278594 25.011086 1.0018122 1.1582848 21.737425 1.1751335 decam -15.517401 10.562673 140 object IBIS_wide_M517_525266 525266 0.025232 924.0 1948.0 -0.018512871 1.0000683 -0.0002015771 0.030913318 0.0001135657 0.99992496 16526655607 311.35843
/home/declsp/obsbot/rawdata/DECam_01481374.fits.fz N4 1481374 330.4478 61180.02384534 1.11 180.3107371677523 -4.2911038199645395 180.31827083333334 -4.216 M517 0.03421406 25.01051 0.9996779 1.0814824 21.75258 1.0116086 decam -19.716238 6.313576 157 object IBIS_wide_M517_530976 530976 0.029267 924.0 1948.0 0.120153695 1.0001148 -9.606488e-05 0.07018366 -3.4366058e-05 0.9999957 16385601190 326.6558
/home/declsp/obsbot/rawdata/DECam_01481375.fits.fz N4 1481375 377.0876 61180.02799298 1.12 180.63774009649023 -3.9831038226259823 180.6452708333333 -3.908 M517 0.027852457 25.006437 0.9975329 1.236514 21.772371 1.3076583 decam -17.392624 16.611551 139 object IBIS_wide_M517_533961 533961 0.028683 924.0 1948.0 0.009749328 1.0002384 -8.225917e-05 0.108000994 0.0001012645 0.9999504 16504684758 288.3686
/home/declsp/obsbot/rawdata/DECam_01481376.fits.fz N4 1481376 433.6972 61180.03269284 1.12 183.31874769958955 -4.062103821943537 183.32627916666667 -3.987 M517 0.030277172 24.997738 0.9895719 1.250667 21.783356 1.345643 decam -18.90374 2.1368399 135 object IBIS_wide_M517_533957 533957 0.034488 924.0 1948.0 -0.056417827 0.99995714 3.4543093e-05 0.04211424 -0.00018918878 0.99993676 16686925145 322.29736
/home/declsp/obsbot/rawdata/DECam_01481377.fits.fz N4 1481377 322.248 61180.03808114 1.11 179.47474539792256 -3.8571038237141715 179.482275 -3.782 M517 0.024558745 24.995958 0.9863695 1.1277757 21.811728 1.069859 decam -13.289488 29.172447 170 object IBIS_wide_M517_524983 524983 0.026176 924.0 1948.0 -0.013325595 1.0000715 -0.0001365921 0.008853554 -7.341596e-05 0.9999822 16352633041 301.20602
/home/declsp/obsbot/rawdata/DECam_01481378.fits.fz N4 1481378 328.0079 61180.0422748 1.12 184.9587469552815 -3.67710382526817 184.966275 -3.602 M517 0.039372306 25.006124 0.9972448 1.153493 21.797054 1.1132954 decam -3.5134697 13.888052 169 object IBIS_wide_M517_531536 531536 0.037925 924.0 1948.0 -0.0802078 1.0000515 8.167853e-05 0.01470194 -0.000162723 0.999992 16349897748 294.6279
/home/declsp/obsbot/rawdata/DECam_01481379.fits.fz N4 1481379 348.6877 61180.04639838 1.12 186.70275362850208 -3.367103827943049 186.71027916666665 -3.292 M517 0.044628713 24.98916 0.98178536 1.1953793 21.815132 1.2130381 decam -17.891727 10.555258 139 object IBIS_wide_M517_534521 534521 0.035798 924.0 1948.0 -0.05748238 1.0000125 0.00024164101 0.090239905 -0.00018988077 0.9999272 16364273286 287.44992
/home/declsp/obsbot/rawdata/DECam_01481380.fits.fz N4 1481380 339.1478 61180.05074389 1.12 188.07675358983482 -3.37210382789992 188.08427916666668 -3.297 M517 0.035960183 24.994219 0.98636883 1.1688173 21.822731 1.1410552 decam -9.409218 11.712445 142 object IBIS_wide_M517_534438 534438 0.035878 924.0 1948.0 -0.09848611 1.0002581 0.00036146631 0.07682959 -0.00010343791 1.0000231 16333198867 297.22296
/home/declsp/obsbot/rawdata/DECam_01481381.fits.fz N4 1481381 356.0977 61180.0549868 1.12 188.37474636183174 -3.2261038291591144 188.38227083333334 -3.151 M517 0.04534589 24.950281 0.9472498 1.2010918 21.814445 1.3163971 decam -12.171628 12.290457 134 object IBIS_wide_M517_531453 531453 0.035485 924.0 1948.0 -0.18569271 1.0003048 0.00025516684 0.10250409 -0.00031918538 0.9998986 16405953539 270.50934
/home/declsp/obsbot/rawdata/DECam_01481382.fits.fz N4 1481382 800.0 61180.05942448 1.12 189.83075173954703 -3.0581038306076045 189.83827499999998 -2.983 M517 0.036447376 24.602863 0.6878561 1.4174896 21.700827 3.8587153 decam -15.532435 14.571094 143 object IBIS_wide_M517_531462 531462 0.032136 924.0 1948.0 -0.077209294 1.0002314 0.0003843248 0.056567695 -0.00014248384 1.0000073 18665396212 207.32289
/home/declsp/obsbot/rawdata/DECam_01481383.fits.fz N4 1481383 382.7976 61180.06907766 1.12 193.95875175357236 -3.056103830624846 193.966275 -2.981 M517 0.021261813 24.832037 0.849506 1.1132697 21.793116 1.4344571 decam -12.198622 9.231286 162 object IBIS_wide_M517_531437 531437 0.020827 924.0 1948.0 -0.087069966 1.000035 0.00045844674 0.091742456 -0.00062098884 0.99999577 16476922161 266.8589
/home/declsp/obsbot/rawdata/DECam_01481384.fits.fz N4 1481384 462.377 61180.07380824 1.13 194.41374952303644 -2.7661038331241525 194.42127083333332 -2.691 M517 0.023605859 24.778812 0.8101642 1.0623214 21.721317 1.5395129 decam -19.281902 11.994906 140 object IBIS_wide_M517_534423 534423 0.021775 924.0 1948.0 -0.097651735 1.0000753 0.0004676439 0.07605418 -0.0007349972 1.0001177 16931844791 300.3398
