logs/db-2024-07-08.ecsv
# %ECSV 1.0
# ---
# datatype:
# - {name: filename, datatype: string}
# - {name: extension, datatype: string}
# - {name: expnum, datatype: int64}
# - {name: exptime, datatype: float32}
# - {name: mjd_obs, datatype: float64}
# - {name: airmass, datatype: float32}
# - {name: racenter, datatype: float64}
# - {name: deccenter, datatype: float64}
# - {name: rabore, datatype: float64}
# - {name: decbore, datatype: float64}
# - {name: band, datatype: string}
# - {name: ebv, datatype: float32}
# - {name: zeropoint, datatype: float32}
# - {name: transparency, datatype: float32}
# - {name: seeing, datatype: float32}
# - {name: sky, datatype: float32}
# - {name: expfactor, datatype: float32}
# - {name: camera, datatype: string}
# - {name: dx, datatype: float32}
# - {name: dy, datatype: float32}
# - {name: nmatched, datatype: int64}
# - {name: obstype, datatype: string}
# - {name: object, datatype: string}
# - {name: tileid, datatype: int64}
# - {name: tileebv, datatype: float32}
# - {name: affine_x0, datatype: float32}
# - {name: affine_y0, datatype: float32}
# - {name: affine_dx, datatype: float32}
# - {name: affine_dxx, datatype: float32}
# - {name: affine_dxy, datatype: float32}
# - {name: affine_dy, datatype: float32}
# - {name: affine_dyx, datatype: float32}
# - {name: affine_dyy, datatype: float32}
# - {name: checksum, datatype: string}
# - {name: efftime, datatype: float32}
# schema: astropy-2.0
filename extension expnum exptime mjd_obs airmass racenter deccenter rabore decbore band ebv zeropoint transparency seeing sky expfactor camera dx dy nmatched obstype object tileid tileebv affine_x0 affine_y0 affine_dx affine_dxx affine_dxy affine_dy affine_dyx affine_dyy checksum efftime
[from data line 44]
rawdata/DECam_01310037.fits.fz N4 1310037 50.0 60500.18479304 1.13 307.53250246500227 -14.861103726229382 307.540275 -14.786 g 0.065286756 26.69874 1.1074799 1.1607487 21.63387 1.5670905 decam -66.32909 -22.666668 543 object coord_check 0 0.0 924.0 1948.0 -0.15738551 1.0001329 0.001851721 0.013407735 -0.0017648429 1.0001469 16183358308 31.906261
rawdata/DECam_01310038.fits.fz N4 1310038 441.0 60500.1868428 1.12 307.53250246500227 -14.861103726229382 307.540275 -14.786 M464 0.065286756 24.955957 1.0247622 1.2271608 21.793047 1.7843896 decam 14.050795 -18.162146 557 object IBIS_wide_M464_348996 348996 0.056271 924.0 1948.0 -0.34187773 1.0002038 0.0017642307 0.13989674 -0.0017350059 1.0001885 16717596481 247.14334
rawdata/DECam_01310039.fits.fz N4 1310039 420.0 60500.19232248 1.11 307.346535819258 -13.900103735033484 307.35427500000003 -13.825 M464 0.047331806 24.96467 1.0308322 1.139341 21.826311 1.3202872 decam 25.99662 -13.133339 520 object IBIS_wide_M464_351988 351988 0.049646 924.0 1948.0 0.037416272 1.0001166 0.0016316766 0.2828586 -0.0017760948 1.0001041 16721631019 318.1126
rawdata/DECam_01310040.fits.fz N4 1310040 471.0 60500.19755515 1.1 307.7395231317284 -14.274103731616098 307.747275 -14.199 M464 0.056096148 24.966805 1.0306747 1.1606021 21.831518 1.4303504 decam 41.89485 -20.621355 603 object IBIS_wide_M464_349005 349005 0.049323 924.0 1948.0 -0.30446425 1.0002273 0.0017020758 0.20346332 -0.0017842241 1.00014 16726948292 329.28995
rawdata/DECam_01310041.fits.fz N4 1310041 375.0 60500.20336673 1.09 308.2815053373603 -14.664103728040391 308.2892708333333 -14.589 M464 0.043205343 24.977486 1.0386628 1.1966355 21.86454 1.3398371 decam 46.3272 -23.67692 544 object IBIS_wide_M464_348999 348999 0.041966 924.0 1948.0 -0.13663936 1.000135 0.0017017544 0.2141745 -0.0015981287 1.000155 16468424224 279.88477
rawdata/DECam_01310042.fits.fz N4 1310042 406.0 60500.20915985 1.08 307.1395684253736 -12.884103744262433 307.147275 -12.809 M464 0.039179888 24.980879 1.0397078 1.1325377 21.886127 1.1418871 decam 5.420469 -1.615625 565 object IBIS_wide_M464_351993 351993 0.047361 924.0 1948.0 0.032432366 0.9999782 0.0016557 0.16026129 -0.0016389316 1.0000277 16626729398 355.5518
rawdata/DECam_01310043.fits.fz N4 1310043 393.0 60500.21422114 1.07 307.988544584861 -13.635103737448212 307.99627499999997 -13.56 M464 0.045236625 24.987095 1.0434654 1.0800596 21.888166 1.0623859 decam 15.865018 2.871591 576 object IBIS_wide_M464_351991 351991 0.043631 924.0 1948.0 -0.23407277 1.0001752 0.0017202141 0.22734125 -0.0016232418 1.000072 16581804633 369.92206
rawdata/DECam_01310044.fits.fz N4 1310044 339.0 60500.21912183 1.07 309.71251188753916 -14.478103729747295 309.72027083333336 -14.403 M464 0.040232625 24.982336 1.0389024 1.079477 21.900597 1.0275013 decam 7.6166215 4.9954014 493 object IBIS_wide_M464_348998 348998 0.039173 924.0 1948.0 0.05394937 1.0002187 0.0016544176 0.2970247 -0.0016092623 0.9999597 16391030779 329.92657
rawdata/DECam_01310045.fits.fz N4 1310045 314.0 60500.22341477 1.06 308.2905503420356 -13.328103740238879 308.29827083333333 -13.253 M464 0.037370685 24.98508 1.0393267 1.0611542 21.913574 0.9598444 decam 15.159625 4.8506875 591 object IBIS_wide_M464_349006 349006 0.043426 924.0 1948.0 -0.30049568 1.0002668 0.0015466437 0.067592055 -0.0016276069 1.0001785 16262961410 327.13635
rawdata/DECam_01310046.fits.fz N4 1310046 306.0 60500.22743496 1.06 309.99950624991334 -14.520103729362118 310.0072666666666 -14.445 M464 0.045035243 24.98448 1.038752 1.0707304 21.891373 1.0448523 decam 5.682084 17.450037 424 object IBIS_wide_M464_351984 351984 0.040883 924.0 1948.0 0.053854235 1.0000058 0.0015557098 0.088014506 -0.0016790935 1.0000553 16238567598 292.86438
rawdata/DECam_01310047.fits.fz N4 1310047 300.0 60500.23133215 1.05 310.87849301447113 -14.892103725944098 310.8862666666667 -14.817 M464 0.04517143 24.982866 1.0350146 1.2104932 21.890305 1.3411616 decam 6.3476896 13.0117855 449 object IBIS_wide_M464_351962 351962 0.045202 924.0 1948.0 -0.0031954465 1.000231 0.0015596111 0.09144521 -0.0017394071 0.9999628 16260487715 223.68669
rawdata/DECam_01310048.fits.fz N4 1310048 333.0 60500.23515943 1.06 312.1804977535753 -14.760103727158276 312.18826666666666 -14.685 M464 0.05837351 24.98456 1.0388286 1.0148596 21.905718 1.0025537 decam 0.75482565 17.0293 448 object IBIS_wide_M464_351971 351971 0.056063 924.0 1948.0 -0.25159764 0.9999533 0.0016201062 0.091152154 -0.0014926328 1.0002143 16289200914 332.1518
rawdata/DECam_01310049.fits.fz N4 1310049 410.0 60500.23937496 1.06 313.54353999250293 -13.648103737329878 313.5512708333333 -13.573 M464 0.041574333 24.991314 1.0453117 0.9505149 21.92209 0.7748448 decam 1.230224 17.230988 416 object IBIS_wide_M464_351975 351975 0.046224 924.0 1948.0 -0.24394466 1.000086 0.0015787473 0.12409723 -0.0016815338 1.0001276 16494708222 529.1382
rawdata/DECam_01310050.fits.fz N4 1310050 307.0 60500.24449469 1.07 317.3295336202241 -13.841103735571577 317.3372708333334 -13.766 M464 0.0996374 24.975838 1.0327024 0.9709645 21.894665 1.2030841 decam 0.4248317 13.033462 310 object IBIS_wide_M464_352012 352012 0.060934 924.0 1948.0 -0.0568115 1.0001578 0.0015499798 0.15448868 -0.0015901036 0.99993277 16264243706 255.1775
rawdata/DECam_01310051.fits.fz N4 1310051 270.0 60500.24839723 1.06 319.3624939516513 -14.866103726183368 319.3702666666667 -14.791 M464 0.051530305 24.984373 1.0386504 0.97355247 21.896372 0.8941249 decam 0.03653546 14.138602 276 object IBIS_wide_M464_353897 353897 0.065985 924.0 1948.0 -0.023354359 0.999832 0.00143117 0.008526502 -0.0013763526 0.9999171 16117970604 301.97122
rawdata/DECam_01310052.fits.fz N4 1310052 297.0 60500.25187477 1.06 320.6125008062925 -14.90710372580603 320.620275 -14.832 M464 0.07295698 24.981289 1.035703 0.92139405 21.876387 0.9316629 decam 4.2505636 9.644374 254 object IBIS_wide_M464_353898 353898 0.068052 924.0 1948.0 -0.1740522 1.0001959 0.0013309412 0.018357135 -0.0013045603 1.0000191 16537141223 318.78482
rawdata/DECam_01310053.fits.fz N4 1310053 308.0 60500.25567663 1.06 322.19149283403465 -14.897103725898075 322.19926666666663 -14.822 M464 0.06558807 24.980188 1.0346547 0.89203084 21.893877 0.82442176 decam 4.12324 7.7655497 238 object IBIS_wide_M464_353890 353890 0.073869 924.0 1948.0 0.005648737 1.000218 0.001128709 0.14196202 -0.0013093465 1.0000359 16208210850 373.59518
rawdata/DECam_01310054.fits.fz N4 1310054 268.0 60500.259589 1.06 323.64449732543824 -14.888103725980914 323.6522708333333 -14.813 M464 0.06416071 24.986036 1.0402431 0.8775416 21.893183 0.7832491 decam 6.7095275 9.451481 231 object IBIS_wide_M464_348834 348834 0.064374 924.0 1948.0 -0.3236501 1.0001231 0.0011367281 0.10292835 -0.0013158362 1.0000107 16109514272 342.16446
rawdata/DECam_01310055.fits.fz N4 1310055 233.0 60500.26304155 1.06 324.65250967932735 -14.541103729169475 324.66027083333336 -14.466 M464 0.047664963 24.988575 1.0426779 0.88397866 21.901709 0.7118242 decam 7.5098424 7.8670616 203 object IBIS_wide_M464_354837 354837 0.053837 924.0 1948.0 -0.34611413 1.0002736 0.001111846 0.18801086 -0.0011723834 1.0001947 15985419554 327.32803
rawdata/DECam_01310056.fits.fz N4 1310056 222.0 60500.26609192 1.06 325.73950160030194 -14.885103726008522 325.747275 -14.81 M464 0.05282462 24.985012 1.039261 0.90119416 21.832283 0.81839174 decam 6.116037 9.725351 192 object IBIS_wide_M464_357821 357821 0.053775 924.0 1948.0 -0.047680765 0.99996513 0.0011623668 0.10107919 -0.0011175266 1.0002068 16053115135 271.26373
rawdata/DECam_01310057.fits.fz N4 1310057 217.0 60500.26900988 1.06 325.38051877333737 -14.158103732677237 325.38826666666665 -14.083 M464 0.059396427 24.98648 1.0406682 0.93945736 21.769484 0.97681653 decam 7.7626357 10.157425 190 object IBIS_wide_M464_357823 357823 0.049604 924.0 1948.0 -0.11473871 1.000084 0.000933798 0.118153445 -0.0009533513 1.000217 16090251939 222.1502
rawdata/DECam_01310058.fits.fz N4 1310058 245.0 60500.2718847 1.06 327.48751530140856 -14.380103730645482 327.49527083333334 -14.305 M464 0.05354376 24.987318 1.0414714 0.9208148 21.892859 0.8079527 decam 0.9335607 11.561422 211 object IBIS_wide_M464_354833 354833 0.051313 924.0 1948.0 0.026520925 0.99987644 0.0010211918 -0.021539249 -0.0013581642 1.0002319 16022770974 303.23557
rawdata/DECam_01310059.fits.fz N4 1310059 283.0 60500.27508182 1.06 328.4385016343617 -14.76810372708473 328.44627083333336 -14.693 M464 0.058136776 24.983515 1.0378298 0.94993275 21.889275 0.89255476 decam -2.5818412 11.622108 188 object IBIS_wide_M464_357817 357817 0.053082 924.0 1948.0 -0.2708287 0.99997646 0.0010531577 0.07415602 -0.0010081567 1.0001436 16129089356 317.06738
rawdata/DECam_01310060.fits.fz N4 1310060 277.0 60500.27871464 1.06 328.9015133890066 -14.5541037290502 328.90927500000004 -14.479 M464 0.049619075 24.983643 1.0379516 0.94309765 21.890825 0.8351361 decam -3.712193 10.141366 170 object IBIS_wide_M464_354832 354832 0.049965 924.0 1948.0 -0.28002563 1.0001937 0.0009852224 0.26598835 -0.0010114427 1.0001413 16110102886 331.68246
rawdata/DECam_01310061.fits.fz N4 1310061 243.0 60500.28227302 1.06 329.95349732543826 -14.888103725980914 329.96127083333334 -14.813 M464 0.04255127 24.990503 1.0445306 1.0187681 21.886345 0.92629725 decam 0.64080966 10.599711 187 object IBIS_wide_M464_357738 357738 0.041881 924.0 1948.0 -0.15167372 0.99992555 0.0011237244 0.057882402 -0.0010025797 1.000195 16055265691 262.3348
rawdata/DECam_01310062.fits.fz N4 1310062 236.0 60500.28544467 1.06 330.15650646033987 -14.514103729417148 330.16426666666666 -14.439 M464 0.040774062 24.988804 1.0428978 1.0643111 21.884136 1.0053618 decam 0.80846363 11.917475 155 object IBIS_wide_M464_354795 354795 0.040115 924.0 1948.0 -0.20673974 1.0000217 0.0009028824 -0.012840647 -0.0006810206 0.99994004 15992563907 234.74136
rawdata/DECam_01310063.fits.fz N4 1310063 264.0 60500.28854066 1.05 331.2074954099461 -14.941103725492999 331.21527083333336 -14.866 M464 0.035409488 24.984188 1.0362756 0.9731736 21.865765 0.8356076 decam 1.1609012 7.873355 166 object IBIS_wide_M464_357779 357779 0.035007 924.0 1948.0 -0.06256692 1.0003673 0.0009200404 0.0661557 -0.0009082103 1.0000511 16116876386 315.93777
rawdata/DECam_01310064.fits.fz N4 1310064 295.0 60500.29194862 1.05 330.86552687914633 -14.042103733737294 330.8732708333333 -13.967 M464 0.0388401 24.991611 1.0433856 0.9410843 21.85673 0.79333043 decam -0.7128397 11.06871 157 object IBIS_wide_M464_354796 354796 0.038054 924.0 1948.0 -0.22374602 1.000102 0.00090783456 0.055358496 -0.0008828416 1.0001352 16234454788 371.8501
rawdata/DECam_01310065.fits.fz N4 1310065 255.0 60500.2957369 1.05 332.83249868149517 -14.73410372739726 332.84026666666665 -14.659 M464 0.034348574 24.977911 1.0303013 0.9096706 21.875418 0.7277616 decam 3.9355893 21.013683 147 object IBIS_wide_M464_357774 357774 0.03737 924.0 1948.0 -0.18522252 1.0000578 0.0009241199 -0.0609396 -0.0008373566 1.0002786 16055841935 350.38947
rawdata/DECam_01310066.fits.fz N4 1310066 251.0 60500.29905119 1.05 334.5495065770164 -14.629103728361805 334.55727083333335 -14.554 M464 0.029914826 24.993202 1.044915 0.8706395 21.865648 0.6372244 decam 0.5287166 20.583466 155 object IBIS_wide_M464_354790 354790 0.034301 924.0 1948.0 0.12329455 1.000415 0.000909622 0.013563301 -0.0009118978 1.0001428 16176485471 393.89578
rawdata/DECam_01310067.fits.fz N4 1310067 220.0 60500.30231567 1.05 335.480509504027 -14.664103728040391 335.488275 -14.589 M464 0.034011245 24.996054 1.0476625 0.83601546 21.858519 0.6029332 decam 2.122735 24.13419 141 object IBIS_wide_M464_354768 354768 0.034127 924.0 1948.0 -0.16345389 1.0001599 0.0007306867 0.044677556 -0.00050439214 1.0000323 16002400271 364.88287
rawdata/DECam_01310068.fits.fz N4 1310068 204.0 60500.30522304 1.05 336.89749574878937 -14.81610372664335 336.9052666666667 -14.741 M464 0.0394647 24.99316 1.0448749 0.87194186 21.869194 0.6741488 decam 6.4301176 24.109722 121 object IBIS_wide_M464_357763 357763 0.039747 924.0 1948.0 -0.13537298 1.0001396 0.00067848794 0.0928889 -0.00064663735 1.0001401 15916074472 302.60382
rawdata/DECam_01310069.fits.fz N4 1310069 200.0 60500.3079449 1.05 337.42850530179965 -14.547103729114426 337.43626666666665 -14.472 M464 0.04765479 24.991074 1.0428673 0.8939499 21.843126 0.7647042 decam 13.838041 31.421925 123 object IBIS_wide_M464_354778 354778 0.045742 924.0 1948.0 0.11370385 0.99975014 0.0007068675 -0.024500815 -0.00072214165 1.0001088 17165921695 261.53903
rawdata/DECam_01310070.fits.fz N4 1310070 214.0 60500.31062092 1.05 338.45849472140986 -14.960103725318026 338.46627083333334 -14.885 M464 0.0539129 24.997639 1.0491935 0.88661516 21.899809 0.7320229 decam 3.0285742 26.430733 117 object IBIS_wide_M464_357758 357758 0.048399 924.0 1948.0 -0.27315438 1.0003835 0.000625517 0.106013276 -0.00070985995 1.0001358 15930476794 292.34058
rawdata/DECam_01310071.fits.fz N4 1310071 237.0 60500.31346064 1.05 338.0405103705997 -14.402103730443914 338.0482666666667 -14.327 M464 0.06552047 24.985178 1.0372216 0.95102805 21.882904 0.93720704 decam 7.4467335 29.032202 132 object IBIS_wide_M464_357764 357764 0.053088 924.0 1948.0 -0.18015607 1.0001801 0.0007284611 0.016551066 -0.0007318943 1.0003355 16005406213 252.87903
rawdata/DECam_01310072.fits.fz N4 1310072 209.0 60500.31655071 1.05 339.7814972893672 -14.889103725971703 339.7892708333334 -14.814 M464 0.0428745 24.998878 1.0503914 0.98294276 21.883722 0.8529325 decam 1.8881153 28.921713 127 object IBIS_wide_M464_357759 357759 0.045151 924.0 1948.0 -0.1671011 1.0003825 0.00057663955 0.02817844 -0.00076267007 0.99997735 15938772192 245.03697
rawdata/DECam_01310073.fits.fz N4 1310073 254.0 60500.31931879 1.05 339.0795100305475 -14.531103729261213 339.0872708333333 -14.456 M464 0.04742359 24.999142 1.0506461 1.023318 21.88462 0.94824123 decam 9.485124 32.35977 117 object IBIS_wide_M464_357761 357761 0.048726 924.0 1948.0 -0.09903247 1.000114 0.0006047985 0.029674562 -0.000603329 1.0000963 16045162289 267.86432
rawdata/DECam_01310074.fits.fz N4 1310074 255.0 60500.32262453 1.05 341.14449736258086 -15.002103724931136 341.152275 -14.927 M464 0.045844402 24.99994 1.0514206 0.9853616 21.889229 0.8662175 decam 5.0777445 30.742458 109 object IBIS_wide_M464_357674 357674 0.042928 924.0 1948.0 0.07505887 1.0001391 0.00067635 -0.060982656 -0.00042606247 1.0000298 16047705832 294.38333
rawdata/DECam_01310075.fits.fz N4 1310075 273.0 60500.3259392 1.05 342.5404869512862 -15.059103724405832 342.5482666666666 -14.984 M464 0.040002428 24.993055 1.0447732 0.98407704 21.89527 0.84055984 decam 8.356891 21.20887 115 object IBIS_wide_M464_357979 357979 0.041082 924.0 1948.0 -0.16004044 0.9999402 0.00047307333 0.036117062 -0.000751001 0.9999797 16131503107 324.78354
rawdata/DECam_01310076.fits.fz N4 1310076 250.0 60500.32944985 1.05 343.5325024650022 -14.861103726229382 343.54027499999995 -14.786 M464 0.04142625 25.00445 1.0557959 0.9484833 21.875738 0.7852592 decam 2.3796601 18.878653 100 object IBIS_wide_M464_354988 354988 0.039763 924.0 1948.0 -0.06291027 1.0000913 0.0002651041 -0.10236508 -0.00086490106 1.0001653 16181755947 318.3662
rawdata/DECam_01310077.fits.fz N4 1310077 250.0 60500.33274131 1.05 344.03350058951736 -14.913103725750792 344.041275 -14.838 M464 0.03919867 25.001534 1.0529636 1.0292819 21.87394 0.9186819 decam 16.658579 9.592264 86 object IBIS_wide_M464_357974 357974 0.0392 924.0 1948.0 -0.20588385 1.0001177 0.00045281366 -0.07933752 -0.00056119857 1.0001278 16232264006 272.129
