logs/db-2025-12-22.ecsv
# %ECSV 1.0
# ---
# datatype:
# - {name: filename, datatype: string}
# - {name: extension, datatype: string}
# - {name: expnum, datatype: int64}
# - {name: exptime, datatype: float32}
# - {name: mjd_obs, datatype: float64}
# - {name: airmass, datatype: float32}
# - {name: racenter, datatype: float64}
# - {name: deccenter, datatype: float64}
# - {name: rabore, datatype: float64}
# - {name: decbore, datatype: float64}
# - {name: band, datatype: string}
# - {name: ebv, datatype: float32}
# - {name: zeropoint, datatype: float32}
# - {name: transparency, datatype: float32}
# - {name: seeing, datatype: float32}
# - {name: sky, datatype: float32}
# - {name: expfactor, datatype: float32}
# - {name: camera, datatype: string}
# - {name: dx, datatype: float32}
# - {name: dy, datatype: float32}
# - {name: nmatched, datatype: int64}
# - {name: obstype, datatype: string}
# - {name: object, datatype: string}
# - {name: tileid, datatype: int64}
# - {name: tileebv, datatype: float32}
# - {name: affine_x0, datatype: float32}
# - {name: affine_y0, datatype: float32}
# - {name: affine_dx, datatype: float32}
# - {name: affine_dxx, datatype: float32}
# - {name: affine_dxy, datatype: float32}
# - {name: affine_dy, datatype: float32}
# - {name: affine_dyx, datatype: float32}
# - {name: affine_dyy, datatype: float32}
# - {name: checksum, datatype: string}
# - {name: efftime, datatype: float32}
# schema: astropy-2.0
filename extension expnum exptime mjd_obs airmass racenter deccenter rabore decbore band ebv zeropoint transparency seeing sky expfactor camera dx dy nmatched obstype object tileid tileebv affine_x0 affine_y0 affine_dx affine_dxx affine_dxy affine_dy affine_dyx affine_dyy checksum efftime
rawdata/DECam_01443333.fits.fz N4 1443333 5.0 61032.02523187 1.0 27.322301136119613 -31.147880503697408 27.331079166666665 -31.072776944444445 r 0.01763494 26.879707 1.0584812 1.4117428 17.461477 29.250072 decam 5.9632125 -43.807972 37 object pointing 0 0.0 924.0 1948.0 0.37377986 0.9996644 -0.0017072514 0.16863981 0.0014149641 0.9999391 19348977407 0.17093974
rawdata/DECam_01443334.fits.fz N4 1443334 30.0 61032.02642322 1.0 27.322301136119613 -31.147880503697408 27.331079166666665 -31.072776944444445 r 0.01763494 26.874916 1.0538204 1.028356 17.846783 10.992523 decam 13.395306 12.792126 62 object pointing 0 0.0 924.0 1948.0 0.1620163 0.9999344 -0.0015921537 0.0012033937 0.0013850287 0.9999364 32177784949 2.7291276
rawdata/DECam_01443335.fits.fz N4 1443335 15.0 61032.02916409 1.39 343.16323338400645 -20.585453671937714 343.1712583333333 -20.51035 M517 0.03460902 24.996998 1.0326263 1.2159257 18.000338 51.545094 decam 6.8438134 50.70814 36 object "LTT9239 N4 M517" 0 0.0 924.0 1948.0 0.22163892 1.0000818 0.00057292124 0.13254598 -0.00068774616 1.0001059 16769134959 0.29100734
rawdata/DECam_01443336.fits.fz N4 1443336 15.0 61032.02964577 1.39 343.16323338400645 -20.585453671937714 343.1712583333333 -20.51035 M438 0.03460902 24.70282 1.0179261 1.1402608 17.885391 58.279606 decam 6.4802003 57.772606 30 object "LTT9239 N4 M438" 0 0.0 924.0 1948.0 0.39309943 1.0001585 0.00057111325 0.0030853474 -0.00075601746 1.0000728 16610194345 0.25737992
rawdata/DECam_01443337.fits.fz N4 1443337 15.0 61032.03013389 1.4 343.16323338400645 -20.585453671937714 343.1712583333333 -20.51035 M490 0.03460902 24.98392 1.079165 1.2258615 17.981974 50.56664 decam -2.577947 67.072105 35 object "LTT9239 N4 M490" 0 0.0 924.0 1948.0 0.3847801 1.0000021 0.00055962417 -0.050518446 -0.00053494767 1.000171 16723473655 0.29663825
rawdata/DECam_01443338.fits.fz N4 1443338 15.0 61032.03060552 1.4 343.16323338400645 -20.585453671937714 343.1712583333333 -20.51035 M464 0.03460902 24.875315 1.0069449 1.2418633 18.052 57.851055 decam 1.8263814 63.11342 34 object "LTT9239 M464" 0 0.0 924.0 1948.0 0.33084905 1.0000293 0.0005975442 -0.050244402 -0.0006032477 0.9999956 16614549995 0.25928655
rawdata/DECam_01443339.fits.fz N4 1443339 3.0 61032.03109388 1.4 343.16323338400645 -20.585453671937714 343.1712583333333 -20.51035 g 0.03460902 26.60345 1.0582305 1.3871018 18.209068 52.10317 decam -2.4887843 75.01938 33 object "LTT9239 g" 0 0.0 924.0 1948.0 0.38224474 0.9998861 0.00066605676 0.05299241 -0.0007108462 1.0001223 16349991909 0.057578072
rawdata/DECam_01443340.fits.fz N4 1443340 15.0 61032.03161061 1.32 349.88815735313506 -17.083381761113934 349.89601666666664 -17.008278055555557 M517 0.02964856 25.01155 1.0348865 1.1461366 18.7379 21.918669 decam 4.481956 73.704414 40 object "LTT9491 N4 M517" 0 0.0 924.0 1948.0 -0.06614451 1.0000033 0.000119368626 -0.46494523 -0.00079087255 0.99996525 16074507735 0.6843481
rawdata/DECam_01443341.fits.fz N4 1443341 15.0 61032.03208521 1.32 349.88815735313506 -17.083381761113934 349.89601666666664 -17.008278055555557 M438 0.02964856 24.774832 1.0687523 1.3380934 18.596914 35.135853 decam -6.25771 74.5591 26 object "LTT9491 N4 M438" 0 0.0 924.0 1948.0 0.0425432 0.99970615 0.00022669196 -0.3993882 -0.0001231823 1.0000026 16008284333 0.42691436
rawdata/DECam_01443342.fits.fz N4 1443342 15.0 61032.03254953 1.32 349.88815735313506 -17.083381761113934 349.89601666666664 -17.008278055555557 M490 0.02964856 25.001312 1.0807892 1.1465815 18.701262 21.371376 decam -3.2372894 77.21386 37 object "LTT9491 N4 M490" 0 0.0 924.0 1948.0 -0.004825496 1.0002133 0.00010723744 -0.46354297 -0.0006679729 0.99995416 16063387542 0.70187336
rawdata/DECam_01443343.fits.fz N4 1443343 15.0 61032.03303774 1.32 349.88815735313506 -17.083381761113934 349.89601666666664 -17.008278055555557 M464 0.02964856 24.926903 1.0387362 1.2265322 18.763254 25.725853 decam -12.408679 62.98305 33 object "LTT9491 N4 N464" 0 0.0 924.0 1948.0 0.124551274 1.0004102 0.00020810518 -0.4399188 -0.0007068942 0.9998862 16012345478 0.58307105
rawdata/DECam_01443344.fits.fz N4 1443344 3.0 61032.03352548 1.33 349.88815735313506 -17.083381761113934 349.89601666666664 -17.008278055555557 g 0.02964856 26.60304 1.046301 1.1569307 18.911135 18.461056 decam -22.730627 59.121845 35 object "LTT9491 N4 g" 0 0.0 924.0 1948.0 0.026549252 1.000606 0.00016265054 -0.5915181 -0.00093663344 0.99988645 15878239975 0.16250426
rawdata/DECam_01443345.fits.fz N4 1443345 35.0 61032.03387923 1.4 346.98104351803113 -15.77276482891572 346.98885 -15.697661111111112 M517 0.035303377 25.010012 1.0467533 1.0914863 19.134108 14.340121 decam -17.074064 58.295055 68 object Pointing 0 0.0 924.0 1948.0 -0.05378567 0.99947304 0.0001464798 -0.2948376 0.0004470597 1.0000199 16517035024 2.4407046
rawdata/DECam_01443346.fits.fz N4 1443346 150.0 61032.03537554 1.41 346.98104351799907 -15.772765662249046 346.98885 -15.697661944444445 M517 0.03530337 24.998371 1.037253 1.1208062 19.538603 10.642489 decam -2.8253946 -11.725368 110 object "NGC7492 position 18" 0 0.0 924.0 1948.0 0.051973287 0.99985564 0.0002968887 -0.0836612 0.00038166653 1.0000967 18791718315 14.094447
rawdata/DECam_01443347.fits.fz N4 1443347 150.0 61032.03745717 1.43 346.8109869179663 -15.397901776833228 346.8187791666667 -15.322798055555555 M517 0.034114573 25.008924 1.050747 1.2133552 19.881626 8.850212 decam 7.6182137 2.4374068 107 object "NGC7492 position 19" 0 0.0 924.0 1948.0 -0.1422758 0.99998665 0.00035872599 -0.06467258 -0.00019535264 1.0001781 17883195637 16.948746
rawdata/DECam_01443348.fits.fz N4 1443348 150.0 61032.03950599 1.45 346.66973431775375 -15.795273717595665 346.6775416666666 -15.72017 M517 0.03547789 24.993301 1.03906 1.2053261 20.177454 6.903402 decam 6.9182186 3.958375 109 object "NGC7492 position 20" 0 0.0 924.0 1948.0 -0.08077068 0.9999917 0.0003619936 -3.779462e-05 -0.00022061761 1.0001435 17271904495 21.728418
rawdata/DECam_01443349.fits.fz N4 1443349 150.0 61032.04156084 1.46 347.0621713849674 -15.588789830621815 347.06997083333334 -15.513686111111111 M517 0.036505133 25.068186 1.1150407 1.2349101 20.426592 5.0502505 decam 5.3646045 -0.05390152 782 object "NGC7492 position 21" 0 0.0 924.0 1948.0 0.35634747 0.99991435 0.00046418735 -0.55770123 1.0828112e-06 0.99987996 16888749179 29.701496
rawdata/DECam_01443350.fits.fz N4 1443350 150.0 61032.04360945 1.49 346.61784620915404 -15.483305664931972 346.62564166666664 -15.408201944444444 M517 0.03384142 24.980848 1.0338159 1.3103487 20.60639 5.5649514 decam 7.562243 2.7653985 89 object "NGC7492 position 22" 0 0.0 924.0 1948.0 0.021915859 1.0001177 0.00030580952 -0.040799245 -0.00012341776 1.0001569 16870180057 26.954412
rawdata/DECam_01443351.fits.fz N4 1443351 150.0 61032.04566685 1.49 346.8774485275817 -15.858865661449537 346.88525833333335 -15.783761944444445 M517 0.034571603 24.988096 1.0407405 1.3302505 20.756021 4.952965 decam 7.495765 -0.90656483 117 object "NGC7492 position 23" 0 0.0 924.0 1948.0 -0.058806837 1.0000998 0.00025026491 0.11020182 -0.00023463828 1.0003006 16497830342 30.284891
rawdata/DECam_01443352.fits.fz N4 1443352 150.0 61032.04773573 1.52 346.9505325545067 -15.4031548323402 346.958325 -15.328051111111112 M517 0.03479696 24.973713 1.031994 1.4235134 20.847395 5.3605857 decam 14.028338 3.526916 105 object "NGC7492 position 24" 0 0.0 924.0 1948.0 -0.067958094 1.0001374 0.00029906616 -0.10359824 -6.9518996e-05 1.0001266 16418501572 27.982018
rawdata/DECam_01443353.fits.fz N4 1443353 150.0 61032.04980859 1.54 346.61784620915404 -15.483305664931972 346.62564166666664 -15.408201944444444 M438 0.03384142 24.719294 1.0732124 1.5522388 20.996513 5.927783 decam 5.5778513 -1.3532779 68 object "NGC7492 position 22" 0 0.0 924.0 1948.0 -0.038453735 1.0000705 0.0003630484 -0.08651458 -0.00019383492 1.0001956 16227713437 25.30457
rawdata/DECam_01443354.fits.fz N4 1443354 150.0 61032.05189126 1.55 346.8774485275817 -15.858865661449537 346.88525833333335 -15.783761944444445 M438 0.034571603 24.687092 1.0444711 1.668971 21.055527 6.924135 decam 11.070137 -1.7863498 78 object "NGC7492 position 23" 0 0.0 924.0 1948.0 -0.03684557 1.0000244 0.00028144405 0.050194524 -0.0001262543 1.0002456 16040924069 21.663355
rawdata/DECam_01443355.fits.fz N4 1443355 150.0 61032.05397818 1.58 346.9505325545067 -15.4031548323402 346.958325 -15.328051111111112 M438 0.03479696 24.678888 1.0444593 1.594486 21.08592 6.250158 decam 15.2915 -6.3081923 77 object "NGC7492 position 24" 0 0.0 924.0 1948.0 -0.09213917 1.000137 0.00026812372 -0.14961933 -6.436498e-05 1.0001528 16023894263 23.999393
rawdata/DECam_01443356.fits.fz N4 1443356 35.0 61032.05720787 1.08 27.330555821547772 -13.02210374301342 27.338266666666666 -12.947 M517 0.018667383 25.044924 1.0269214 1.1766771 21.674618 1.3565624 decam 11.6333685 10.326871 46 object "pointing test" 0 0.0 924.0 1948.0 0.07932378 1.0005457 -0.0012616907 -0.37439 0.0017076347 0.9999159 15464108332 25.800508
rawdata/DECam_01443357.fits.fz N4 1443357 349.4078 61032.05914868 1.06 32.27057504073446 -12.667103746223683 32.278275 -12.592 M517 0.021283068 25.047234 1.0258152 1.2401843 21.776382 1.3885486 decam 35.527515 13.97003 90 object IBIS_wide_M517_502972 502972 0.020584 924.0 1948.0 0.21566094 0.9999462 -0.0016399511 -0.29257232 0.00155706 0.99993825 16399343325 251.63527
rawdata/DECam_01443358.fits.fz N4 1443358 269.6083 61032.06354302 1.07 32.42559061958816 -11.994103752285346 32.43327083333333 -11.919 M517 0.020384973 25.044067 1.0244687 1.2013772 21.771551 1.3092505 decam 19.85971 8.449767 86 object IBIS_wide_M517_505983 505983 0.02094 924.0 1948.0 0.17513423 0.99999213 -0.0016690599 -0.23295224 0.0017920897 0.9999134 16226893709 205.92569
rawdata/DECam_01443359.fits.fz N4 1443359 384.2577 61032.06698064 1.07 33.26259640399137 -11.78910375412568 33.270270833333335 -11.714 M517 0.022112425 25.044544 1.0249187 1.3583378 21.786085 1.6672729 decam 17.488113 15.967064 98 object IBIS_wide_M517_505982 505982 0.022556 924.0 1948.0 -0.06400406 1.000143 -0.0015260648 -0.04080625 0.0014717237 0.9998658 16531077162 230.47078
rawdata/DECam_01443360.fits.fz N4 1443360 322.978 61032.071765 1.08 33.66460730262551 -11.392103757681884 33.672270833333336 -11.317 M517 0.027771285 25.025831 1.0090219 1.2281162 21.789627 1.4571556 decam 8.19085 20.20659 98 object IBIS_wide_M517_502976 502976 0.025477 924.0 1948.0 0.37881452 0.99983025 -0.0016777338 0.039565314 0.0016996686 0.9998522 16294927834 221.64963
rawdata/DECam_01443361.fits.fz N4 1443361 291.8182 61032.07588801 1.08 37.761650794570095 -9.997103770101749 37.769279166666664 -9.922 M517 0.024084603 25.030724 1.013578 1.1629295 21.806894 1.2456485 decam 10.925025 23.311274 97 object IBIS_wide_M517_509943 509943 0.026848 924.0 1948.0 -0.21074092 0.99978703 -0.0014958016 0.013471954 0.0016563179 1.0000374 16230312271 234.27011
rawdata/DECam_01443362.fits.fz N4 1443362 312.8381 61032.0796066 1.07 38.22956128996251 -12.84510374461516 38.23726666666667 -12.77 M517 0.0220397 25.039825 1.0204747 1.2446623 21.840614 1.3426788 decam 17.248882 23.383799 108 object IBIS_wide_M517_509891 509891 0.021586 924.0 1948.0 -0.036615152 1.000005 -0.001869118 0.12256002 0.0018803373 0.99992937 16276882318 232.9955
rawdata/DECam_01443363.fits.fz N4 1443363 394.7476 61032.08353755 1.08 39.14162063158515 -11.205103759353516 39.149279166666666 -11.13 M517 0.026107162 25.038689 1.0210409 1.2811412 21.797077 1.5218886 decam 14.041733 21.288273 97 object IBIS_wide_M517_509935 509935 0.026113 924.0 1948.0 0.2695182 1.0000885 -0.0018210623 -0.6170868 0.00216391 0.9996333 18078084309 259.38007
rawdata/DECam_01443364.fits.fz N4 1443364 372.7878 61032.08841981 1.09 38.376633935605625 -10.690103763946155 38.384279166666666 -10.615 M517 0.027791403 25.035967 1.0201195 1.4204346 21.810278 1.8766017 decam 10.687112 24.156446 97 object IBIS_wide_M517_509937 509937 0.025483 924.0 1948.0 -0.4325055 1.000246 -0.0018945083 -0.02740505 0.0016123491 0.9999078 16571656769 198.65047
rawdata/DECam_01443365.fits.fz N4 1443365 800.0 61032.09305229 1.09 39.846636117596695 -10.60310376472044 39.854279166666664 -10.528 M517 0.029992914 25.005232 0.9916457 1.7615516 21.81316 3.0870252 decam 8.381835 26.682045 84 object IBIS_wide_M517_509936 509936 0.02797 924.0 1948.0 0.67198485 1.0000311 -0.0019860524 -0.041023128 0.0021082337 1.0000933 17691816437 259.14917
rawdata/DECam_01443366.fits.fz N4 1443366 573.6967 61032.10265277 1.1 40.8086246041447 -10.893103762137756 40.816275 -10.818 M517 0.025519589 25.022432 1.0090963 1.6628041 21.809525 2.6003578 decam 7.959697 18.426083 88 object IBIS_wide_M517_506931 506931 0.027363 924.0 1948.0 0.16311586 1.0000764 -0.0020020995 -0.07740485 0.0017726986 1.0000373 17042143542 220.62222
rawdata/DECam_01443367.fits.fz N4 1443367 391.9978 61032.10959985 1.11 42.35462892494302 -10.887103762191241 42.36227916666667 -10.812 M517 0.030402545 25.041948 1.029047 1.393059 21.815283 1.8062916 decam 2.0303442 19.321354 96 object IBIS_wide_M517_506930 506930 0.02922 924.0 1948.0 0.72078305 1.0003744 -0.0020529653 0.066728435 0.0020960828 0.9998831 16577029104 217.018
rawdata/DECam_01443368.fits.fz N4 1443368 361.0979 61032.11445303 1.12 42.05461807799304 -11.301103758495627 42.06227916666667 -11.226 M517 0.031932402 25.056778 1.0448717 1.2882521 21.80798 1.528105 decam -0.8144111 19.113325 93 object IBIS_wide_M517_509915 509915 0.028897 924.0 1948.0 0.65931016 1.0001537 -0.0020255842 0.0016933865 0.0021323038 1.0000628 16422805259 236.30437
rawdata/DECam_01443369.fits.fz N4 1443369 375.7078 61032.11896799 1.1 42.86552687914635 -14.042103733737296 42.873270833333336 -13.967 M517 0.03029405 25.050468 1.0354928 1.3310134 21.848328 1.5737633 decam 1.2353975 19.764051 74 object IBIS_wide_M517_506860 506860 0.031266 924.0 1948.0 0.18784706 1.0001868 -0.002105616 -0.15541658 0.0021228178 0.99998975 16412561614 238.73209
rawdata/DECam_01443370.fits.fz N4 1443370 800.0 61032.1240501 1.12 47.196672066328865 -9.043103778533233 47.204279166666666 -8.968 M517 0.09597594 25.027042 1.0166436 1.5922774 21.776857 3.7838752 decam 2.5262358 23.184696 90 object IBIS_wide_M517_507438 507438 0.095126 924.0 1948.0 0.101857714 0.9999678 -0.002207131 -0.33013582 0.0022409265 0.99998105 17735441345 211.42346
rawdata/DECam_01443371.fits.fz N4 1443371 721.1058 61032.13369955 1.12 47.158568996395616 -12.729103745663668 47.166270833333336 -12.654 M517 0.06954897 25.02634 1.0159869 1.6342483 21.781944 3.3678226 decam 4.661703 13.201414 114 object IBIS_wide_M517_506868 506868 0.06283 924.0 1948.0 0.048607174 0.9998874 -0.002115428 0.041490253 0.0022333239 1.0000131 17498388778 214.11632
rawdata/DECam_01443372.fits.fz N4 1443372 582.1666 61032.14237237 1.15 47.02759866378626 -11.857103753515533 47.035275 -11.782 M517 0.0531428 25.032164 1.0263745 1.4331987 21.75912 2.3627183 decam -2.488301 11.576551 105 object IBIS_wide_M517_509860 509860 0.064093 924.0 1948.0 -0.3030864 1.0000407 -0.0022008803 -0.4154247 0.0022324536 1.0000101 17223743515 246.39696
rawdata/DECam_01443373.fits.fz N4 1443373 498.2171 61032.1494285 1.15 47.26252587834354 -13.948103734595513 47.270266666666664 -13.873 M517 0.0563067 25.05105 1.044384 1.2980565 21.750319 1.9252955 decam 9.068238 11.621961 99 object IBIS_wide_M517_506865 506865 0.056539 924.0 1948.0 0.48596486 0.9999872 -0.002302928 -0.18356028 0.0023648588 1.0000372 16867827707 258.77435
rawdata/DECam_01443374.fits.fz N4 1443374 392.8277 61032.15551932 1.15 50.04051037059964 -14.402103730443917 50.04826666666666 -14.327 M517 0.05007923 25.04725 1.0407352 1.248826 21.77117 1.6934474 decam 10.792153 20.927965 112 object IBIS_wide_M517_509828 509828 0.050025 924.0 1948.0 0.2616194 0.9997294 -0.00232514 0.2838688 0.0024054206 0.9998148 16552244204 231.96924
