logs/db-2024-11-29.ecsv
# %ECSV 1.0
# ---
# datatype:
# - {name: filename, datatype: string}
# - {name: extension, datatype: string}
# - {name: expnum, datatype: int64}
# - {name: exptime, datatype: float32}
# - {name: mjd_obs, datatype: float64}
# - {name: airmass, datatype: float32}
# - {name: racenter, datatype: float64}
# - {name: deccenter, datatype: float64}
# - {name: rabore, datatype: float64}
# - {name: decbore, datatype: float64}
# - {name: band, datatype: string}
# - {name: ebv, datatype: float32}
# - {name: zeropoint, datatype: float32}
# - {name: transparency, datatype: float32}
# - {name: seeing, datatype: float32}
# - {name: sky, datatype: float32}
# - {name: expfactor, datatype: float32}
# - {name: camera, datatype: string}
# - {name: dx, datatype: float32}
# - {name: dy, datatype: float32}
# - {name: nmatched, datatype: int64}
# - {name: obstype, datatype: string}
# - {name: object, datatype: string}
# - {name: tileid, datatype: int64}
# - {name: tileebv, datatype: float32}
# - {name: affine_x0, datatype: float32}
# - {name: affine_y0, datatype: float32}
# - {name: affine_dx, datatype: float32}
# - {name: affine_dxx, datatype: float32}
# - {name: affine_dxy, datatype: float32}
# - {name: affine_dy, datatype: float32}
# - {name: affine_dyx, datatype: float32}
# - {name: affine_dyy, datatype: float32}
# - {name: checksum, datatype: string}
# - {name: efftime, datatype: float32}
# schema: astropy-2.0
filename extension expnum exptime mjd_obs airmass racenter deccenter rabore decbore band ebv zeropoint transparency seeing sky expfactor camera dx dy nmatched obstype object tileid tileebv affine_x0 affine_y0 affine_dx affine_dxx affine_dxy affine_dy affine_dyx affine_dyy checksum efftime
rawdata/DECam_01344108.fits.fz N4 1344108 15.0 60644.0168062 1.07 343.16323338400645 -20.585453671937714 343.1712583333333 -20.51035 M438 0.03460902 24.763971 0.9936479 1.4456333 18.275719 58.378983 decam 5.0146723 41.629852 23 object "LTT9239 N4 M438" 0 0.0 924.0 1948.0 -0.28556353 0.99970657 0.0005599515 0.07421414 -0.0013021074 0.9998771 16190774597 0.2569418
rawdata/DECam_01344109.fits.fz N4 1344109 15.0 60644.01731729 1.07 343.16323338400645 -20.585453671937714 343.1712583333333 -20.51035 M490 0.03460902 24.965565 0.9994063 1.5693907 18.404335 58.062927 decam 12.563747 51.612442 27 object "LTT9239 N4 M490" 0 0.0 924.0 1948.0 -0.19299664 0.9996955 0.0005653411 0.05702514 -0.0011604126 0.9999088 16234703927 0.2583404
rawdata/DECam_01344107.fits.fz N4 1344107 5.0 60644.01642066 1.07 343.16323338400645 -20.585453671937714 343.1712583333333 -20.51035 g 0.03460902 26.689964 1.0882933 1.4820213 18.188793 51.663605 decam 2.673909 39.73947 28 object "LTT9239 N4 g" 0 0.0 924.0 1948.0 -0.1572667 0.99976337 0.00061629724 0.074534014 -0.0012301708 0.9999632 17008628527 0.09677993
rawdata/DECam_01344105.fits.fz N4 1344105 5.0 60644.01252759 1.0 358.8101202979685 -31.95926966075878 358.81897499999997 -31.88416611111111 r 0.015344903 0.0 0.0 0.0 16.703482 0.0 decam 0.0 0.0 0 object pointing 0 0.0 0.0 0.0 0.0 0.0 0.0 0.0 0.0 0.0 23563830977 0.0
rawdata/DECam_01344110.fits.fz N4 1344110 15.0 60644.01783287 1.08 343.16323338400645 -20.585453671937714 343.1712583333333 -20.51035 M464 0.03460902 24.970795 1.0295656 1.5070059 18.485186 47.91908 decam 0.72441643 53.19632 26 object "LTT9239 M464" 0 0.0 924.0 1948.0 -0.29495588 0.99983674 0.0005758304 -0.10221852 -0.0011662886 0.99987686 16152890885 0.3130277
rawdata/DECam_01344111.fits.fz N4 1344111 3.0 60644.01833485 1.08 343.16323338400645 -20.585453671937714 343.1712583333333 -20.51035 g 0.03460902 26.69835 1.0984505 1.3906531 18.630758 29.818525 decam -2.6349704 51.78511 30 object "LTT9239 g" 0 0.0 924.0 1948.0 -0.16428512 0.99972314 0.0005288407 0.013456653 -0.0010563921 0.99986637 15988414164 0.100608595
rawdata/DECam_01344106.fits.fz N4 1344106 30.0 60644.01422619 1.0 358.8101202979685 -31.95926966075878 358.81897499999997 -31.88416611111111 r 0.015344903 0.0 0.0 0.0 17.207966 0.0 decam 0.0 0.0 0 object pointing 0 0.0 0.0 0.0 0.0 0.0 0.0 0.0 0.0 0.0 46824601574 0.0
rawdata/DECam_01344112.fits.fz N4 1344112 150.0 60644.01878471 1.08 347.1044708676797 -15.60240371938456 347.11227083333335 -15.5273 M490 0.03634075 24.948929 0.9859962 1.3880756 18.940218 28.932203 decam 2.5637312 79.112434 155 object "NGC7492 M490" 0 0.0 924.0 1948.0 -0.04278546 0.99969244 0.00016607274 -0.15222813 -0.00017210726 0.9999494 20954893870 5.184534
rawdata/DECam_01344113.fits.fz N4 1344113 150.0 60644.02090211 1.08 347.08846032942307 -15.769003717839515 347.0962666666667 -15.6939 M490 0.03546531 24.956621 0.993007 1.4541986 19.403618 20.309122 decam 3.5034063 71.13376 61 object "NGC7492 M490" 0 0.0 924.0 1948.0 -0.34494558 0.99997294 0.00066849863 0.22555433 -0.0005052665 0.9997441 19014845160 7.3858438
rawdata/DECam_01344114.fits.fz N4 1344114 150.0 60644.02302859 1.09 346.8214612481695 -15.745103718061324 346.8292666666667 -15.67 M490 0.03494858 24.970312 1.0074354 1.3858637 19.82556 12.153544 decam 4.9102106 84.0539 68 object "NGC7492 M490" 0 0.0 924.0 1948.0 -0.28517517 0.9999818 0.0005839426 -0.10510983 -0.00032180344 1.000155 17821600445 12.342078
rawdata/DECam_01344115.fits.fz N4 1344115 150.0 60644.02514728 1.09 347.3084701943705 -15.620103719220527 347.31627083333336 -15.545 M490 0.034631554 24.962456 1.0001702 1.3555956 20.210314 8.260578 decam 14.961997 79.11564 90 object "NGC7492 M490" 0 0.0 924.0 1948.0 -0.050776184 1.000231 0.00042148848 -0.08274926 -0.00014852076 1.0001416 17073903471 18.158535
rawdata/DECam_01344116.fits.fz N4 1344116 60.0 60644.02786963 1.04 10.245498725060687 -14.73288178296405 10.253266666666667 -14.657778055555555 g 0.02125272 26.703188 1.0964651 1.6838331 20.725565 5.8121147 decam -2.3301592 65.1112 54 object Pointinhg 0 0.0 924.0 1948.0 -0.09015827 1.0004156 -0.0003267063 -0.21883911 0.0001422107 1.0002774 17311565067 10.323265
rawdata/DECam_01344117.fits.fz N4 1344117 500.0 60644.03024866 1.04 10.245498717148097 -14.733103727406451 10.253266666666667 -14.658 M464 0.021259533 24.968645 1.0191219 1.3571429 21.300558 2.6532319 decam 8.591421 -6.528998 60 object IBIS_wide_M464_303847 303847 0.019257 924.0 1948.0 -0.12294557 1.0003933 -0.00053139427 -0.25956857 0.00020990806 1.0003397 17471250192 188.44942
rawdata/DECam_01344118.fits.fz N4 1344118 500.0 60644.03641173 1.04 10.549506577016421 -14.629103728361805 10.557270833333334 -14.554 M464 0.019781552 24.974398 1.024536 1.3123145 21.618086 1.8131787 decam 6.3235874 -1.1785676 84 object IBIS_wide_M464_300862 300862 0.019039 924.0 1948.0 0.06180214 1.0002546 -0.0004356023 -0.2660013 0.00068153616 1.0000964 16938133234 275.75882
rawdata/DECam_01344119.fits.fz N4 1344119 500.0 60644.04257658 1.04 11.480509504027005 -14.664103728040391 11.488275 -14.589 M464 0.018826857 24.953411 1.0049216 1.3611113 21.708546 1.8524653 decam 14.564676 -14.858229 69 object IBIS_wide_M464_300840 300840 0.019394 924.0 1948.0 0.07799095 1.0000087 -0.0008197009 0.14765793 0.0006674401 0.9998273 16980860067 269.91058
rawdata/DECam_01344120.fits.fz N4 1344120 500.0 60644.04872578 1.04 13.42850530179971 -14.547103729114426 13.436266666666667 -14.472 M464 0.02623184 24.96356 1.0143602 1.3332256 21.731974 1.8000653 decam 9.501847 -14.874942 74 object IBIS_wide_M464_300850 300850 0.024418 924.0 1948.0 0.02664574 1.0000802 -0.0006439705 -0.09373885 0.0005783988 0.9997999 16911437692 277.7677
rawdata/DECam_01344121.fits.fz N4 1344121 500.0 60644.05487667 1.04 14.458494721409863 -14.960103725318026 14.466270833333333 -14.885 M464 0.023405 24.95365 1.0051438 1.3006133 21.771921 1.6480981 decam 14.904667 -13.462133 59 object IBIS_wide_M464_303830 303830 0.024203 924.0 1948.0 0.23491171 0.99982184 -0.0007722805 -0.03929054 0.0010369199 0.99980795 16729000569 303.38
rawdata/DECam_01344122.fits.fz N4 1344122 500.0 60644.06102261 1.05 12.897495748789318 -14.81610372664335 12.905266666666666 -14.741 M464 0.021933515 24.95917 1.0123426 1.2698183 21.758018 1.558765 decam 13.818491 -11.429337 73 object IBIS_wide_M464_303835 303835 0.022012 924.0 1948.0 -0.058959093 1.0001694 -0.00040239622 -0.16145279 0.0005096333 1.0001493 16985312222 320.76675
rawdata/DECam_01344123.fits.fz N4 1344123 487.0 60644.06719491 1.04 15.7814972893672 -14.889103725971706 15.789270833333333 -14.814 M464 0.019105501 24.985462 1.0350292 1.2398973 21.785189 1.3533853 decam 3.7721188 0.63728774 71 object IBIS_wide_M464_303831 303831 0.020514 924.0 1948.0 0.17767702 0.9997493 -0.0008459048 0.081552505 0.00054108346 0.9997513 16696278325 359.83838
rawdata/DECam_01344124.fits.fz N4 1344124 469.0 60644.07320937 1.05 17.810523097305758 -14.275103731606942 17.818275 -14.2 M464 0.018952133 24.96431 1.0171478 1.2978486 21.793468 1.5281615 decam 8.547462 -4.9721155 61 object IBIS_wide_M464_304053 304053 0.022131 924.0 1948.0 0.056614406 1.0000772 -0.0009321667 -0.27996427 0.00071438105 0.99979407 16635099174 306.90472
rawdata/DECam_01344125.fits.fz N4 1344125 422.0 60644.07898864 1.05 17.54051384599394 -14.541103729169471 17.548275 -14.466 M464 0.022138903 24.97008 1.0225662 1.2201393 21.795643 1.3646845 decam 0.66025543 -6.0375795 54 object IBIS_wide_M464_301067 301067 0.022561 924.0 1948.0 -0.12595983 1.0000525 -0.0010271326 0.05548455 0.0009562963 0.9996788 16476477304 309.229
rawdata/DECam_01344126.fits.fz N4 1344126 470.0 60644.08423899 1.05 18.540486951286276 -15.059103724405832 18.548266666666667 -14.984 M464 0.021754462 24.964067 1.0169209 1.2874134 21.815334 1.5042285 decam -1.9504845 -1.471112 54 object IBIS_wide_M464_304051 304051 0.021365 924.0 1948.0 0.1464282 0.9997212 -0.00092608924 -0.3120257 0.00087337225 0.99998945 16675588598 312.45255
rawdata/DECam_01344127.fits.fz N4 1344127 409.0 60644.09003913 1.06 18.965507762973026 -14.713103727590244 18.973275 -14.638 M464 0.023840126 24.967878 1.0225934 1.3851429 21.805399 1.7708349 decam -1.5553801 0.8802835 56 object IBIS_wide_M464_301066 301066 0.020585 924.0 1948.0 -0.14528044 1.0003861 -0.0009000112 0.0010358437 0.0011043072 0.9998937 16526345360 230.9645
rawdata/DECam_01344128.fits.fz N4 1344128 445.0 60644.09512796 1.05 21.6235006979171 -14.910103725778411 21.631275000000002 -14.835 M464 0.019029949 24.965014 1.0178076 1.3335187 21.813162 1.5830195 decam -3.6150062 5.201721 74 object IBIS_wide_M464_304047 304047 0.018352 924.0 1948.0 0.47467202 1.0002267 -0.0011783006 -0.12649475 0.0010513859 1.0000919 16520750292 281.10834
rawdata/DECam_01344129.fits.fz N4 1344129 500.0 60644.10064863 1.06 23.562518670988503 -14.161103732649805 23.57026666666667 -14.086 M464 0.01905933 24.967587 1.0223197 1.2167642 21.80061 1.3276334 decam 0.8975557 8.039988 65 object IBIS_wide_M464_304037 304037 0.01832 924.0 1948.0 0.33563235 0.9997376 -0.0012096087 -0.10402636 0.0014869767 0.99991745 16669907217 376.61
rawdata/DECam_01344130.fits.fz N4 1344130 481.0 60644.10679159 1.06 23.30750248108779 -14.627103728380169 23.315266666666666 -14.552 M464 0.017495144 24.9762 1.0304624 1.1259154 21.793802 1.1137233 decam 3.356856 9.446458 66 object IBIS_wide_M464_301051 301051 0.017366 924.0 1948.0 0.19565839 0.99994904 -0.001195937 -0.44841546 0.0013608828 0.99985915 16626258839 431.88467
rawdata/DECam_01344131.fits.fz N4 1344131 396.0 60644.11275275 1.07 24.61151342417557 -14.553103729059375 24.619275 -14.478 M464 0.017096872 24.978308 1.0345868 1.1899147 21.794098 1.2350022 decam -5.4301 16.456244 63 object IBIS_wide_M464_301050 301050 0.016829 924.0 1948.0 0.1255687 0.99983424 -0.0010510576 -0.40582204 0.0015103101 0.9998414 16394564400 320.64722
rawdata/DECam_01344132.fits.fz N4 1344132 334.0 60644.11771549 1.07 25.71749991545599 -14.81610372664335 25.725270833333333 -14.741 M464 0.0151527515 24.982412 1.0385062 1.1377332 21.763475 1.1368917 decam 1.6408627 12.57848 58 object IBIS_wide_M464_304030 304030 0.015655 924.0 1948.0 0.8400977 1.0004206 -0.0011143573 -0.33010706 0.0016873279 0.9998898 16257943657 293.78348
rawdata/DECam_01344133.fits.fz N4 1344133 368.0 60644.12197232 1.07 26.94649348328958 -14.879103726063747 26.95426666666667 -14.804 M464 0.014036169 24.973923 1.0304172 1.1161892 21.764868 1.1013255 decam -4.343369 22.865963 69 object IBIS_wide_M464_304031 304031 0.014824 924.0 1948.0 0.011183627 1.000395 -0.0011464567 -0.30184096 0.0008653411 1.0001235 16451505148 334.14282
rawdata/DECam_01344134.fits.fz N4 1344134 344.0 60644.126619 1.08 27.735511551001444 -14.368103730755408 27.743266666666667 -14.293 M464 0.016671434 24.964712 1.0238142 1.1949667 21.74265 1.3349811 decam -3.3808737 23.894588 50 object IBIS_wide_M464_304032 304032 0.014799 924.0 1948.0 0.014895864 1.0002255 -0.001305807 -0.36173823 0.0014814676 1.0000561 16500503059 257.68155
rawdata/DECam_01344135.fits.fz N4 1344135 338.0 60644.13096129 1.08 29.02950974959279 -14.539103729187822 29.037270833333334 -14.464 M464 0.014821835 24.975933 1.034449 1.1626081 21.74038 1.2242337 decam -3.5959527 28.979235 65 object IBIS_wide_M464_302959 302959 0.015554 924.0 1948.0 0.1785198 1.0003217 -0.0013581068 -0.36957264 0.0012909482 1.0003191 16337121719 276.09106
rawdata/DECam_01344136.fits.fz N4 1344136 412.0 60644.13523441 1.09 30.583560454794675 -13.007103743149251 30.591270833333336 -12.932 M464 0.018895242 24.96594 1.0270792 1.1957095 21.730043 1.3708119 decam -6.8212514 28.782558 72 object IBIS_wide_M464_305972 305972 0.018947 924.0 1948.0 0.37365958 1.0000107 -0.001350485 -0.21053064 0.001338094 0.9999958 16672414736 300.5518
rawdata/DECam_01344137.fits.fz N4 1344137 385.0 60644.14037763 1.09 30.702515520654504 -14.253103731808281 30.710266666666662 -14.178 M464 0.021053677 24.961842 1.0232098 1.1538179 21.74592 1.2873142 decam -10.3477125 30.091293 78 object IBIS_wide_M464_305967 305967 0.02 924.0 1948.0 0.21612859 1.0001359 -0.0010634145 -0.092193015 0.0018240548 0.9999558 16413189004 299.0723
rawdata/DECam_01344138.fits.fz N4 1344138 428.0 60644.14518995 1.09 31.943523303801594 -14.269103731661858 31.951274999999995 -14.194 M464 0.02247318 24.962862 1.0241718 1.1037202 21.735388 1.1995182 decam -8.759521 36.47613 51 object IBIS_wide_M464_305964 305964 0.022561 924.0 1948.0 -0.5234234 0.9998704 -0.0016503386 0.09923206 0.0016698693 1.000003 16836079131 356.80994
rawdata/DECam_01344139.fits.fz N4 1344139 398.0 60644.15051626 1.1 31.36249395165135 -14.866103726183368 31.370266666666666 -14.791 M464 0.023582345 24.969051 1.0321444 1.068075 21.777779 1.0766839 decam -7.571971 35.240685 53 object IBIS_wide_M464_305961 305961 0.023144 924.0 1948.0 0.35494658 1.0000097 -0.0017481728 -0.34305894 0.0016627054 1.0000933 16444319649 369.65353
rawdata/DECam_01344140.fits.fz N4 1344140 369.0 60644.15550057 1.1 33.110513353834946 -14.55510372904102 33.118275000000004 -14.48 M464 0.022119647 24.95978 1.0233674 1.1654738 21.788336 1.2775912 decam -8.386788 29.039019 63 object IBIS_wide_M464_302954 302954 0.023244 924.0 1948.0 0.4420105 0.9999097 -0.001491901 0.16635078 0.0014814119 1.0001367 16347614490 288.82477
rawdata/DECam_01344141.fits.fz N4 1344141 321.0 60644.16014751 1.11 34.81756431047284 -13.0171037430587 34.825275 -12.942 M464 0.022207255 24.966578 1.0319132 1.1453803 21.785202 1.222927 decam -13.662263 33.715557 62 object IBIS_wide_M464_302966 302966 0.020275 924.0 1948.0 0.53577536 1.0000514 -0.0016014836 -0.3253929 0.0018525528 1.0001309 16191089466 262.48502
rawdata/DECam_01344142.fits.fz N4 1344142 383.0 60644.16423458 1.11 35.82453620738132 -13.763103736282538 35.83227083333333 -13.688 M464 0.019680481 24.980331 1.045068 1.0648475 21.810911 0.98872805 decam -6.108647 30.641325 76 object IBIS_wide_M464_305957 305957 0.019305 924.0 1948.0 0.35388178 0.9997698 -0.0017718388 -0.093082696 0.0012528857 1.000065 16536634263 387.36636
rawdata/DECam_01344143.fits.fz N4 1344143 383.0 60644.1690332 1.12 34.65549779892428 -14.990103725041697 34.663275 -14.915 M464 0.028335774 24.969063 1.0364033 1.0279784 21.819313 0.99325687 decam -6.8236265 25.251738 64 object IBIS_wide_M464_302946 302946 0.024156 924.0 1948.0 0.4951868 1.0002245 -0.001622685 -0.2547063 0.0016187908 0.99979216 16328141995 385.60016
rawdata/DECam_01344144.fits.fz N4 1344144 305.0 60644.17382679 1.13 36.66555524223656 -13.305103740447672 36.673275000000004 -13.23 M464 0.020030621 24.953627 1.0238742 1.0274726 21.820478 0.9610312 decam -1.6462455 29.113605 65 object IBIS_wide_M464_306908 306908 0.019251 924.0 1948.0 -0.30413887 1.0000623 -0.0016651542 -0.14645274 0.0017559202 0.99974453 16165225390 317.36743
rawdata/DECam_01344145.fits.fz N4 1344145 308.0 60644.1777168 1.13 37.73950160030191 -14.885103726008522 37.747274999999995 -14.81 M464 0.025268616 24.956327 1.0264249 1.0735517 21.825035 1.0790253 decam -0.14034122 26.225561 66 object IBIS_wide_M464_309885 309885 0.02208 924.0 1948.0 -0.112749785 1.0004627 -0.0017978551 0.015441768 0.0016982608 1.0000175 16195943177 285.4428
rawdata/DECam_01344146.fits.fz N4 1344146 303.0 60644.18165677 1.14 39.176581267571066 -12.459103748100462 39.184275 -12.384 M464 0.02697802 24.969524 1.0411129 1.0526689 21.808558 1.0407515 decam -7.517137 18.482481 71 object IBIS_wide_M464_309892 309892 0.024694 924.0 1948.0 0.8508773 0.9998548 -0.0015712418 -0.48767376 0.0020561141 1.0000285 16136839473 291.1358
rawdata/DECam_01344147.fits.fz N4 1344147 327.0 60644.1855192 1.14 39.68053484874048 -13.929103734768901 39.688275 -13.854 M464 0.022993058 24.972692 1.0441557 1.0695665 21.817469 1.029625 decam 1.5438029 17.072153 68 object IBIS_wide_M464_309883 309883 0.024333 924.0 1948.0 -0.019848293 0.9999245 -0.0016943474 0.23179306 0.0011921604 0.99971575 16254825458 317.59134
