logs/db-2024-11-30.ecsv
# %ECSV 1.0
# ---
# datatype:
# - {name: filename, datatype: string}
# - {name: extension, datatype: string}
# - {name: expnum, datatype: int64}
# - {name: exptime, datatype: float32}
# - {name: mjd_obs, datatype: float64}
# - {name: airmass, datatype: float32}
# - {name: racenter, datatype: float64}
# - {name: deccenter, datatype: float64}
# - {name: rabore, datatype: float64}
# - {name: decbore, datatype: float64}
# - {name: band, datatype: string}
# - {name: ebv, datatype: float32}
# - {name: zeropoint, datatype: float32}
# - {name: transparency, datatype: float32}
# - {name: seeing, datatype: float32}
# - {name: sky, datatype: float32}
# - {name: expfactor, datatype: float32}
# - {name: camera, datatype: string}
# - {name: dx, datatype: float32}
# - {name: dy, datatype: float32}
# - {name: nmatched, datatype: int64}
# - {name: obstype, datatype: string}
# - {name: object, datatype: string}
# - {name: tileid, datatype: int64}
# - {name: tileebv, datatype: float32}
# - {name: affine_x0, datatype: float32}
# - {name: affine_y0, datatype: float32}
# - {name: affine_dx, datatype: float32}
# - {name: affine_dxx, datatype: float32}
# - {name: affine_dxy, datatype: float32}
# - {name: affine_dy, datatype: float32}
# - {name: affine_dyx, datatype: float32}
# - {name: affine_dyy, datatype: float32}
# - {name: checksum, datatype: string}
# - {name: efftime, datatype: float32}
# schema: astropy-2.0
filename extension expnum exptime mjd_obs airmass racenter deccenter rabore decbore band ebv zeropoint transparency seeing sky expfactor camera dx dy nmatched obstype object tileid tileebv affine_x0 affine_y0 affine_dx affine_dxx affine_dxy affine_dy affine_dyx affine_dyy checksum efftime
rawdata/DECam_01344301.fits.fz N4 1344301 5.0 60645.01284936 1.0 0.5744971710112998 -29.795935519343562 0.5831541666666666 -29.720831944444445 r 0.022124032 26.84788 1.0279025 1.8116921 16.658997 108.842636 decam 16.776758 -56.302082 17 object pointing 0 0.0 924.0 1948.0 -0.1461019 1.0003778 -4.2335814e-05 -0.2420158 0.00051916426 1.0002558 23686754335 0.04593788
rawdata/DECam_01344302.fits.fz N4 1344302 30.0 60645.01411135 1.0 0.5744971710112998 -29.795935519343562 0.5831541666666666 -29.720831944444445 r 0.022124032 26.86805 1.0471771 1.7325742 17.029535 68.18571 decam -1.573082 -1.8816558 32 object pointing 0 0.0 924.0 1948.0 -0.11802972 1.0002966 -6.4798944e-05 -0.050378706 0.00021535227 1.0001092 51058429678 0.4399749
rawdata/DECam_01344303.fits.fz N4 1344303 5.0 60645.01653677 1.08 343.16323338400645 -20.585453671937714 343.1712583333333 -20.51035 g 0.03460902 26.675247 1.0753229 1.8016527 18.040712 89.880165 decam 0.91580147 37.94347 26 object "LTT9239 N4 g" 0 0.0 924.0 1948.0 -0.38859603 0.9998637 0.00063566427 0.03463243 -0.0012525216 0.9998074 17253524225 0.055629626
rawdata/DECam_01344304.fits.fz N4 1344304 15.0 60645.01705811 1.08 343.16323338400645 -20.585453671937714 343.1712583333333 -20.51035 M438 0.03460902 24.787512 1.017983 1.8202188 18.160791 98.47671 decam 3.8621488 47.5531 18 object "LTT9239 N4 M438" 0 0.0 924.0 1948.0 -0.49707875 0.99919754 0.00058301666 -0.08251497 -0.0011234091 0.99994284 16289206483 0.15232028
rawdata/DECam_01344305.fits.fz N4 1344305 15.0 60645.01756353 1.08 343.16323338400645 -20.585453671937714 343.1712583333333 -20.51035 M490 0.03460902 24.944166 0.9816814 1.7786627 18.287775 86.35137 decam 7.405553 45.62073 25 object "LTT9239 N4 M490" 0 0.0 924.0 1948.0 -0.412361 0.99956524 0.0005873833 0.023378212 -0.0010862064 0.9998548 16346199849 0.17370889
rawdata/DECam_01344306.fits.fz N4 1344306 15.0 60645.0180872 1.08 343.16323338400645 -20.585453671937714 343.1712583333333 -20.51035 M464 0.03460902 24.968967 1.0278343 1.6943048 18.372149 67.42762 decam -4.324207 56.582424 24 object "LTT9239 M464" 0 0.0 924.0 1948.0 -0.3339859 0.99958694 0.00054976455 0.0044905352 -0.0010317055 0.9999386 16251788229 0.22246076
rawdata/DECam_01344307.fits.fz N4 1344307 3.0 60645.01860387 1.08 343.16323338400645 -20.585453671937714 343.1712583333333 -20.51035 g 0.03460902 26.689425 1.0894568 1.9094162 18.519932 63.249405 decam 2.0275285 62.301983 24 object "LTT9239 g" 0 0.0 924.0 1948.0 -0.2787809 0.9995066 0.000619283 0.05309077 -0.001299084 0.9997026 16068990888 0.047431275
rawdata/DECam_01344308.fits.fz N4 1344308 150.0 60645.01905216 1.08 347.1044708676797 -15.60240371938456 347.11227083333335 -15.5273 M464 0.03634075 24.891981 0.9574765 1.808776 18.79943 60.482574 decam 3.9364147 70.56764 135 object "NGC7492 M464" 0 0.0 924.0 1948.0 -0.004979434 0.9996792 0.00017137932 0.30234885 -0.0007305002 1.0000454 21625669581 2.4800532
rawdata/DECam_01344309.fits.fz N4 1344309 150.0 60645.02115658 1.09 347.08846032942307 -15.769003717839515 347.0962666666667 -15.6939 M464 0.03546531 24.958534 1.0200979 1.4792514 19.270672 23.049017 decam 4.869971 68.66208 56 object "NGC7492 M464" 0 0.0 924.0 1948.0 -0.5443009 0.99971676 0.00064239145 0.14610334 -0.00033943926 0.9999428 19431886562 6.5078697
rawdata/DECam_01344310.fits.fz N4 1344310 150.0 60645.02325734 1.09 346.8214612481695 -15.745103718061324 346.8292666666667 -15.67 M464 0.03494858 24.97436 1.0350744 1.5717915 19.705107 16.8758 decam 2.3062665 74.95892 60 object "NGC7492 M464" 0 0.0 924.0 1948.0 -0.19669269 0.99993235 0.0005882323 -0.026758395 -0.00035925893 1.0001627 18069280728 8.888468
rawdata/DECam_01344311.fits.fz N4 1344311 150.0 60645.02535777 1.1 347.3084701943705 -15.620103719220527 347.31627083333336 -15.545 M464 0.034631554 24.960508 1.0240549 1.5120928 20.120089 10.908629 decam 4.6845026 66.73093 79 object "NGC7492 M464" 0 0.0 924.0 1948.0 -0.10451252 0.99965173 0.0002528428 -0.10443336 -0.00030794053 1.0000163 17196346929 13.750582
rawdata/DECam_01344312.fits.fz N4 1344312 60.0 60645.02893875 1.04 10.245498717148097 -14.733103727406451 10.253266666666667 -14.658 g 0.021259533 26.707888 1.1012223 1.6674291 20.800173 5.2753644 decam -11.635471 58.774044 55 object Pointing 0 0.0 924.0 1948.0 -0.056592967 1.0003731 -0.00030750837 -0.16825928 8.387441e-05 1.0002843 17178627207 11.373622
rawdata/DECam_01344313.fits.fz N4 1344313 500.0 60645.03184216 1.04 10.245498717148097 -14.733103727406451 10.253266666666667 -14.658 M490 0.021259533 24.983616 1.0106437 1.2471484 21.367058 2.1191459 decam 5.4647217 -9.17121 64 object IBIS_wide_M490_403847 403847 0.019257 924.0 1948.0 -0.095491566 1.0003455 -0.00045158176 -0.21698494 0.00021437886 1.0002322 17382854560 235.94412
rawdata/DECam_01344314.fits.fz N4 1344314 500.0 60645.03800099 1.04 11.480509504027005 -14.664103728040391 11.488275 -14.589 M490 0.018826857 24.974722 1.0023993 1.3207046 21.63286 1.8602688 decam 4.6788225 -14.731529 72 object IBIS_wide_M490_400840 400840 0.019394 924.0 1948.0 0.044642624 0.9998572 -0.00063122384 0.008328061 0.00076537585 0.9999707 17151993515 268.77835
rawdata/DECam_01344315.fits.fz N4 1344315 500.0 60645.04415402 1.04 13.42850530179971 -14.547103729114426 13.436266666666667 -14.472 M490 0.02623184 24.965288 0.9937267 1.3410002 21.677422 1.9682125 decam 4.4365997 -11.853733 78 object IBIS_wide_M490_400850 400850 0.024418 924.0 1948.0 -0.10670843 1.0002409 -0.00044066488 -0.12186729 0.0006419212 0.9998598 17027399020 254.03761
rawdata/DECam_01344316.fits.fz N4 1344316 500.0 60645.05029047 1.04 14.458494721409863 -14.960103725318026 14.466270833333333 -14.885 M490 0.023405 24.968761 0.99691206 1.5444868 21.699259 2.493985 decam 8.32117 -12.9117985 59 object IBIS_wide_M490_403830 403830 0.024203 924.0 1948.0 0.2614291 0.9998772 -0.0006855493 0.06229564 0.00096781773 0.99977803 16857239970 200.48236
rawdata/DECam_01344317.fits.fz N4 1344317 500.0 60645.05644521 1.04 12.897495748789318 -14.81610372664335 12.905266666666666 -14.741 M490 0.021933515 24.970985 0.9989557 1.3031094 21.68857 1.7688335 decam 18.635355 -9.489224 75 object IBIS_wide_M490_403835 403835 0.022012 924.0 1948.0 -0.010253392 0.99984133 -0.00045481336 -0.18519293 0.0009827835 1.0002692 17135783369 282.67218
rawdata/DECam_01344318.fits.fz N4 1344318 99.1194 60645.06261862 1.04 15.7814972893672 -14.889103725971706 15.789270833333333 -14.814 M490 0.019105501 24.980404 1.0076582 1.2809978 21.703434 1.626059 decam 5.425024 -8.230951 61 object IBIS_wide_M490_403831 403831 0.020514 924.0 1948.0 0.1550021 1.0000137 -0.0007837069 0.012860773 0.00040584194 0.9998215 15625628802 60.956825
rawdata/DECam_01344319.fits.fz N4 1344319 491.3071 60645.06569502 1.05 16.548513143098884 -14.322103731176686 16.556266666666666 -14.247 M490 0.02491223 24.963459 0.993857 1.3977491 21.683983 2.113597 decam 4.5598783 -3.965714 73 object IBIS_wide_M490_403832 403832 0.02248 924.0 1948.0 -0.13636132 1.0005317 -0.0006634695 -0.01296005 0.00059809117 1.000019 16983692281 232.45071
rawdata/DECam_01344320.fits.fz N4 1344320 500.0 60645.07240742 1.05 17.54051384599394 -14.541103729169471 17.548275 -14.466 M490 0.022138903 24.963667 0.99404585 1.3655758 21.69759 1.9549913 decam -0.22756998 -7.292597 54 object IBIS_wide_M490_401067 401067 0.022561 924.0 1948.0 -0.1346397 0.999899 -0.00091186864 -0.03596898 0.000657371 0.99977165 16857308883 255.75562
rawdata/DECam_01344321.fits.fz N4 1344321 500.0 60645.07857821 1.05 19.532502465002267 -14.861103726229382 19.540275 -14.786 M490 0.017465083 24.973145 1.0027621 1.4546702 21.720636 2.0681047 decam -2.0541816 0.25745788 69 object IBIS_wide_M490_401060 401060 0.02038 924.0 1948.0 0.12791859 1.00009 -0.0011243388 -0.09447976 0.0007640011 1.0001922 16797902100 241.76726
rawdata/DECam_01344322.fits.fz N4 1344322 500.0 60645.08471583 1.05 18.965507762973026 -14.713103727590244 18.973275 -14.638 M490 0.023840126 24.965105 0.99536395 1.499864 21.705122 2.362128 decam -5.45923 -3.876115 61 object IBIS_wide_M490_401066 401066 0.020585 924.0 1948.0 -0.027939241 1.0002131 -0.0007677251 0.038942445 0.0012859321 0.99978584 16957806640 211.67354
rawdata/DECam_01344323.fits.fz N4 1344323 500.0 60645.09087463 1.05 20.95949162914556 -15.045103724534885 20.967270833333334 -14.97 M490 0.019610537 24.956627 0.9876212 1.7282201 21.716919 3.062215 decam -4.337072 5.612118 60 object IBIS_wide_M490_401061 401061 0.020242 924.0 1948.0 -0.047037277 1.0001092 -0.0009175941 -0.10452176 0.0008500767 0.999926 16807675139 163.2805
rawdata/DECam_01344324.fits.fz N4 1344324 500.0 60645.09702997 1.06 23.562518670988503 -14.161103732649805 23.57026666666667 -14.086 M490 0.01905933 24.965046 0.99711746 1.7417737 21.728266 3.0195146 decam -8.230251 3.7530622 60 object IBIS_wide_M490_404037 404037 0.01832 924.0 1948.0 0.38255545 0.999807 -0.0010232382 -0.24822947 0.0015360381 0.99989706 16800597939 165.58954
rawdata/DECam_01344325.fits.fz N4 1344325 500.0 60645.10318115 1.06 22.87849301447113 -14.892103725944098 22.886266666666664 -14.817 M490 0.017905245 24.951694 0.9849305 1.5423983 21.729616 2.4056325 decam -6.16253 -0.35168418 72 object IBIS_wide_M490_404026 404026 0.017225 924.0 1948.0 -0.043305583 1.000331 -0.0011750659 -0.15629803 0.000822864 1.0001794 16822433511 207.84555
rawdata/DECam_01344326.fits.fz N4 1344326 500.0 60645.10936017 1.07 24.61151342417557 -14.553103729059375 24.619275 -14.478 M490 0.017096872 24.975628 1.0087122 1.4164158 21.72846 1.9331495 decam -3.2864738 10.960386 63 object IBIS_wide_M490_401050 401050 0.016829 924.0 1948.0 0.1562183 0.999698 -0.0009846714 -0.36581507 0.0013546877 0.99985677 16791565371 258.6453
rawdata/DECam_01344327.fits.fz N4 1344327 500.0 60645.11550755 1.07 25.71749991545599 -14.81610372664335 25.725270833333333 -14.741 M490 0.0151527515 24.96324 0.99726754 1.4807549 21.736334 2.1179173 decam -6.5264096 6.0024204 60 object IBIS_wide_M490_404030 404030 0.015655 924.0 1948.0 0.6504043 1.0001756 -0.0010823654 -0.15796809 0.0013773568 1.0000554 16788588030 236.08098
rawdata/DECam_01344328.fits.fz N4 1344328 500.0 60645.12166414 1.07 26.94649348328958 -14.879103726063747 26.95426666666667 -14.804 M490 0.014036169 24.968367 1.0019875 1.5722917 21.745035 2.3287482 decam -2.9909043 16.271795 70 object IBIS_wide_M490_404031 404031 0.014824 924.0 1948.0 0.017160878 1.0003746 -0.0011234642 -0.15738653 0.0008135974 1.0001236 16945411470 214.70763
rawdata/DECam_01344329.fits.fz N4 1344329 500.0 60645.127815 1.08 28.502503148453282 -14.842103726404186 28.510275 -14.767 M490 0.015557632 24.980747 1.0153197 1.4495177 21.74791 1.9496336 decam -0.9424961 15.392172 67 object IBIS_wide_M490_405939 405939 0.014895 924.0 1948.0 0.6933347 0.99980503 -0.0014391739 -0.15748149 0.0009106554 0.99984515 16930649734 256.45844
rawdata/DECam_01344330.fits.fz N4 1344330 500.0 60645.13396597 1.09 28.781524094479693 -14.246103731872333 28.789275 -14.171 M490 0.013916536 24.97368 1.0105654 1.424693 21.745813 1.8909634 decam -1.5336607 23.913923 52 object IBIS_wide_M490_405968 405968 0.015512 924.0 1948.0 0.21439205 0.9996227 -0.001317751 -0.3833509 0.0010296076 1.0002663 16816432618 264.41547
rawdata/DECam_01344331.fits.fz N4 1344331 500.0 60645.14010675 1.09 30.190509011269757 -14.560103728995141 30.198270833333332 -14.485 M490 0.015072579 24.958586 0.99661183 1.6777627 21.758852 2.6839638 decam -3.1174731 22.147507 60 object IBIS_wide_M490_402958 402958 0.018795 924.0 1948.0 0.85277945 0.9998282 -0.0012591064 0.10209433 0.0013105613 0.9996414 16751544593 186.29164
rawdata/DECam_01344332.fits.fz N4 1344332 500.0 60645.14624361 1.11 31.667555305956764 -13.303103740465817 31.675275 -13.228 M490 0.018363591 24.965885 1.0069836 1.4682755 21.745174 2.1001723 decam -0.38529718 25.643034 68 object IBIS_wide_M490_402962 402962 0.020523 924.0 1948.0 0.4110518 0.9998401 -0.001557001 -0.2152294 0.0014876216 0.99984235 16798456728 238.07571
rawdata/DECam_01344333.fits.fz N4 1344333 500.0 60645.1525163 1.12 32.66457269680476 -12.46710374802833 32.672266666666665 -12.392 M490 0.018874522 24.96131 1.0045687 1.5950743 21.754993 2.4851089 decam 3.241456 29.486395 73 object IBIS_wide_M490_405981 405981 0.020907 924.0 1948.0 0.18699202 1.0002033 -0.0013308686 -0.297551 0.0014786356 1.0000857 16988401367 201.19843
rawdata/DECam_01344334.fits.fz N4 1344334 500.0 60645.15879999 1.12 33.72153041395305 -13.937103734695901 33.72927083333334 -13.862 M490 0.020286033 24.943913 0.9886017 1.845241 21.790043 3.3557127 decam 1.8708686 23.91892 67 object IBIS_wide_M490_402965 402965 0.021443 924.0 1948.0 0.50829667 1.0005711 -0.0016385048 -0.09812513 0.0013549014 0.9999025 16721478392 148.99965
rawdata/DECam_01344335.fits.fz N4 1344335 500.0 60645.16495851 1.13 35.11653557865637 -13.782103736109399 35.124270833333334 -13.707 M490 0.020375486 24.940027 0.9868579 1.7046106 21.78767 2.8926954 decam 4.6588984 18.871284 62 object IBIS_wide_M490_402948 402948 0.019722 924.0 1948.0 0.10331506 0.99997324 -0.0014520327 0.04061492 0.0013916651 0.9999357 16746540369 172.84917
rawdata/DECam_01344336.fits.fz N4 1344336 500.0 60645.17109883 1.14 35.88352463500143 -13.985103734257788 35.89126666666667 -13.91 M490 0.018742213 24.955347 1.0026989 1.6529272 21.789474 2.611282 decam 6.735051 16.673328 72 object IBIS_wide_M490_400915 400915 0.019419 924.0 1948.0 -0.02119348 1.0005375 -0.0019771443 0.16316049 0.0017008585 0.99980855 16722529583 191.47682
rawdata/DECam_01344337.fits.fz N4 1344337 500.0 60645.17727324 1.15 35.408514618324524 -14.519103729371288 35.416275 -14.444 M490 0.023369528 24.946877 0.9967147 1.6589823 21.776596 2.7888026 decam 7.3461046 9.787253 53 object IBIS_wide_M490_405955 405955 0.0206 924.0 1948.0 0.10339005 0.99998707 -0.0014238094 -0.19125327 0.0015953503 0.99999803 17207465862 179.28842
rawdata/DECam_01344338.fits.fz N4 1344338 500.0 60645.18344617 1.16 39.176581267571066 -12.459103748100462 39.184275 -12.384 M490 0.02697802 24.965118 1.0154427 1.5769529 21.80584 2.430092 decam 2.5788043 10.841722 73 object IBIS_wide_M490_409892 409892 0.024694 924.0 1948.0 0.613017 1.0002046 -0.0015849596 -0.359618 0.0013978789 1.000108 16703326007 205.75352
rawdata/DECam_01344339.fits.fz N4 1344339 500.0 60645.18960884 1.16 40.140523354277875 -14.02310373391082 40.14826666666667 -13.948 M490 0.024580909 24.955091 1.0061077 1.4897714 21.833464 2.119703 decam 10.382963 0.9784093 64 object IBIS_wide_M490_406898 406898 0.026228 924.0 1948.0 0.34571064 1.0003768 -0.0015164714 -0.18208842 0.0018492875 0.999948 16675100369 235.8821
rawdata/DECam_01344340.fits.fz N4 1344340 500.0 60645.19577691 1.17 42.95060421107628 -11.658103755300258 42.958275 -11.583 M490 0.02889564 24.96092 1.0133612 1.405684 21.836252 1.9171102 decam 2.3654816 -0.7685677 70 object IBIS_wide_M490_409909 409909 0.029521 924.0 1948.0 -0.41736403 1.0000724 -0.0018402983 -0.29357737 0.0015298786 0.9999618 16898808688 260.8092
rawdata/DECam_01344341.fits.fz N4 1344341 500.0 60645.20191808 1.17 43.2325413318443 -13.734103736546745 43.240275 -13.659 M490 0.029968537 24.953236 1.0062141 1.4379789 21.840101 2.042121 decam 11.67563 -0.23744293 67 object IBIS_wide_M490_409846 409846 0.033766 924.0 1948.0 0.48548648 1.000287 -0.0019530616 -0.2462971 0.0014364634 1.0001892 16649873718 244.84348
rawdata/DECam_01344342.fits.fz N4 1344342 500.0 60645.20808096 1.18 43.6635026341882 -14.740103727342115 43.67127083333333 -14.665 M490 0.035622306 24.95767 1.0121667 1.2070544 21.81468 1.5181788 decam 10.829187 -4.189799 73 object IBIS_wide_M490_406858 406858 0.035031 924.0 1948.0 -0.31610134 0.99996644 -0.001976368 -0.22095156 0.0021333776 1.0001261 16789471223 329.34198
rawdata/DECam_01344343.fits.fz N4 1344343 500.0 60645.21426924 1.17 47.480509504027 -14.664103728040391 47.488274999999994 -14.589 M490 0.053054053 24.954407 1.0073004 1.2301421 21.855114 1.7175447 decam 4.914312 -3.6058643 80 object IBIS_wide_M490_406832 406832 0.048738 924.0 1948.0 -0.059825253 0.99996734 -0.0020794342 0.031793542 0.0020804768 0.9999477 16690752955 291.11325
