logs/db-2025-05-28.ecsv
# %ECSV 1.0
# ---
# datatype:
# - {name: filename, datatype: string}
# - {name: extension, datatype: string}
# - {name: expnum, datatype: int64}
# - {name: exptime, datatype: float32}
# - {name: mjd_obs, datatype: float64}
# - {name: airmass, datatype: float32}
# - {name: racenter, datatype: float64}
# - {name: deccenter, datatype: float64}
# - {name: rabore, datatype: float64}
# - {name: decbore, datatype: float64}
# - {name: band, datatype: string}
# - {name: ebv, datatype: float32}
# - {name: zeropoint, datatype: float32}
# - {name: transparency, datatype: float32}
# - {name: seeing, datatype: float32}
# - {name: sky, datatype: float32}
# - {name: expfactor, datatype: float32}
# - {name: camera, datatype: string}
# - {name: dx, datatype: float32}
# - {name: dy, datatype: float32}
# - {name: nmatched, datatype: int64}
# - {name: obstype, datatype: string}
# - {name: object, datatype: string}
# - {name: tileid, datatype: int64}
# - {name: tileebv, datatype: float32}
# - {name: affine_x0, datatype: float32}
# - {name: affine_y0, datatype: float32}
# - {name: affine_dx, datatype: float32}
# - {name: affine_dxx, datatype: float32}
# - {name: affine_dxy, datatype: float32}
# - {name: affine_dy, datatype: float32}
# - {name: affine_dyx, datatype: float32}
# - {name: affine_dyy, datatype: float32}
# - {name: checksum, datatype: string}
# - {name: efftime, datatype: float32}
# schema: astropy-2.0
filename extension expnum exptime mjd_obs airmass racenter deccenter rabore decbore band ebv zeropoint transparency seeing sky expfactor camera dx dy nmatched obstype object tileid tileebv affine_x0 affine_y0 affine_dx affine_dxx affine_dxy affine_dy affine_dyx affine_dyy checksum efftime
[from data line 43]
rawdata/DECam_01391421.fits.fz N4 1391421 500.0 60824.18766162 1.24 214.90071903688468 -5.844103806509046 214.90827083333332 -5.769 M517 0.04372916 25.049438 1.0579846 1.3152095 21.684708 1.4813868 decam -23.359127 -5.0964575 199 object IBIS_wide_M517_534239 534239 0.042415 924.0 1948.0 -0.12579678 1.0000442 0.0010521788 0.015937848 -0.0009560385 1.0000137 17100006195 337.52158
rawdata/DECam_01391422.fits.fz N4 1391422 500.0 60824.19381959 1.24 217.76073166844492 -5.178103812287381 217.768275 -5.103 M517 0.05917167 25.04991 1.0584431 1.378877 21.691435 1.6166117 decam -24.169697 -3.751797 224 object IBIS_wide_M517_539945 539945 0.062564 924.0 1948.0 0.07176704 1.0002359 0.0010838676 0.07888283 -0.00092867424 1.0000081 16963112795 309.28888
rawdata/DECam_01391423.fits.fz N4 1391423 500.0 60824.19996591 1.26 218.55473429319298 -4.573103817525884 218.56227083333334 -4.498 M517 0.076255456 25.042187 1.054315 1.4057595 21.664473 1.7471006 decam -20.853415 1.7383819 209 object IBIS_wide_M517_539946 539946 0.083826 924.0 1948.0 -0.20078962 1.0001378 0.0011416025 0.07837769 -0.0009906507 1.0000427 17519580485 286.18845
rawdata/DECam_01391424.fits.fz N4 1391424 500.0 60824.20612839 1.27 219.6097394551699 -4.865103814998726 219.61727916666666 -4.79 M517 0.07681918 25.046814 1.0605161 1.5220569 21.6448 2.0674942 decam -22.780586 -9.18753 228 object IBIS_wide_M517_536957 536957 0.077342 924.0 1948.0 -0.25098962 0.9999913 0.0011317485 0.22551009 -0.0011289777 1.0000862 17246114950 241.83865
rawdata/DECam_01391425.fits.fz N4 1391425 500.0 60824.21229085 1.28 222.9997558921791 -3.0601038305903634 223.00727916666665 -2.985 M517 0.10160892 25.022352 1.0385534 1.8021683 21.638252 3.0494814 decam -20.687239 -6.359142 186 object IBIS_wide_M517_537530 537530 0.095946 924.0 1948.0 0.017480418 1.0000616 0.0012762598 0.057803527 -0.0011017076 1.000048 17042226348 163.96231
rawdata/DECam_01391426.fits.fz N4 1391426 500.0 60824.21842934 1.29 224.3747463618317 -3.2261038291591144 224.38227083333334 -3.151 M517 0.1298628 25.042856 1.060051 1.660469 21.62579 2.5219593 decam -15.533069 -8.872553 210 object IBIS_wide_M517_537445 537445 0.12085 924.0 1948.0 -0.4318979 0.9998904 0.0012818133 0.20202851 -0.0010447298 1.0000477 17148495708 198.25856
rawdata/DECam_01391427.fits.fz N4 1391427 500.0 60824.22458217 1.3 224.0797420017336 -4.63210381701543 224.0872791666667 -4.557 M517 0.09411035 25.047743 1.0665404 1.421128 21.543236 1.9760582 decam -11.607299 -8.679564 244 object IBIS_wide_M517_540425 540425 0.092976 924.0 1948.0 -0.20261411 1.0002338 0.0012390771 0.16399501 -0.0009871428 1.0000467 18132047270 253.02899
rawdata/DECam_01391428.fits.fz N4 1391428 500.0 60824.23072286 1.33 226.91776121799913 -2.1721038382397495 226.92527916666668 -2.097 M517 0.07294582 25.043434 1.0674355 1.4721258 21.64956 1.9377757 decam -9.018605 -8.680458 283 object IBIS_wide_M517_540441 540441 0.078602 924.0 1948.0 -0.116442345 1.0002129 0.0013520292 0.12925191 -0.0012810116 0.9999939 17056835523 258.0278
rawdata/DECam_01391429.fits.fz N4 1391429 500.0 60824.23699277 1.36 230.76876103057694 1.1148961334948613 230.776275 1.19 M517 0.05378144 25.040009 1.0692003 1.2947084 21.675467 1.4732744 decam -5.8463655 -5.0401473 261 object IBIS_wide_M517_537507 537507 0.054341 924.0 1948.0 -0.2866354 1.000148 0.0014674359 0.23402718 -0.001279235 1.0000054 17063306551 339.3801
rawdata/DECam_01391430.fits.fz N4 1391430 500.0 60824.24314224 1.39 231.82775757167784 2.064896125322131 231.83527500000002 2.14 M517 0.054249197 25.031082 1.0655581 1.212163 21.664213 1.3267677 decam -9.783864 -8.607079 299 object IBIS_wide_M517_540504 540504 0.048087 924.0 1948.0 -0.13394657 1.0002327 0.0014964945 0.20470916 -0.0012841745 1.0000587 17040226024 376.85574
rawdata/DECam_01391431.fits.fz N4 1391431 500.0 60824.24928544 1.38 233.94876016829727 1.4128961309319845 233.956275 1.488 M517 0.052382287 25.0346 1.0673022 1.452205 21.647177 1.9209031 decam -12.010793 -7.776662 262 object IBIS_wide_M517_540497 540497 0.058404 924.0 1948.0 -0.1961823 1.0003959 0.0015801376 0.11388122 -0.0012240814 1.0001001 17494743967 260.29422
rawdata/DECam_01391432.fits.fz N4 1391432 500.0 60824.25547076 1.35 238.16576846590715 1.42389613083737 238.17328333333333 1.499 M517 0.10670359 25.031649 1.0593019 1.4633044 21.6545 1.9477865 decam -17.629543 -4.426917 341 object IBIS_wide_M517_540642 540642 0.10004 924.0 1948.0 -0.06038664 1.0000548 0.0016671977 0.19593424 -0.00144295 1.0001234 17103499121 256.70166
rawdata/DECam_01391433.fits.fz N4 1391433 500.0 60824.26161335 1.38 237.81576096605633 1.1398961332798767 237.823275 1.215 M517 0.090149626 25.032171 1.0649179 1.3847243 21.61706 1.8039199 decam -11.331862 -14.955941 333 object IBIS_wide_M517_537656 537656 0.1001 924.0 1948.0 -0.2153988 1.0001345 0.001595108 0.12504543 -0.0016874935 1.0000379 17259266152 277.17416
rawdata/DECam_01391434.fits.fz N4 1391434 500.0 60824.26778508 1.38 240.58776100751447 1.1238961334174673 240.595275 1.199 M517 0.12853624 25.045017 1.0775931 1.3765868 21.63172 1.7177644 decam -22.452534 -17.844582 371 object IBIS_wide_M517_537331 537331 0.11623 924.0 1948.0 -0.4495981 1.000045 0.0017897652 0.27023372 -0.0015484294 1.0000516 17198751611 291.076
rawdata/DECam_01391435.fits.fz N4 1391435 500.0 60824.27395014 1.37 244.21676736491634 1.7288961282135822 244.22428333333335 1.804 M517 0.08149577 25.02444 1.0556697 1.4579368 21.6697 1.9321487 decam -18.672987 -12.699713 451 object IBIS_wide_M517_537336 537336 0.084644 924.0 1948.0 -0.19607416 1.0002253 0.0017029522 0.120775245 -0.0014788094 1.0000654 17177672491 258.77927
rawdata/DECam_01391436.fits.fz N4 1391436 500.0 60824.28011255 1.38 245.54176284093177 1.816896127456404 245.54927916666668 1.892 M517 0.064334355 25.021843 1.0548375 1.4324329 21.69938 1.8236207 decam -13.254426 -19.377625 505 object IBIS_wide_M517_537337 537337 0.069637 924.0 1948.0 -0.2327741 1.0001572 0.0018152682 0.31316796 -0.0016267056 1.0001066 16996838881 274.1798
rawdata/DECam_01391437.fits.fz N4 1391437 500.0 60824.28625177 1.37 248.77775783758887 2.007896125812726 248.785275 2.083 M517 0.061071176 25.023455 1.0547125 1.5686643 21.68846 2.202102 decam -19.528248 -17.271631 580 object IBIS_wide_M517_540342 540342 0.066035 924.0 1948.0 -0.017805861 1.0002004 0.0019052641 0.12470486 -0.0015733095 1.0000474 17223485904 227.0558
rawdata/DECam_01391438.fits.fz N4 1391438 500.0 60824.29392799 1.14 307.346535819258 -13.900103735033484 307.35427500000003 -13.825 M517 0.047331806 25.061886 1.0531689 1.5666779 21.685373 2.05224 decam -57.690212 -46.7838 641 object IBIS_wide_M517_551988 551988 0.049646 924.0 1948.0 0.009055092 1.0000582 0.0017334392 0.07315249 -0.0017323919 1.0001401 17313581042 243.63623
rawdata/DECam_01391439.fits.fz N4 1391439 500.0 60824.30009908 1.13 308.9594916291456 -15.045103724534885 308.9672708333334 -14.97 M517 0.03743013 25.059536 1.0492103 1.4605951 21.698538 1.7701437 decam -45.874683 -44.06912 622 object IBIS_wide_M517_548997 548997 0.038062 924.0 1948.0 -0.0090221865 1.0000308 0.0016817263 0.09523821 -0.0017845527 1.0001134 17398304254 282.46292
rawdata/DECam_01391440.fits.fz N4 1391440 500.0 60824.30625175 1.12 308.7445231661483 -14.273103731625252 308.752275 -14.198 M517 0.032278277 24.781837 0.81112313 1.3847195 21.72965 2.5789587 decam -37.676655 -42.593544 653 object IBIS_wide_M517_551985 551985 0.038235 924.0 1948.0 -0.026539281 1.0002284 0.0016231111 0.15962322 -0.001650308 1.0000987 17093090983 193.8767
rawdata/DECam_01391441.fits.fz N4 1391441 500.0 60824.31261602 1.1 309.62350069791705 -14.910103725778407 309.631275 -14.835 M517 0.035235163 25.067644 1.0520046 1.3833927 21.700615 1.5616419 decam 20.643559 -0.47631383 605 object IBIS_wide_M517_551983 551983 0.038672 924.0 1948.0 0.015699571 1.0002176 0.001702998 0.21740548 -0.0017876311 1.0001323 17161358685 320.17584
rawdata/DECam_01391442.fits.fz N4 1391442 500.0 60824.31877406 1.09 309.71251188753916 -14.478103729747295 309.72027083333336 -14.403 M517 0.040232625 25.061226 1.0441288 1.2688105 21.74236 1.2794684 decam 30.865286 0.65058243 625 object IBIS_wide_M517_548998 548998 0.039173 924.0 1948.0 0.15851542 1.0001862 0.0016979739 0.30987448 -0.0016934728 1.0000784 17185154424 390.78732
rawdata/DECam_01391443.fits.fz N4 1391443 500.0 60824.32505925 1.08 309.99950624991334 -14.520103729362118 310.0072666666666 -14.445 M517 0.045035243 25.05926 1.0405705 1.3980352 21.732471 1.5728264 decam 35.983856 5.948031 581 object IBIS_wide_M517_551984 551984 0.040883 924.0 1948.0 -0.097260326 1.0000511 0.0016833227 0.26457787 -0.0017831597 1.0001198 17072714525 317.89905
rawdata/DECam_01391444.fits.fz N4 1391444 500.0 60824.33269429 1.07 307.87057796021895 -12.430103748361887 307.8782708333333 -12.355 M517 0.045344483 25.071234 1.0504267 1.3065119 21.767052 1.3017857 decam 11.841668 -6.9986467 753 object IBIS_wide_M517_551994 551994 0.048053 924.0 1948.0 -0.11718284 1.0001898 0.0016971321 0.21016292 -0.0018432778 1.0001692 17184663872 384.0878
rawdata/DECam_01391445.fits.fz N4 1391445 500.0 60824.33885929 1.06 310.87849301447113 -14.892103725944098 310.8862666666667 -14.817 M517 0.04517143 25.059708 1.0376699 1.2651937 21.748579 1.2684671 decam 0.44431525 3.9158516 633 object IBIS_wide_M517_551962 551962 0.045202 924.0 1948.0 0.011052271 1.00034 0.0017384946 0.090628125 -0.0018004728 1.0001225 17133385681 394.17657
rawdata/DECam_01391446.fits.fz N4 1391446 500.0 60824.34502877 1.06 311.30750248108774 -14.627103728380169 311.3152666666666 -14.552 M517 0.03995803 25.075691 1.0530591 1.3075526 21.762804 1.2982632 decam 8.270065 -6.186683 609 object IBIS_wide_M517_548987 548987 0.047446 924.0 1948.0 -0.16456783 1.0002182 0.0016078579 0.1738932 -0.0016916663 1.0000962 17038651872 385.1299
rawdata/DECam_01391447.fits.fz N4 1391447 500.0 60824.35118066 1.05 312.1804977535753 -14.760103727158276 312.18826666666666 -14.685 M517 0.05837351 25.072012 1.0478154 1.2313439 21.74481 1.1787622 decam 2.794743 0.30290127 550 object IBIS_wide_M517_551971 551971 0.056063 924.0 1948.0 -0.29852083 1.0001078 0.0015693668 0.14562593 -0.0016667056 1.0001147 17010789271 424.17377
rawdata/DECam_01391448.fits.fz N4 1391448 500.0 60824.35734492 1.06 315.7355115510015 -14.368103730755404 315.74326666666667 -14.293 M517 0.04381825 25.07784 1.0551453 1.3430598 21.69337 1.4543072 decam -1.4392891 -2.7828338 435 object IBIS_wide_M517_551968 551968 0.046009 924.0 1948.0 0.032052677 1.0001689 0.0014534504 -0.006084389 -0.0014719978 1.0000843 17245697318 343.8063
rawdata/DECam_01391449.fits.fz N4 1391449 500.0 60824.36350513 1.06 319.3624939516513 -14.866103726183368 319.3702666666667 -14.791 M517 0.051530305 25.079561 1.0568181 1.2852166 21.661812 1.3668536 decam -5.187235 -1.8958951 360 object IBIS_wide_M517_553897 553897 0.065985 924.0 1948.0 -0.0636123 0.9999673 0.0014637823 0.007015645 -0.0014619413 1.0002109 17115232134 365.80362
rawdata/DECam_01391450.fits.fz N4 1391450 500.0 60824.36965584 1.06 319.6075189819526 -14.394103730517214 319.615275 -14.319 M517 0.055656586 25.06316 1.0409744 1.3191024 21.657566 1.4897417 decam -7.3940725 -2.4318368 331 object IBIS_wide_M517_550891 550891 0.064496 924.0 1948.0 0.028794479 1.0002133 0.0014441992 0.18093713 -0.0016090883 1.0001218 17057073217 335.62863
rawdata/DECam_01391451.fits.fz N4 1391451 500.0 60824.3758103 1.05 322.19149283403465 -14.897103725898075 322.19926666666663 -14.822 M517 0.06558807 25.087759 1.0631227 1.2971146 21.628597 1.4139735 decam -10.633844 0.60267735 278 object IBIS_wide_M517_553890 553890 0.073869 924.0 1948.0 0.11074666 1.0003133 0.0013465704 0.096604966 -0.0013502167 1.0001067 17185424114 353.61343
rawdata/DECam_01391452.fits.fz N4 1391452 500.0 60824.38195099 1.05 322.65549779892433 -14.990103725041694 322.663275 -14.915 M517 0.08008021 25.063805 1.0399252 1.5528708 21.628317 2.1175518 decam -11.353848 -5.639624 284 object IBIS_wide_M517_550882 550882 0.072246 924.0 1948.0 -0.16175535 1.0000708 0.001261189 0.13686343 -0.0012668133 1.0001713 17129783545 236.12173
rawdata/DECam_01391453.fits.fz N4 1391453 500.0 60824.38809323 1.05 325.73950160030194 -14.885103726008522 325.747275 -14.81 M517 0.05282462 25.0518 1.0284889 1.5170808 21.557114 2.206421 decam -11.333102 -4.320367 253 object IBIS_wide_M517_557821 557821 0.053775 924.0 1948.0 -0.029094018 1.000152 0.0011404279 0.14183348 -0.0011342529 1.0001609 17373867469 226.61136
rawdata/DECam_01391454.fits.fz N4 1391454 500.0 60824.39423488 1.05 326.15850224165115 -14.75110372724101 326.16627083333333 -14.676 M517 0.055836767 25.080795 1.0563266 1.4520054 21.574074 1.8865559 decam -8.117035 -4.4111333 251 object IBIS_wide_M517_554836 554836 0.051081 924.0 1948.0 -0.24594508 1.0001888 0.0012068299 0.1309361 -0.0012254902 1.0001715 17220963283 265.03323
rawdata/DECam_01391455.fits.fz N4 1391455 500.0 60824.40038711 1.05 326.6215150740917 -14.506103729490528 326.629275 -14.431 M517 0.04101897 25.06818 1.0441239 1.5631769 21.586964 2.211136 decam -5.194083 -6.2566047 246 object IBIS_wide_M517_557822 557822 0.047862 924.0 1948.0 -0.15847376 1.0001854 0.001253544 0.08097075 -0.001132389 1.0001231 17445963096 226.1281
rawdata/DECam_01391456.fits.fz N4 1391456 500.0 60824.40652548 1.04 328.4385016343617 -14.76810372708473 328.44627083333336 -14.693 M517 0.058136776 25.053125 1.028098 1.5845201 21.575535 2.360463 decam -7.8666453 -7.0272284 232 object IBIS_wide_M517_557817 557817 0.053082 924.0 1948.0 -0.16637266 1.0002275 0.0011027182 0.04645975 -0.0009488488 1.0000616 17201506008 211.82285
rawdata/DECam_01391457.fits.fz N4 1391457 500.0 60824.41268674 1.04 330.15650646033987 -14.514103729417148 330.16426666666666 -14.439 M517 0.040774062 25.0751 1.0491168 1.3352562 21.554281 1.6422191 decam -6.7656636 -5.3015046 212 object IBIS_wide_M517_554795 554795 0.040115 924.0 1948.0 -0.11185152 1.0001261 0.0009951787 0.061949622 -0.0008853599 1.0002079 17168606727 304.46606
rawdata/DECam_01391458.fits.fz N4 1391458 500.0 60824.41883037 1.04 331.2074954099461 -14.941103725492999 331.21527083333336 -14.866 M517 0.035409488 25.071087 1.0452458 1.3378972 21.53548 1.6899579 decam -3.7018466 1.4031934 218 object IBIS_wide_M517_557779 557779 0.035007 924.0 1948.0 -0.1690016 1.0002148 0.00094619277 0.157271 -0.00094816444 1.0000049 17298072757 295.86536
rawdata/DECam_01391459.fits.fz N4 1391459 150.0 60824.42544744 1.08 347.1044708676797 -15.60240371938456 347.11227083333335 -15.5273 M517 0.03634075 25.135105 1.115861 1.1931102 21.347225 1.4624124 decam -21.864378 -4.825058 794 object "NGC7492 M517" 0 0.0 924.0 1948.0 -0.21334971 1.0003519 0.00018636644 0.82478315 -0.0003181422 0.9999896 16001386811 102.57025
rawdata/DECam_01391460.fits.fz N4 1391460 150.0 60824.42753904 1.07 347.08846032942307 -15.769003717839515 347.0962666666667 -15.6939 M517 0.03546531 25.078909 1.0578771 1.1010193 21.31118 1.3879459 decam -15.559191 -10.980175 129 object "NGC7492 M517" 0 0.0 924.0 1948.0 -0.09294013 1.000015 0.0004108366 -0.26323554 -2.343314e-05 1.0002102 16042136178 108.07338
rawdata/DECam_01391461.fits.fz N4 1391461 150.0 60824.42963161 1.07 346.8214612481695 -15.745103718061324 346.8292666666667 -15.67 M517 0.03494858 25.08017 1.0591078 1.096242 21.17618 1.5545123 decam -10.68176 -3.1830409 125 object "NGC7492 M517" 0 0.0 924.0 1948.0 -0.059983067 1.0002117 0.0004278013 -0.06803179 -0.00033256842 1.0000615 16117970850 96.49329
rawdata/DECam_01391462.fits.fz N4 1391462 150.0 60824.43175781 1.07 347.3084701943705 -15.620103719220527 347.31627083333336 -15.545 M517 0.034631554 25.097233 1.075884 1.1666019 20.956291 2.0884545 decam -19.23608 -9.088934 150 object "NGC7492 M517" 0 0.0 924.0 1948.0 -0.035738036 1.0002884 0.0004667039 -0.022690816 -0.00034185592 1.000162 16285819912 71.82345
