logs/db-2024-10-31.ecsv
# %ECSV 1.0
# ---
# datatype:
# - {name: filename, datatype: string}
# - {name: extension, datatype: string}
# - {name: expnum, datatype: int64}
# - {name: exptime, datatype: float32}
# - {name: mjd_obs, datatype: float64}
# - {name: airmass, datatype: float32}
# - {name: racenter, datatype: float64}
# - {name: deccenter, datatype: float64}
# - {name: rabore, datatype: float64}
# - {name: decbore, datatype: float64}
# - {name: band, datatype: string}
# - {name: ebv, datatype: float32}
# - {name: zeropoint, datatype: float32}
# - {name: transparency, datatype: float32}
# - {name: seeing, datatype: float32}
# - {name: sky, datatype: float32}
# - {name: expfactor, datatype: float32}
# - {name: camera, datatype: string}
# - {name: dx, datatype: float32}
# - {name: dy, datatype: float32}
# - {name: nmatched, datatype: int64}
# - {name: obstype, datatype: string}
# - {name: object, datatype: string}
# - {name: tileid, datatype: int64}
# - {name: tileebv, datatype: float32}
# - {name: affine_x0, datatype: float32}
# - {name: affine_y0, datatype: float32}
# - {name: affine_dx, datatype: float32}
# - {name: affine_dxx, datatype: float32}
# - {name: affine_dxy, datatype: float32}
# - {name: affine_dy, datatype: float32}
# - {name: affine_dyx, datatype: float32}
# - {name: affine_dyy, datatype: float32}
# - {name: checksum, datatype: string}
# - {name: efftime, datatype: float32}
# schema: astropy-2.0
filename extension expnum exptime mjd_obs airmass racenter deccenter rabore decbore band ebv zeropoint transparency seeing sky expfactor camera dx dy nmatched obstype object tileid tileebv affine_x0 affine_y0 affine_dx affine_dxx affine_dxy affine_dy affine_dyx affine_dyy checksum efftime
rawdata/DECam_01337238.fits.fz N4 1337238 20.0 60615.18711508 1.11 35.430745412197254 -4.300103819886738 35.43827916666666 -4.225 M438 0.022121742 24.776442 1.0152869 1.5225477 21.52786 2.436668 decam -10.617618 133.51639 24 object "" 0 0.0 924.0 1948.0 0.15408942 0.99943876 -0.0016294473 -0.27884173 0.0011360486 1.0001365 15431272141 8.20793
rawdata/DECam_01337239.fits.fz N4 1337239 500.0 60615.18963632 1.11 35.430745412197254 -4.300103819886738 35.43827916666666 -4.225 M438 0.022121742 24.795492 1.0332582 1.5465707 21.644188 2.1807635 decam -3.7346323 2.5576892 59 object IBIS_deep_xmm_M438_2 0 0.0 924.0 1948.0 0.43212146 0.9998592 -0.0015846438 -0.07940337 0.0011873703 1.0001315 16733577513 229.2775
rawdata/DECam_01337240.fits.fz N4 1337240 500.0 60615.19581745 1.11 34.89373785269465 -5.006103813777643 34.90127916666666 -4.931 M438 0.020386744 24.827345 1.064021 1.4920987 21.623503 1.9511464 decam 3.9310727 -9.114478 42 object IBIS_deep_xmm_M438_5 0 0.0 924.0 1948.0 0.42994258 0.9999474 -0.0017001277 0.08514644 0.002168393 1.0000243 16922728016 256.2596
rawdata/DECam_01337241.fits.fz N4 1337241 500.0 60615.20196376 1.1 35.93972126419123 -5.986103805275302 35.947275000000005 -5.911 M517 0.02605925 24.757805 1.0048053 1.5366676 21.1136 3.6259336 decam 10.473592 -17.95341 69 object IBIS_deep_xmm_M517_10 0 0.0 924.0 1948.0 0.2130509 1.0003052 -0.0017173038 -0.22303297 0.0016471981 1.0000492 17495943487 137.89552
rawdata/DECam_01337242.fits.fz N4 1337242 500.0 60615.20812362 1.11 36.25572599568031 -5.9451038056315895 36.26327916666666 -5.87 M517 0.027104508 24.755728 1.0044936 1.5008767 21.137047 3.3982503 decam 7.3026195 -23.321053 81 object IBIS_deep_xmm_M517_11 0 0.0 924.0 1948.0 -0.16495374 0.9999672 -0.0016306037 -0.2774189 0.0018412564 1.000043 17638983717 147.13454
rawdata/DECam_01337243.fits.fz N4 1337243 500.0 60615.21426792 1.12 37.006724969599496 -5.3861038104841175 37.014270833333335 -5.311 M438 0.024202587 24.78047 1.0216254 1.4641769 21.687937 1.930313 decam 12.159733 -23.460257 72 object IBIS_deep_xmm_M438_14 0 0.0 924.0 1948.0 0.44109663 0.9998981 -0.0017423069 -0.7916152 0.0023391843 1.0002028 16745740756 259.02536
rawdata/DECam_01337244.fits.fz N4 1337244 500.0 60615.22042879 1.13 37.216731944313665 -4.791103815639372 37.224270833333335 -4.716 M438 0.039982494 24.7986 1.0414442 1.247511 21.676888 1.3697356 decam 10.801429 -19.604418 61 object IBIS_deep_xmm_M438_16 0 0.0 924.0 1948.0 -0.009921066 0.99965686 -0.0018320199 -0.12044166 0.0017308705 1.0001488 16657493258 365.03397
rawdata/DECam_01337245.fits.fz N4 1337245 500.0 60615.22656936 1.14 37.21874365672412 -4.474103818382221 37.226279166666664 -4.399 M517 0.02655103 24.75854 1.0119507 1.3059292 21.118803 2.603807 decam 4.584357 -17.816801 70 object IBIS_deep_xmm_M517_17 0 0.0 924.0 1948.0 0.67172575 1.0001383 -0.0016181864 -0.33547467 0.0022088427 1.0000044 17606192928 192.02652
rawdata/DECam_01337246.fits.fz N4 1337246 500.0 60615.23270495 1.16 37.02574526475878 -3.8721038235846432 37.033275 -3.797 M438 0.03033163 24.783434 1.0347736 1.5304781 21.658733 2.1545756 decam 4.6690264 -13.832212 55 object IBIS_deep_xmm_M438_19 0 0.0 924.0 1948.0 0.23716402 0.9999555 -0.0017183266 0.052495003 0.0016296222 1.0000556 16713702455 232.06427
rawdata/DECam_01337247.fits.fz N4 1337247 500.0 60615.23887761 1.18 36.84274749924693 -3.612103825829181 36.850275 -3.537 M490 0.029627463 24.957308 1.0118287 1.3072648 21.397726 2.0602086 decam 8.379335 -6.7417417 70 object IBIS_deep_xmm_M490_20 0 0.0 924.0 1948.0 -0.07432593 1.000001 -0.0016968338 -0.33743784 0.001859922 1.0001466 17384196432 242.69388
rawdata/DECam_01337248.fits.fz N4 1337248 500.0 60615.24502209 1.21 36.34475056548122 -3.221103829202231 36.352275 -3.146 M438 0.024632111 24.769035 1.0340602 1.3685964 21.57444 1.9125423 decam 12.133517 -12.738906 67 object IBIS_deep_xmm_M438_22 0 0.0 924.0 1948.0 0.11467336 1.0000474 -0.0018280857 -0.30241197 0.0017878254 1.0002409 16963320918 261.43213
rawdata/DECam_01337249.fits.fz N4 1337249 500.0 60615.25121061 1.23 36.049747261990554 -3.1021038302282835 36.057270833333334 -3.027 M438 0.02720582 24.770098 1.0402907 1.3145598 21.506926 1.8742431 decam 2.9405012 -8.472485 67 object IBIS_deep_xmm_M438_23 0 0.0 924.0 1948.0 0.48721293 1.000053 -0.0018967681 0.20196505 0.0021675713 0.999938 17799231175 266.77435
rawdata/DECam_01337250.fits.fz N4 1337250 500.0 60615.2573653 1.24 35.24073574577581 -4.824103815353696 35.248275 -4.749 M438 0.022416845 24.765238 1.0382521 1.3492814 21.581429 1.8600509 decam -2.288796 -18.192728 55 object IBIS_deep_xmm_M438_24 0 0.0 924.0 1948.0 -0.36599994 1.0007591 -0.0016415879 -0.3700819 0.0014710135 1.0000585 16909631475 268.80984
rawdata/DECam_01337251.fits.fz N4 1337251 500.0 60615.26351503 1.26 35.21572800081647 -5.136103812651355 35.22327083333333 -5.061 M490 0.0217977 24.936903 1.0075103 1.3902352 21.305723 2.6327546 decam -0.8347611 -15.985531 71 object IBIS_deep_xmm_M490_25 0 0.0 924.0 1948.0 0.82462627 1.0002569 -0.001745548 -0.2195408 0.0018185648 1.0001111 17625346751 189.91516
rawdata/DECam_01337252.fits.fz N4 1337252 500.0 60615.26967019 1.28 35.358732916878374 -5.417103810215255 35.366279166666665 -5.342 M517 0.022672184 24.752468 1.0291419 1.0989851 21.009268 2.0638897 decam 6.939617 -20.251095 80 object IBIS_deep_xmm_M517_26 0 0.0 924.0 1948.0 0.3370221 0.9998415 -0.0017003887 -0.23697329 0.0019436224 0.99999124 17709855673 242.261
rawdata/DECam_01337253.fits.fz N4 1337253 500.0 60615.27582465 1.31 35.6147222199733 -5.60310380860151 35.62227083333333 -5.5280000000000005 M517 0.025249422 24.741156 1.0233836 1.1881928 20.960224 2.5764017 decam 11.582128 -14.105033 71 object IBIS_deep_xmm_M517_27 0 0.0 924.0 1948.0 0.39305887 1.0003681 -0.0018236978 -0.20288686 0.0016379051 0.9999854 17977919099 194.0691
rawdata/DECam_01337254.fits.fz N4 1337254 500.0 60615.28198823 1.33 35.92472550230495 -5.671103808011282 35.932275 -5.596 M517 0.025048792 24.735348 1.0211921 1.2617556 20.967556 2.9161935 decam 10.275585 -25.037523 79 object IBIS_deep_xmm_M517_28 0 0.0 924.0 1948.0 0.2011707 1.0001718 -0.0019768712 -0.28347263 0.0018461763 1.0002669 17834366764 171.45639
rawdata/DECam_01337255.fits.fz N4 1337255 500.0 60615.28813196 1.36 36.515728148013 -5.465103809798902 36.523275 -5.39 M438 0.025040146 24.732323 1.0381049 1.2967747 21.52394 1.924975 decam 9.92205 -22.176748 65 object IBIS_deep_xmm_M438_30 0 0.0 924.0 1948.0 -0.4120532 1.0002005 -0.0017512419 -0.16711994 0.0015703627 1.0000787 16924543786 259.74362
rawdata/DECam_01337256.fits.fz N4 1337256 500.0 60615.29427721 1.4 36.72973521154652 -5.230103811836678 36.73727916666667 -5.155 M517 0.027766388 24.730824 1.0284171 1.4065436 20.975407 3.626755 decam 13.114437 -31.105793 67 object IBIS_deep_xmm_M517_31 0 0.0 924.0 1948.0 0.23494454 0.9999451 -0.001806872 -0.17591886 0.0018746966 0.99992126 17934572997 137.86429
rawdata/DECam_01337257.fits.fz N4 1337257 500.0 60615.30042374 1.45 36.907733711014906 -4.628103817050039 36.91527083333333 -4.553 M438 0.027006736 24.698534 1.0293268 1.5859104 21.578503 2.9123607 decam 18.465103 -36.06048 53 object IBIS_deep_xmm_M438_33 0 0.0 924.0 1948.0 -0.2992397 1.0000069 -0.0017258129 -0.7175488 0.001866007 1.0004323 16910737414 171.68204
rawdata/DECam_01337258.fits.fz N4 1337258 500.0 60615.30657719 1.51 36.865736950137666 -4.313103819774356 36.873270833333336 -4.2379999999999995 M490 0.025757896 24.894583 1.0139607 1.5859525 21.33164 3.6155412 decam 18.502031 -37.286156 60 object IBIS_deep_xmm_M490_34 0 0.0 924.0 1948.0 0.24753246 1.0004921 -0.0016710036 0.05735129 0.0019822277 1.0002637 17528836433 138.29189
rawdata/DECam_01337259.fits.fz N4 1337259 500.0 60615.31413947 1.59 36.74374392294873 -4.020103822306372 36.751275 -3.9450000000000003 M490 0.028929804 24.874617 1.0100409 1.674029 21.318216 4.2307405 decam -0.8223938 -9.81585 78 object IBIS_deep_xmm_M490_35 0 0.0 924.0 1948.0 -0.06802394 1.0002197 -0.0017266859 -0.011268771 0.0018479484 1.0003659 17529015926 118.182625
rawdata/DECam_01337260.fits.fz N4 1337260 500.0 60615.32028165 1.67 36.30574787830614 -3.566103826226155 36.313275000000004 -3.491 M438 0.02591724 24.645885 1.0363775 1.6255132 21.514668 3.5752044 decam -5.591563 -15.345711 64 object IBIS_deep_xmm_M438_37 0 0.0 924.0 1948.0 -0.030427776 0.9994359 -0.0013952455 -0.4431386 0.0020773227 1.0002038 16859933034 139.85214
rawdata/DECam_01337261.fits.fz N4 1337261 500.0 60615.32642283 1.76 36.01974481948525 -3.4281038274168414 36.02727083333333 -3.3529999999999998 M438 0.024824826 24.614159 1.0295683 1.6643971 21.459557 4.18062 decam -2.6301186 -23.461546 60 object IBIS_deep_xmm_M438_38 0 0.0 924.0 1948.0 0.5304253 1.0002221 -0.0014971376 -0.35306662 0.0021077318 0.99997544 17054137371 119.59948
rawdata/DECam_01337262.fits.fz N4 1337262 300.0 60615.34264456 1.28 56.011564904231946 -12.86310374445238 56.01927083333333 -12.788 M490 0.09688231 24.925484 1.000593 1.3914258 21.469133 2.3169951 decam -10.951428 19.1033 72 object IBIS_wide_M490_407064 407064 0.070748 924.0 1948.0 0.49705166 0.99947894 -0.0021557491 -0.16388912 0.0026991835 1.0001277 16621118222 129.47804
rawdata/DECam_01337263.fits.fz N4 1337263 300.0 60615.34651915 1.3 54.540486951286276 -15.059103724405832 54.54826666666667 -14.984 M490 0.05368256 24.926912 1.0055529 1.3699063 21.52157 2.1344535 decam -17.281675 -3.9341497 65 object IBIS_wide_M490_410043 410043 0.062357 924.0 1948.0 0.30916741 1.0000277 -0.0024957 -0.35486996 0.0025699392 1.0000838 16446150707 140.5512
rawdata/DECam_01337264.fits.fz N4 1337264 500.0 60615.35034683 1.33 55.87057796021899 -12.430103748361887 55.87827083333333 -12.355 M490 0.110415764 24.913996 0.9990847 1.504157 21.354998 3.0715325 decam -13.85023 -1.4232612 92 object IBIS_wide_M490_410050 410050 0.072678 924.0 1948.0 0.7964556 1.0004668 -0.0026004966 -0.28141016 0.0026233348 1.0003608 17491485097 162.78519
rawdata/DECam_01337265.fits.fz N4 1337265 500.0 60615.35848965 1.29 130.85272764478097 -5.16610381239138 130.86027083333335 -5.091 M490 0.021161413 24.950216 1.025506 1.5679998 20.58154 6.3654585 decam -36.948578 -17.820902 216 object IBIS_wide_M490_422194 422194 0.021636 924.0 1948.0 -0.13680296 1.0002939 -0.0018841843 -0.14082493 0.0018971161 1.0002929 19796216843 78.54894
