logs/db-2026-07-08.ecsv
# %ECSV 1.0
# ---
# datatype:
# - {name: filename, datatype: string}
# - {name: extension, datatype: string}
# - {name: expnum, datatype: int64}
# - {name: exptime, datatype: float32}
# - {name: mjd_obs, datatype: float64}
# - {name: airmass, datatype: float32}
# - {name: racenter, datatype: float64}
# - {name: deccenter, datatype: float64}
# - {name: rabore, datatype: float64}
# - {name: decbore, datatype: float64}
# - {name: band, datatype: string}
# - {name: ebv, datatype: float32}
# - {name: zeropoint, datatype: float32}
# - {name: transparency, datatype: float32}
# - {name: seeing, datatype: float32}
# - {name: sky, datatype: float32}
# - {name: expfactor, datatype: float32}
# - {name: camera, datatype: string}
# - {name: dx, datatype: float32}
# - {name: dy, datatype: float32}
# - {name: nmatched, datatype: int64}
# - {name: obstype, datatype: string}
# - {name: object, datatype: string}
# - {name: tileid, datatype: int64}
# - {name: tileebv, datatype: float32}
# - {name: affine_x0, datatype: float32}
# - {name: affine_y0, datatype: float32}
# - {name: affine_dx, datatype: float32}
# - {name: affine_dxx, datatype: float32}
# - {name: affine_dxy, datatype: float32}
# - {name: affine_dy, datatype: float32}
# - {name: affine_dyx, datatype: float32}
# - {name: affine_dyy, datatype: float32}
# - {name: checksum, datatype: string}
# - {name: efftime, datatype: float32}
# schema: astropy-2.0
filename extension expnum exptime mjd_obs airmass racenter deccenter rabore decbore band ebv zeropoint transparency seeing sky expfactor camera dx dy nmatched obstype object tileid tileebv affine_x0 affine_y0 affine_dx affine_dxx affine_dxy affine_dy affine_dyx affine_dyy checksum efftime
/home/declsp/obsbot/rawdata/DECam_01496289.fits.fz N4 1496289 5.0 61230.0066638 1.0 218.2810632120716 -30.789269674556913 218.28980833333333 -30.714166111111112 r 0.088151984 26.804474 0.9876196 1.0768598 20.825552 0.82288784 decam 16.087519 -29.749325 538 object pointing 0 0.0 924.0 1948.0 0.10499285 1.000088 0.0017196693 0.21679784 -0.0016471576 0.99993336 15567889188 6.0761623
/home/declsp/obsbot/rawdata/DECam_01496290.fits.fz N4 1496290 10.0 61230.00791621 1.0 218.2810632120716 -30.789269674556913 218.28980833333333 -30.714166111111112 r 0.088151984 26.799637 0.98322934 1.2202777 20.866224 1.0264369 decam 8.603787 -18.341043 621 object pointing 0 0.0 924.0 1948.0 0.09371661 1.0000795 0.0017054905 0.16079448 -0.001649001 1.0000219 15749935930 9.74244
/home/declsp/obsbot/rawdata/DECam_01496291.fits.fz N4 1496291 30.0 61230.00836665 1.0 218.2810632120716 -30.789269674556913 218.28980833333333 -30.714166111111112 r 0.088151984 26.803577 0.98680484 1.100854 20.888506 0.81278557 decam 22.365297 -12.895712 691 object pointing 0 0.0 924.0 1948.0 0.005583936 1.0000074 0.0017331117 0.16270524 -0.0016840026 0.99992985 16497116497 36.910103
/home/declsp/obsbot/rawdata/DECam_01496302.fits.fz N4 1496302 35.0 61230.03183004 1.33 193.81774946956193 -3.366103827951675 193.825275 -3.291 M464 0.02068047 24.089397 0.48127717 1.222238 21.074142 11.506629 decam 45.490124 35.108036 52 object "pointing test" 0 0.0 924.0 1948.0 -0.07604734 1.0004416 0.0003818504 0.040468365 4.1254083e-05 1.0000443 15563075866 3.041725
/home/declsp/obsbot/rawdata/DECam_01496303.fits.fz N4 1496303 800.0 61230.0354874 1.12 219.15573191847892 -5.157103812469373 219.163275 -5.082 M464 0.07561465 24.161755 0.49272633 1.1330246 21.450542 6.1205397 decam -12.129038 12.565123 202 object IBIS_wide_M464_339940 339940 0.073448 924.0 1948.0 0.07837272 0.9999651 0.0012907046 0.24528949 -0.0013957168 0.9999949 18693432371 130.70743
/home/declsp/obsbot/rawdata/DECam_01496304.fits.fz N4 1496304 800.0 61230.0450976 1.15 219.79875438223263 -3.2681038287969186 219.80627916666666 -3.193 M464 0.11028301 24.565035 0.71877646 1.0967615 21.612686 2.350233 decam -12.280318 1.8561282 226 object IBIS_wide_M464_339950 339950 0.093048 924.0 1948.0 -0.16327083 1.0000068 0.0013260165 0.09857099 -0.0013831339 0.99994373 18006876124 340.39178
/home/declsp/obsbot/rawdata/DECam_01496305.fits.fz N4 1496305 704.1852 61230.05471747 1.16 222.67376540455425 -2.1681038382741833 222.6812833333333 -2.093 M464 0.06541434 24.748539 0.85288006 1.01806 21.673534 1.3659497 decam -3.9356346 1.1999975 191 object IBIS_wide_M464_340518 340518 0.06617 924.0 1948.0 -0.37170658 1.0002018 0.0013888626 0.118827134 -0.001437767 1.00003 17768957629 515.5279
/home/declsp/obsbot/rawdata/DECam_01496306.fits.fz N4 1496306 181.3187 61230.06320272 1.18 223.355759606184 -1.5771038433599267 223.36327500000002 -1.502 M464 0.051509302 24.87543 0.9625603 0.9768835 21.83289 0.859825 decam -6.9723234 -6.9467535 191 object IBIS_wide_M464_340519 340519 0.0554 924.0 1948.0 0.113953926 1.0000461 0.0013629264 0.1771229 -0.0011784201 1.0001478 15840762585 210.8786
/home/declsp/obsbot/rawdata/DECam_01496307.fits.fz N4 1496307 558.9462 61230.06562426 1.19 220.8697588536425 -2.6041038345197776 220.87727916666668 -2.529 M464 0.059474036 24.848278 0.9407174 1.0010116 21.77163 1.0040938 decam -7.2285023 0.5213864 217 object IBIS_wide_M464_337535 337535 0.064676 924.0 1948.0 -0.13047898 1.0001774 0.0014481627 0.13466017 -0.0013545259 0.99989945 16923466547 556.66736
/home/declsp/obsbot/rawdata/DECam_01496308.fits.fz N4 1496308 800.0 61230.07275011 1.2 232.20476433363166 2.373896122661954 232.21228333333335 2.449 M464 0.05114109 24.514975 0.69347364 1.0503801 21.662518 2.258273 decam -0.43230772 -6.3115907 273 object IBIS_wide_M464_337519 337519 0.047258 924.0 1948.0 0.1008198 1.0001059 0.0017108454 0.340593 -0.0016470895 0.99989647 17872086051 354.25302
/home/declsp/obsbot/rawdata/DECam_01496309.fits.fz N4 1496309 800.0 61230.08234027 1.21 233.54675631727787 2.314896123169972 233.554275 2.39 M464 0.046121743 23.10419 0.18949972 1.0283927 21.352566 38.730335 decam -10.788084 0.36699513 180 object IBIS_wide_M464_337516 337516 0.048118 924.0 1948.0 0.38554102 1.0001091 0.0015759539 0.6549919 -0.0019939346 0.9998456 18621437586 20.655643
/home/declsp/obsbot/rawdata/DECam_01496310.fits.fz N4 1496310 800.0 61230.09192661 1.23 233.9837495433692 2.7628961193113484 233.99127083333332 2.838 M464 0.050405342 23.281048 0.22394161 1.0341973 21.362263 28.026299 decam -13.166464 12.074623 182 object IBIS_wide_M464_340502 340502 0.052904 924.0 1948.0 0.0075382786 1.0000325 0.001461611 0.11098767 -0.0011575674 1.0001274 18639280177 28.544619
/home/declsp/obsbot/rawdata/DECam_01496311.fits.fz N4 1496311 800.0 61230.10151887 1.25 235.66575677992753 2.9308961178636386 235.67327916666667 3.006 M464 0.06601237 23.635948 0.31180248 1.0044024 21.398113 13.303736 decam -17.224316 11.1826105 239 object IBIS_wide_M464_337686 337686 0.065998 924.0 1948.0 -0.22499026 1.0001221 0.001807889 0.094173245 -0.00168409 0.99992085 18486031453 60.133484
/home/declsp/obsbot/rawdata/DECam_01496312.fits.fz N4 1496312 800.0 61230.11111779 1.25 238.41275290017174 2.887896118234224 238.420275 2.963 M464 0.12342499 23.305073 0.22989477 1.2332522 21.35479 38.36442 decam -27.502987 13.398677 218 object IBIS_wide_M464_337666 337666 0.13045 924.0 1948.0 -0.37381318 1.0001197 0.001785963 -0.013213293 -0.0017120963 0.9999346 18632496206 20.852654
/home/declsp/obsbot/rawdata/DECam_01496313.fits.fz N4 1496313 800.0 61230.12075834 1.25 242.7307569139042 2.910896118036007 242.73827916666667 2.9859999999999998 M464 0.07274604 23.834173 0.37425625 1.1359845 21.349802 12.342784 decam -29.503891 20.499855 262 object IBIS_wide_M464_337344 337344 0.076339 924.0 1948.0 -0.16449216 1.0002481 0.0018895975 0.25939965 -0.0016645876 0.9999697 18676492885 64.8152
/home/declsp/obsbot/rawdata/DECam_01496314.fits.fz N4 1496314 800.0 61230.13037569 1.25 245.59475247836286 2.9508961176912636 245.602275 3.026 M464 0.052600186 24.398005 0.6290744 1.0846137 21.574205 3.2394612 decam -27.339533 22.685692 399 object IBIS_wide_M464_337340 337340 0.059406 924.0 1948.0 -0.5419479 1.0000035 0.0019710616 0.08658637 -0.0019410911 0.99998975 18877744026 246.95465
/home/declsp/obsbot/rawdata/DECam_01496315.fits.fz N4 1496315 656.9462 61230.13995488 1.27 247.000748209918 2.9658961175619787 247.00827083333334 3.041 M464 0.070810564 24.805416 0.91928524 1.0535285 21.804068 1.1678782 decam -26.85133 19.444094 490 object IBIS_wide_M464_337367 337367 0.065199 924.0 1948.0 0.02848996 1.0003814 0.002004422 0.026867926 -0.0017819473 1.0000273 17217992962 562.51263
/home/declsp/obsbot/rawdata/DECam_01496316.fits.fz N4 1496316 686.366 61230.1478995 1.27 250.15674519612514 3.379896113992261 250.16427083333332 3.455 M464 0.06547309 24.795305 0.9107642 1.0565796 21.825651 1.173165 decam -24.783712 23.249699 614 object IBIS_wide_M464_340346 340346 0.066895 924.0 1948.0 -0.3131965 1.0000705 0.0020406402 0.2341885 -0.002117998 1.0000273 17336331446 585.055
/home/declsp/obsbot/rawdata/DECam_01496317.fits.fz N4 1496317 761.4756 61230.15775751 1.25 308.7445231661483 -14.273103731625252 308.752275 -14.198 M464 0.032278277 24.718138 0.84480184 1.035254 21.749506 1.3927748 decam -37.919014 -13.545434 696 object IBIS_wide_M464_351985 351985 0.038235 924.0 1948.0 -0.078770444 1.0002946 0.00187228 0.196859 -0.0019872976 1.0000917 17720402338 546.7327
/home/declsp/obsbot/rawdata/DECam_01496318.fits.fz N4 1496318 350.4779 61230.16854855 1.25 312.61151342417554 -14.553103729059375 312.619275 -14.478 M464 0.055253826 24.760372 0.87831265 0.99194145 21.759876 1.1719623 decam 12.976479 -14.277769 472 object IBIS_wide_M464_348986 348986 0.05603 924.0 1948.0 -0.10721195 1.0002223 0.0018456748 0.3679823 -0.0019861457 1.0000784 16453268266 299.05222
/home/declsp/obsbot/rawdata/DECam_01496319.fits.fz N4 1496319 800.0 61230.17308796 1.25 309.9456896084736 -8.16910378621843 309.9532791666666 -8.094 M464 0.048291467 24.694166 0.82635444 1.0136893 21.758055 1.3848358 decam 17.767303 -11.115874 696 object IBIS_wide_M464_352141 352141 0.046513 924.0 1948.0 -0.32185155 1.0001086 0.0018045445 -0.058912557 -0.0021548592 1.0000085 17893107752 577.6858
/home/declsp/obsbot/rawdata/DECam_01496320.fits.fz N4 1496320 800.0 61230.18265938 1.22 311.15267759928037 -8.36010378454194 311.16027083333336 -8.285 M464 0.065415174 23.507969 0.2754303 1.0750413 21.490808 17.708315 decam 18.277218 -11.547311 471 object IBIS_wide_M464_349154 349154 0.059812 924.0 1948.0 -0.56816554 1.0001348 0.001874386 -0.027056968 -0.0018907096 1.0000727 18508675892 45.176517
