logs/db-2024-10-29.ecsv
# %ECSV 1.0
# ---
# datatype:
# - {name: filename, datatype: string}
# - {name: extension, datatype: string}
# - {name: expnum, datatype: int64}
# - {name: exptime, datatype: float32}
# - {name: mjd_obs, datatype: float64}
# - {name: airmass, datatype: float32}
# - {name: racenter, datatype: float64}
# - {name: deccenter, datatype: float64}
# - {name: rabore, datatype: float64}
# - {name: decbore, datatype: float64}
# - {name: band, datatype: string}
# - {name: ebv, datatype: float32}
# - {name: zeropoint, datatype: float32}
# - {name: transparency, datatype: float32}
# - {name: seeing, datatype: float32}
# - {name: sky, datatype: float32}
# - {name: expfactor, datatype: float32}
# - {name: camera, datatype: string}
# - {name: dx, datatype: float32}
# - {name: dy, datatype: float32}
# - {name: nmatched, datatype: int64}
# - {name: obstype, datatype: string}
# - {name: object, datatype: string}
# - {name: tileid, datatype: int64}
# - {name: tileebv, datatype: float32}
# - {name: affine_x0, datatype: float32}
# - {name: affine_y0, datatype: float32}
# - {name: affine_dx, datatype: float32}
# - {name: affine_dxx, datatype: float32}
# - {name: affine_dxy, datatype: float32}
# - {name: affine_dy, datatype: float32}
# - {name: affine_dyx, datatype: float32}
# - {name: affine_dyy, datatype: float32}
# - {name: checksum, datatype: string}
# - {name: efftime, datatype: float32}
# schema: astropy-2.0
filename extension expnum exptime mjd_obs airmass racenter deccenter rabore decbore band ebv zeropoint transparency seeing sky expfactor camera dx dy nmatched obstype object tileid tileebv affine_x0 affine_y0 affine_dx affine_dxx affine_dxy affine_dy affine_dyx affine_dyy checksum efftime
rawdata/DECam_01336596.fits.fz N4 1336596 30.0 60612.99351426 1.0 323.7119993324909 -29.770936630739957 323.72065416666663 -29.695833055555557 r 0.046652187 26.889084 1.067662 1.2576109 17.239552 31.432377 decam 8.705006 7.688149 127 object pointing 0 0.0 924.0 1948.0 -0.048803326 1.0001566 0.0015611774 0.18535365 -0.0015010128 0.9998206 44908124280 0.95442986
rawdata/DECam_01336595.fits.fz N4 1336595 5.0 60612.9920884 1.0 323.7119993324909 -29.770936630739957 323.72065416666663 -29.695833055555557 r 0.046652187 26.875023 1.0539241 1.3091911 16.786764 53.03981 decam 2.0097768 -83.60228 84 object pointing 0 0.0 924.0 1948.0 0.007109223 1.0004761 0.0014984942 0.016141761 -0.0013631257 0.9996997 22829308440 0.094268814
rawdata/DECam_01336618.fits.fz N4 1336618 5.0 60613.03853497 1.04 342.5404869512862 -15.059103724405832 342.5482666666666 -14.984 g 0.040002428 26.705954 1.0992632 1.0483268 21.558935 1.1640848 decam -9.390571 7.915559 68 object "" 0 0.0 924.0 1948.0 0.004222168 1.0001745 0.0006187523 0.18046275 -0.0009899158 0.99963826 15449159498 4.29522
rawdata/DECam_01336617.fits.fz N4 1336617 0.0 60613.03761493 0.0 0.0 0.0 342.54808333333335 -14.984333055555556 solid 0.0 0.0 0.0 0.0 0.0 0.0 decam 0.0 0.0 -1 zero "" 0 0.0 0.0 0.0 0.0 0.0 0.0 0.0 0.0 0.0 "" 0.0
rawdata/DECam_01336619.fits.fz N4 1336619 5.0 60613.04005177 1.04 342.5404869512862 -15.059103724405832 342.5482666666666 -14.984 M438 0.040002428 24.794508 1.0143104 1.1332648 21.48008 1.847824 decam -15.3407755 15.111141 30 object "" 0 0.0 924.0 1948.0 -0.101137325 1.0003446 0.00042077655 0.30319336 -0.00093705714 1.0000187 15384134611 2.7058854
rawdata/DECam_01336620.fits.fz N4 1336620 30.0 60613.04119951 1.04 342.5404869512862 -15.059103724405832 342.5482666666666 -14.984 M438 0.040002428 24.794786 1.0145713 1.2639776 21.794052 1.7198764 decam -16.264133 14.244581 57 object "" 0 0.0 924.0 1948.0 -0.23725244 1.0003397 0.00048539942 0.24343725 -0.0008609456 0.99967086 15441665036 17.443113
rawdata/DECam_01336621.fits.fz N4 1336621 5.0 60613.04554614 1.67 34.54689557003335 -6.036103804840734 34.55445 -5.961 g 0.025793346 26.579489 1.0798311 1.5418234 21.441017 3.253357 decam -19.8274 23.854446 37 object "" 0 0.0 924.0 1948.0 0.76071286 1.0000553 -0.001437923 -0.4048377 0.0017141078 1.0002396 15460570799 1.536874
rawdata/DECam_01336622.fits.fz N4 1336622 20.0 60613.04649441 1.66 34.54689557003335 -6.036103804840734 34.55445 -5.961 M490 0.025793346 24.868395 1.0171062 1.3730819 21.459465 3.0060718 decam -10.230996 28.836195 39 object "" 0 0.0 924.0 1948.0 0.63237435 1.0001683 -0.0016282055 -0.38688707 0.0017291142 1.0002339 15449080813 6.653201
rawdata/DECam_01336616.fits.fz N4 1336616 300.0 60613.03316283 1.04 342.5404869512862 -15.059103724405832 342.5482666666666 -14.984 M438 0.040002428 24.815012 1.0336491 1.179298 21.79326 1.443785 decam -18.750715 4.9734845 103 object IBIS_wide_M438_257979 257979 0.041082 924.0 1948.0 -0.080636695 1.0001525 0.0005671884 -0.0801092 -0.00045674955 0.9998451 16110142582 207.78717
rawdata/DECam_01336615.fits.fz N4 1336615 300.0 60613.02934206 1.04 340.0865029052903 -14.615103728490341 340.09426666666667 -14.54 M438 0.037900604 24.802185 1.0215082 1.2337463 21.711853 1.7161937 decam -14.945747 9.077764 85 object IBIS_wide_M438_254774 254774 0.043479 924.0 1948.0 -0.088908665 0.99992996 0.0006708067 -0.032940745 -0.00024415719 0.99973226 16611140609 174.80545
rawdata/DECam_01336614.fits.fz N4 1336614 300.0 60613.02550604 1.04 341.14449736258086 -15.002103724931136 341.152275 -14.927 M438 0.045844402 24.819263 1.0377034 1.1789855 21.756124 1.5484704 decam -12.393854 4.757785 87 object IBIS_wide_M438_257674 257674 0.042928 924.0 1948.0 0.10386409 1.0000277 0.00074877293 -0.11245433 -0.0003011469 0.9998106 16095094303 193.73958
rawdata/DECam_01336613.fits.fz N4 1336613 300.0 60613.02168243 1.04 339.7814972893672 -14.889103725971703 339.7892708333334 -14.814 M438 0.0428745 24.817305 1.0358328 1.2143089 21.729239 1.652237 decam -5.114608 -0.82323414 102 object IBIS_wide_M438_257759 257759 0.045151 924.0 1948.0 -0.22225712 1.0001813 0.00056510745 0.00044437626 -0.00070345745 0.99987745 16128868961 181.572
rawdata/DECam_01336612.fits.fz N4 1336612 300.0 60613.01784859 1.04 338.45849472140986 -14.960103725318026 338.46627083333334 -14.885 M438 0.0539129 24.807875 1.0268762 1.2036228 21.693455 1.8556542 decam -13.978962 1.6006305 101 object IBIS_wide_M438_257758 257758 0.048399 924.0 1948.0 -0.071841605 1.000436 0.00050673226 0.09077126 -0.0007373456 0.9999863 16126661508 161.66805
rawdata/DECam_01336611.fits.fz N4 1336611 5.0 60613.01613489 1.04 336.89749574878937 -14.81610372664335 336.9052666666667 -14.741 g 0.0394647 26.696512 1.0897452 1.4609743 21.396122 2.6612837 decam 11.49453 32.569748 64 object "" 0 0.0 924.0 1948.0 -0.17826594 1.0000361 0.0008139142 0.19411571 -0.0008380364 0.99987453 15457823301 1.8787925
rawdata/DECam_01336610.fits.fz N4 1336610 5.0 60613.01306144 1.04 0.0 0.0 336.9052666666667 -14.741 solid 0.0 0.0 0.0 0.0 0.0 0.0 decam 0.0 0.0 -1 object "" 0 0.0 0.0 0.0 0.0 0.0 0.0 0.0 0.0 0.0 "" 0.0
rawdata/DECam_01336623.fits.fz N4 1336623 300.0 60613.04708216 1.66 34.869721612494466 -6.2561038029276705 34.87727916666667 -6.181 M490 0.02540927 24.8723 1.0207694 1.3857595 21.528584 2.845009 decam -11.802913 37.05772 74 object IBIS_deep_xmm_M490_67 0 0.0 924.0 1948.0 -0.21855697 1.000084 -0.0014972 -0.49077728 0.0015946357 1.0000856 17038619275 105.447815
rawdata/DECam_01336624.fits.fz N4 1336624 500.0 60613.05105335 1.62 34.265731728070264 -5.173103812330712 34.273275 -5.098 M490 0.02235076 24.88996 1.0300051 1.2008606 21.536095 2.0130315 decam -3.2506948 33.904453 85 object IBIS_deep_xmm_M490_63 0 0.0 924.0 1948.0 -0.061227728 1.0002639 -0.0013060718 -0.2541821 0.0012009044 1.0002594 17110499114 248.3816
rawdata/DECam_01336625.fits.fz N4 1336625 500.0 60613.05718846 1.55 35.13771075713614 -6.428103801430884 35.145270833333335 -6.353 M490 0.026346643 24.903378 1.0296539 1.1326098 21.543638 1.7823514 decam -9.625186 32.727093 55 object IBIS_deep_xmm_M490_68 0 0.0 924.0 1948.0 -0.34543562 1.0006772 -0.0013470653 -0.13706511 0.0012618979 1.0000546 17799262270 280.5283
rawdata/DECam_01336626.fits.fz N4 1336626 500.0 60613.06332939 1.5 34.73972606277688 -5.62810380838453 34.747275 -5.553 M490 0.0225511 24.916811 1.033057 1.2633791 21.59048 2.0193272 decam -8.440825 31.530355 82 object IBIS_deep_xmm_M490_81 0 0.0 924.0 1948.0 0.7656695 1.0001158 -0.0015626103 -0.3310848 0.0012961706 1.0002215 17076530622 247.60722
rawdata/DECam_01336627.fits.fz N4 1336627 476.0 60613.06947154 1.45 34.93071852254436 -5.882103806178952 34.938270833333334 -5.807 M490 0.0256092 24.91047 1.0177661 1.3263133 21.604221 2.2690408 decam -8.305045 34.46751 66 object IBIS_deep_xmm_M490_82 0 0.0 924.0 1948.0 0.111749485 1.0004615 -0.0013229905 -0.6111907 0.0012906537 1.0002313 16928293878 209.78027
rawdata/DECam_01336628.fits.fz N4 1336628 500.0 60613.07533598 1.41 35.43371728955237 -6.548103800386016 35.44127916666667 -6.473 M490 0.026178287 24.918785 1.018174 1.212953 21.600216 1.8834987 decam -12.89374 22.330608 86 object IBIS_deep_xmm_M490_69 0 0.0 924.0 1948.0 0.07860837 1.0000174 -0.001565567 -0.13059936 0.0014413508 1.0003027 17082240275 265.4634
rawdata/DECam_01336629.fits.fz N4 1336629 500.0 60613.08148457 1.37 35.17671574549542 -6.0831038044321675 35.184270833333336 -6.008 M490 0.02505659 24.928032 1.0194572 1.16691 21.596943 1.7063156 decam -11.53987 15.9806385 71 object IBIS_deep_xmm_M490_83 0 0.0 924.0 1948.0 0.23066461 1.0001035 -0.0016517335 -0.28606054 0.0011827894 1.000294 17065071401 293.02902
rawdata/DECam_01336630.fits.fz N4 1336630 500.0 60613.08763446 1.34 34.6177339331631 -5.335103810926375 34.625279166666665 -5.26 M490 0.021502892 24.941044 1.0261467 1.0618768 21.579945 1.3688288 decam -8.678935 9.56016 84 object IBIS_deep_xmm_M490_80 0 0.0 924.0 1948.0 0.26114798 1.0001073 -0.0016018226 -0.095863044 0.00126346 1.000135 17104386261 365.2758
rawdata/DECam_01336631.fits.fz N4 1336631 473.0 60613.09377805 1.31 35.463722102774724 -6.222103803223431 35.47127916666667 -6.147 M490 0.026782516 24.946468 1.0256886 1.0579277 21.578552 1.3953999 decam -9.53565 6.3207517 77 object IBIS_deep_xmm_M490_84 0 0.0 924.0 1948.0 0.31454575 0.9999061 -0.0013011195 -0.14604257 0.0012832443 1.0000405 17191026022 338.97092
rawdata/DECam_01336632.fits.fz N4 1336632 368.0 60613.09960956 1.28 34.0147432224527 -4.516103818018955 34.022279166666664 -4.441 M490 0.018983403 24.952791 1.0260785 1.0432782 21.579733 1.2717218 decam -14.387441 8.925814 67 object IBIS_deep_xmm_M490_46 0 0.0 924.0 1948.0 0.6041563 0.9997572 -0.0013974241 -0.25631493 0.0016292697 0.9999824 16636292265 289.37146
rawdata/DECam_01336633.fits.fz N4 1336633 389.0 60613.10422798 1.26 35.09972648996677 -5.595103808670939 35.107275 -5.52 M490 0.025305253 24.948835 1.0186427 1.0218135 21.620253 1.2351767 decam -20.285166 5.598725 76 object IBIS_deep_xmm_M490_7 0 0.0 924.0 1948.0 0.6795846 1.000151 -0.0018027246 -0.0109819705 0.0017328348 0.999935 16615455336 314.9347
rawdata/DECam_01336634.fits.fz N4 1336634 376.0 60613.10908154 1.24 35.335719521026185 -5.808103806821725 35.34327083333333 -5.733 M490 0.02400516 24.95086 1.0168469 0.97983706 21.618126 1.1241727 decam -14.786978 6.6228776 72 object IBIS_deep_xmm_M490_8 0 0.0 924.0 1948.0 -0.093610026 0.9998213 -0.001215209 -0.15131359 0.0014095497 1.0000095 16590094418 334.4682
rawdata/DECam_01336635.fits.fz N4 1336635 347.0 60613.11379588 1.22 34.944734141888084 -5.318103811073778 34.95227916666666 -5.243 M490 0.022160035 24.945475 1.0081521 0.96444803 21.620218 1.0844783 decam -20.301313 1.0582933 65 object IBIS_deep_xmm_M490_6 0 0.0 924.0 1948.0 0.030039733 1.0002362 -0.0013270123 -0.24153471 0.0019101418 0.9999035 16483274070 319.96954
rawdata/DECam_01336636.fits.fz N4 1336636 329.0 60613.11818129 1.21 35.62472188390667 -5.941103805666346 35.632275 -5.866 M490 0.02627673 24.95633 1.0164348 0.94285965 21.62271 1.042102 decam -12.960737 4.8565326 69 object IBIS_deep_xmm_M490_9 0 0.0 924.0 1948.0 0.3486316 0.9999956 -0.0015710198 -0.24812208 0.0014446812 1.0001407 16461867872 315.70807
rawdata/DECam_01336637.fits.fz N4 1336637 337.0 60613.12234753 1.19 36.09471269887169 -6.296103802579671 36.102270833333336 -6.221 M490 0.032051947 24.946873 1.0039701 0.91850394 21.63061 1.0386109 decam -13.758206 2.6309328 54 object IBIS_deep_xmm_M490_86 0 0.0 924.0 1948.0 -0.49121255 0.99977577 -0.0016242097 -0.19894613 0.0011759936 1.0000705 16464771344 324.47183
rawdata/DECam_01336638.fits.fz N4 1336638 302.0 60613.1265957 1.18 35.93972126419123 -5.986103805275302 35.947275000000005 -5.911 M490 0.02605925 24.963234 1.0173669 0.954745 21.624895 1.0513066 decam -6.97455 3.0986848 75 object IBIS_deep_xmm_M490_10 0 0.0 924.0 1948.0 0.5443988 1.0001421 -0.0016586912 -0.08831158 0.001550844 0.9999471 16337970185 287.2616
rawdata/DECam_01336639.fits.fz N4 1336639 292.0 60613.13045256 1.17 35.358732916878374 -5.417103810215255 35.366279166666665 -5.342 M490 0.022672184 24.956608 1.0093445 0.9369995 21.609943 1.0160263 decam -13.224802 7.843013 79 object IBIS_deep_xmm_M490_26 0 0.0 924.0 1948.0 0.20521916 0.99972856 -0.0013764044 -0.15964732 0.0016969747 0.99994284 16322476025 287.39413
rawdata/DECam_01336640.fits.fz N4 1336640 324.0 60613.13418758 1.16 36.40771779219082 -6.232103803136447 36.415275 -6.157 M490 0.033881694 24.9695 1.0195482 0.9815914 21.606258 1.1774824 decam -11.12078 2.760895 68 object IBIS_deep_xmm_M490_87 0 0.0 924.0 1948.0 -0.061730348 0.9996693 -0.001287392 0.090250805 0.0013589083 0.99986196 16437368082 275.16336
rawdata/DECam_01336641.fits.fz N4 1336641 5.0 60613.13835342 1.16 36.69689043576938 -6.105103804240898 36.70444583333333 -6.03 g 0.033717696 26.682903 1.0965828 1.0318097 21.563728 1.12872 decam -16.284063 4.1992745 38 object "" 0 0.0 924.0 1948.0 0.99642843 1.0004538 -0.001456513 -0.00055164186 0.0014862303 0.9996905 15474670377 4.429796
rawdata/DECam_01336642.fits.fz N4 1336642 20.0 60613.13971334 1.15 36.69689043576938 -6.105103804240898 36.70444583333333 -6.03 M517 0.033717696 24.767502 1.0219764 0.9372772 21.207848 1.5024064 decam -4.7674527 19.820814 38 object "" 0 0.0 924.0 1948.0 1.0944976 1.0004377 -0.0015475262 -0.17045711 0.0017044361 0.9997935 15471529113 13.311977
rawdata/DECam_01336643.fits.fz N4 1336643 452.0 60613.140995 1.15 36.699723769102704 -6.105103804240898 36.707279166666666 -6.03 M517 0.033667758 24.780327 1.0341196 0.9789269 21.246078 1.5444052 decam -4.6123614 7.0037484 70 object IBIS_deep_xmm_M517_88 0 0.0 924.0 1948.0 0.7533324 0.9999994 -0.0016211102 -0.16894762 0.0018201898 1.0000479 17641234447 292.6693
rawdata/DECam_01336644.fits.fz N4 1336644 410.0 60613.14660091 1.14 34.89373785269465 -5.006103813777643 34.90127916666666 -4.931 M517 0.020386744 24.793186 1.0447639 0.95336074 21.214487 1.3556819 decam -6.9589562 -1.6775758 55 object IBIS_deep_xmm_M517_5 0 0.0 924.0 1948.0 0.37373862 0.9997527 -0.0016376821 0.12546726 0.0016048298 1.0000342 17289328869 302.43082
rawdata/DECam_01336645.fits.fz N4 1336645 445.0 60613.15170408 1.13 36.55071931967042 -5.823103806691448 36.55827083333333 -5.748 M517 0.03065804 24.780466 1.0309416 0.98471665 21.2814 1.4841075 decam -8.900024 4.0073404 80 object IBIS_deep_xmm_M517_12 0 0.0 924.0 1948.0 0.6722409 1.0000105 -0.0016272585 -0.37176058 0.0013457388 1.0000918 17019638809 299.8435
rawdata/DECam_01336646.fits.fz N4 1336646 414.0 60613.15721742 1.12 36.23872201286969 -5.619103808462646 36.246270833333334 -5.5440000000000005 M517 0.026346546 24.77795 1.0269091 0.9933156 21.297857 1.4545602 decam -3.7440076 -0.6026947 90 object IBIS_deep_xmm_M517_29 0 0.0 924.0 1948.0 -0.034240063 1.0004171 -0.0014441452 -0.22757855 0.0013985862 0.99988484 16892217918 284.62213
rawdata/DECam_01336647.fits.fz N4 1336647 432.0 60613.16235864 1.12 36.960726310801675 -5.922103805831434 36.96827916666667 -5.8469999999999995 M517 0.028302534 24.780294 1.0291287 1.1560065 21.325676 1.9341577 decam -6.3077583 3.3054628 71 object IBIS_deep_xmm_M517_89 0 0.0 924.0 1948.0 0.41259274 1.0000683 -0.0014389091 0.075684 0.0017918991 0.99993676 16870058845 223.35304
rawdata/DECam_01336648.fits.fz N4 1336648 426.0 60613.16771771 1.11 35.74172988935768 -5.325103811013083 35.749275 -5.25 M517 0.023660546 24.766354 1.0143719 1.2029456 21.328182 2.0823727 decam -2.652899 8.143482 66 object IBIS_deep_xmm_M517_47 0 0.0 924.0 1948.0 -0.27259585 1.0003741 -0.0017291404 -0.27859154 0.0018901909 1.0001005 16922836371 204.57434
rawdata/DECam_01336649.fits.fz N4 1336649 500.0 60613.17300751 1.11 36.80572184415615 -5.632103808349813 36.813270833333334 -5.557 M517 0.028117586 24.770023 1.0178076 1.0756625 21.32815 1.7012734 decam -5.372766 4.1793427 82 object IBIS_deep_xmm_M517_13 0 0.0 924.0 1948.0 0.12901796 1.0002849 -0.0016148936 -0.3134013 0.0017874828 0.9997413 17113989401 293.8975
rawdata/DECam_01336650.fits.fz N4 1336650 500.0 60613.17915088 1.1 37.18172522701033 -5.69210380782898 37.189275 -5.617 M517 0.027122937 24.771015 1.0171055 1.0227556 21.32574 1.5294622 decam -5.761039 12.643368 63 object IBIS_deep_xmm_M517_90 0 0.0 924.0 1948.0 0.21648332 1.0004535 -0.0018632975 -0.16319673 0.0015271058 1.0001515 17277197272 326.9123
