logs/db-2025-03-30.ecsv
# %ECSV 1.0
# ---
# datatype:
# - {name: filename, datatype: string}
# - {name: extension, datatype: string}
# - {name: expnum, datatype: int64}
# - {name: exptime, datatype: float32}
# - {name: mjd_obs, datatype: float64}
# - {name: airmass, datatype: float32}
# - {name: racenter, datatype: float64}
# - {name: deccenter, datatype: float64}
# - {name: rabore, datatype: float64}
# - {name: decbore, datatype: float64}
# - {name: band, datatype: string}
# - {name: ebv, datatype: float32}
# - {name: zeropoint, datatype: float32}
# - {name: transparency, datatype: float32}
# - {name: seeing, datatype: float32}
# - {name: sky, datatype: float32}
# - {name: expfactor, datatype: float32}
# - {name: camera, datatype: string}
# - {name: dx, datatype: float32}
# - {name: dy, datatype: float32}
# - {name: nmatched, datatype: int64}
# - {name: obstype, datatype: string}
# - {name: object, datatype: string}
# - {name: tileid, datatype: int64}
# - {name: tileebv, datatype: float32}
# - {name: affine_x0, datatype: float32}
# - {name: affine_y0, datatype: float32}
# - {name: affine_dx, datatype: float32}
# - {name: affine_dxx, datatype: float32}
# - {name: affine_dxy, datatype: float32}
# - {name: affine_dy, datatype: float32}
# - {name: affine_dyx, datatype: float32}
# - {name: affine_dyy, datatype: float32}
# - {name: checksum, datatype: string}
# - {name: efftime, datatype: float32}
# schema: astropy-2.0
filename extension expnum exptime mjd_obs airmass racenter deccenter rabore decbore band ebv zeropoint transparency seeing sky expfactor camera dx dy nmatched obstype object tileid tileebv affine_x0 affine_y0 affine_dx affine_dxx affine_dxy affine_dy affine_dyx affine_dyy checksum efftime
rawdata/DECam_01375694.fits.fz N4 1375694 150.0 60764.99717562 1.05 136.68119905229673 -37.22149237167661 136.69063333333332 -37.146388888888886 M517 0.3887554 24.447945 0.5897368 1.1699084 21.177538 5.665143 decam -35.71032 -19.027227 1478 object "Pyxis M517" 0 0.0 924.0 1948.0 0.21773873 0.9999368 -0.002027423 0.068776056 0.0020403177 1.0000643 16290441255 26.477709
rawdata/DECam_01375689.fits.fz N4 1375689 10.0 60764.98964694 1.01 104.67354556758141 -31.072881615688008 104.68231666666667 -30.997778055555557 r 0.13443528 25.362558 0.261953 1.2420309 19.428259 96.45963 decam -27.64694 -10.059976 566 object "" 0 0.0 924.0 1948.0 0.12270529 1.0000362 -0.0029277648 -0.064380676 0.0026857972 0.9999263 16708412358 0.10367031
rawdata/DECam_01375692.fits.fz N4 1375692 150.0 60764.99292464 1.06 136.96453759435042 -37.21315959401179 136.97397083333334 -37.13805611111111 M517 0.32769462 23.838247 0.33687964 1.8979785 20.878672 60.297806 decam -30.271847 -15.825388 1168 object "Pyxis M517" 0 0.0 924.0 1948.0 0.2669263 0.9999593 -0.0020844322 -0.35438204 0.0019889267 0.9999864 16434749359 2.4876525
rawdata/DECam_01375682.fits.fz N4 1375682 30.0 60764.97673974 1.0 104.67354556758141 -31.072881615688008 104.68231666666667 -30.997778055555557 r 0.13443528 25.583153 0.32067195 6.5768504 16.36621 30184.146 decam -20.608616 -49.10416 141 object pointing 0 0.0 924.0 1948.0 -0.6597289 0.99937993 -0.0025532297 -0.065214515 0.002329563 0.99980557 81234291792 0.0009938992
rawdata/DECam_01375688.fits.fz N4 1375688 10.0 60764.98917116 1.01 104.67354556758141 -31.072881615688008 104.68231666666667 -30.997778055555557 r 0.13443528 25.932901 0.44295597 1.5280441 19.588562 44.0268 decam -14.728971 -6.118092 682 object "" 0 0.0 924.0 1948.0 0.15449785 0.9999641 -0.0029100128 -0.08344574 0.0027347014 0.99999356 16560954049 0.22713439
rawdata/DECam_01375681.fits.fz N4 1375681 5.0 60764.97566895 1.0 104.67354556758141 -31.072881615688008 104.68231666666667 -30.997778055555557 r 0.13443528 25.379547 0.26583928 5.7906933 15.892452 52674.23 decam -21.28184 -48.676914 75 object pointing 0 0.0 924.0 1948.0 -0.8988645 0.99934924 -0.0023889155 0.06224194 0.0009354161 0.9994677 32355321363 9.4923074e-05
rawdata/DECam_01375685.fits.fz N4 1375685 10.0 60764.98626387 1.01 104.67354556758141 -31.072881615688008 104.68231666666667 -30.997778055555557 r 0.13443528 25.688505 0.35367313 4.2519093 19.10128 836.8276 decam 3.2179358 -4.676828 355 object "" 0 0.0 924.0 1948.0 -0.092149474 1.0001363 -0.0026015986 0.18317226 0.0025561855 0.9999163 17184434335 0.011949893
rawdata/DECam_01375686.fits.fz N4 1375686 10.0 60764.98673771 1.01 104.67354556758141 -31.072881615688008 104.68231666666667 -30.997778055555557 r 0.13443528 25.725817 0.36603823 3.5921228 19.153389 531.49896 decam -10.864997 -1.9851114 337 object "" 0 0.0 924.0 1948.0 0.030400414 1.00007 -0.0029482618 -0.020927569 0.0028253193 0.9999259 17094058460 0.018814713
rawdata/DECam_01375683.fits.fz N4 1375683 30.0 60764.98242963 1.0 104.67354556758141 -31.072881615688008 104.68231666666667 -30.997778055555557 r 0.13443528 25.676424 0.34943753 6.832846 18.286829 4678.2075 decam -19.594624 -47.33598 327 object "" 0 0.0 924.0 1948.0 -0.05453122 1.0000337 -0.002841602 0.016866118 0.002703167 0.99992865 26723822440 0.0064127124
rawdata/DECam_01375690.fits.fz N4 1375690 10.0 60764.99011232 1.01 104.67354556758141 -31.072881615688008 104.68231666666667 -30.997778055555557 r 0.13443528 25.706305 0.35951886 1.138136 19.577473 37.490532 decam -28.73627 -24.390142 686 object "" 0 0.0 924.0 1948.0 0.110713616 1.000084 -0.002869012 0.012401263 0.0028256164 0.9999639 16555561411 0.266734
rawdata/DECam_01375695.fits.fz N4 1375695 60.0 60765.00032204 1.4 0.0 0.0 148.66627499999998 3.05 solid 0.0 0.0 0.0 0.0 0.0 0.0 decam 0.0 0.0 -1 object "" 0 0.0 0.0 0.0 0.0 0.0 0.0 0.0 0.0 0.0 "" 0.0
rawdata/DECam_01375693.fits.fz N4 1375693 150.0 60764.99506062 1.06 136.9978458367654 -37.37982542508124 137.0073 -37.304721944444445 M517 0.3276871 24.219 0.4783834 1.1697413 20.872715 11.4333315 decam -44.098373 -24.19653 1335 object "Pyxis M517" 0 0.0 924.0 1948.0 0.24702917 1.0000608 -0.0019801701 0.14219306 0.0022225068 1.000133 16647243107 13.119536
rawdata/DECam_01375684.fits.fz N4 1375684 30.0 60764.98436518 1.01 104.67354556758141 -31.072881615688008 104.68231666666667 -30.997778055555557 r 0.13443528 25.518396 0.30238384 5.5607214 18.741423 2727.3123 decam 6.3449516 -4.308209 378 object "" 0 0.0 924.0 1948.0 0.1416089 0.9999963 -0.002623801 0.22561912 0.0027709736 0.9999128 22889432925 0.010999841
rawdata/DECam_01375687.fits.fz N4 1375687 10.0 60764.98722419 1.01 104.67354556758141 -31.072881615688008 104.68231666666667 -30.997778055555557 r 0.13443528 25.562807 0.3150089 2.2422814 19.17154 275.08047 decam -24.635683 -16.696163 433 object "" 0 0.0 924.0 1948.0 0.114065446 1.0000359 -0.002868465 0.022813315 0.0027084695 0.99993855 17060399163 0.036353
rawdata/DECam_01375696.fits.fz N4 1375696 500.0 60765.00134628 1.4 148.6587523152689 2.9748961174844064 148.66627499999998 3.05 M464 0.029049488 23.63094 0.32007805 1.8409535 21.308826 48.88855 decam -2.8123467 1.6200359 70 object IBIS_deep_cosmos_M464_44 0 0.0 924.0 1948.0 0.7092936 1.0001897 -0.0016348853 -0.25911278 0.0014996775 0.99997807 17517899046 10.227344
rawdata/DECam_01375697.fits.fz N4 1375697 500.0 60765.00752477 1.36 148.6587523152689 2.9748961174844064 148.66627499999998 3.05 M517 0.029049488 23.727648 0.3192383 1.7171838 21.0373 52.293465 decam -11.9223 -2.4899848 76 object IBIS_deep_cosmos_M517_44 0 0.0 924.0 1948.0 0.57729757 1.0002207 -0.0015968394 -0.2539344 0.0015907878 0.9999912 18301303217 9.561424
rawdata/DECam_01375698.fits.fz N4 1375698 500.0 60765.01369222 1.32 148.3687599530443 2.412896122326123 148.37627916666665 2.488 M464 0.037144516 23.966246 0.42878747 1.3750727 21.39342 13.612769 decam -8.056851 -11.489302 87 object IBIS_deep_cosmos_M464_46 0 0.0 924.0 1948.0 -0.19277851 0.9998992 -0.0015768398 -0.28029442 0.001699591 0.9999343 17356392680 36.730217
rawdata/DECam_01375699.fits.fz N4 1375699 500.0 60765.01986003 1.3 148.3687599530443 2.412896122326123 148.37627916666665 2.488 M517 0.037144516 24.24277 0.50814474 1.2965864 21.153202 10.380964 decam -18.188417 -6.301229 97 object IBIS_deep_cosmos_M517_46 0 0.0 924.0 1948.0 -0.3766408 0.99986947 -0.0015174774 -0.25539216 0.0012939208 0.9999779 18034785129 48.16508
rawdata/DECam_01375700.fits.fz N4 1375700 500.0 60765.0260209 1.28 150.0917678309077 1.6068961292631894 150.09928333333335 1.682 M438 0.018162804 24.67273 0.96309143 1.2022011 21.649868 1.6446011 decam -15.867728 -5.6766596 135 object IBIS_deep_cosmos_M438_47 0 0.0 924.0 1948.0 0.610237 1.000211 -0.0015864838 -0.2736638 0.0016125061 0.9999911 16722359563 304.0251
rawdata/DECam_01375701.fits.fz N4 1375701 349.268 60765.03218724 1.26 150.0917678309077 1.6068961292631894 150.09928333333335 1.682 M490 0.018162804 24.997448 1.0652883 1.0433643 21.64075 0.97520715 decam -6.2392726 -8.200167 150 object IBIS_deep_cosmos_M490_47 0 0.0 924.0 1948.0 0.43585813 1.0001284 -0.0015186309 -0.17339614 0.0013346684 1.0001123 16518863871 358.1475
rawdata/DECam_01375702.fits.fz N4 1375702 308.9883 60765.03661758 1.25 150.0917678309077 1.6068961292631894 150.09928333333335 1.682 M517 0.018162804 24.962431 0.9780758 0.9378394 21.44744 1.1016852 decam -8.859111 0.7655749 152 object IBIS_deep_cosmos_M517_47 0 0.0 924.0 1948.0 0.561469 1.000336 -0.001419529 -0.14167903 0.0011512382 1.0000246 16630858479 280.46878
rawdata/DECam_01375703.fits.fz N4 1375703 458.2075 60765.04054881 1.24 150.40475958885077 1.5818961294782576 150.412275 1.657 M438 0.019262237 24.801474 1.0734882 1.0248498 21.738266 0.86967254 decam -4.530299 13.963972 144 object IBIS_deep_cosmos_M438_48 0 0.0 924.0 1948.0 0.18342488 1.0001873 -0.0015742399 -0.11053593 0.0015998797 0.9999056 16545393084 526.8736
rawdata/DECam_01375704.fits.fz N4 1375704 310.2583 60765.04623203 1.23 150.40475958885077 1.5818961294782576 150.412275 1.657 M490 0.019262237 25.042805 1.1047032 0.9898993 21.70391 0.76855475 decam 7.33288 9.281262 157 object IBIS_deep_cosmos_M490_48 0 0.0 924.0 1948.0 0.033847764 1.0004201 -0.0015869073 -0.25208655 0.0016174109 0.9999742 16370243724 403.69055
rawdata/DECam_01375705.fits.fz N4 1375705 361.768 60765.05017902 1.22 150.40475958885077 1.5818961294782576 150.412275 1.657 M517 0.019262237 24.96597 0.9765618 1.0023293 21.505701 1.1844925 decam 6.693509 -4.4587064 166 object IBIS_deep_cosmos_M517_48 0 0.0 924.0 1948.0 0.17577432 1.0005658 -0.0014732808 -0.079159826 0.001474214 0.99983424 16813668070 305.42026
rawdata/DECam_01375706.fits.fz N4 1375706 500.0 60765.0547746 1.21 150.6847632140693 1.724896128247997 150.69227916666668 1.8 M438 0.021425394 24.709389 0.97878575 1.1823249 21.710703 1.405865 decam 22.875872 25.032278 104 object IBIS_deep_cosmos_M438_49 0 0.0 924.0 1948.0 0.09994628 0.9999612 -0.0014638654 -0.26205432 0.0016235699 1.0000603 16742724251 355.65292
rawdata/DECam_01375707.fits.fz N4 1375707 500.0 60765.06093985 1.21 150.93976062633504 2.2878961234024398 150.94727916666665 2.363 M464 0.02308691 24.749758 0.8626513 1.0915363 21.70983 1.5147302 decam 24.10318 14.102565 136 object IBIS_deep_cosmos_M464_51 0 0.0 924.0 1948.0 -0.031006621 1.0003185 -0.0014162126 -0.07251972 0.0011533599 0.9999411 16886970837 330.09177
rawdata/DECam_01375708.fits.fz N4 1375708 321.0882 60765.06711772 1.2 150.93976062633504 2.2878961234024398 150.94727916666665 2.363 M490 0.02308691 25.010605 1.0666015 1.0080479 21.702854 0.83924913 decam 23.975164 11.634044 138 object IBIS_deep_cosmos_M490_51 0 0.0 924.0 1948.0 -0.057006646 1.000442 -0.0014210335 -0.106974125 0.0012861871 0.99990433 16382405164 382.58984
rawdata/DECam_01375709.fits.fz N4 1375709 377.6079 60765.07121044 1.2 150.8877547061129 2.600896120706965 150.895275 2.676 M464 0.022128496 24.942322 1.0279417 1.03537 21.788458 0.88930374 decam 36.14297 14.499402 142 object IBIS_deep_cosmos_M464_52 0 0.0 924.0 1948.0 0.4478768 1.0000583 -0.0015279289 -0.18254866 0.0016100078 1.0000494 16474618116 424.61072
rawdata/DECam_01375710.fits.fz N4 1375710 255.7385 60765.0759321 1.2 150.8877547061129 2.600896120706965 150.895275 2.676 M517 0.022128496 25.043663 1.045648 0.96440494 21.569197 0.8965273 decam 32.034145 12.49181 140 object IBIS_deep_cosmos_M517_52 0 0.0 924.0 1948.0 0.47526813 0.99996907 -0.0015752418 -0.015964942 0.0015477656 0.9999458 16348210072 285.25458
rawdata/DECam_01375711.fits.fz N4 1375711 500.0 60765.07923467 1.2 150.73374880621685 2.8768961183290207 150.74127083333335 2.952 M438 0.02164143 24.659458 0.93244535 0.97491235 21.718811 1.0410435 decam 30.735117 20.964958 124 object IBIS_deep_cosmos_M438_53 0 0.0 924.0 1948.0 0.14054294 1.0001514 -0.0016002378 -0.26209694 0.001228594 0.99974924 16651241375 480.2873
rawdata/DECam_01375712.fits.fz N4 1375712 500.0 60765.08541955 1.2 150.498755682027 3.089896116493085 150.50627916666667 3.165 M464 0.02142588 24.193228 0.515622 0.9247137 21.546137 3.5264165 decam 22.085924 30.737795 121 object IBIS_deep_cosmos_M464_54 0 0.0 924.0 1948.0 0.282982 0.99997497 -0.0015091234 -0.32928234 0.0017051037 0.9999802 17110796340 141.787
rawdata/DECam_01375713.fits.fz N4 1375713 500.0 60765.09159074 1.19 150.498755682027 3.089896116493085 150.50627916666667 3.165 M490 0.02142588 24.637526 0.75506073 0.9270902 21.572662 1.5918766 decam 22.942827 20.232172 132 object IBIS_deep_cosmos_M490_54 0 0.0 924.0 1948.0 0.024368418 1.0001479 -0.0015523962 -0.24404891 0.001844957 0.9999758 17139503027 314.0947
rawdata/DECam_01375714.fits.fz N4 1375714 313.6582 60765.09776204 1.2 150.2107547188978 3.2228961153463325 150.2182791666667 3.298 M464 0.024321321 24.928722 1.0151463 0.93018085 21.780828 0.74159753 decam 14.132656 38.653484 147 object IBIS_deep_cosmos_M464_55 0 0.0 924.0 1948.0 0.08278524 1.0002418 -0.0016617401 -0.18269713 0.0017139094 1.0000693 16402550475 422.94934
rawdata/DECam_01375715.fits.fz N4 1375715 230.9088 60765.10178688 1.2 150.2107547188978 3.2228961153463325 150.2182791666667 3.298 M517 0.024321321 25.056784 1.0583609 0.90372604 21.576914 0.76330364 decam 17.230238 46.939053 151 object IBIS_deep_cosmos_M517_55 0 0.0 924.0 1948.0 0.1855432 1.0002711 -0.0017410201 -0.12991485 0.001751949 0.9999776 16359806374 302.5124
rawdata/DECam_01375716.fits.fz N4 1375716 500.0 60765.10482259 1.2 149.8957543837903 3.2678961149582664 149.90327916666666 3.343 M438 0.02175222 24.539461 0.83488053 0.9196464 21.641115 1.2416466 decam 20.76236 54.917717 113 object IBIS_deep_cosmos_M438_56 0 0.0 924.0 1948.0 -0.04503642 1.0002604 -0.0015947554 -0.10847064 0.001560633 1.0000931 16727765334 402.69104
rawdata/DECam_01375717.fits.fz N4 1375717 134.1192 60765.1109954 1.21 149.8957543837903 3.2678961149582664 149.90327916666666 3.343 M517 0.02175222 24.239605 0.4994106 0.8502455 21.33692 3.7986262 decam 13.45221 41.601166 104 object IBIS_deep_cosmos_M517_56 0 0.0 924.0 1948.0 -0.07740417 1.0001296 -0.0016552276 0.038070768 0.0017298736 1.0000007 15990438182 35.30729
rawdata/DECam_01375718.fits.fz N4 1375718 500.0 60765.11351249 1.21 149.58075468929957 3.2268961153118405 149.58827916666667 3.302 M438 0.029390736 24.34301 0.69845116 0.90293485 21.60679 1.7742184 decam -3.2932222 12.338505 100 object IBIS_deep_cosmos_M438_57 0 0.0 924.0 1948.0 0.42617488 0.9997815 -0.0018741353 -0.32572567 0.0016551674 0.9999097 16780154290 281.81424
rawdata/DECam_01375719.fits.fz N4 1375719 500.0 60765.11969319 1.22 149.28774724211056 3.104896116363767 149.29527083333332 3.18 M464 0.029140174 24.428446 0.6429868 0.9260005 21.591595 2.1987782 decam 2.8545208 4.0663543 131 object IBIS_deep_cosmos_M464_58 0 0.0 924.0 1948.0 0.16405067 1.0002943 -0.0018151442 -0.20711175 0.0019114506 0.9999719 17047660785 227.39903
rawdata/DECam_01375720.fits.fz N4 1375720 500.0 60765.12585581 1.23 149.28774724211056 3.104896116363767 149.29527083333332 3.18 M490 0.029140174 24.534237 0.6915419 0.9610468 21.571243 2.071405 decam 9.242289 -12.094493 134 object IBIS_deep_cosmos_M490_58 0 0.0 924.0 1948.0 0.097049445 1.0000651 -0.0017831513 -0.1957954 0.0018771867 0.99999166 17116378589 241.38206
rawdata/DECam_01375721.fits.fz N4 1375721 500.0 60765.13201673 1.24 149.03375272051596 2.914896118001535 149.041275 2.99 M464 0.02372153 24.539457 0.71513915 0.9219301 21.586313 1.78513 decam 10.162219 -0.28986108 117 object IBIS_deep_cosmos_M464_59 0 0.0 924.0 1948.0 0.08052263 1.0006499 -0.0015180664 -0.33665997 0.0016998372 0.999897 17104427431 280.09164
rawdata/DECam_01375722.fits.fz N4 1375722 500.0 60765.13817523 1.26 149.03375272051596 2.914896118001535 149.041275 2.99 M517 0.02372153 24.62553 0.7183038 1.0037501 21.318893 2.6413977 decam 24.234943 -9.726592 128 object IBIS_deep_cosmos_M517_59 0 0.0 924.0 1948.0 -0.19978006 1.000542 -0.0017177883 -0.13040437 0.0017769202 1.0000042 17733462786 189.29372
rawdata/DECam_01375723.fits.fz N4 1375723 500.0 60765.14433538 1.27 148.83275429536044 2.6688961201211954 148.840275 2.7439999999999998 M438 0.02940631 24.303267 0.6835822 0.9879858 21.546558 2.4147005 decam 6.7281556 -3.3791919 118 object IBIS_deep_cosmos_M438_60 0 0.0 924.0 1948.0 0.4620305 1.0001868 -0.0015174644 -0.17517436 0.0018965827 0.9999438 16878910139 207.06502
rawdata/DECam_01375724.fits.fz N4 1375724 500.0 60765.15050865 1.29 148.83275429536044 2.6688961201211954 148.840275 2.7439999999999998 M517 0.02940631 24.622772 0.71993446 0.96277344 21.32218 2.435657 decam 4.096331 -18.497797 143 object IBIS_deep_cosmos_M517_60 0 0.0 924.0 1948.0 0.19618067 1.0002512 -0.0017024449 -0.19286144 0.001919861 0.9999838 17710791357 205.28342
rawdata/DECam_01375725.fits.fz N4 1375725 500.0 60765.15667718 1.31 148.69376428457568 2.3828961225844565 148.70128333333335 2.458 M464 0.047247324 24.704735 0.8447849 1.0364008 21.666212 1.5448259 decam 2.3306336 -13.581652 141 object IBIS_deep_cosmos_M464_61 0 0.0 924.0 1948.0 0.06297813 1.0001147 -0.001756741 -0.05879472 0.0018880087 1.0000137 16923481050 323.66107
