logs/db-2024-10-28.ecsv
# %ECSV 1.0
# ---
# datatype:
# - {name: filename, datatype: string}
# - {name: extension, datatype: string}
# - {name: expnum, datatype: int64}
# - {name: exptime, datatype: float32}
# - {name: mjd_obs, datatype: float64}
# - {name: airmass, datatype: float32}
# - {name: racenter, datatype: float64}
# - {name: deccenter, datatype: float64}
# - {name: rabore, datatype: float64}
# - {name: decbore, datatype: float64}
# - {name: band, datatype: string}
# - {name: ebv, datatype: float32}
# - {name: zeropoint, datatype: float32}
# - {name: transparency, datatype: float32}
# - {name: seeing, datatype: float32}
# - {name: sky, datatype: float32}
# - {name: expfactor, datatype: float32}
# - {name: camera, datatype: string}
# - {name: dx, datatype: float32}
# - {name: dy, datatype: float32}
# - {name: nmatched, datatype: int64}
# - {name: obstype, datatype: string}
# - {name: object, datatype: string}
# - {name: tileid, datatype: int64}
# - {name: tileebv, datatype: float32}
# - {name: affine_x0, datatype: float32}
# - {name: affine_y0, datatype: float32}
# - {name: affine_dx, datatype: float32}
# - {name: affine_dxx, datatype: float32}
# - {name: affine_dxy, datatype: float32}
# - {name: affine_dy, datatype: float32}
# - {name: affine_dyx, datatype: float32}
# - {name: affine_dyy, datatype: float32}
# - {name: checksum, datatype: string}
# - {name: efftime, datatype: float32}
# schema: astropy-2.0
filename extension expnum exptime mjd_obs airmass racenter deccenter rabore decbore band ebv zeropoint transparency seeing sky expfactor camera dx dy nmatched obstype object tileid tileebv affine_x0 affine_y0 affine_dx affine_dxx affine_dxy affine_dy affine_dyx affine_dyy checksum efftime
[from data line 90]
rawdata/DECam_01336425.fits.fz N4 1336425 300.0 60612.2619205 1.22 36.384747764877716 -4.055103822004011 36.39227916666667 -3.98 M517 0.029062042 24.74908 1.0161182 0.9749205 21.064766 1.5538057 decam 15.0014 -10.741636 73 object IBIS_deep_xmm_M517_53 0 0.0 924.0 1948.0 0.0485619 1.0003144 -0.0019822458 -0.35078365 0.0016429253 0.9999176 16708971172 193.07433
rawdata/DECam_01336426.fits.fz N4 1336426 300.0 60612.26575068 1.24 36.384747764877716 -4.055103822004011 36.39227916666667 -3.98 M517 0.029062042 24.751942 1.0220708 0.98071164 21.062662 1.5670382 decam 18.409803 -12.171467 74 object IBIS_deep_xmm_M517_53 0 0.0 924.0 1948.0 0.023018375 1.0002358 -0.001995849 -0.30777192 0.0018047383 0.9999883 16710162007 191.44397
rawdata/DECam_01336427.fits.fz N4 1336427 300.0 60612.26958407 1.25 36.12574190274673 -4.23310382046588 36.133275000000005 -4.158 M517 0.028798766 24.748695 1.0206537 0.9348853 21.101967 1.3819826 decam 21.04087 -12.897521 69 object IBIS_deep_xmm_M517_72 0 0.0 924.0 1948.0 0.02030654 0.9999483 -0.001475684 -0.013056389 0.0019501207 1.0002342 16744030745 217.07944
rawdata/DECam_01336428.fits.fz N4 1336428 300.0 60612.27342986 1.27 36.84274749924693 -3.612103825829181 36.850275 -3.537 M517 0.029627463 24.740192 1.0159419 0.9635686 21.081861 1.5188788 decam 11.727026 -13.83671 74 object IBIS_deep_xmm_M517_20 0 0.0 924.0 1948.0 0.035991307 0.999665 -0.0016062785 -0.36149266 0.0018180128 1.0001569 16691959591 197.51411
rawdata/DECam_01336429.fits.fz N4 1336429 300.0 60612.27726105 1.29 36.55275035263756 -3.767103824491252 36.56027916666667 -3.692 M517 0.02655536 24.750008 1.0284593 0.9742225 21.048775 1.5719222 decam 16.796314 -17.48424 83 object IBIS_deep_xmm_M517_36 0 0.0 924.0 1948.0 -0.21826844 1.0002154 -0.001576459 -0.47078782 0.0018952554 1.0000713 16724500376 190.84914
rawdata/DECam_01336430.fits.fz N4 1336430 300.0 60612.28110517 1.31 35.74373683096528 -4.325103819670615 35.751270833333336 -4.25 M517 0.027691286 24.735336 1.0179129 1.0412928 21.051792 1.8392785 decam 7.936687 -17.878468 84 object IBIS_deep_xmm_M517_1 0 0.0 924.0 1948.0 0.39276457 0.9997605 -0.0018132747 -0.2784418 0.0016009306 1.0002698 16759175093 163.10744
rawdata/DECam_01336431.fits.fz N4 1336431 300.0 60612.28493116 1.33 35.24073574577581 -4.824103815353696 35.248275 -4.749 M517 0.022416845 24.738525 1.024184 1.0158961 21.05885 1.7293267 decam 7.369243 -18.347527 75 object IBIS_deep_xmm_M517_24 0 0.0 924.0 1948.0 -0.3027677 1.0002373 -0.0018026797 -0.45657516 0.0018757368 1.0001975 16816343380 173.47792
rawdata/DECam_01336432.fits.fz N4 1336432 300.0 60612.28875315 1.35 36.61275342680218 -3.3931038277187717 36.62027916666667 -3.318 M517 0.024852965 24.741848 1.0306213 0.9511492 21.016506 1.5671258 decam 9.871283 -17.27965 68 object IBIS_deep_xmm_M517_21 0 0.0 924.0 1948.0 -0.35581395 1.0004091 -0.0015763784 -0.32918975 0.0019511802 1.0001922 16808344880 191.43327
rawdata/DECam_01336433.fits.fz N4 1336433 300.0 60612.2925881 1.37 36.14874136389894 -3.8421038238436958 36.15627083333334 -3.767 M517 0.024478564 24.747135 1.0389764 0.9013357 20.979364 1.4425932 decam 5.805335 -14.404424 69 object IBIS_deep_xmm_M517_54 0 0.0 924.0 1948.0 0.0521374 1.0003299 -0.0018998466 -0.015366084 0.0013887907 0.99945945 18152018745 207.95883
rawdata/DECam_01336434.fits.fz N4 1336434 300.0 60612.29641131 1.4 36.30574787830614 -3.566103826226155 36.313275000000004 -3.491 M517 0.02591724 24.73063 1.028235 0.9772056 20.963226 1.7733742 decam 7.7452493 -18.012648 96 object IBIS_deep_xmm_M517_37 0 0.0 924.0 1948.0 0.43450722 0.999952 -0.0017874899 -0.46369132 0.0018052605 1.0000714 16814174361 169.16904
rawdata/DECam_01336435.fits.fz N4 1336435 300.0 60612.30023794 1.42 35.86973950602039 -4.047103822073124 35.877270833333334 -3.972 M517 0.024949446 24.727432 1.028501 0.98730606 20.929869 1.8776349 decam 7.8022566 -21.87434 62 object IBIS_deep_xmm_M517_73 0 0.0 924.0 1948.0 -0.19353701 1.0001378 -0.0017832903 -0.36668625 0.0019175276 1.0002644 16869001316 159.77547
rawdata/DECam_01336436.fits.fz N4 1336436 300.0 60612.30406371 1.45 36.34475056548122 -3.221103829202231 36.352275 -3.146 M517 0.024632111 24.71528 1.0219563 0.94618326 20.91081 1.7951518 decam 12.817832 -21.210615 85 object IBIS_deep_xmm_M517_22 0 0.0 924.0 1948.0 0.17619593 1.0003052 -0.0017490473 -0.44963294 0.0019529911 1.0001444 17179225130 167.11678
rawdata/DECam_01336437.fits.fz N4 1336437 300.0 60612.30944235 1.14 51.781497289367195 -14.889103725971703 51.78927083333333 -14.814 M438 0.06702934 24.783709 1.0298449 0.9728662 21.728148 0.8175485 decam -26.57402 -3.6965916 57 object IBIS_wide_M438_209823 209823 0.063886 924.0 1948.0 0.76093817 1.0000217 -0.0021656018 0.12586597 0.0022877385 0.9998277 16118773952 366.95068
rawdata/DECam_01336438.fits.fz N4 1336438 300.0 60612.31330441 1.12 55.53250246500226 -14.861103726229382 55.540274999999994 -14.786 M438 0.0545706 24.786814 1.0276121 0.99726677 21.72472 0.8567664 decam -14.1391 10.342693 81 object IBIS_wide_M438_207052 207052 0.056881 924.0 1948.0 0.16938077 0.9998626 -0.0019659083 -0.21867856 0.0021794646 1.0001757 16142604360 350.15378
rawdata/DECam_01336439.fits.fz N4 1336439 300.0 60612.31714347 1.12 56.95949162914557 -15.045103724534885 56.96727083333334 -14.97 M438 0.040333975 24.787313 1.0280851 0.9707892 21.753534 0.78999573 decam -24.98714 17.875326 76 object IBIS_wide_M438_207053 207053 0.050016 924.0 1948.0 0.86156046 0.9999084 -0.0022744979 -0.29668784 0.00238319 1.0000523 16325155633 379.7489
rawdata/DECam_01336440.fits.fz N4 1336440 300.0 60612.32098761 1.14 56.74452316614838 -14.27310373162525 56.752275 -14.198 M438 0.064737834 24.77867 1.0250753 1.0146197 21.75856 0.872545 decam -18.149738 18.6943 63 object IBIS_wide_M438_210041 210041 0.065498 924.0 1948.0 1.6033342 1.000087 -0.0026593036 -0.25416917 0.0023435983 1.0000237 16124584684 343.8218
rawdata/DECam_01336441.fits.fz N4 1336441 300.0 60612.32482029 1.15 56.28150533736033 -14.664103728040391 56.28927083333333 -14.589 M438 0.054502755 24.779167 1.0281273 0.97888047 21.776434 0.7983107 decam -13.374967 19.187983 59 object IBIS_wide_M438_207055 207055 0.057519 924.0 1948.0 0.20348638 1.0003825 -0.0024078188 -0.09355483 0.0024991871 1.0002282 16101769880 375.79355
rawdata/DECam_01336442.fits.fz N4 1336442 300.0 60612.32878098 1.17 56.03350058951737 -14.913103725750796 56.041275 -14.838 M438 0.041493464 24.783634 1.0375701 1.0011623 21.782885 0.82322425 decam -9.270562 20.300312 70 object IBIS_wide_M438_210038 210038 0.056353 924.0 1948.0 0.17387854 1.0001127 -0.0025076398 -0.63478166 0.002482822 1.0001316 16094125033 364.42075
rawdata/DECam_01336443.fits.fz N4 1336443 300.0 60612.33263253 1.19 55.73952313172839 -14.274103731616098 55.747275 -14.199 M438 0.07852052 24.77467 1.0342275 1.0198053 21.77264 0.8765413 decam -0.5904469 30.149294 71 object IBIS_wide_M438_207061 207061 0.060858 924.0 1948.0 -0.82454467 1.0001842 -0.002617199 -0.43677422 0.0025385895 1.0000457 16079161665 342.25427
rawdata/DECam_01336444.fits.fz N4 1336444 300.0 60612.33648567 1.2 56.290550342035615 -13.328103740238879 56.29827083333333 -13.253 M438 0.07872839 24.7636 1.0263121 0.97846484 21.76651 0.8283781 decam -14.292369 25.157173 79 object IBIS_wide_M438_207062 207062 0.071093 924.0 1948.0 -0.11803025 1.0004748 -0.0024872886 -0.49780202 0.002631865 1.0001223 16282591993 362.15347
rawdata/DECam_01336447.fits.fz N4 1336447 300.0 60612.34799825 1.26 55.34653581925794 -13.900103735033484 55.354274999999994 -13.825 M438 0.06693765 24.746674 1.0257963 0.99936277 21.678867 0.9663513 decam -7.2608604 9.870845 66 object IBIS_wide_M438_210044 210044 0.060994 924.0 1948.0 -0.30871987 0.99977666 -0.0023858375 -0.35278204 0.0024147343 1.0001624 16162728488 310.4461
rawdata/DECam_01336448.fits.fz N4 1336448 300.0 60612.35182962 1.28 56.011564904231946 -12.86310374445238 56.01927083333333 -12.788 M438 0.09688231 24.728416 1.0137768 1.0106089 21.626743 1.0722252 decam -0.08369124 2.017144 65 object IBIS_wide_M438_207064 207064 0.070748 924.0 1948.0 0.5700723 0.9999872 -0.002185046 -0.20297477 0.0026220276 1.0001342 16228443703 279.79196
rawdata/DECam_01336449.fits.fz N4 1336449 300.0 60612.35568342 1.31 54.540486951286276 -15.059103724405832 54.54826666666667 -14.984 M438 0.05368256 24.72514 1.0183744 1.0172921 21.497517 1.2311441 decam 4.4745746 -14.288548 56 object IBIS_wide_M438_210043 210043 0.062357 924.0 1948.0 0.5121407 0.9999704 -0.0025797533 -0.25100762 0.0026277802 1.0001156 16273132893 243.67578
rawdata/DECam_01336450.fits.fz N4 1336450 300.0 60612.3595061 1.33 55.87057796021899 -12.430103748361887 55.87827083333333 -12.355 M438 0.110415764 24.727932 1.0261444 1.1017805 21.075638 2.1182163 decam 5.9515023 -16.555422 73 object IBIS_wide_M438_210050 210050 0.072678 924.0 1948.0 0.8457031 1.000207 -0.002588697 -0.36682278 0.0027583048 1.0003319 16709849273 141.6286
