logs/db-2025-10-16.ecsv
# %ECSV 1.0
# ---
# datatype:
# - {name: filename, datatype: string}
# - {name: extension, datatype: string}
# - {name: expnum, datatype: int64}
# - {name: exptime, datatype: float32}
# - {name: mjd_obs, datatype: float64}
# - {name: airmass, datatype: float32}
# - {name: racenter, datatype: float64}
# - {name: deccenter, datatype: float64}
# - {name: rabore, datatype: float64}
# - {name: decbore, datatype: float64}
# - {name: band, datatype: string}
# - {name: ebv, datatype: float32}
# - {name: zeropoint, datatype: float32}
# - {name: transparency, datatype: float32}
# - {name: seeing, datatype: float32}
# - {name: sky, datatype: float32}
# - {name: expfactor, datatype: float32}
# - {name: camera, datatype: string}
# - {name: dx, datatype: float32}
# - {name: dy, datatype: float32}
# - {name: nmatched, datatype: int64}
# - {name: obstype, datatype: string}
# - {name: object, datatype: string}
# - {name: tileid, datatype: int64}
# - {name: tileebv, datatype: float32}
# - {name: affine_x0, datatype: float32}
# - {name: affine_y0, datatype: float32}
# - {name: affine_dx, datatype: float32}
# - {name: affine_dxx, datatype: float32}
# - {name: affine_dxy, datatype: float32}
# - {name: affine_dy, datatype: float32}
# - {name: affine_dyx, datatype: float32}
# - {name: affine_dyy, datatype: float32}
# - {name: checksum, datatype: string}
# - {name: efftime, datatype: float32}
# schema: astropy-2.0
filename extension expnum exptime mjd_obs airmass racenter deccenter rabore decbore band ebv zeropoint transparency seeing sky expfactor camera dx dy nmatched obstype object tileid tileebv affine_x0 affine_y0 affine_dx affine_dxx affine_dxy affine_dy affine_dyx affine_dyy checksum efftime
[from data line 43]
rawdata/DECam_01426290.fits.fz N4 1426290 400.9176 60965.16795235 1.04 12.510513833552805 -14.3021037313598 12.518266666666667 -14.227 M490 0.021947946 25.048166 1.0725517 1.1520953 21.70778 1.0177361 decam 8.29656 -10.811678 116 object IBIS_wide_M490_403837 403837 0.022348 924.0 1948.0 -0.151562 1.0001686 -0.000811557 -0.3250954 0.0007724294 1.0000956 16604801397 393.9308
rawdata/DECam_01426291.fits.fz N4 1426291 410.2074 60965.17296388 1.05 9.143513494505457 -14.551103729077727 9.151275 -14.475999999999999 M490 0.022228546 25.039728 1.0661827 1.1540623 21.673954 1.0700254 decam 21.45888 -1.6021254 117 object IBIS_wide_M490_400863 400863 0.021653 924.0 1948.0 -0.06920024 1.0000737 -0.00088300183 -0.053071767 0.0007389768 0.99995553 16688637903 383.36227
rawdata/DECam_01426292.fits.fz N4 1426292 403.8374 60965.1782017 1.04 14.85751394590624 -14.419103730288139 14.865270833333334 -14.344 M490 0.020701688 25.05024 1.0746017 1.1660843 21.711105 1.0354064 decam 7.010778 15.0326185 106 object IBIS_wide_M490_400847 400847 0.022834 924.0 1948.0 0.09356882 1.0002762 -0.00093452714 -0.23575157 0.001009683 1.0000167 16630515648 390.02792
rawdata/DECam_01426293.fits.fz N4 1426293 340.4179 60965.18318882 1.04 16.086502905290274 -14.615103728490341 16.09426666666667 -14.54 M490 0.0215062 25.067019 1.0913383 1.0999744 21.718903 0.8870995 decam 13.294515 13.748165 94 object IBIS_wide_M490_400846 400846 0.020878 924.0 1948.0 0.046488088 1.0001544 -0.0010453723 -0.20885661 0.0011789016 1.0000095 16424336611 383.7426
rawdata/DECam_01426294.fits.fz N4 1426294 315.048 60965.1874497 1.04 17.14449736258087 -15.002103724931139 17.152275000000003 -14.927 M490 0.02498017 25.04172 1.0662025 1.0641235 21.71348 0.87430245 decam 16.129925 17.004583 98 object IBIS_wide_M490_403746 403746 0.022894 924.0 1948.0 -0.061207317 1.000299 -0.0008572175 -0.13867557 0.0010513655 0.99998957 16326216242 360.34213
rawdata/DECam_01426295.fits.fz N4 1426295 389.4976 60965.19139529 1.05 18.4155294741954 -13.965103734440358 18.423270833333333 -13.89 M490 0.02092486 25.047958 1.0742953 1.0714799 21.707762 0.880902 decam 13.633045 16.030642 97 object IBIS_wide_M490_401068 401068 0.021251 924.0 1948.0 0.33784088 1.0000584 -0.0011577572 -0.32648918 0.0011108473 1.0001165 16566398772 442.15768
rawdata/DECam_01426296.fits.fz N4 1426296 304.8081 60965.19621758 1.05 19.34653581925794 -13.900103735033486 19.354274999999998 -13.825 M490 0.022146506 25.052689 1.0789859 1.0135024 21.73028 0.7654718 decam 20.408602 18.395672 112 object IBIS_wide_M490_404052 404052 0.021834 924.0 1948.0 0.39930293 1.000264 -0.0012785557 -0.050054118 0.0012369268 1.0000361 16328726594 398.19638
rawdata/DECam_01426297.fits.fz N4 1426297 304.0381 60965.20006436 1.05 20.290550342035612 -13.328103740238879 20.298270833333333 -13.253 M490 0.021452716 25.059607 1.0858823 1.024087 21.714834 0.78266555 decam 18.84813 20.281214 99 object IBIS_wide_M490_401070 401070 0.021526 924.0 1948.0 0.3652477 1.0000019 -0.0011332497 0.058178775 0.0012243739 1.0000484 16405119671 388.4649
rawdata/DECam_01426298.fits.fz N4 1426298 297.278 60965.20390135 1.05 20.28150533736034 -14.664103728040391 20.289270833333333 -14.589 M490 0.02181713 25.048653 1.0749816 1.0386105 21.736845 0.80489343 decam 22.047386 18.52232 102 object IBIS_wide_M490_401063 401063 0.021043 924.0 1948.0 0.20364939 1.0001657 -0.0012006415 -0.50794244 0.0010412401 0.99993044 16343679124 369.33835
rawdata/DECam_01426299.fits.fz N4 1426299 276.1982 60965.20766286 1.05 21.712511887539126 -14.478103729747295 21.720270833333334 -14.403 M490 0.01758793 25.064264 1.0905508 0.9378061 21.739393 0.63647074 decam 19.158554 22.03157 100 object IBIS_wide_M490_401062 401062 0.018764 924.0 1948.0 0.016116858 1.0001605 -0.0012999955 -0.15342672 0.0012619289 1.0000373 16199468195 433.9527
rawdata/DECam_01426300.fits.fz N4 1426300 249.3784 60965.21117995 1.05 21.999506249913416 -14.520103729362116 22.007266666666666 -14.445 M490 0.017107414 25.063162 1.0894438 0.95304215 21.765095 0.643189 decam 17.40792 17.881313 90 object IBIS_wide_M490_404048 404048 0.018498 924.0 1948.0 0.27140677 1.0003041 -0.0013133364 -0.22277395 0.0010793873 0.99996156 16098222911 387.7218
rawdata/DECam_01426301.fits.fz N4 1426301 275.2182 60965.21439651 1.06 23.10053860115289 -13.563103738103342 23.10826666666667 -13.488 M490 0.019780412 25.154936 1.1876881 1.3254092 21.772858 1.2143121 decam 11.945087 25.248102 145 object IBIS_wide_M490_404059 404059 0.019218 924.0 1948.0 -0.17819756 1.000427 -0.0011949097 -0.16537793 0.0012525253 1.0001342 16170289710 226.64537
rawdata/DECam_01426302.fits.fz N4 1426302 298.0181 60965.21790305 1.05 24.180497753575338 -14.760103727158278 24.18826666666667 -14.685 M490 0.016314302 25.052124 1.0784249 1.020748 21.750566 0.7628495 decam 12.313276 25.801088 97 object IBIS_wide_M490_404035 404035 0.016928 924.0 1948.0 0.42400774 1.000027 -0.001410518 -0.34952727 0.0013912889 0.99995774 16344372910 390.66437
rawdata/DECam_01426303.fits.fz N4 1426303 291.5681 60965.2216746 1.06 24.304536405728108 -13.757103736337205 24.312270833333333 -13.682 M490 0.020906312 25.047138 1.0754334 1.0249882 21.746323 0.7793235 decam 13.518007 28.375278 108 object IBIS_wide_M490_404038 404038 0.018673 924.0 1948.0 0.1582131 1.0000895 -0.0014320307 -0.54379654 0.0016494637 1.0000979 16303496626 374.12973
rawdata/DECam_01426304.fits.fz N4 1426304 315.878 60965.22535968 1.05 26.180512931565815 -14.56710372893091 26.188274999999997 -14.492 M490 0.014738303 25.056479 1.0827577 1.0695683 21.747871 0.83276266 decam 11.335905 30.771389 82 object IBIS_wide_M490_401047 401047 0.015311 924.0 1948.0 0.5064812 1.0003337 -0.0014801308 -0.33261546 0.0016075384 1.0000907 17094434548 379.31335
rawdata/DECam_01426305.fits.fz N4 1426305 291.0081 60965.22935246 1.06 27.118540156283085 -13.643103737375391 27.126270833333333 -13.568 M490 0.013675847 25.048616 1.0768987 1.0123599 21.755302 0.7519702 decam 17.093227 29.261824 77 object IBIS_wide_M490_404034 404034 0.015983 924.0 1948.0 -0.20803973 1.0001497 -0.0015754706 -0.090992875 0.0014455738 1.0000457 16212498645 386.9942
rawdata/DECam_01426306.fits.fz N4 1426306 364.7277 60965.23303072 1.06 26.483529284412153 -14.094103733262228 26.491274999999998 -14.019 M490 0.014722542 25.052395 1.0806531 1.1667671 21.764507 0.9829503 decam 7.0593996 31.634428 96 object IBIS_wide_M490_404033 404033 0.015038 924.0 1948.0 0.508712 1.0000883 -0.0015416509 -0.15300971 0.0013504548 1.0000272 16611307005 371.05405
rawdata/DECam_01426307.fits.fz N4 1426307 399.7875 60965.23755964 1.06 28.114534152233077 -13.825103735717455 28.122270833333335 -13.75 M490 0.014558769 25.035788 1.0642492 1.222827 21.79041 1.0867941 decam 7.4425282 33.87228 89 object IBIS_wide_M490_401089 401089 0.015689 924.0 1948.0 1.0212263 0.9997934 -0.0015382819 -0.2943321 0.0014410828 0.99999887 16503417651 367.85947
rawdata/DECam_01426308.fits.fz N4 1426308 400.5675 60965.24249807 1.07 28.348542637642435 -13.56710373806696 28.356270833333333 -13.492 M490 0.01794769 25.042534 1.072826 1.2848706 21.79528 1.1795663 decam 10.836211 35.452072 93 object IBIS_wide_M490_404075 404075 0.016945 924.0 1948.0 0.29190826 1.0002793 -0.0015244586 -0.089470714 0.001624997 1.0001036 16500719103 339.5888
rawdata/DECam_01426309.fits.fz N4 1426309 430.4574 60965.24744139 1.07 29.771504655781687 -14.800103726790498 29.779275 -14.725 M490 0.01474236 25.045578 1.0758381 1.3344239 21.818214 1.2386093 decam 7.458054 31.635715 110 object IBIS_wide_M490_405966 405966 0.017025 924.0 1948.0 0.49653786 1.0000048 -0.0015957454 -0.43654993 0.0016482936 1.0000876 16567080604 347.53284
rawdata/DECam_01426310.fits.fz N4 1426310 671.686 60965.25273011 1.08 29.93554107223582 -13.615103737630228 29.943270833333333 -13.54 M490 0.01957228 25.052849 1.0850346 1.4991363 21.78434 1.5908695 decam 10.2280035 40.605145 95 object IBIS_wide_M490_405969 405969 0.018027 924.0 1948.0 0.26209015 0.99993783 -0.0013871164 -0.19668846 0.0014606102 1.0000187 17394653354 422.21313
rawdata/DECam_01426311.fits.fz N4 1426311 526.5568 60965.26084065 1.09 32.42559061958816 -11.994103752285346 32.43327083333333 -11.919 M490 0.020384973 24.99414 1.0297891 1.430947 21.767424 1.6405127 decam 9.458546 33.183147 85 object IBIS_wide_M490_405983 405983 0.02094 924.0 1948.0 0.1453916 1.00041 -0.001654627 -0.18489821 0.0016695367 0.999849 17014538594 320.9709
rawdata/DECam_01426312.fits.fz N4 1426312 800.0 60965.26862625 1.09 32.84654205696882 -13.712103736747135 32.854274999999994 -13.637 M490 0.023359904 25.007029 1.0420864 1.893312 21.788034 2.7503848 decam -5.125567 -7.8231096 97 object IBIS_wide_M490_402956 402956 0.021816 924.0 1948.0 0.3163989 0.9998818 -0.0018965855 -0.82718766 0.001929411 1.0002004 17638951427 290.8684
rawdata/DECam_01426313.fits.fz N4 1426313 800.0 60965.27822367 1.11 33.36554803929437 -13.529103738412575 33.373275 -13.454 M490 0.019561717 24.983488 1.0234424 2.1169565 21.77568 3.631499 decam -11.344888 -13.996658 79 object IBIS_wide_M490_402967 402967 0.02144 924.0 1948.0 0.01981678 0.9998381 -0.0016246495 -0.32990757 0.0021784324 0.9999548 17635383231 220.29471
rawdata/DECam_01426314.fits.fz N4 1426314 800.0 60965.28779847 1.12 34.911509953249244 -14.414103730333956 34.919266666666665 -14.339 M490 0.022178236 24.96527 1.0082397 1.9290197 21.769356 3.1368258 decam -5.893787 -18.06691 75 object IBIS_wide_M490_405956 405956 0.021196 924.0 1948.0 -0.50725573 1.0000663 -0.0020153613 -0.2743189 0.0018895325 1.0000263 18732585151 255.03488
rawdata/DECam_01426315.fits.fz N4 1426315 800.0 60965.29738355 1.13 36.65250967932728 -14.541103729169471 36.660270833333335 -14.466 M490 0.019253945 24.978277 1.022245 1.7450049 21.810118 2.4141498 decam -7.133621 -21.685303 84 object IBIS_wide_M490_406901 406901 0.020388 924.0 1948.0 0.17039818 0.9999892 -0.0018718623 -0.44653335 0.0020693527 1.0000393 18250634253 331.3796
rawdata/DECam_01426316.fits.fz N4 1426316 536.7272 60965.3069727 1.16 38.08154956153039 -13.482103738839896 38.089275 -13.407 M490 0.02162205 25.01932 1.067422 1.4224637 21.806904 1.492402 decam -13.367548 -17.694399 102 object IBIS_wide_M490_406905 406905 0.019936 924.0 1948.0 0.49372923 0.9999995 -0.0020178054 0.0772335 0.0018591955 1.0000498 16883835577 359.63983
rawdata/DECam_01426317.fits.fz N4 1426317 421.2979 60965.31351643 1.16 40.56653589135623 -13.646103737348083 40.57426666666666 -13.571 M490 0.027074922 25.009434 1.0577469 1.2261053 21.780874 1.1570865 decam -5.4196086 -20.850868 97 object IBIS_wide_M490_409884 409884 0.028486 924.0 1948.0 -0.40110874 0.9999053 -0.0020586406 -0.802786 0.002377717 1.000081 16888298858 364.10233
rawdata/DECam_01426318.fits.fz N4 1426318 501.9373 60965.31871756 1.15 41.95349732543828 -14.888103725980914 41.96127083333334 -14.813 M490 0.025703207 25.011068 1.0574201 1.1849468 21.81385 1.0453484 decam -6.370949 -22.76556 90 object IBIS_wide_M490_409802 409802 0.025386 924.0 1948.0 0.37341222 1.000102 -0.0020761995 0.012172281 0.0021398107 1.0000087 16746387280 480.16266
rawdata/DECam_01426319.fits.fz N4 1426319 389.2479 60965.32485323 1.16 43.207495409946084 -14.941103725492999 43.215270833333335 -14.866 M490 0.03224282 25.03234 1.0802982 1.1548986 21.83918 0.9329187 decam -3.8233676 -20.924446 103 object IBIS_wide_M490_409843 409843 0.033332 924.0 1948.0 -0.5947609 1.000184 -0.0022052894 -0.6725385 0.0023136458 1.0000523 16419896328 417.23666
rawdata/DECam_01426320.fits.fz N4 1426320 463.6073 60965.33028369 1.17 47.66762018107713 -11.222103759201637 47.67527916666667 -11.147 M490 0.07674896 25.032234 1.0821561 1.0563776 21.775845 0.8278891 decam -1.9379948 -21.473082 108 object IBIS_wide_M490_409863 409863 0.072398 924.0 1948.0 0.5547531 1.0000465 -0.0022633888 -0.4030216 0.00218518 1.0001949 16798192045 559.98724
rawdata/DECam_01426321.fits.fz N4 1426321 414.4977 60965.3359847 1.18 46.53855485969564 -13.317103740338741 46.546275 -13.242 M490 0.07978597 24.999481 1.0519055 1.0023522 21.760735 0.8030235 decam -5.912609 -23.54649 97 object IBIS_wide_M490_406867 406867 0.068692 924.0 1948.0 0.388617 1.0001135 -0.0022633858 -0.09875192 0.0024368216 1.0000875 17397592180 516.17126
rawdata/DECam_01426322.fits.fz N4 1426322 372.6279 60965.34111691 1.17 48.51051383355281 -14.3021037313598 48.51826666666667 -14.227 M490 0.048450384 25.027 1.0769521 1.0472817 21.782772 0.81638265 decam 3.0382762 -17.299004 105 object IBIS_wide_M490_409829 409829 0.047052 924.0 1948.0 -0.7588161 1.0000927 -0.0023055794 0.017106693 0.0022541592 1.0001167 16436987225 456.4378
rawdata/DECam_01426323.fits.fz N4 1426323 499.787 60965.34578955 1.16 51.794545042800586 -13.621103737575627 51.802275 -13.546 M490 0.076865345 25.017206 1.0653458 1.0676771 21.751831 0.88883454 decam 7.9406824 -14.199728 115 object IBIS_wide_M490_409826 409826 0.072887 924.0 1948.0 -0.6294574 0.9998259 -0.0022753768 0.108858325 0.0022459475 1.000138 16907565593 562.29474
rawdata/DECam_01426324.fits.fz N4 1426324 479.2571 60965.35190392 1.16 53.144497362580864 -15.002103724931139 53.152275 -14.927 M490 0.071563 25.019016 1.0671239 1.0285622 21.739447 0.83172756 decam 5.300015 -21.527939 109 object IBIS_wide_M490_409738 409738 0.077409 924.0 1948.0 -0.018701999 1.0001335 -0.0022368329 -0.328341 0.00244223 1.000057 16836114547 576.2189
rawdata/DECam_01426325.fits.fz N4 1426325 427.6974 60965.35779838 1.15 56.03350058951737 -14.913103725750796 56.041275 -14.838 M490 0.041493464 25.012379 1.058696 1.0358669 21.73338 0.8587197 decam 4.73519 -18.342482 115 object IBIS_wide_M490_410038 410038 0.056353 924.0 1948.0 -0.036679823 1.0001222 -0.0026535837 -0.5720592 0.0027164328 1.0000747 16739102949 498.06406
rawdata/DECam_01426326.fits.fz N4 1426326 150.0 60965.36541193 1.35 136.96453759435042 -37.21315959401179 136.97397083333334 -37.13805611111111 M490 0.32769462 24.94268 1.0295604 1.5042877 21.205029 3.3455732 decam 17.105225 -357.65988 1742 object "Pyxis position 0" 0 0.0 924.0 1948.0 0.02789824 1.0000023 -0.0024758128 -0.20675124 0.0023651216 1.0001235 16207527718 44.835365
rawdata/DECam_01426327.fits.fz N4 1426327 150.0 60965.36793391 1.33 136.917366901674 -37.17867959447889 136.92679583333333 -37.10357611111111 M490 0.338056 24.958689 1.0410695 1.1754923 21.061918 2.2646024 decam 17.84934 -36.768482 1903 object "Pyxis position 1" 0 0.0 924.0 1948.0 0.6649842 1.0000031 -0.0023602205 -0.55024385 0.002314772 1.0001966 16482332479 66.23679
rawdata/DECam_01426328.fits.fz N4 1426328 150.0 60965.37000433 1.32 136.97244942309567 -37.28505153748091 136.98189166666666 -37.20994805555556 M490 0.32559648 24.848629 0.9390041 1.1690143 20.764599 3.607257 decam 22.427866 -27.281857 1812 object "Pyxis position 2" 0 0.0 924.0 1948.0 0.20003279 1.0001452 -0.0023967908 -0.15749922 0.002240464 1.0001985 17086111518 41.582844
rawdata/DECam_01426329.fits.fz N4 1426329 150.0 60965.37206814 1.31 137.03194218502597 -37.1429954282952 137.04136666666668 -37.06789194444445 M490 0.31419104 24.520208 0.6926461 1.1761906 20.37725 9.553419 decam 33.05528 -27.477839 1470 object "Pyxis position 3" 0 0.0 924.0 1948.0 0.09316823 1.0000186 -0.002363002 -0.28170574 0.0024091771 1.0002022 17090075584 15.701185
rawdata/DECam_01426330.fits.fz N4 1426330 150.0 60965.37415668 1.29 136.83843121234534 -37.23087042710502 136.84786666666668 -37.155766944444444 M490 0.36645448 24.58709 0.73398656 1.1359322 20.066244 10.492094 decam 20.863785 -20.94298 1567 object "Pyxis position 4" 0 0.0 924.0 1948.0 0.6003255 1.0000873 -0.002270438 -0.37239927 0.0023834687 1.0001165 17489585634 14.296479
