logs/db-2024-06-02.ecsv
# %ECSV 1.0
# ---
# datatype:
# - {name: filename, datatype: string}
# - {name: extension, datatype: string}
# - {name: expnum, datatype: int64}
# - {name: exptime, datatype: float32}
# - {name: mjd_obs, datatype: float64}
# - {name: airmass, datatype: float32}
# - {name: racenter, datatype: float64}
# - {name: deccenter, datatype: float64}
# - {name: rabore, datatype: float64}
# - {name: decbore, datatype: float64}
# - {name: band, datatype: string}
# - {name: ebv, datatype: float32}
# - {name: zeropoint, datatype: float32}
# - {name: transparency, datatype: float32}
# - {name: seeing, datatype: float32}
# - {name: sky, datatype: float32}
# - {name: expfactor, datatype: float32}
# - {name: camera, datatype: string}
# - {name: dx, datatype: float32}
# - {name: dy, datatype: float32}
# - {name: nmatched, datatype: int64}
# - {name: obstype, datatype: string}
# - {name: object, datatype: string}
# - {name: tileid, datatype: int64}
# - {name: tileebv, datatype: float32}
# - {name: affine_x0, datatype: float32}
# - {name: affine_y0, datatype: float32}
# - {name: affine_dx, datatype: float32}
# - {name: affine_dxx, datatype: float32}
# - {name: affine_dxy, datatype: float32}
# - {name: affine_dy, datatype: float32}
# - {name: affine_dyx, datatype: float32}
# - {name: affine_dyy, datatype: float32}
# - {name: checksum, datatype: string}
# - {name: efftime, datatype: float32}
# schema: astropy-2.0
filename extension expnum exptime mjd_obs airmass racenter deccenter rabore decbore band ebv zeropoint transparency seeing sky expfactor camera dx dy nmatched obstype object tileid tileebv affine_x0 affine_y0 affine_dx affine_dxx affine_dxy affine_dy affine_dyx affine_dyy checksum efftime
[from data line 45]
rawdata/DECam_01302380.fits.fz N4 1302380 476.0 60464.15324427 1.2 221.4247666161588 0.055896142599292126 221.43227916666666 0.131 M411 0.043753937 24.253496 0.84496427 1.3331293 22.22025 1.5252597 decam -15.181921 -7.3061886 132 object IBIS_deep_desi220_M411_90 0 0.0 924.0 1948.0 -0.22667503 1.0001757 0.0010829912 0.35465488 -0.0010596425 1.0001678 15950926106 312.078
rawdata/DECam_01302381.fits.fz N4 1302381 473.0 60464.15912794 1.21 220.79676244678376 -0.07410385628322036 220.80427500000002 0.001 M411 0.038385585 24.21882 0.82091916 1.2178174 22.206656 1.3742409 decam -12.952338 5.139561 121 object IBIS_deep_desi220_M411_12 0 0.0 924.0 1948.0 0.1088832 0.99965924 0.0011100344 0.29548478 -0.0014047647 0.9999131 16004743290 344.19
rawdata/DECam_01302382.fits.fz N4 1302382 500.0 60464.16499696 1.23 220.50376657617804 -0.19510385524309173 220.51127916666667 -0.12000000000000001 M411 0.038058136 24.206944 0.8169838 1.2611537 22.200281 1.5150828 decam -26.166996 -0.9347844 107 object IBIS_deep_desi220_M411_11 0 0.0 924.0 1948.0 -0.3157198 1.0000323 0.0012874529 0.12514246 -0.0010621818 0.99995446 15981611410 330.01495
rawdata/DECam_01302383.fits.fz N4 1302383 500.0 60464.17114697 1.24 221.59677066709966 0.32289614030411645 221.60428333333334 0.39799999999999996 M464 0.042637058 24.701172 0.83128345 1.2083061 21.944933 1.629023 decam -28.007133 -4.1283135 177 object IBIS_deep_desi220_M464_91 0 0.0 924.0 1948.0 -0.035414703 0.9999068 0.0010399834 0.22519282 -0.00068182294 1.0000215 16658870477 306.93243
rawdata/DECam_01302384.fits.fz N4 1302384 500.0 60464.17730874 1.26 221.05077077076493 0.11689614207493156 221.05828333333332 0.192 M411 0.048537035 24.28849 0.8888495 1.374823 22.194914 1.5566639 decam -32.407513 -18.014496 108 object IBIS_deep_desi220_M411_13 0 0.0 924.0 1948.0 -0.2524871 1.0003477 0.0012319052 -0.005972098 -0.00091028423 0.99997056 16116989527 321.19974
rawdata/DECam_01302385.fits.fz N4 1302385 500.0 60464.18346062 1.29 221.715766182852 0.6178961377681039 221.72327916666666 0.693 M411 0.04809807 24.302494 0.90871143 1.4538244 22.164392 1.7444934 decam -23.90447 -16.337555 121 object IBIS_deep_desi220_M411_92 0 0.0 924.0 1948.0 -0.11378138 0.9999482 0.0011828804 0.18561384 -0.0014340542 1.0000812 16022174527 286.61618
rawdata/DECam_01302386.fits.fz N4 1302386 500.0 60464.18961259 1.31 221.25177063654002 0.36189613996885833 221.25928333333334 0.437 M411 0.05037766 24.249725 0.8709284 1.2499443 22.161255 1.4258641 decam -26.823202 -31.16036 124 object IBIS_deep_desi220_M411_14 0 0.0 924.0 1948.0 -0.2569304 1.0002153 0.0012351386 0.18947572 -0.0011370083 1.0000246 16003002066 350.66455
rawdata/x1.fits.fz N4 1302363 500.0 60464.02267619 1.33 219.39177025867292 -0.6791038510823347 219.39928333333333 -0.604 M411 0.035652008 24.252342 0.8784012 1.3482366 22.17072 1.5684937 decam 8.354811 -16.397238 109 object IBIS_deep_desi220_M411_68 0 0.0 924.0 1948.0 0.3172324 1.0001867 0.0013861823 0.12721618 -0.0016424182 1.0002432 16006087097 318.7772
rawdata/x4.fits.fz N4 1302363 500.0 60464.02267619 1.33 219.39177025867292 -0.6791038510823347 219.39928333333333 -0.604 M411 0.035652008 24.252342 0.8784012 1.3482366 22.17072 1.5684937 decam 8.354811 -16.397238 109 object IBIS_deep_desi220_M411_68 0 0.0 924.0 1948.0 0.3172324 1.0001867 0.0013861823 0.12721618 -0.0016424182 1.0002432 16006087097 318.7772
