logs/db-2026-03-13.ecsv
# %ECSV 1.0
# ---
# datatype:
# - {name: filename, datatype: string}
# - {name: extension, datatype: string}
# - {name: expnum, datatype: int64}
# - {name: exptime, datatype: float32}
# - {name: mjd_obs, datatype: float64}
# - {name: airmass, datatype: float32}
# - {name: racenter, datatype: float64}
# - {name: deccenter, datatype: float64}
# - {name: rabore, datatype: float64}
# - {name: decbore, datatype: float64}
# - {name: band, datatype: string}
# - {name: ebv, datatype: float32}
# - {name: zeropoint, datatype: float32}
# - {name: transparency, datatype: float32}
# - {name: seeing, datatype: float32}
# - {name: sky, datatype: float32}
# - {name: expfactor, datatype: float32}
# - {name: camera, datatype: string}
# - {name: dx, datatype: float32}
# - {name: dy, datatype: float32}
# - {name: nmatched, datatype: int64}
# - {name: obstype, datatype: string}
# - {name: object, datatype: string}
# - {name: tileid, datatype: int64}
# - {name: tileebv, datatype: float32}
# - {name: affine_x0, datatype: float32}
# - {name: affine_y0, datatype: float32}
# - {name: affine_dx, datatype: float32}
# - {name: affine_dxx, datatype: float32}
# - {name: affine_dxy, datatype: float32}
# - {name: affine_dy, datatype: float32}
# - {name: affine_dyx, datatype: float32}
# - {name: affine_dyy, datatype: float32}
# - {name: checksum, datatype: string}
# - {name: efftime, datatype: float32}
# schema: astropy-2.0
filename extension expnum exptime mjd_obs airmass racenter deccenter rabore decbore band ebv zeropoint transparency seeing sky expfactor camera dx dy nmatched obstype object tileid tileebv affine_x0 affine_y0 affine_dx affine_dxx affine_dxy affine_dy affine_dyx affine_dyy checksum efftime
[from data line 81]
/home/declsp/obsbot/rawdata/DECam_01463003.fits.fz N4 1463003 380.6875 61113.28324629 1.11 202.85674439105745 -3.969103822746909 202.86427500000002 -3.894 M517 0.03664665 25.018206 1.0067892 0.95802724 21.339628 1.4402055 decam -27.282495 35.170845 193 object IBIS_wide_M517_534211 534211 0.035791 924.0 1948.0 -0.22267175 1.0001159 0.0008755496 0.036767878 -0.00088544533 1.0001345 17281331727 264.3286
/home/declsp/obsbot/rawdata/DECam_01463004.fits.fz N4 1463004 353.4777 61113.28797227 1.11 204.92273434576944 -4.568103817569139 204.93027083333334 -4.493 M517 0.028888457 25.006308 0.9958161 1.0116904 21.351292 1.5468482 decam -20.407377 29.194536 204 object IBIS_wide_M517_534188 534188 0.030553 924.0 1948.0 -0.5785572 0.99991214 0.00094108033 0.081872985 -0.0007666841 1.0000833 16915351260 228.51479
/home/declsp/obsbot/rawdata/DECam_01463005.fits.fz N4 1463005 342.1978 61113.29238001 1.11 206.7627416685233 -4.257103820258437 206.770275 -4.182 M517 0.03905685 25.015469 1.0042529 0.9639986 21.354849 1.46706 decam -18.142433 32.361954 162 object IBIS_wide_M517_531200 531200 0.032938 924.0 1948.0 -0.18660879 1.000065 0.000998579 -0.04830235 -0.0012836099 1.0000042 16848859040 233.25414
/home/declsp/obsbot/rawdata/DECam_01463006.fits.fz N4 1463006 328.2079 61113.29665836 1.1 207.68172930168225 -5.699103807768207 207.68927916666667 -5.624 M517 0.031119347 25.019655 1.0065202 0.9755982 21.34351 1.43371 decam -12.877179 31.866976 186 object IBIS_wide_M517_534097 534097 0.027857 924.0 1948.0 -0.084870346 1.0001715 0.0009927104 0.14424312 -0.0010271572 0.9999296 16829671636 228.92209
/home/declsp/obsbot/rawdata/DECam_01463007.fits.fz N4 1463007 356.4277 61113.30077711 1.11 208.83673956706087 -4.855103815085307 208.84427916666667 -4.78 M517 0.026813498 25.015848 1.0046054 0.9332117 21.34946 1.2792945 decam -14.778251 41.31986 182 object IBIS_wide_M517_531269 531269 0.027738 924.0 1948.0 -0.27945235 1.0001047 0.0011716863 -0.021327335 -0.0011322085 1.0000671 16915447938 278.6127
/home/declsp/obsbot/rawdata/DECam_01463008.fits.fz N4 1463008 315.948 61113.30522963 1.11 211.57573948876166 -4.8621038150247005 211.58327916666667 -4.787 M517 0.02819043 25.010208 0.9993995 0.93466014 21.349497 1.3078175 decam -14.549617 35.743256 219 object IBIS_wide_M517_531265 531265 0.029126 924.0 1948.0 -0.3197174 1.0002733 0.0012054708 0.053147074 -0.0011257438 1.0000557 16798605114 241.58417
/home/declsp/obsbot/rawdata/DECam_01463009.fits.fz N4 1463009 359.5877 61113.30919867 1.1 212.28973417865174 -5.31510381109979 212.29727916666667 -5.24 M517 0.030472873 25.012583 0.9999838 0.9696139 21.3519 1.4180126 decam -9.893097 35.945766 212 object IBIS_wide_M517_531263 531263 0.030319 924.0 1948.0 -0.23174602 1.0002139 0.0012657127 0.20533563 -0.0011868584 1.0001719 16926860299 253.5857
/home/declsp/obsbot/rawdata/DECam_01463010.fits.fz N4 1463010 391.5475 61113.31368635 1.1 213.03873455553153 -4.9301038144358795 213.046275 -4.855 M517 0.039347813 25.020174 1.0070001 0.96662045 21.355665 1.4638567 decam -17.386518 33.66382 230 object IBIS_wide_M517_531264 531264 0.034476 924.0 1948.0 -0.5618986 1.0001658 0.0012811814 0.074738465 -0.001221743 1.0000501 17075733424 267.47665
/home/declsp/obsbot/rawdata/DECam_01463011.fits.fz N4 1463011 350.9077 61113.31852204 1.1 214.14573188282284 -5.160103812443375 214.153275 -5.085 M517 0.037068117 25.01781 1.0048101 0.96158075 21.346523 1.4465506 decam -15.288673 35.501522 233 object IBIS_wide_M517_534241 534241 0.038652 924.0 1948.0 -0.29369527 1.00005 0.0013167232 0.14463663 -0.0010873638 1.0000875 17119251478 242.5824
/home/declsp/obsbot/rawdata/DECam_01463012.fits.fz N4 1463012 414.1274 61113.32290218 1.09 215.96870742945046 -6.648103799514909 215.97627083333333 -6.573 M517 0.057059184 25.02445 1.0093558 1.0102154 21.361372 1.7622164 decam -20.014257 33.71539 240 object IBIS_wide_M517_530956 530956 0.04527 924.0 1948.0 -0.48047522 1.0001001 0.001429482 -0.03864157 -0.0011136585 1.0001299 17324081805 235.00371
/home/declsp/obsbot/rawdata/DECam_01463013.fits.fz N4 1463013 383.9877 61113.32800155 1.09 216.014717936108 -6.222103803223431 216.02227499999998 -6.147 M517 0.04419426 25.026024 1.0108197 0.98637813 21.359667 1.5484364 decam -19.573757 38.75706 220 object IBIS_wide_M517_540225 540225 0.045322 924.0 1948.0 -0.08968366 1.000248 0.0014038588 0.046800178 -0.001398014 1.000089 17042616058 247.98416
/home/declsp/obsbot/rawdata/DECam_01463014.fits.fz N4 1463014 543.0468 61113.33276275 1.11 218.11473436220666 -4.947103814288655 218.122275 -4.872 M517 0.066440694 25.01951 1.0079982 1.0913453 21.356564 2.209678 decam -18.869572 36.65866 219 object IBIS_wide_M517_536960 536960 0.072569 924.0 1948.0 -0.012528719 1.0003858 0.0014065313 0.08317242 -0.0017568257 0.99998516 17723903105 245.75836
/home/declsp/obsbot/rawdata/DECam_01463015.fits.fz N4 1463015 433.6976 61113.33935931 1.1 217.87671134988338 -6.388103801779063 217.88427083333335 -6.313 M517 0.053392496 25.016493 1.0035921 1.0381422 21.353338 1.8591765 decam -20.64859 40.959724 235 object IBIS_wide_M517_539933 539933 0.05791 924.0 1948.0 -0.2917951 1.0002203 0.001337578 0.022028806 -0.0009983449 0.999989 17259911162 233.27403
/home/declsp/obsbot/rawdata/DECam_01463016.fits.fz N4 1463016 491.4372 61113.3446849 1.1 220.1867242078028 -5.447103809955042 220.19427083333335 -5.372 M517 0.06268118 25.021084 1.0078443 1.0311924 21.330664 1.9683212 decam -19.169647 44.65745 242 object IBIS_wide_M517_536955 536955 0.067676 924.0 1948.0 -0.13117534 1.000195 0.0015137743 0.10176059 -0.0016771998 1.0000464 17549947710 249.67328
/home/declsp/obsbot/rawdata/DECam_01463017.fits.fz N4 1463017 573.4268 61113.35068831 1.1 220.21871563962029 -6.656103799445203 220.22627916666667 -6.5809999999999995 M517 0.059285037 25.02259 1.0092441 1.1292303 21.337416 2.2892442 decam -13.882375 46.376465 280 object IBIS_wide_M517_536936 536936 0.063876 924.0 1948.0 -0.19217986 1.0003227 0.0013409335 0.16378926 -0.0013388273 1.0000088 17954439625 250.4874
/home/declsp/obsbot/rawdata/DECam_01463018.fits.fz N4 1463018 510.6171 61113.3591002 1.1 221.9657119388539 -6.348103802127189 221.97327083333332 -6.273 M517 0.065729246 25.016304 1.0034181 1.0657984 21.341301 2.1406126 decam -9.117134 -2.4678636 244 object IBIS_wide_M517_539923 539923 0.068287 924.0 1948.0 -0.35560837 1.0001539 0.0014365047 0.23231244 -0.0014924976 1.0001281 17602896948 238.53784
/home/declsp/obsbot/rawdata/DECam_01463019.fits.fz N4 1463019 578.7767 61113.36532356 1.12 221.26672157078198 -5.653103808167534 221.27427083333333 -5.578 M517 0.055215523 25.018337 1.0085263 1.116375 21.31624 2.2418106 decam -2.1393862 6.3700004 225 object IBIS_wide_M517_539925 539925 0.064252 924.0 1948.0 -0.31293544 1.0001192 0.0015016599 0.102971286 -0.0012916172 1.0001643 18078949441 258.17377
/home/declsp/obsbot/rawdata/DECam_01463020.fits.fz N4 1463020 775.8957 61113.37234419 1.14 223.40374404284273 -4.007103822418671 223.41127500000002 -3.932 M517 0.08808268 25.02571 1.0186557 1.1061164 21.320507 2.6555574 decam -12.152563 8.96852 247 object IBIS_wide_M517_540427 540427 0.099106 924.0 1948.0 -0.5381843 1.0003909 0.0014896701 0.11659214 -0.0016391817 1.0001594 18847344455 292.1781
/home/declsp/obsbot/rawdata/DECam_01463021.fits.fz N4 1463021 800.0 61113.38164903 1.15 226.18275784368035 -2.768103833106921 226.19027916666667 -2.693 M517 0.10632953 25.01506 1.0103317 1.2072406 21.29857 3.6880112 decam -5.139507 9.891542 269 object IBIS_wide_M517_540440 540440 0.10633 924.0 1948.0 -0.5353315 1.000215 0.0016561097 0.10663087 -0.0017256319 1.0000368 19091005938 216.91908
/home/declsp/obsbot/rawdata/DECam_01463022.fits.fz N4 1463022 800.0 61113.39123359 1.17 223.64374644448924 -3.737103824750243 223.651275 -3.662 M517 0.106060855 25.009876 1.0087475 1.410295 21.172764 5.693322 decam -10.111967 12.892819 222 object IBIS_wide_M517_537444 537444 0.10488 924.0 1948.0 -0.3907837 1.0001124 0.0015221565 0.014609734 -0.001662215 1.0000439 19555681724 140.5155
/home/declsp/obsbot/rawdata/DECam_01463023.fits.fz N4 1463023 150.0 61113.4013689 1.42 242.7449975212446 14.882674067745997 242.75277083333333 14.957778055555556 M517 0.034399606 24.96284 1.0054662 1.5178945 20.741978 6.83433 decam -3.273772 -0.63122785 252 object "Pal14 position 0" 0 0.0 924.0 1948.0 -0.49853888 1.0000798 0.0022506965 -0.066932425 -0.0020449536 1.0000257 16520542715 21.948017
/home/declsp/obsbot/rawdata/DECam_01463024.fits.fz N4 1463024 150.0 61113.40342392 1.42 242.70604211022518 14.917142122984282 242.71381666666667 14.992246111111111 M517 0.033786226 24.968124 1.0103725 1.3689839 20.434793 7.279461 decam -2.8088548 -1.8185049 305 object "Pal14 position 1" 0 0.0 924.0 1948.0 -1.0188401 1.0001974 0.0022624042 -0.4497612 -0.0021543836 1.0000445 16968414128 20.60592
/home/declsp/obsbot/rawdata/DECam_01463025.fits.fz N4 1463025 150.0 61113.40547582 1.42 242.75152510637162 14.810781012851859 242.75929583333334 14.885885 M517 0.035507225 24.957287 1.0003378 1.6858046 20.04139 16.346298 decam -8.437804 -2.772556 177 object "Pal14 position 2" 0 0.0 924.0 1948.0 -0.24008512 1.0005108 0.0021786136 0.24940573 -0.0023142765 1.0001196 17518469012 9.17639
/home/declsp/obsbot/rawdata/DECam_01463026.fits.fz N4 1463026 150.0 61113.40753142 1.42 242.8006741524306 14.952812122655848 242.80845 15.02791611111111 M517 0.033765104 24.96222 1.0048933 1.6594293 19.565952 24.05676 decam -14.279871 -4.836555 237 object "Pal14 position 3" 0 0.0 924.0 1948.0 0.7553346 1.0004064 0.002167922 -0.03801412 -0.001984617 1.0000358 18733374775 6.2352533
/home/declsp/obsbot/rawdata/DECam_01463027.fits.fz N4 1463027 15.0 61113.41151683 1.49 189.70078795747543 -49.79143632983654 189.712425 -49.71633305555556 M517 0.12849489 24.979673 1.0326979 1.3879354 18.636219 69.36519 decam -57.57198 4.6483593 704 object "LTT4861 N4" 0 0.0 924.0 1948.0 -0.02866725 1.0001577 0.0007168233 -0.09381057 -0.00075601204 1.0003662 16151058964 0.2162468
/home/declsp/obsbot/rawdata/DECam_01463028.fits.fz N4 1463028 15.0 61113.41201577 1.5 189.21964629080875 -49.79143632983654 189.23128333333335 -49.71633305555556 M517 0.123391315 24.98388 1.0383693 1.3705139 18.488026 74.51631 decam -49.647327 -8.556806 638 object "LTT4861 N5" 0 0.0 924.0 1948.0 -0.0071335756 0.99999684 0.00057651364 0.20123148 -0.0011641184 1.0002435 16264490403 0.2012982
/home/declsp/obsbot/rawdata/DECam_01463029.fits.fz N4 1463029 15.0 61113.41250329 1.49 190.1818893914288 -49.95810327083149 190.19356666666667 -49.883 M517 0.13002166 24.993336 1.0457749 1.3447989 18.360662 82.639755 decam -41.966278 -20.924458 653 object "LTT4861 S3" 0 0.0 924.0 1948.0 -0.20196992 1.0001277 0.0008617448 -0.14825521 -0.00089596293 1.0002248 16378257578 0.1815107
/home/declsp/obsbot/rawdata/DECam_01463030.fits.fz N4 1463030 15.0 61113.41297351 1.5 189.70074772476212 -49.95810327083149 189.712425 -49.883 M517 0.11683266 24.975412 1.0303022 1.3480247 18.22479 89.572784 decam -36.94389 -21.92805 676 object "LTT4861 S4" 0 0.0 924.0 1948.0 -0.12952712 1.0000535 0.0008343246 -0.13113327 -0.0008853361 1.0003902 16519255845 0.16746157
/home/declsp/obsbot/rawdata/DECam_01463031.fits.fz N4 1463031 15.0 61113.41344434 1.51 189.21960605809545 -49.95810327083149 189.23128333333335 -49.883 M517 0.12251485 24.983078 1.0392671 1.300617 18.071238 98.13555 decam -36.62475 -29.663795 627 object "LTT4861 S5" 0 0.0 924.0 1948.0 -0.121254645 0.99980575 0.00075590494 0.231195 -0.000699361 1.0004978 16679709297 0.15284981
/home/declsp/obsbot/rawdata/DECam_01463032.fits.fz N4 1463032 15.0 61113.41531632 1.03 234.74177384719718 -28.584297477454864 234.7503291666667 -28.509193888888888 M517 0.11373475 25.055956 1.0291309 1.125904 18.04834 62.198963 decam -15.831804 -31.882986 436 object "LTT6248 N4" 0 0.0 924.0 1948.0 -0.3503871 1.0003417 0.0020210147 0.05830268 -0.0019084011 1.0000646 16724634472 0.24116157
/home/declsp/obsbot/rawdata/DECam_01463033.fits.fz N4 1463033 15.0 61113.41579907 1.03 234.38807384719718 -28.584297477454868 234.39662916666666 -28.509193888888888 M517 0.22622195 25.13422 1.1060525 1.0862548 17.899265 116.113556 decam -13.976367 -26.88327 299 object "LTT6248 N5" 0 0.0 924.0 1948.0 -0.25024086 1.0002975 0.0020396987 0.09634129 -0.001988053 1.0002295 16908135454 0.12918389
/home/declsp/obsbot/rawdata/DECam_01463034.fits.fz N4 1463034 15.0 61113.41628094 1.03 235.09544772966674 -28.750964697816126 235.10401666666667 -28.67586111111111 M517 0.13145722 25.056873 1.0300009 1.0812457 17.761837 83.30032 decam -3.411824 -19.825045 426 object "LTT6248 S3" 0 0.0 924.0 1948.0 -0.090794675 1.000193 0.001995706 0.1944334 -0.002160458 1.0000924 17120767242 0.18007132
