logs/db-2026-04-19.ecsv
# %ECSV 1.0
# ---
# datatype:
# - {name: filename, datatype: string}
# - {name: extension, datatype: string}
# - {name: expnum, datatype: int64}
# - {name: exptime, datatype: float32}
# - {name: mjd_obs, datatype: float64}
# - {name: airmass, datatype: float32}
# - {name: racenter, datatype: float64}
# - {name: deccenter, datatype: float64}
# - {name: rabore, datatype: float64}
# - {name: decbore, datatype: float64}
# - {name: band, datatype: string}
# - {name: ebv, datatype: float32}
# - {name: zeropoint, datatype: float32}
# - {name: transparency, datatype: float32}
# - {name: seeing, datatype: float32}
# - {name: sky, datatype: float32}
# - {name: expfactor, datatype: float32}
# - {name: camera, datatype: string}
# - {name: dx, datatype: float32}
# - {name: dy, datatype: float32}
# - {name: nmatched, datatype: int64}
# - {name: obstype, datatype: string}
# - {name: object, datatype: string}
# - {name: tileid, datatype: int64}
# - {name: tileebv, datatype: float32}
# - {name: affine_x0, datatype: float32}
# - {name: affine_y0, datatype: float32}
# - {name: affine_dx, datatype: float32}
# - {name: affine_dxx, datatype: float32}
# - {name: affine_dxy, datatype: float32}
# - {name: affine_dy, datatype: float32}
# - {name: affine_dyx, datatype: float32}
# - {name: affine_dyy, datatype: float32}
# - {name: checksum, datatype: string}
# - {name: efftime, datatype: float32}
# schema: astropy-2.0
filename extension expnum exptime mjd_obs airmass racenter deccenter rabore decbore band ebv zeropoint transparency seeing sky expfactor camera dx dy nmatched obstype object tileid tileebv affine_x0 affine_y0 affine_dx affine_dxx affine_dxy affine_dy affine_dyx affine_dyy checksum efftime
[from data line 81]
/home/declsp/obsbot/rawdata/DECam_01476791.fits.fz N4 1476791 577.1172 61150.27090123 1.14 221.9767485941837 -3.9651038227814586 221.98427916666668 -3.89 M490 0.10227551 24.977232 1.0231153 1.184809 21.715567 1.2177086 decam -21.434513 16.943577 243 object IBIS_wide_M490_440512 440512 0.094483 924.0 1948.0 -0.19924909 1.0002329 0.0014447088 0.07314314 -0.0014802697 0.9999556 17286487565 473.937
/home/declsp/obsbot/rawdata/DECam_01476792.fits.fz N4 1476792 800.0 61150.27795039 1.16 225.74776219448216 -1.9661038400128497 225.75527916666664 -1.891 M490 0.0722444 24.98241 1.0317446 1.2737422 21.738386 1.3646926 decam -32.148502 22.166262 264 object IBIS_wide_M490_437457 437457 0.07281 924.0 1948.0 -0.10967691 0.9999814 0.0015310305 0.26850665 -0.0015398794 1.0000306 17884502985 586.2126
/home/declsp/obsbot/rawdata/DECam_01476793.fits.fz N4 1476793 661.7369 61150.28754441 1.18 225.15076444928337 -1.3771038450802826 225.15827916666666 -1.302 M490 0.065468326 24.975086 1.0285329 1.2857939 21.732277 1.4174426 decam -22.555962 23.747263 210 object IBIS_wide_M490_437543 437543 0.065079 924.0 1948.0 -0.22349507 0.9999569 0.0014869 -0.055455513 -0.0014856653 0.9998148 17499817953 466.8527
/home/declsp/obsbot/rawdata/DECam_01476794.fits.fz N4 1476794 571.3871 61150.2955154 1.21 222.67376540455425 -2.1681038382741833 222.6812833333333 -2.093 M490 0.06541434 24.973024 1.0321853 1.2160019 21.653988 1.3679596 decam -33.3817 24.011997 207 object IBIS_wide_M490_440518 440518 0.06617 924.0 1948.0 -0.3337292 1.000256 0.0015073989 0.051983315 -0.0015203515 1.0001073 17409108535 417.69293
/home/declsp/obsbot/rawdata/DECam_01476795.fits.fz N4 1476795 613.4269 61150.30278925 1.22 231.43475863253676 1.826896127370356 231.442275 1.902 M490 0.05760711 24.968988 1.0302238 1.2592536 21.745752 1.3580136 decam -22.876434 24.486776 302 object IBIS_wide_M490_437518 437518 0.051297 924.0 1948.0 -0.18808988 1.000204 0.0017545077 0.07561809 -0.0015868853 1.0000566 17263229474 451.70892
/home/declsp/obsbot/rawdata/DECam_01476796.fits.fz N4 1476796 564.727 61150.31020468 1.22 232.49076012278283 1.4268961308115662 232.498275 1.502 M490 0.04584704 24.976772 1.0376354 1.159909 21.733606 1.1488951 decam -27.609356 23.429142 285 object IBIS_wide_M490_440498 440498 0.049558 924.0 1948.0 -0.09434411 1.0003637 0.0017382021 -0.065862164 -0.001513735 1.0000299 17186168653 491.53918
/home/declsp/obsbot/rawdata/DECam_01476797.fits.fz N4 1476797 730.3962 61150.31713323 1.23 237.15275276725455 2.9078961180618625 237.16027499999998 2.983 M490 0.11794919 24.952213 1.016271 1.1768017 21.718754 1.2543054 decam -33.935093 24.031857 302 object IBIS_wide_M490_437665 437665 0.111 924.0 1948.0 0.13819385 1.000298 0.0019278224 0.17546646 -0.0019399944 1.0000889 17537589465 582.3113
/home/declsp/obsbot/rawdata/DECam_01476798.fits.fz N4 1476798 719.7964 61150.3259397 1.22 240.48875630135325 2.317896123144141 240.496275 2.393 M490 0.12347852 24.961615 1.0232495 1.1603407 21.734772 1.1810359 decam -27.219038 19.981127 359 object IBIS_wide_M490_437659 437659 0.099321 924.0 1948.0 -0.45905095 1.0000938 0.0020855926 0.36547545 -0.0018639815 1.0000939 17802542867 609.4619
/home/declsp/obsbot/rawdata/DECam_01476799.fits.fz N4 1476799 253.0887 61150.33457634 1.22 242.0397610382232 1.1118961335206592 242.047275 1.187 M490 0.13942845 24.952278 1.0144886 1.1456791 21.690788 1.2198353 decam -23.584063 24.650328 365 object IBIS_wide_M490_437330 437330 0.12517 924.0 1948.0 -0.21426868 1.0001677 0.0020054008 0.06414888 -0.0017653793 1.0001332 16228881054 207.47777
/home/declsp/obsbot/rawdata/DECam_01476800.fits.fz N4 1476800 783.3659 61150.33785864 1.22 244.91276496992575 2.253896123695165 244.92028333333332 2.3289999999999997 M490 0.06525378 24.959467 1.0212277 1.2620262 21.717636 1.4245428 decam -19.991041 28.242579 505 object IBIS_wide_M490_437339 437339 0.070493 924.0 1948.0 -0.36765835 1.0003347 0.0020792724 0.19763653 -0.0019273809 1.0000701 17856865219 549.9069
/home/declsp/obsbot/rawdata/DECam_01476801.fits.fz N4 1476801 616.9567 61150.34726978 1.23 245.92976589554544 2.066896125304917 245.93728333333334 2.142 M490 0.068334654 24.963114 1.0265248 1.2025521 21.693354 1.3140495 decam -18.466005 15.37405 519 object IBIS_wide_M490_440323 440323 0.065286 924.0 1948.0 -0.38248768 1.0001419 0.0020814855 0.27362478 -0.0018359094 1.0001105 17339504847 469.508
/home/declsp/obsbot/rawdata/DECam_01476802.fits.fz N4 1476802 667.3064 61150.35472716 1.23 247.9527602037434 1.401896131026598 247.96027499999997 1.477 M490 0.06455564 24.957731 1.0214494 1.2460258 21.639889 1.4965708 decam -16.287807 15.988555 562 object IBIS_wide_M490_440300 440300 0.069849 924.0 1948.0 -0.30963096 1.0000778 0.0020685599 0.23819783 -0.0018953715 1.0001677 17795253221 445.8903
/home/declsp/obsbot/rawdata/DECam_01476803.fits.fz N4 1476803 694.6961 61150.36278675 1.25 248.49575915322535 1.697896128480298 248.50327499999997 1.7730000000000001 M490 0.07070912 24.954245 1.021876 1.2895203 21.661358 1.5814472 decam -15.173709 23.093367 637 object IBIS_wide_M490_437356 437356 0.067632 924.0 1948.0 -0.10755551 1.0002218 0.002007234 0.09230673 -0.0018744036 1.0000758 17678308364 439.27872
/home/declsp/obsbot/rawdata/DECam_01476804.fits.fz N4 1476804 477.6673 61150.37272903 1.26 308.2815053373603 -14.664103728040391 308.2892708333333 -14.589 M490 0.043205343 24.960192 1.0293543 1.4229815 21.334244 2.5737596 decam -24.078978 -15.376262 638 object IBIS_wide_M490_448999 448999 0.041966 924.0 1948.0 -0.038681284 1.000131 0.0019480838 0.019852838 -0.0020474202 1.000185 17554605548 185.59126
/home/declsp/obsbot/rawdata/DECam_01476805.fits.fz N4 1476805 317.3381 61150.37858418 1.24 307.32259546898587 -11.97010375250094 307.33027500000003 -11.895 M490 0.055055354 24.96394 1.029171 1.3330717 21.363304 2.184388 decam -17.985737 -20.546162 698 object IBIS_wide_M490_452080 452080 0.051116 924.0 1948.0 -0.07686383 1.0002481 0.0019651386 0.024917876 -0.001993322 1.0001786 16791396848 145.27553
/home/declsp/obsbot/rawdata/DECam_01476806.fits.fz N4 1476806 800.0 61150.38258702 1.23 309.71251188753916 -14.478103729747295 309.72027083333336 -14.403 M490 0.040232625 24.968628 1.0317509 1.2783439 21.329971 2.053783 decam -14.010646 -23.172682 625 object IBIS_wide_M490_448998 448998 0.039173 924.0 1948.0 0.21758696 1.0001719 0.0019187751 0.32265118 -0.002109572 1.0001671 19165960114 389.5251
/home/declsp/obsbot/rawdata/DECam_01476807.fits.fz N4 1476807 692.1561 61150.39217991 1.19 309.55253237123986 -13.753103736373648 309.5602666666667 -13.678 M490 0.04602454 24.980946 1.0359776 1.1847502 21.356926 1.6826181 decam -13.381178 -28.171251 610 object IBIS_wide_M490_451986 451986 0.042467 924.0 1948.0 -0.48164997 1.0004146 0.0018798658 0.28020036 -0.002077595 1.0001456 18929682638 411.35663
/home/declsp/obsbot/rawdata/DECam_01476808.fits.fz N4 1476808 689.0659 61150.40051687 1.17 307.82661302816695 -11.334103758200591 307.834275 -11.259 M490 0.053734824 24.98719 1.0381778 1.1242977 21.371359 1.4784704 decam -11.596351 -22.007553 788 object IBIS_wide_M490_449105 449105 0.053636 924.0 1948.0 -0.35835534 1.0002629 0.0019167118 0.14429389 -0.002038105 1.0000836 18732648375 466.06674
/home/declsp/obsbot/rawdata/DECam_01476809.fits.fz N4 1476809 150.0 61150.41091562 1.33 254.89303683688075 -0.7338127395008716 254.90054999999998 -0.6587088888888889 M490 0.38099632 24.925938 1.0101339 1.1690605 21.459759 1.6493044 decam -1.0464727 16.912258 644 object "Pal15 position 7" 0 0.0 924.0 1948.0 -0.37017608 1.0002744 0.002217076 0.19687125 -0.0021043122 1.0001987 15950729909 90.94743
/home/declsp/obsbot/rawdata/DECam_01476810.fits.fz N4 1476810 150.0 61150.41301532 1.34 255.09084125512695 -0.5644788520677737 255.09835416666667 -0.489375 M490 0.3796709 24.930304 1.0160464 1.1912957 21.30901 1.9518323 decam -14.90874 15.635716 653 object "Pal15 position 8" 0 0.0 924.0 1948.0 0.39153475 1.0000587 0.002188338 0.10563868 -0.0019998113 1.0001532 16019208886 76.85087
/home/declsp/obsbot/rawdata/DECam_01476811.fits.fz N4 1476811 150.0 61150.41507703 1.35 254.81374543320072 -0.5555788521442859 254.8212583333333 -0.480475 M490 0.34635824 24.922829 1.0109082 1.2198879 21.077642 2.5676413 decam -16.524555 17.87488 649 object "Pal15 position 9" 0 0.0 924.0 1948.0 -0.62849516 1.000343 0.0021762275 -0.06084224 -0.0019493373 1.0001618 16179827341 58.419376
/home/declsp/obsbot/rawdata/DECam_01476812.fits.fz N4 1476812 150.0 61150.4171295 1.36 255.0236701251758 -0.7601557948299422 255.03118333333333 -0.6850519444444444 M490 0.37497184 24.92013 1.0102288 1.2021363 20.754314 3.3753188 decam -23.701162 14.607545 578 object "Pal15 position 10" 0 0.0 924.0 1948.0 -0.15534079 1.0001159 0.002170597 0.029514812 -0.0020211854 1.0000604 16663989994 44.440247
/home/declsp/obsbot/rawdata/DECam_01476813.fits.fz N4 1476813 150.0 61150.41919033 1.37 255.00591221877272 -0.4525007974748637 255.01342499999998 -0.37739694444444444 M490 0.34331682 24.932184 1.0233635 1.1375934 20.324375 4.393404 decam -27.433146 23.566916 564 object "Pal15 position 11" 0 0.0 924.0 1948.0 0.17716947 1.0002798 0.0021451507 0.02004098 -0.0021978251 1.0000701 16968704852 34.14209
/home/declsp/obsbot/rawdata/DECam_01476814.fits.fz N4 1476814 150.0 61150.42126483 1.38 254.8023035548084 -0.7026288508800831 254.80981666666668 -0.627525 M490 0.38177508 24.944109 1.0365444 1.0840356 19.817532 6.225818 decam -30.268425 25.711956 485 object "Pal15 position 12" 0 0.0 924.0 1948.0 -0.5152056 1.0002921 0.0020938264 0.20375447 -0.0019922797 1.0002675 17926857308 24.09322
/home/declsp/obsbot/rawdata/DECam_01476815.fits.fz N4 1476815 150.0 61150.42333238 1.39 255.13497029771983 -0.6534988513024664 255.14248333333333 -0.578395 M490 0.37070003 24.940372 1.0348579 1.1569643 19.264675 11.878702 decam -22.355513 16.177225 463 object "Pal15 position 13" 0 0.0 924.0 1948.0 -0.39855602 1.0002769 0.0022278477 0.1961021 -0.0019970788 1.0002208 19598080594 12.627642
/home/declsp/obsbot/rawdata/DECam_01476816.fits.fz N4 1476816 5.0 61150.42672433 1.02 302.72841500890684 -30.2114535701363 302.73710833333337 -30.13635 M490 0.13380514 24.983013 1.0064254 1.0172553 18.918646 11.682226 decam -34.98986 -19.250963 148 object "LTT7987 N4" 0 0.0 924.0 1948.0 -0.51819134 1.0002509 0.002473309 0.16394588 -0.002564596 1.0001775 15561697322 0.42800063
/home/declsp/obsbot/rawdata/DECam_01476817.fits.fz N4 1476817 5.0 61150.42707355 1.01 302.36934834224013 -30.2114535701363 302.37804166666666 -30.13635 M490 0.14321716 24.995058 1.0158073 0.92434734 18.844063 10.110125 decam -36.392944 -20.30225 180 object "LTT7987 N5" 0 0.0 924.0 1948.0 -0.21553361 1.0001227 0.0023275488 0.14080788 -0.0027141734 0.99991286 15571778042 0.49455374
/home/declsp/obsbot/rawdata/DECam_01476818.fits.fz N4 1476818 5.0 61150.42742201 1.02 303.08778793322506 -30.375753568241944 303.09649583333334 -30.30065 M490 0.110923365 24.992065 1.0148505 0.9633549 18.748013 12.060695 decam -35.83565 -19.342674 182 object "LTT7987 S3" 0 0.0 924.0 1948.0 -0.1533381 1.000208 0.0024547721 0.34225786 -0.0025583406 1.0001283 15589426499 0.41456982
/home/declsp/obsbot/rawdata/DECam_01476819.fits.fz N4 1476819 5.0 61150.4277724 1.02 302.7284004332251 -30.375753568241944 302.73710833333337 -30.30065 M490 0.15053326 24.99821 1.0206105 1.0325943 18.655207 14.918089 decam -35.16857 -19.522356 154 object "LTT7987 S4" 0 0.0 924.0 1948.0 -0.03360032 1.0000563 0.0025628814 0.2493997 -0.0023640033 1.0001262 15609391314 0.33516356
/home/declsp/obsbot/rawdata/DECam_01476820.fits.fz N4 1476820 5.0 61150.42812302 1.01 302.3690337665584 -30.375753568241944 302.3777416666667 -30.30065 M490 0.141642 25.003942 1.0241538 0.95259196 18.55745 13.751902 decam -33.45104 -18.4809 170 object "LTT7987 S5" 0 0.0 924.0 1948.0 -0.8640872 1.0004088 0.002463064 -0.23137707 -0.002363564 1.0001814 15635484859 0.36358607
/home/declsp/obsbot/rawdata/DECam_01476821.fits.fz N4 1476821 15.0 61150.42955377 1.05 279.0992446105669 -44.30093643183224 279.10974166666665 -44.225833055555555 M490 0.050970625 24.997103 1.025135 1.0505213 18.13855 24.898737 decam -39.317448 -2.2453663 1212 object "LTT7379 N4" 0 0.0 924.0 1948.0 0.040701732 1.0000238 0.002996544 -0.1657971 -0.0031785946 1.0000702 16578167978 0.6024402
/home/declsp/obsbot/rawdata/DECam_01476822.fits.fz N4 1476822 15.0 61150.43004665 1.05 278.66524877723356 -44.30093643183225 278.67574583333334 -44.225833055555555 M490 0.07475387 24.999226 1.0271411 0.9393387 17.98608 22.83229 decam -26.308897 5.3011584 1305 object "LTT7379 N5" 0 0.0 924.0 1948.0 -0.45017746 1.0003828 0.0029933779 0.47058332 -0.0028684114 1.0001769 16741809732 0.6569643
/home/declsp/obsbot/rawdata/DECam_01476823.fits.fz N4 1476823 15.0 61150.43051798 1.05 279.53320634919174 -44.467603373471604 279.54373333333336 -44.3925 M490 0.06628882 25.002007 1.0297756 1.036351 17.849518 31.339989 decam -28.887888 -2.376565 1031 object "LTT7379 S3" 0 0.0 924.0 1948.0 -0.12843895 0.99986315 0.003053817 0.16874474 -0.002970446 1.0002466 16930916511 0.47862175
/home/declsp/obsbot/rawdata/DECam_01476824.fits.fz N4 1476824 15.0 61150.43101178 1.05 279.09921468252503 -44.467603373471604 279.10974166666665 -44.3925 M490 0.06489883 24.984613 1.0134109 1.0517443 17.698416 38.302795 decam -17.082436 -3.0431669 1030 object "LTT7379 S4" 0 0.0 924.0 1948.0 -0.16604073 1.0000144 0.003102423 0.29509842 -0.0032598032 1.0000246 17178548694 0.3916163
