logs/db-2026-03-15.ecsv
# %ECSV 1.0
# ---
# datatype:
# - {name: filename, datatype: string}
# - {name: extension, datatype: string}
# - {name: expnum, datatype: int64}
# - {name: exptime, datatype: float32}
# - {name: mjd_obs, datatype: float64}
# - {name: airmass, datatype: float32}
# - {name: racenter, datatype: float64}
# - {name: deccenter, datatype: float64}
# - {name: rabore, datatype: float64}
# - {name: decbore, datatype: float64}
# - {name: band, datatype: string}
# - {name: ebv, datatype: float32}
# - {name: zeropoint, datatype: float32}
# - {name: transparency, datatype: float32}
# - {name: seeing, datatype: float32}
# - {name: sky, datatype: float32}
# - {name: expfactor, datatype: float32}
# - {name: camera, datatype: string}
# - {name: dx, datatype: float32}
# - {name: dy, datatype: float32}
# - {name: nmatched, datatype: int64}
# - {name: obstype, datatype: string}
# - {name: object, datatype: string}
# - {name: tileid, datatype: int64}
# - {name: tileebv, datatype: float32}
# - {name: affine_x0, datatype: float32}
# - {name: affine_y0, datatype: float32}
# - {name: affine_dx, datatype: float32}
# - {name: affine_dxx, datatype: float32}
# - {name: affine_dxy, datatype: float32}
# - {name: affine_dy, datatype: float32}
# - {name: affine_dyx, datatype: float32}
# - {name: affine_dyy, datatype: float32}
# - {name: checksum, datatype: string}
# - {name: efftime, datatype: float32}
# schema: astropy-2.0
filename extension expnum exptime mjd_obs airmass racenter deccenter rabore decbore band ebv zeropoint transparency seeing sky expfactor camera dx dy nmatched obstype object tileid tileebv affine_x0 affine_y0 affine_dx affine_dxx affine_dxy affine_dy affine_dyx affine_dyy checksum efftime
[from data line 41]
/home/declsp/obsbot/rawdata/DECam_01463629.fits.fz N4 1463629 150.0 61115.40405945 1.42 242.5867507084143 14.793982124117457 242.59452083333332 14.86908611111111 M517 0.037000854 24.980555 1.0220065 1.1483402 20.560863 4.5502706 decam -36.649284 23.692703 222 object "Pal14 position 12" 0 0.0 924.0 1948.0 -0.55009425 1.0003303 0.0020858813 0.41382435 -0.0021991157 1.0001246 16718454158 32.965073
/home/declsp/obsbot/rawdata/DECam_01463630.fits.fz N4 1463630 150.0 61115.40611195 1.42 242.93096977963012 14.843091012554659 242.93874166666666 14.918195 M517 0.035497732 24.975878 1.0176148 1.2603229 20.115372 8.2523775 decam -33.056145 24.279257 220 object "Pal14 position 13" 0 0.0 924.0 1948.0 -0.077467956 1.0003976 0.0020636988 -0.024661971 -0.0022643309 1.0002774 17399223092 18.17658
/home/declsp/obsbot/rawdata/DECam_01463631.fits.fz N4 1463631 7.1799 61115.40817181 1.43 242.63124602409232 15.038847121863219 242.63902499999998 15.113951111111112 M517 0.031200195 24.981773 1.0247957 1.0451268 19.83163 7.1021023 decam -34.925674 17.690104 85 object "Pal14 position 14" 0 0.0 924.0 1948.0 0.18485858 1.0004033 0.0022021874 0.60455453 -0.0021164045 1.000002 15482764161 1.0109543
/home/declsp/obsbot/rawdata/DECam_01463632.fits.fz N4 1463632 15.0 61115.41078999 1.53 189.70078795747543 -49.79143632983654 189.712425 -49.71633305555556 M517 0.12849489 24.96883 1.0290114 1.424339 18.985262 54.032864 decam -83.049194 23.978191 707 object "LTT4861 N4" 0 0.0 924.0 1948.0 0.027356042 1.0001228 0.000797545 -0.10728142 -0.000645312 1.0003302 15943662764 0.27760884
/home/declsp/obsbot/rawdata/DECam_01463633.fits.fz N4 1463633 15.0 61115.41128454 1.54 189.21964629080875 -49.79143632983654 189.23128333333335 -49.71633305555556 M517 0.123391315 24.958355 1.020766 1.471933 18.84762 64.67928 decam -77.740425 10.127597 647 object "LTT4861 N5" 0 0.0 924.0 1948.0 -0.13842952 0.99999774 0.00059253955 0.20987707 -0.0009770223 1.0003343 16018749072 0.23191352
/home/declsp/obsbot/rawdata/DECam_01463634.fits.fz N4 1463634 15.0 61115.41176163 1.52 190.1818893914288 -49.95810327083149 190.19356666666667 -49.883 M517 0.13002166 24.976954 1.0350795 1.435136 18.726995 69.208405 decam -72.35224 -2.3148496 680 object "LTT4861 S3" 0 0.0 924.0 1948.0 -0.16552265 1.0000685 0.000766366 -0.062468957 -0.0007678271 1.0002384 16094088953 0.21673669
/home/declsp/obsbot/rawdata/DECam_01463635.fits.fz N4 1463635 15.0 61115.41222642 1.53 189.70074772476212 -49.95810327083149 189.712425 -49.883 M517 0.11683266 24.971315 1.0313689 1.4176383 18.584106 71.68113 decam -65.9698 -4.6612396 700 object "LTT4861 S4" 0 0.0 924.0 1948.0 -0.22734739 0.99986124 0.0006845442 0.25601906 -0.00076260976 1.0002875 16187975224 0.20926009
/home/declsp/obsbot/rawdata/DECam_01463636.fits.fz N4 1463636 15.0 61115.41270214 1.55 189.21960605809545 -49.95810327083149 189.23128333333335 -49.883 M517 0.12251485 24.974924 1.0381258 1.3759284 18.435928 79.67032 decam -74.36553 -13.239547 626 object "LTT4861 S5" 0 0.0 924.0 1948.0 0.10669086 0.99975204 0.0006450192 0.0360679 -0.000703219 1.0004796 16300270194 0.18827589
/home/declsp/obsbot/rawdata/DECam_01463637.fits.fz N4 1463637 15.0 61115.41443505 1.04 234.74177384719718 -28.584297477454864 234.7503291666667 -28.509193888888888 M517 0.11373475 25.04731 1.0226042 1.1108388 18.458063 42.182755 decam -59.9794 -21.022402 475 object "LTT6248 N4" 0 0.0 924.0 1948.0 -0.3762335 1.0002795 0.002014435 -0.028955733 -0.0017590978 1.000115 16308010998 0.35559556
/home/declsp/obsbot/rawdata/DECam_01463638.fits.fz N4 1463638 15.0 61115.41492906 1.04 234.38807384719718 -28.584297477454868 234.39662916666666 -28.509193888888888 M517 0.22622195 25.134075 1.1076798 1.0460862 18.299833 74.49278 decam -42.205082 -15.490733 328 object "LTT6248 N5" 0 0.0 924.0 1948.0 -0.24004312 1.000103 0.0020485136 -0.050133213 -0.0021673199 1.0001012 16432382338 0.20136179
/home/declsp/obsbot/rawdata/DECam_01463639.fits.fz N4 1463639 15.0 61115.41541854 1.04 235.09544772966674 -28.750964697816126 235.10401666666667 -28.67586111111111 M517 0.13145722 25.059095 1.033765 1.1003962 18.162973 59.379005 decam -31.175726 -9.081576 445 object "LTT6248 S3" 0 0.0 924.0 1948.0 -0.19490941 1.0000945 0.001930649 0.11723073 -0.002043848 1.000156 16580357321 0.25261453
/home/declsp/obsbot/rawdata/DECam_01463640.fits.fz N4 1463640 15.0 61115.41590654 1.04 234.74176022966677 -28.750964697816126 234.7503291666667 -28.67586111111111 M517 0.12067507 25.056185 1.0309974 1.076643 18.011007 61.458675 decam -21.302876 0.69726026 380 object "LTT6248 S4" 0 0.0 924.0 1948.0 -0.17198381 0.9999761 0.0020311547 0.32826224 -0.0017786468 1.0000998 16757765330 0.24406643
/home/declsp/obsbot/rawdata/DECam_01463641.fits.fz N4 1463641 15.0 61115.41639319 1.04 234.38806022966676 -28.750964697816126 234.39662916666666 -28.67586111111111 M517 0.33074725 25.153652 1.1278323 1.0734518 17.855976 218.7424 decam -32.910427 4.5904655 295 object "LTT6248 S5" 0 0.0 924.0 1948.0 -0.55940384 0.99990106 0.0021316514 0.2990033 -0.0020218147 0.9999871 16973552249 0.06857381
/home/declsp/obsbot/rawdata/DECam_01463642.fits.fz N4 1463642 15.0 61115.41688101 1.04 234.74177384719718 -28.584297477454864 234.7503291666667 -28.509193888888888 M517 0.11373475 25.052738 1.0277302 1.1764029 17.709316 93.32652 decam -27.203371 17.740906 395 object "LTT6248 N4" 0 0.0 924.0 1948.0 -0.3594067 1.0001031 0.002081577 0.09656066 -0.0018941961 1.0000666 17216836865 0.16072601
/home/declsp/obsbot/rawdata/DECam_01463643.fits.fz N4 1463643 15.0 61115.41735202 1.04 234.38807384719718 -28.584297477454868 234.39662916666666 -28.509193888888888 M517 0.22622195 25.145206 1.1190944 1.0668068 17.560684 149.92258 decam -31.030664 11.011233 275 object "LTT6248 N5" 0 0.0 924.0 1948.0 -0.29632413 1.0000787 0.0019824314 0.2142511 -0.001778168 1.0001813 17481960513 0.10005164
/home/declsp/obsbot/rawdata/DECam_01463644.fits.fz N4 1463644 15.0 61115.41784033 1.04 235.09544772966674 -28.750964697816126 235.10401666666667 -28.67586111111111 M517 0.13145722 25.059715 1.0343559 1.1473913 17.4155 128.34485 decam -39.13939 1.0878931 375 object "LTT6248 S3" 0 0.0 924.0 1948.0 -0.076420546 1.0002533 0.0020038118 0.1276896 -0.0021499968 1.000146 17789931618 0.11687263
