logs/db-2025-04-25.ecsv
# %ECSV 1.0
# ---
# datatype:
# - {name: filename, datatype: string}
# - {name: extension, datatype: string}
# - {name: expnum, datatype: int64}
# - {name: exptime, datatype: float32}
# - {name: mjd_obs, datatype: float64}
# - {name: airmass, datatype: float32}
# - {name: racenter, datatype: float64}
# - {name: deccenter, datatype: float64}
# - {name: rabore, datatype: float64}
# - {name: decbore, datatype: float64}
# - {name: band, datatype: string}
# - {name: ebv, datatype: float32}
# - {name: zeropoint, datatype: float32}
# - {name: transparency, datatype: float32}
# - {name: seeing, datatype: float32}
# - {name: sky, datatype: float32}
# - {name: expfactor, datatype: float32}
# - {name: camera, datatype: string}
# - {name: dx, datatype: float32}
# - {name: dy, datatype: float32}
# - {name: nmatched, datatype: int64}
# - {name: obstype, datatype: string}
# - {name: object, datatype: string}
# - {name: tileid, datatype: int64}
# - {name: tileebv, datatype: float32}
# - {name: affine_x0, datatype: float32}
# - {name: affine_y0, datatype: float32}
# - {name: affine_dx, datatype: float32}
# - {name: affine_dxx, datatype: float32}
# - {name: affine_dxy, datatype: float32}
# - {name: affine_dy, datatype: float32}
# - {name: affine_dyx, datatype: float32}
# - {name: affine_dyy, datatype: float32}
# - {name: checksum, datatype: string}
# - {name: efftime, datatype: float32}
# schema: astropy-2.0
filename extension expnum exptime mjd_obs airmass racenter deccenter rabore decbore band ebv zeropoint transparency seeing sky expfactor camera dx dy nmatched obstype object tileid tileebv affine_x0 affine_y0 affine_dx affine_dxx affine_dxy affine_dy affine_dyx affine_dyy checksum efftime
[from data line 86]
rawdata/DECam_01381961.fits.fz N4 1381961 500.0 60791.3429607 1.38 235.38076427963802 1.4298961307857618 235.38827916666668 1.505 M490 0.08136052 25.021982 1.1136196 0.97713757 21.45643 1.6714896 decam -6.371525 8.303565 323 object IBIS_wide_M490_440478 440478 0.081954 924.0 1948.0 -0.2172805 1.0001475 0.0015339642 0.09386871 -0.0014604959 1.0002357 17290023152 299.13437
rawdata/DECam_01381962.fits.fz N4 1381962 500.0 60791.34910776 1.37 238.16576846590715 1.42389613083737 238.17328333333333 1.499 M490 0.10670359 24.997082 1.0863973 1.0829692 21.466412 2.5227761 decam -2.123822 -8.3022176e-05 350 object IBIS_wide_M490_440642 440642 0.10004 924.0 1948.0 -0.16757968 1.0001061 0.0017066537 0.2066833 -0.001681577 1.0001432 17315836968 198.19437
rawdata/DECam_01381963.fits.fz N4 1381963 500.0 60791.35528198 1.38 241.57374728480602 3.0988961164154953 241.58127083333335 3.174 M490 0.10224712 25.006618 1.0979719 1.0908713 21.474894 2.4220958 decam -13.019912 15.445459 417 object IBIS_wide_M490_440656 440656 0.087869 924.0 1948.0 -0.15055932 1.0003357 0.001757849 0.18497597 -0.0016509984 1.0001274 17268394962 206.4328
rawdata/DECam_01381964.fits.fz N4 1381964 500.0 60791.36146918 1.37 242.0397610382232 1.1118961335206592 242.047275 1.187 M490 0.13942845 25.00761 1.0969831 1.0688336 21.446003 3.0580773 decam -8.7081 -1.921189 396 object IBIS_wide_M490_437330 437330 0.12517 924.0 1948.0 -0.17412013 1.0001258 0.0017674768 0.05033552 -0.001451061 1.0001618 17460338602 163.50142
rawdata/DECam_01381965.fits.fz N4 1381965 500.0 60791.3676211 1.38 243.71376064794603 1.255896132282298 243.721275 1.331 M490 0.09468369 25.012012 1.1034399 1.0543149 21.48335 2.1132257 decam -7.2083173 -1.6484907 441 object IBIS_wide_M490_440321 440321 0.092707 924.0 1948.0 -0.1942896 1.0002371 0.0018169329 0.20157696 -0.0016788088 1.0001432 17475109607 236.60512
rawdata/DECam_01381966.fits.fz N4 1381966 500.0 60791.37376684 1.38 246.44576817013464 1.5118961300804203 246.45328333333333 1.587 M490 0.06341315 25.010422 1.1018257 1.1190317 21.463692 1.9711972 decam -10.643392 1.9592832 496 object IBIS_wide_M490_440301 440301 0.066776 924.0 1948.0 -0.21947247 1.000268 0.0018795648 0.047650658 -0.0017021851 1.0001876 17451462513 253.65295
rawdata/DECam_01381967.fits.fz N4 1381967 500.0 60791.38161934 1.13 306.54048695128625 -15.059103724405832 306.5482666666667 -14.984 M490 0.05548684 25.059248 1.1013948 1.0311168 21.321224 1.6545507 decam -52.77765 -2.808429 784 object IBIS_wide_M490_451987 451987 0.059048 924.0 1948.0 -0.13647376 1.0001286 0.0017158092 0.08608716 -0.0018447278 1.0000767 18045524345 302.19684
rawdata/DECam_01381968.fits.fz N4 1381968 500.0 60791.38780712 1.12 306.965507762973 -14.713103727590244 306.973275 -14.638 M490 0.051738754 25.057892 1.0980265 1.0610603 21.331543 1.6964424 decam -38.246304 -25.742874 725 object IBIS_wide_M490_449002 449002 0.056131 924.0 1948.0 -0.06950248 1.0002177 0.0016842623 0.02119096 -0.0017534744 1.0001533 17967649959 294.73444
rawdata/DECam_01381969.fits.fz N4 1381969 500.0 60791.39506741 1.1 306.4155294741954 -13.965103734440357 306.42327083333333 -13.89 M490 0.05138198 25.060867 1.0970519 1.0693197 21.363052 1.6604902 decam 4.577936 -8.438284 792 object IBIS_wide_M490_449004 449004 0.053853 924.0 1948.0 -0.31714627 1.000428 0.0016948561 0.1728484 -0.0017037598 1.0001136 17699069464 301.1159
rawdata/DECam_01381970.fits.fz N4 1381970 500.0 60791.40122341 1.1 306.63854923813597 -13.492103738748987 306.646275 -13.417 M490 0.05599945 25.064508 1.1007369 1.0696895 21.382532 1.6721156 decam 18.416231 -1.8745247 770 object IBIS_wide_M490_451990 451990 0.050739 924.0 1948.0 -0.22014669 1.0003194 0.0017341152 0.1822528 -0.0018489483 1.000044 18047753497 299.0224
rawdata/DECam_01381971.fits.fz N4 1381971 500.0 60791.40737353 1.08 308.03350058951736 -14.913103725750792 308.041275 -14.838 M490 0.06104972 25.075197 1.1076003 0.97484607 21.333149 1.4747342 decam 26.05692 1.427728 711 object IBIS_wide_M490_451982 451982 0.052301 924.0 1948.0 -0.3004041 1.0002433 0.0017379007 0.23285407 -0.0018139279 1.0001607 17707506671 339.04416
rawdata/DECam_01381972.fits.fz N4 1381972 500.0 60791.41351424 1.07 307.7395231317284 -14.274103731616098 307.747275 -14.199 M490 0.056096148 25.069878 1.1001892 0.97190356 21.101254 1.7729472 decam 30.289637 4.421198 719 object IBIS_wide_M490_449005 449005 0.049323 924.0 1948.0 -0.19129696 1.0002066 0.0016637981 0.070320375 -0.0017371095 1.0002187 19048390532 282.0163
rawdata/DECam_01381973.fits.fz N4 1381973 500.0 60791.41966696 1.07 308.2815053373603 -14.664103728040391 308.2892708333333 -14.589 M490 0.043205343 25.080761 1.1112711 0.9963398 20.32453 3.4251947 decam 30.985453 5.5960503 647 object IBIS_wide_M490_448999 448999 0.041966 924.0 1948.0 -0.1520305 1.0002877 0.0017244903 0.24313599 -0.0016764587 1.0000707 20859958275 145.9771
rawdata/DECam_01381974.fits.fz N4 1381974 500.0 60791.42580772 1.06 308.7445231661483 -14.273103731625252 308.752275 -14.198 M490 0.032278277 25.092398 1.1212105 0.9721503 18.829185 11.760523 decam 26.942911 7.9243436 561 object IBIS_wide_M490_451985 451985 0.038235 924.0 1948.0 -0.022599814 1.0002543 0.0016241398 0.25368294 -0.0017544916 1.0000559 36462591890 42.515118
