logs/db-2026-05-13.ecsv
# %ECSV 1.0
# ---
# datatype:
# - {name: filename, datatype: string}
# - {name: extension, datatype: string}
# - {name: expnum, datatype: int64}
# - {name: exptime, datatype: float32}
# - {name: mjd_obs, datatype: float64}
# - {name: airmass, datatype: float32}
# - {name: racenter, datatype: float64}
# - {name: deccenter, datatype: float64}
# - {name: rabore, datatype: float64}
# - {name: decbore, datatype: float64}
# - {name: band, datatype: string}
# - {name: ebv, datatype: float32}
# - {name: zeropoint, datatype: float32}
# - {name: transparency, datatype: float32}
# - {name: seeing, datatype: float32}
# - {name: sky, datatype: float32}
# - {name: expfactor, datatype: float32}
# - {name: camera, datatype: string}
# - {name: dx, datatype: float32}
# - {name: dy, datatype: float32}
# - {name: nmatched, datatype: int64}
# - {name: obstype, datatype: string}
# - {name: object, datatype: string}
# - {name: tileid, datatype: int64}
# - {name: tileebv, datatype: float32}
# - {name: affine_x0, datatype: float32}
# - {name: affine_y0, datatype: float32}
# - {name: affine_dx, datatype: float32}
# - {name: affine_dxx, datatype: float32}
# - {name: affine_dxy, datatype: float32}
# - {name: affine_dy, datatype: float32}
# - {name: affine_dyx, datatype: float32}
# - {name: affine_dyy, datatype: float32}
# - {name: checksum, datatype: string}
# - {name: efftime, datatype: float32}
# schema: astropy-2.0
filename extension expnum exptime mjd_obs airmass racenter deccenter rabore decbore band ebv zeropoint transparency seeing sky expfactor camera dx dy nmatched obstype object tileid tileebv affine_x0 affine_y0 affine_dx affine_dxx affine_dxy affine_dy affine_dyx affine_dyy checksum efftime
[from data line 121]
/home/declsp/obsbot/rawdata/DECam_01479776.fits.fz N4 1479776 5.0 61174.43698882 1.03 302.36934834224013 -30.2114535701363 302.37804166666666 -30.13635 M464 0.14321716 23.6504 0.3020205 0.9813634 18.502876 177.99275 decam -36.155582 22.284632 74 object "LTT7987 N5" 0 0.0 924.0 1948.0 -0.815673 1.000464 0.002255047 0.5803803 -0.0023981663 0.99990404 15629297184 0.028091032
/home/declsp/obsbot/rawdata/DECam_01479777.fits.fz N4 1479777 5.0 61174.43733754 1.03 303.08778793322506 -30.375753568241944 303.09649583333334 -30.30065 M464 0.110923365 23.811663 0.3503812 0.963712 18.432163 136.13048 decam -36.395252 21.61421 83 object "LTT7987 S3" 0 0.0 924.0 1948.0 -0.28261548 1.0001715 0.00248334 0.52181673 -0.0021342635 1.0001072 15646868392 0.036729466
/home/declsp/obsbot/rawdata/DECam_01479778.fits.fz N4 1479778 5.0 61174.43769609 1.03 302.7284004332251 -30.375753568241944 302.73710833333337 -30.30065 M464 0.15053326 23.836897 0.35862046 0.9055539 18.363886 122.22699 decam -37.453636 21.71837 77 object "LTT7987 S4" 0 0.0 924.0 1948.0 0.3587862 0.999914 0.002530055 0.13631497 -0.0018069595 1.0002449 15671705871 0.040907495
/home/declsp/obsbot/rawdata/DECam_01479779.fits.fz N4 1479779 5.0 61174.43804673 1.03 302.3690337665584 -30.375753568241944 302.3777416666667 -30.30065 M464 0.141642 24.045853 0.43472725 0.96741456 18.329336 97.96167 decam -37.124683 23.97337 98 object "LTT7987 S5" 0 0.0 924.0 1948.0 -0.6916434 0.9996382 0.002231275 -0.31825963 -0.0026470711 1.0002327 15683294968 0.05104037
/home/declsp/obsbot/rawdata/DECam_01479780.fits.fz N4 1479780 15.0 61174.43979039 1.09 343.1625585441163 -20.582409783078678 343.1705833333333 -20.50730611111111 M464 0.034743898 23.81106 0.35452947 1.0895451 17.474937 420.40445 decam -31.008284 -17.178188 21 object "LTT9239 N4" 0 0.0 924.0 1948.0 -0.35312483 1.000866 0.0009701727 -0.04623377 -0.0010133961 1.000156 17503288783 0.035679925
/home/declsp/obsbot/rawdata/DECam_01479781.fits.fz N4 1479781 15.0 61174.44025511 1.09 342.8308210441164 -20.582409783078678 342.8388458333334 -20.50730611111111 M464 0.033281427 23.84569 0.36601937 1.0996091 17.355656 448.37988 decam -30.40242 -18.267307 30 object "LTT9239 N5" 0 0.0 924.0 1948.0 -0.26006213 1.0001701 0.00067568244 -0.11600948 -0.00072994654 1.00023 17750181952 0.033453777
/home/declsp/obsbot/rawdata/DECam_01479782.fits.fz N4 1479782 15.0 61174.44072025 1.09 343.4943080679536 -20.74907561477552 343.50234166666667 -20.673971944444446 M464 0.030958695 23.904554 0.38641107 1.1058565 17.244513 450.73666 decam -29.702206 -19.993275 29 object "LTT9239 S3" 0 0.0 924.0 1948.0 -0.7492789 1.0002922 0.00108243 -0.18039012 -0.0021896607 0.9999951 18006735019 0.033278856
/home/declsp/obsbot/rawdata/DECam_01479783.fits.fz N4 1479783 15.0 61174.44118411 1.09 343.16254973462026 -20.74907561477552 343.1705833333333 -20.673971944444446 M464 0.030681815 24.142305 0.4810053 1.0549421 17.172462 282.93723 decam -30.541346 -20.509575 28 object "LTT9239 S4" 0 0.0 924.0 1948.0 -0.08129651 1.0004219 0.0006490692 0.16142815 -0.0008770099 1.0000991 18188966191 0.05301529
/home/declsp/obsbot/rawdata/DECam_01479784.fits.fz N4 1479784 15.0 61174.44164922 1.08 342.83081223462034 -20.74907561477552 342.8388458333334 -20.673971944444446 M464 0.034396928 24.195768 0.50424707 0.98381877 17.01666 257.4895 decam -31.28231 -19.929646 22 object "LTT9239 S5" 0 0.0 924.0 1948.0 0.085856356 1.0005822 0.0007914252 0.115502425 -0.0009434801 0.9999152 18627344416 0.0582548
