logs/db-2026-03-21.ecsv
# %ECSV 1.0
# ---
# datatype:
# - {name: filename, datatype: string}
# - {name: extension, datatype: string}
# - {name: expnum, datatype: int64}
# - {name: exptime, datatype: float32}
# - {name: mjd_obs, datatype: float64}
# - {name: airmass, datatype: float32}
# - {name: racenter, datatype: float64}
# - {name: deccenter, datatype: float64}
# - {name: rabore, datatype: float64}
# - {name: decbore, datatype: float64}
# - {name: band, datatype: string}
# - {name: ebv, datatype: float32}
# - {name: zeropoint, datatype: float32}
# - {name: transparency, datatype: float32}
# - {name: seeing, datatype: float32}
# - {name: sky, datatype: float32}
# - {name: expfactor, datatype: float32}
# - {name: camera, datatype: string}
# - {name: dx, datatype: float32}
# - {name: dy, datatype: float32}
# - {name: nmatched, datatype: int64}
# - {name: obstype, datatype: string}
# - {name: object, datatype: string}
# - {name: tileid, datatype: int64}
# - {name: tileebv, datatype: float32}
# - {name: affine_x0, datatype: float32}
# - {name: affine_y0, datatype: float32}
# - {name: affine_dx, datatype: float32}
# - {name: affine_dxx, datatype: float32}
# - {name: affine_dxy, datatype: float32}
# - {name: affine_dy, datatype: float32}
# - {name: affine_dyx, datatype: float32}
# - {name: affine_dyy, datatype: float32}
# - {name: checksum, datatype: string}
# - {name: efftime, datatype: float32}
# schema: astropy-2.0
filename extension expnum exptime mjd_obs airmass racenter deccenter rabore decbore band ebv zeropoint transparency seeing sky expfactor camera dx dy nmatched obstype object tileid tileebv affine_x0 affine_y0 affine_dx affine_dxx affine_dxy affine_dy affine_dyx affine_dyy checksum efftime
/home/declsp/obsbot/rawdata/DECam_01465298.fits.fz N4 1465298 35.0 61121.20246892 1.11 179.1927365830478 -4.748103816011575 179.200275 -4.673 M490 0.025716294 25.006266 1.0451397 2.0667117 21.540535 4.896597 decam 29.536198 53.92129 80 object "pointing test" 0 0.0 924.0 1948.0 0.017601486 1.0002192 -1.21766125e-05 0.037192956 0.00026142976 0.999906 15656586948 7.1478214
/home/declsp/obsbot/rawdata/DECam_01465300.fits.fz N4 1465300 35.0 61121.20671647 1.11 179.1927365830478 -4.748103816011575 179.200275 -4.673 M490 0.025716294 25.010138 1.0488741 1.3271937 21.617506 1.869306 decam -5.351785 -16.142078 96 object "pointing test" 0 0.0 924.0 1948.0 0.099524274 1.0002161 -0.00010708288 0.06607488 0.0003444941 0.9999784 15657096434 18.723526
/home/declsp/obsbot/rawdata/DECam_01465301.fits.fz N4 1465301 35.0 61121.20858446 1.11 179.1927365830478 -4.748103816011575 179.200275 -4.673 M490 0.025716294 25.00831 1.0471094 1.1209573 21.56106 1.4101977 decam -19.128845 -18.60681 100 object "pointing test" 0 0.0 924.0 1948.0 0.14296448 0.99997765 -0.00015386184 0.20700273 1.1698344e-05 0.99992776 15654718058 24.819214
/home/declsp/obsbot/rawdata/DECam_01465302.fits.fz N4 1465302 35.0 61121.20934659 1.11 179.1927365830478 -4.748103816011575 179.200275 -4.673 M490 0.025716294 25.011648 1.0503339 1.0500108 21.505089 1.2951746 decam -7.3756137 -31.047064 103 object "pointing test" 0 0.0 924.0 1948.0 0.14412089 1.0000385 -0.00016189695 0.13100559 0.0002829763 0.9999522 15658323029 27.023384
/home/declsp/obsbot/rawdata/DECam_01465303.fits.fz N4 1465303 35.0 61121.21009745 1.11 179.1927365830478 -4.748103816011575 179.200275 -4.673 M490 0.025716294 25.013098 1.0517368 1.0636357 21.567287 1.2515907 decam -15.268405 -31.850422 100 object "pointing test" 0 0.0 924.0 1948.0 0.15424 1.000084 -0.00016845086 0.1369319 0.0002101194 0.9999472 15651329225 27.964413
/home/declsp/obsbot/rawdata/DECam_01465304.fits.fz N4 1465304 385.0378 61121.21084398 1.11 181.8537425016397 -4.1711038210017115 181.861275 -4.096 M490 0.028646756 24.995495 1.0348219 1.0673858 21.635952 1.2463964 decam -11.668695 -22.713842 161 object IBIS_wide_M490_433956 433956 0.029126 924.0 1948.0 -0.18211804 1.0000895 -6.876062e-05 0.059013005 1.6731177e-05 0.9999791 16666644204 308.92084
/home/declsp/obsbot/rawdata/DECam_01465305.fits.fz N4 1465305 380.2678 61121.21584843 1.12 189.83075173954703 -3.0581038306076045 189.83827499999998 -2.983 M490 0.036447376 25.009882 1.0505313 1.0914261 21.62972 1.3447427 decam -13.609586 -54.154266 150 object IBIS_wide_M490_431462 431462 0.032136 924.0 1948.0 -0.051705834 1.0003642 0.00023388315 0.24343291 -0.00024090924 1.0002685 17048949131 282.7811
/home/declsp/obsbot/rawdata/DECam_01465306.fits.fz N4 1465306 447.1776 61121.22059003 1.13 191.58875353042353 -2.7911038329087456 191.596275 -2.716 M490 0.024837209 25.008768 1.0513602 1.1359861 21.651941 1.3229622 decam -13.55455 -45.921146 150 object IBIS_wide_M490_434443 434443 0.026722 924.0 1948.0 -0.15295231 1.0004503 0.00030469304 0.10259154 -0.0004932397 1.0000104 16820496629 338.0124
/home/declsp/obsbot/rawdata/DECam_01465307.fits.fz N4 1465307 506.8871 61121.22608905 1.13 193.02275372771615 -2.7601038331758496 193.030275 -2.685 M490 0.018577622 25.004269 1.0470109 1.1426647 21.666088 1.2774931 decam -17.403822 -43.27014 189 object IBIS_wide_M490_434444 434444 0.021288 924.0 1948.0 -0.09753339 1.0002625 0.00034854145 0.1672672 -0.0006429891 0.9999866 16984263315 396.78262
/home/declsp/obsbot/rawdata/DECam_01465308.fits.fz N4 1465308 503.2372 61121.23234184 1.13 196.8817557936792 -3.074103830469673 196.88927916666668 -2.999 M490 0.019552892 25.006403 1.0490712 1.2634635 21.67288 1.5556339 decam -18.595852 -48.06055 155 object IBIS_wide_M490_431473 431473 0.025203 924.0 1948.0 -0.034656193 1.0001415 0.00064779964 0.019874543 -0.0005700969 1.0000194 17028294562 323.49335
/home/declsp/obsbot/rawdata/DECam_01465309.fits.fz N4 1465309 747.436 61121.23848171 1.13 194.41374952303644 -2.7661038331241525 194.42127083333332 -2.691 M490 0.023605859 24.992813 1.0360231 1.5181718 21.644274 2.4283998 decam -22.3129 -30.473421 143 object IBIS_wide_M490_434423 434423 0.021775 924.0 1948.0 -0.13420093 1.0001246 0.00018037709 -0.025894642 -0.00027076787 1.000075 18044316949 307.78952
/home/declsp/obsbot/rawdata/DECam_01465310.fits.fz N4 1465310 572.177 61121.24749439 1.13 197.41676374854606 -2.479103835596402 197.42428333333334 -2.404 M490 0.026436536 24.991514 1.0347842 1.349011 21.680267 1.895454 decam -19.65279 -35.55802 166 object IBIS_wide_M490_431476 431476 0.027681 924.0 1948.0 0.087336384 1.0002873 0.00047215138 -0.07560306 -0.000704803 0.9998897 17176543348 301.86804
/home/declsp/obsbot/rawdata/DECam_01465311.fits.fz N4 1465311 800.0 61121.25443976 1.13 198.0177570314072 -2.1761038382053157 198.025275 -2.101 M490 0.026402513 24.945238 0.99160606 1.6676204 21.668083 3.187616 decam -22.685818 -30.427105 154 object IBIS_wide_M490_434462 434462 0.028656 924.0 1948.0 -0.13150354 1.0003808 0.0004483995 0.004105345 -0.0001555829 0.99990886 17922381140 250.97125
/home/declsp/obsbot/rawdata/DECam_01465312.fits.fz N4 1465312 800.0 61121.26408874 1.13 202.11275717503264 -2.1471038384549566 202.12027500000002 -2.072 M490 0.045588978 24.94217 0.9888071 2.0236588 21.686775 5.275009 decam -22.665033 -31.53435 156 object IBIS_wide_M490_434220 434220 0.037504 924.0 1948.0 -0.09611426 1.0001374 0.0006731121 0.020678211 -0.0008073265 1.0002476 17846413891 151.65851
/home/declsp/obsbot/rawdata/DECam_01465313.fits.fz N4 1465313 660.2866 61121.2737078 1.13 204.94475700145043 -2.182103838153665 204.952275 -2.107 M490 0.050723128 24.979868 1.0237435 1.4943978 21.697165 2.7524984 decam -24.351519 -40.21895 161 object IBIS_wide_M490_434216 434216 0.041613 924.0 1948.0 -0.13386378 1.0002005 0.0006977535 -0.13144296 -0.00077877013 0.999998 17532725895 239.88629
/home/declsp/obsbot/rawdata/DECam_01465314.fits.fz N4 1465314 800.0 61121.28167762 1.12 206.71674748149098 -3.0711038304955363 206.72427083333332 -2.996 M490 0.043352395 24.926147 0.9725574 1.9404056 21.71044 4.815047 decam -27.310894 -39.13276 173 object IBIS_wide_M490_431301 431301 0.044511 924.0 1948.0 0.00960984 1.0001036 0.00089455425 0.07808261 -0.0010400591 1.0000238 17808041045 166.14584
/home/declsp/obsbot/rawdata/DECam_01465315.fits.fz N4 1465315 800.0 61121.29129066 1.13 209.18276544422102 -2.1601038383430495 209.19028333333333 -2.085 M490 0.054136433 24.949722 0.9957107 1.9839175 21.719517 5.1373215 decam -33.95495 -43.198975 154 object IBIS_wide_M490_434285 434285 0.051518 924.0 1948.0 -0.23588456 0.9999955 0.00086733466 0.1976381 -0.00088630134 1.0000796 17772584710 155.72318
/home/declsp/obsbot/rawdata/DECam_01465316.fits.fz N4 1465316 800.0 61121.30090322 1.13 211.59776386172967 -2.4591038357686426 211.60528333333335 -2.384 M490 0.06602274 24.954437 1.000044 1.719254 21.712618 4.169018 decam -27.278131 -43.71675 175 object IBIS_wide_M490_431284 431284 0.06496 924.0 1948.0 0.020974757 1.000289 0.0009968287 0.18011461 -0.00096213084 1.0001081 17963174424 191.89172
/home/declsp/obsbot/rawdata/DECam_01465317.fits.fz N4 1465317 800.0 61121.3104885 1.12 212.6787444639396 -3.961103822816007 212.68627500000002 -3.886 M490 0.049618285 24.964176 1.0072249 1.7034035 21.714466 3.5952988 decam -28.049458 -47.14624 207 object IBIS_wide_M490_434252 434252 0.046327 924.0 1948.0 -0.11162144 1.0002475 0.0010746102 0.0748661 -0.00095305085 1.0000467 17893579558 222.5128
/home/declsp/obsbot/rawdata/DECam_01465318.fits.fz N4 1465318 738.3365 61121.32127518 1.12 216.3107371677523 -4.2911038199645395 216.31827083333334 -4.216 M490 0.06525741 24.99553 1.0367352 1.4036127 21.710001 2.570273 decam -7.9267592 4.5416203 212 object IBIS_wide_M490_436968 436968 0.062738 924.0 1948.0 -0.24773048 1.0003613 0.0013196403 0.16422573 -0.0011620962 1.0000696 17680223791 287.25995
/home/declsp/obsbot/rawdata/DECam_01465319.fits.fz N4 1465319 797.9762 61121.33017857 1.12 219.31874769958955 -4.062103821943537 219.32627916666667 -3.987 M490 0.10844672 24.987005 1.0286266 1.3665521 21.683573 3.3870573 decam -7.819881 5.4039383 190 object IBIS_wide_M490_439949 439949 0.095414 924.0 1948.0 -0.35333684 1.0000963 0.0012826918 0.18958841 -0.0012674559 1.000181 18010398985 235.59572
/home/declsp/obsbot/rawdata/DECam_01465320.fits.fz N4 1465320 800.0 61121.33974883 1.12 221.28573876399406 -4.5441038177767545 221.293275 -4.469 M490 0.08115929 25.00084 1.041818 1.361487 21.701374 2.6854513 decam -7.7883525 1.0834883 240 object IBIS_wide_M490_439942 439942 0.081149 924.0 1948.0 -0.09851347 1.000294 0.0014037542 0.17869498 -0.0013546388 1.0001081 17869831716 297.90152
/home/declsp/obsbot/rawdata/DECam_01465321.fits.fz N4 1465321 622.967 61121.34932836 1.12 223.0237324531598 -5.454103809894321 223.03127916666665 -5.379 M490 0.07263835 24.99982 1.0408399 1.2324514 21.69052 2.1038969 decam -7.113991 7.8825235 264 object IBIS_wide_M490_437438 437438 0.072915 924.0 1948.0 -0.050908092 0.999891 0.0014722971 0.11572263 -0.0014431828 1.000014 17344426928 296.10147
/home/declsp/obsbot/rawdata/DECam_01465322.fits.fz N4 1465322 800.0 61121.35687799 1.15 224.79675779919486 -2.775103833046608 224.80427916666665 -2.7 M490 0.11860743 24.976479 1.0242624 1.3194356 21.661709 3.516568 decam -8.300008 5.3026347 225 object IBIS_wide_M490_440431 440431 0.1096 924.0 1948.0 -0.020751068 1.0001137 0.0013640624 0.07713602 -0.0013676538 1.0001497 17945776734 227.49454
/home/declsp/obsbot/rawdata/DECam_01465323.fits.fz N4 1465323 797.8861 61121.36645416 1.17 225.15875617209736 -2.3421038367761486 225.16627499999998 -2.267 M490 0.087609746 24.99286 1.0436146 1.3103131 21.656553 2.7470517 decam -2.0570753 2.0893912 233 object IBIS_wide_M490_437456 437456 0.08005 924.0 1948.0 0.06579786 1.000015 0.0014088884 0.25608027 -0.0011908691 1.000077 18264872751 290.45178
/home/declsp/obsbot/rawdata/DECam_01465324.fits.fz N4 1465324 800.0 61121.37602139 1.2 223.7437596668533 -2.464103835725583 223.75127916666665 -2.3890000000000002 M490 0.08471052 24.964699 1.0224448 1.5324221 21.646032 3.9174564 decam -11.021254 7.8218236 245 object IBIS_wide_M490_437531 437531 0.084172 924.0 1948.0 0.06798897 1.0000918 0.0014208211 0.11832605 -0.0014014525 1.0001566 17935486754 204.21414
/home/declsp/obsbot/rawdata/DECam_01465325.fits.fz N4 1465325 800.0 61121.38594174 1.21 233.53276476248777 1.2738961321274935 233.54027916666666 1.349 M490 0.050477993 24.979496 1.0383565 1.4936645 21.65587 2.8536634 decam -6.6358275 5.6707277 285 object IBIS_wide_M490_437511 437511 0.054714 924.0 1948.0 -0.18240501 1.0002843 0.0017418423 0.366013 -0.0017920032 1.000176 17985798926 280.3414
/home/declsp/obsbot/rawdata/DECam_01465326.fits.fz N4 1465326 150.0 61121.39770367 1.13 219.89309712522018 -26.613993610135296 219.9015 -26.53889 M490 0.09919632 24.979607 1.0234971 1.4664005 21.502642 4.389088 decam -24.36485 -6.414482 544 object "NGC5694 position 0" 0 0.0 924.0 1948.0 0.09777508 0.99990624 0.001614216 -0.21364437 -0.0014690644 1.000112 16015091025 34.175663
/home/declsp/obsbot/rawdata/DECam_01465327.fits.fz N4 1465327 150.0 61121.39979334 1.14 219.85105382316084 -26.57951666606151 219.85945416666667 -26.504413055555556 M490 0.09875956 24.98083 1.0265104 1.4052778 21.38942 4.451216 decam -10.304924 0.8663881 728 object "NGC5694 position 1" 0 0.0 924.0 1948.0 -0.7753457 1.0004199 0.0016365019 -0.12904787 -0.0015419142 1.0000601 16047762103 33.698654
/home/declsp/obsbot/rawdata/DECam_01465328.fits.fz N4 1465328 150.0 61121.40187644 1.15 219.90014183225378 -26.685885553806113 219.90855 -26.610781944444444 M490 0.0998924 24.982983 1.0304171 1.3726066 21.18799 5.1311874 decam -18.652416 3.3286157 425 object "NGC5694 position 2" 0 0.0 924.0 1948.0 0.14549732 1.0001967 0.0014917398 0.05168057 -0.0014389998 1.0000726 16730676809 29.233
/home/declsp/obsbot/rawdata/DECam_01465329.fits.fz N4 1465329 150.0 61121.40393665 1.16 219.95317727137098 -26.54383555533378 219.96157499999998 -26.468731944444443 M490 0.10165784 24.97589 1.0255665 1.4441398 20.987463 7.003427 decam -15.768298 4.328108 746 object "NGC5694 position 3" 0 0.0 924.0 1948.0 0.5018192 1.000303 0.001656691 -0.12137446 -0.0014583954 1.000299 16323284566 21.418085
/home/declsp/obsbot/rawdata/DECam_01465330.fits.fz N4 1465330 150.0 61121.40602493 1.16 219.78074582149165 -26.631726665500114 219.78914999999998 -26.556623055555555 M490 0.097460225 24.98098 1.0303856 1.4617486 20.63836 9.531932 decam -8.129611 5.5140305 515 object "NGC5694 position 4" 0 0.0 924.0 1948.0 -0.35811368 1.0002058 0.0015318848 0.10320199 -0.0016952483 1.0001389 16679225084 15.736579
/home/declsp/obsbot/rawdata/DECam_01465331.fits.fz N4 1465331 150.0 61121.40811966 1.17 220.00076345366145 -26.675198609476727 220.00917083333334 -26.600095 M490 0.1015648 24.9799 1.031232 1.6190841 20.179451 18.375906 decam -16.430212 8.325206 390 object "NGC5694 position 5" 0 0.0 924.0 1948.0 -0.17389885 1.0001945 0.0016413801 -0.017623346 -0.0014172388 1.0001961 17881156216 8.162863
/home/declsp/obsbot/rawdata/DECam_01465332.fits.fz N4 1465332 15.0 61121.41100621 1.66 189.70078795747543 -49.79143632983654 189.712425 -49.71633305555556 M490 0.12849489 24.89862 1.0458187 1.6048932 19.335484 54.648262 decam -23.598303 3.7182047 682 object "LTT4861 N4" 0 0.0 924.0 1948.0 0.056532633 0.9999262 0.0008320852 -0.02408488 -0.00066956476 1.0002587 15775601846 0.27448267
/home/declsp/obsbot/rawdata/DECam_01465333.fits.fz N4 1465333 15.0 61121.41148495 1.67 189.21964629080875 -49.79143632983654 189.23128333333335 -49.71633305555556 M490 0.123391315 24.89333 1.0426246 1.6067425 19.204885 60.2835 decam -26.815947 3.6825159 612 object "LTT4861 N5" 0 0.0 924.0 1948.0 -0.30980256 0.99991274 0.00065338117 -0.018774036 -0.0012258493 1.000466 15825361645 0.2488243
/home/declsp/obsbot/rawdata/DECam_01465334.fits.fz N4 1465334 15.0 61121.41196974 1.65 190.1818893914288 -49.95810327083149 190.19356666666667 -49.883 M490 0.13002166 24.90064 1.0458657 1.4577651 19.085346 57.15195 decam -27.299751 -9.180484 663 object "LTT4861 S3" 0 0.0 924.0 1948.0 -0.13301368 1.0003054 0.00094804657 0.22284946 -0.0009472434 1.0004262 15877697918 0.26245824
/home/declsp/obsbot/rawdata/DECam_01465335.fits.fz N4 1465335 15.0 61121.41245653 1.67 189.70074772476212 -49.95810327083149 189.712425 -49.883 M490 0.11683266 24.89954 1.0486058 1.500683 18.944 63.27735 decam -33.064877 -20.20001 676 object "LTT4861 S4" 0 0.0 924.0 1948.0 0.009146292 0.99987024 0.0008548387 -0.331608 -0.0008950853 1.0003465 15945716798 0.23705164
/home/declsp/obsbot/rawdata/DECam_01465336.fits.fz N4 1465336 15.0 61121.41295246 1.68 189.21960605809545 -49.95810327083149 189.23128333333335 -49.883 M490 0.12251485 24.894222 1.0453763 1.5057452 18.789783 77.02724 decam -18.905672 -29.726511 622 object "LTT4861 S5" 0 0.0 924.0 1948.0 -0.011119812 0.9999115 0.00083680614 0.27399006 -0.00070556847 1.0005617 16027378364 0.19473632
/home/declsp/obsbot/rawdata/DECam_01465337.fits.fz N4 1465337 15.0 61121.41464073 1.07 234.74177384719718 -28.584297477454864 234.7503291666667 -28.509193888888888 M490 0.11373475 24.987585 1.0198829 1.6931669 18.853428 72.902916 decam -33.707886 4.0741243 392 object "LTT6248 N4" 0 0.0 924.0 1948.0 -0.3567848 0.99992007 0.0021035715 0.037914224 -0.0018777245 0.99999136 16006961549 0.20575309
/home/declsp/obsbot/rawdata/DECam_01465338.fits.fz N4 1465338 15.0 61121.41511447 1.07 234.38807384719718 -28.584297477454868 234.39662916666666 -28.509193888888888 M490 0.22622195 24.991686 1.0237414 1.7281897 18.705572 183.51363 decam -34.21145 2.2394373 240 object "LTT6248 N5" 0 0.0 924.0 1948.0 -0.078681014 1.0001876 0.0019851876 0.003044195 -0.0020414575 1.000161 16076254090 0.0817378
/home/declsp/obsbot/rawdata/DECam_01465339.fits.fz N4 1465339 15.0 61121.41559585 1.07 235.09544772966674 -28.750964697816126 235.10401666666667 -28.67586111111111 M490 0.13145722 24.979671 1.0124751 1.6952386 18.579842 107.433075 decam -46.800392 0.70658195 362 object "LTT6248 S3" 0 0.0 924.0 1948.0 -0.19937205 1.0003254 0.0020915729 0.16508606 -0.002154914 1.0001276 16166509090 0.13962181
/home/declsp/obsbot/rawdata/DECam_01465340.fits.fz N4 1465340 15.0 61121.41608597 1.07 234.74176022966677 -28.750964697816126 234.7503291666667 -28.67586111111111 M490 0.12067507 24.980696 1.0134318 1.8065178 18.432777 129.70271 decam -34.032307 -2.619171 289 object "LTT6248 S4" 0 0.0 924.0 1948.0 -0.48106724 0.9999117 0.0021519125 0.08624416 -0.0016594373 1.0000845 16276127540 0.11564908
/home/declsp/obsbot/rawdata/DECam_01465341.fits.fz N4 1465341 15.0 61121.41657332 1.07 234.38806022966676 -28.750964697816126 234.39662916666666 -28.67586111111111 M490 0.33074725 24.987524 1.0198255 1.7954674 18.283926 592.82635 decam -39.02523 9.09938 215 object "LTT6248 S5" 0 0.0 924.0 1948.0 -0.4327784 1.0001001 0.0022181263 0.33484042 -0.0021264877 0.99995345 16409234122 0.025302518
