logs/db-2025-12-15.ecsv
# %ECSV 1.0
# ---
# datatype:
# - {name: filename, datatype: string}
# - {name: extension, datatype: string}
# - {name: expnum, datatype: int64}
# - {name: exptime, datatype: float32}
# - {name: mjd_obs, datatype: float64}
# - {name: airmass, datatype: float32}
# - {name: racenter, datatype: float64}
# - {name: deccenter, datatype: float64}
# - {name: rabore, datatype: float64}
# - {name: decbore, datatype: float64}
# - {name: band, datatype: string}
# - {name: ebv, datatype: float32}
# - {name: zeropoint, datatype: float32}
# - {name: transparency, datatype: float32}
# - {name: seeing, datatype: float32}
# - {name: sky, datatype: float32}
# - {name: expfactor, datatype: float32}
# - {name: camera, datatype: string}
# - {name: dx, datatype: float32}
# - {name: dy, datatype: float32}
# - {name: nmatched, datatype: int64}
# - {name: obstype, datatype: string}
# - {name: object, datatype: string}
# - {name: tileid, datatype: int64}
# - {name: tileebv, datatype: float32}
# - {name: affine_x0, datatype: float32}
# - {name: affine_y0, datatype: float32}
# - {name: affine_dx, datatype: float32}
# - {name: affine_dxx, datatype: float32}
# - {name: affine_dxy, datatype: float32}
# - {name: affine_dy, datatype: float32}
# - {name: affine_dyx, datatype: float32}
# - {name: affine_dyy, datatype: float32}
# - {name: checksum, datatype: string}
# - {name: efftime, datatype: float32}
# schema: astropy-2.0
filename extension expnum exptime mjd_obs airmass racenter deccenter rabore decbore band ebv zeropoint transparency seeing sky expfactor camera dx dy nmatched obstype object tileid tileebv affine_x0 affine_y0 affine_dx affine_dxx affine_dxy affine_dy affine_dyx affine_dyy checksum efftime
rawdata/DECam_01441535.fits.fz N4 1441535 5.0 61025.02349655 1.0 20.870229545421093 -31.02065856074404 20.878995833333335 -30.945555 r 0.022357313 26.862566 1.0419012 1.1141964 17.389832 20.484291 decam 13.842863 43.14455 48 object pointing 0 0.0 924.0 1948.0 0.42167228 1.0003182 -0.0009491921 -0.3038451 0.0009748295 1.0002915 19628014054 0.24408948
rawdata/DECam_01441536.fits.fz N4 1441536 10.0 61025.02475816 1.0 20.870229545421093 -31.02065856074404 20.878995833333335 -30.945555 r 0.022357313 26.874693 1.0536041 1.0155958 17.721087 12.271966 decam -3.4680188 13.739326 64 object pointing 0 0.0 924.0 1948.0 0.25266567 1.0004014 -0.0008151753 -0.067605905 0.0008608497 0.99998885 21650807627 0.81486535
rawdata/DECam_01441537.fits.fz N4 1441537 30.0 61025.02625859 1.0 20.870229545421093 -31.02065856074404 20.878995833333335 -30.945555 r 0.022357313 26.889912 1.0684749 1.1240605 18.131443 10.012467 decam 8.342044 26.292631 91 object pointing 0 0.0 924.0 1948.0 0.061905432 0.9999466 -0.0010732388 -0.06605176 0.0010593924 0.99996406 28293636833 2.9962645
rawdata/DECam_01441538.fits.fz N4 1441538 15.0 61025.03072651 1.28 343.16323338400645 -20.585453671937714 343.1712583333333 -20.51035 M517 0.03460902 25.026785 1.0428021 1.2544347 19.121344 18.492397 decam 10.132643 47.71077 45 object "LTT9239 N4 M517" 0 0.0 924.0 1948.0 0.22293444 0.9999504 0.0006102199 0.002092079 -0.00067801605 1.0000712 15859673423 0.8111442
rawdata/DECam_01441539.fits.fz N4 1441539 15.0 61025.03122525 1.28 343.16323338400645 -20.585453671937714 343.1712583333333 -20.51035 M438 0.03460902 24.746828 1.0311153 1.4681573 19.035759 30.85801 decam -3.606296 64.01909 31 object "LTT9239 N4 M438" 0 0.0 924.0 1948.0 0.37859255 1.0000647 0.0005640814 0.16933203 -0.00085729675 1.0001253 15789734320 0.48609746
rawdata/DECam_01441540.fits.fz N4 1441540 15.0 61025.03171243 1.28 343.16323338400645 -20.585453671937714 343.1712583333333 -20.51035 M490 0.03460902 25.004253 1.0758829 1.2592139 19.116434 18.075544 decam -1.1485584 77.2133 44 object "LTT9239 N4 M490" 0 0.0 924.0 1948.0 -0.14806403 0.99986625 0.00053779234 0.0028136019 -0.00059468567 1.0000727 15835435495 0.82985055
rawdata/DECam_01441541.fits.fz N4 1441541 15.0 61025.03220318 1.29 343.16323338400645 -20.585453671937714 343.1712583333333 -20.51035 M464 0.03460902 24.9083 1.014818 1.2365861 19.191263 18.902748 decam -6.9976497 63.94045 39 object "LTT9239 M464" 0 0.0 924.0 1948.0 0.08492305 0.99994403 0.00063919876 0.09137147 -0.0007270133 1.0002712 15795129485 0.7935354
rawdata/DECam_01441542.fits.fz N4 1441542 3.0 61025.03270321 1.29 343.16323338400645 -20.585453671937714 343.1712583333333 -20.51035 g 0.03460902 26.63655 1.0723592 1.2423085 19.333712 13.960763 decam -0.20755096 84.46745 44 object "LTT9239 g" 0 0.0 924.0 1948.0 -0.4397241 1.0001291 0.0006194383 -0.040129583 -0.00060640357 0.99986017 15715008861 0.21488796
rawdata/DECam_01441543.fits.fz N4 1441543 15.0 61025.03319244 1.22 349.88815735313506 -17.083381761113934 349.89601666666664 -17.008278055555557 M517 0.02964856 25.034523 1.0402097 1.1147621 19.749065 7.83268 decam -2.9746535 89.93545 48 object "LTT9491 N4 M517" 0 0.0 924.0 1948.0 -0.19858478 0.9995654 0.00023476547 -0.3488094 -0.00011772322 0.99976164 15639964369 1.9150532
rawdata/DECam_01441544.fits.fz N4 1441544 15.0 61025.03366801 1.22 349.88815735313506 -17.083381761113934 349.89601666666664 -17.008278055555557 M438 0.02964856 24.79642 1.0631434 1.0731022 19.692053 7.926337 decam -9.844413 81.77254 30 object "LTT9491 N4 M438" 0 0.0 924.0 1948.0 -0.08738454 0.99931985 0.000300575 -0.36024308 5.559918e-05 0.9996399 15599231479 1.8924253
rawdata/DECam_01441545.fits.fz N4 1441545 15.0 61025.03413429 1.23 349.88815735313506 -17.083381761113934 349.89601666666664 -17.008278055555557 M490 0.02964856 25.023703 1.0854381 1.1284212 19.772556 7.405618 decam -7.294504 85.3313 44 object "LTT9491 N4 M490" 0 0.0 924.0 1948.0 -0.05303659 0.9998049 0.0002720525 -0.34647983 0.000425567 0.99989426 15627192134 2.0254893
rawdata/DECam_01441546.fits.fz N4 1441546 15.0 61025.0345968 1.23 349.88815735313506 -17.083381761113934 349.89601666666664 -17.008278055555557 M464 0.02964856 24.940033 1.032117 1.0920417 19.83165 7.444208 decam -8.360057 79.3084 39 object "LTT9491 N4 N464" 0 0.0 924.0 1948.0 -0.031926773 1.0000862 0.00015239204 -0.51957184 -0.0007897102 0.9997428 15607987022 2.0149894
rawdata/DECam_01441547.fits.fz N4 1441547 3.0 61025.03506058 1.23 349.88815735313506 -17.083381761113934 349.89601666666664 -17.008278055555557 g 0.02964856 26.644663 1.0702983 1.1011808 19.91824 6.127807 decam -8.700662 79.95891 40 object "LTT9491 N4 g" 0 0.0 924.0 1948.0 0.043827835 1.0000708 0.00042382884 -0.45687926 -0.00071530964 0.9998441 15569004383 0.48957154
rawdata/DECam_01441548.fits.fz N4 1441548 150.0 61025.03542188 1.29 346.8926771018406 -15.766254828976145 346.90048333333334 -15.691151111111111 M464 0.034932733 24.912449 1.0187032 1.1092339 20.038015 6.938736 decam -10.536325 67.308754 95 object "NGC7492 position 10" 0 0.0 924.0 1948.0 0.11032622 0.9999876 0.00024312879 -0.08205156 -0.00011604595 1.0001163 17399003061 21.617771
rawdata/DECam_01441549.fits.fz N4 1441549 150.0 61025.03881586 1.31 346.8741804726038 -15.458604831827234 346.88197499999995 -15.38350111111111 M464 0.03484899 24.91147 1.0219749 1.1655676 20.554995 4.7638316 decam 4.5062637 -0.77035874 115 object "NGC7492 position 11" 0 0.0 924.0 1948.0 -0.17280486 1.00001 0.00037782997 -0.088885106 -3.7693615e-05 1.0000333 16634998224 31.487259
rawdata/DECam_01441550.fits.fz N4 1441550 150.0 61025.04088567 1.32 346.6628043118407 -15.708683718399213 346.67060833333335 -15.63358 M464 0.035406247 24.90211 1.0152833 1.1557835 20.79095 3.8502183 decam 7.5325165 -12.413297 93 object "NGC7492 position 12" 0 0.0 924.0 1948.0 -0.08668826 1.0001359 0.00026759162 0.000731938 -0.00018197692 1.0000857 16394380477 38.95883
rawdata/DECam_01441551.fits.fz N4 1441551 150.0 61025.04295187 1.33 347.00819785806453 -15.659532607743925 347.01599999999996 -15.584428888888889 M464 0.036330115 24.93287 1.0466092 1.1058873 20.985518 2.8032372 decam 9.334199 -10.465673 605 object "NGC7492 position 13" 0 0.0 924.0 1948.0 -0.7041525 1.0011387 0.00020078626 -0.3574885 0.00050580414 0.9999402 16215651342 53.509563
rawdata/DECam_01441552.fits.fz N4 1441552 150.0 61025.0450005 1.35 346.7077386077179 -15.463872609556267 346.7155333333334 -15.388768888888888 M464 0.033741787 24.909794 1.0288162 1.1114346 21.109964 2.586104 decam 11.448195 -16.318325 103 object "NGC7492 position 14" 0 0.0 924.0 1948.0 -0.16976373 0.99988776 0.0002337477 -0.07813909 -9.450011e-05 1.0001488 16131193958 58.002308
rawdata/DECam_01441553.fits.fz N4 1441553 35.0 61025.04802943 1.05 22.47253451356303 -13.93910373467765 22.480275 -13.864 g 0.019557927 26.685257 1.0801966 1.1658105 21.67974 1.18502 decam 13.543945 -0.47782952 99 object "Pointing test" 0 0.0 924.0 1948.0 0.040129274 1.000391 -0.0011467552 -0.33512795 0.00082453556 0.99993217 15857766728 29.535368
rawdata/DECam_01441554.fits.fz N4 1441554 338.6479 61025.04992691 1.06 21.55253237123986 -13.753103736373648 21.560266666666664 -13.678 M464 0.019282766 24.966003 1.0208297 1.0983129 21.829142 1.058845 decam -0.94718623 6.4399853 103 object IBIS_wide_M464_304050 304050 0.020073 924.0 1948.0 0.17969374 1.0001041 -0.0009960571 -0.42504117 0.0011113571 0.99995214 16262372475 319.8276
rawdata/DECam_01441555.fits.fz N4 1441555 800.0 61025.05419693 1.06 22.913564154881108 -13.02210374301342 22.921274999999998 -12.947 M464 0.020889191 24.964544 1.0194594 1.0532032 21.88847 0.935203 decam 9.644425 17.958778 116 object IBIS_wide_M464_301074 301074 0.020883 924.0 1948.0 0.17175473 1.0000877 -0.0013150442 -0.33990976 0.0014525831 0.99985987 17395817580 855.42926
rawdata/DECam_01441556.fits.fz N4 1441556 296.5281 61025.06383094 1.07 26.843582836407304 -12.406103748578193 26.851274999999998 -12.331 M464 0.019539246 24.946537 1.0047523 1.1016241 21.929482 1.0084968 decam 11.1940775 26.30774 92 object IBIS_wide_M464_304083 304083 0.019018 924.0 1948.0 0.31241804 1.000116 -0.001424477 -0.3848451 0.0014246742 0.9997411 16106030350 294.02982
rawdata/DECam_01441557.fits.fz N4 1441557 320.2381 61025.06760926 1.07 26.0645492279187 -13.232103741110071 26.072266666666668 -13.157 M464 0.019754423 24.947107 1.0052791 1.1359198 21.923637 1.0784501 decam 20.096527 24.822716 85 object IBIS_wide_M464_301054 301054 0.01861 924.0 1948.0 0.025212321 1.0002091 -0.0012223019 -0.5791066 0.0016856986 0.99988127 16154494723 296.9429
rawdata/DECam_01441558.fits.fz N4 1441558 464.9872 61025.07178764 1.06 31.68058399439928 -12.080103751512471 31.68826666666667 -12.005 M464 0.019268213 24.944036 1.0003836 1.198506 21.959911 1.1634204 decam 14.707368 42.968216 101 object IBIS_wide_M464_302974 302974 0.020541 924.0 1948.0 0.47043964 1.0001068 -0.0014826034 -0.2969317 0.0015797894 0.99999666 16660017224 399.67255
rawdata/DECam_01441559.fits.fz N4 1441559 416.5175 61025.07749752 1.07 31.449573941491444 -12.425103748406956 31.45726666666667 -12.35 M464 0.02078306 24.952452 1.01024 1.2385554 21.950275 1.2475654 decam 21.896444 33.15386 99 object IBIS_wide_M464_305973 305973 0.020317 924.0 1948.0 -0.094289765 1.0000271 -0.0016352863 0.0023981135 0.0017029996 0.9999163 16411681067 333.86426
rawdata/DECam_01441560.fits.fz N4 1441560 481.937 61025.08263338 1.08 31.97159829877549 -11.570103756088661 31.979266666666664 -11.495 M464 0.022264568 24.95983 1.0192189 1.3053433 21.928305 1.4095994 decam 15.563264 31.23476 89 object IBIS_wide_M464_302975 302975 0.020676 924.0 1948.0 -0.26709807 0.99995875 -0.0016475404 -0.16943446 0.0011009034 1.0000218 16639159217 341.89642
rawdata/DECam_01441561.fits.fz N4 1441561 388.5977 61025.08852637 1.08 31.80955575929288 -13.024103742995308 31.81726666666667 -12.949 M464 0.01960661 24.954012 1.0137732 1.1805387 21.939629 1.1319375 decam 6.998147 20.641085 85 object IBIS_wide_M464_305971 305971 0.020459 924.0 1948.0 -0.15013197 0.99999285 -0.0015846931 -0.37090144 0.0015622064 0.9997809 16400433760 343.30313
rawdata/DECam_01441562.fits.fz N4 1441562 373.7878 61025.09334344 1.08 32.27057504073446 -12.667103746223683 32.278275 -12.592 M464 0.021283068 24.953558 1.0133499 1.1424617 21.928745 1.0847211 decam 15.389058 31.278833 86 object IBIS_wide_M464_302972 302972 0.020584 924.0 1948.0 0.28976217 0.9999597 -0.001583363 -0.19740446 0.0014610604 0.9999854 16281830173 344.59348
rawdata/DECam_01441563.fits.fz N4 1441563 408.2275 61025.09802119 1.08 34.075539828657014 -13.653103737284361 34.08327083333333 -13.578 M464 0.018856551 24.969217 1.0280706 1.1508082 21.937864 1.0421315 decam 12.21875 15.1141 80 object IBIS_wide_M464_305974 305974 0.020662 924.0 1948.0 -0.47357205 0.99974775 -0.0018117124 -0.27470306 0.0018246643 0.9999975 16371721069 391.7236
rawdata/DECam_01441564.fits.fz N4 1441564 424.3873 61025.10308565 1.09 32.3825297528957 -13.832103735653636 32.39026666666666 -13.757 M464 0.025993248 24.940937 1.0036968 1.1867379 21.915049 1.2545274 decam 10.974699 19.792274 89 object IBIS_wide_M464_305965 305965 0.021728 924.0 1948.0 0.5771486 1.0000982 -0.0016488846 -0.35495123 0.002024831 0.99993134 16392004937 338.28458
rawdata/DECam_01441565.fits.fz N4 1441565 408.8675 61025.10832192 1.1 33.36554803929437 -13.529103738412575 33.373275 -13.454 M464 0.019561717 24.951654 1.015738 1.2222052 21.906944 1.2552156 decam -2.7536829 20.778816 79 object IBIS_wide_M464_302967 302967 0.02144 924.0 1948.0 0.15095906 0.99991447 -0.0015436214 -0.40796846 0.0016248656 1.0000005 16366943991 325.73486
rawdata/DECam_01441566.fits.fz N4 1441566 485.077 61025.1133992 1.08 36.791501059073774 -14.900103725870464 36.799275 -14.825 M464 0.021740386 24.949133 1.0092274 1.2619419 21.93201 1.3341899 decam 4.652012 6.40115 84 object IBIS_wide_M464_309876 309876 0.021501 924.0 1948.0 -0.056969035 1.0001645 -0.0018730037 -0.2961228 0.0017710947 1.0000134 16592412356 363.5742
rawdata/DECam_01441567.fits.fz N4 1441567 426.6374 61025.11934851 1.1 37.399530413953045 -13.937103734695901 37.407270833333335 -13.862 M464 0.020677099 24.95725 1.0209868 1.1860551 21.909845 1.1762786 decam 5.828534 -3.356759 113 object IBIS_wide_M464_306902 306902 0.019624 924.0 1948.0 -0.3440147 1.0000534 -0.0016306307 -0.2408779 0.001832411 0.999843 16691198125 362.701
rawdata/DECam_01441568.fits.fz N4 1441568 345.5478 61025.12460995 1.1 39.474545951844746 -13.335103740175331 39.48226666666666 -13.26 M464 0.025621478 24.952589 1.0166122 1.1257704 21.900782 1.1168315 decam 3.7134159 -2.093564 89 object IBIS_wide_M464_306904 306904 0.02419 924.0 1948.0 0.3541754 0.99987483 -0.0017064721 -0.36003375 0.0019523157 0.9997278 16461517893 309.4001
rawdata/DECam_01441569.fits.fz N4 1441569 370.7377 61025.1289354 1.1 39.188501131272666 -14.898103725888873 39.196275 -14.823 M464 0.02602636 24.938381 1.0033954 1.1243773 21.91277 1.1343386 decam 4.0139813 -6.0355463 91 object IBIS_wide_M464_309880 309880 0.024344 924.0 1948.0 -0.38044932 1.0003324 -0.0019463656 0.033042707 0.0018019666 0.9999675 16311275445 326.8316
rawdata/DECam_01441570.fits.fz N4 1441570 333.5079 61025.13356796 1.12 40.68757990784197 -12.364103748956637 40.69527083333333 -12.289 M464 0.031267557 24.95069 1.0190126 1.104919 21.896774 1.1283123 decam -11.658017 2.1484928 90 object IBIS_wide_M464_309911 309911 0.029739 924.0 1948.0 0.33448935 1.0001178 -0.0019544729 -0.036884267 0.0022300866 0.9999784 16412222649 295.58118
rawdata/DECam_01441571.fits.fz N4 1441571 338.3778 61025.13776198 1.12 40.4385016343617 -14.768103727084732 40.44627083333334 -14.693 M464 0.03078399 24.955555 1.0235906 1.0567316 21.885838 1.0298207 decam 2.6430998 7.623293 87 object IBIS_wide_M464_309881 309881 0.026438 924.0 1948.0 0.6120918 1.0000392 -0.0020462763 -0.27580586 0.0019994008 0.99998504 16224821386 328.57935
rawdata/DECam_01441572.fits.fz N4 1441572 353.3679 61025.14214986 1.13 40.902547131878215 -13.298103740511204 40.910266666666665 -13.223 M464 0.030761665 24.942093 1.0130546 1.0277603 21.856947 1.0254848 decam -5.309267 0.12164426 92 object IBIS_wide_M464_306919 306919 0.029183 924.0 1948.0 -0.47745198 0.9999771 -0.00196317 -0.122178584 0.0022012654 1.0000758 16278018461 344.58618
rawdata/DECam_01441573.fits.fz N4 1441573 352.9678 61025.14657977 1.14 41.61753041395304 -13.937103734695903 41.62527083333333 -13.862 M464 0.024375442 24.939842 1.0130354 1.0544782 21.841253 1.0505682 decam -0.40968302 9.101985 87 object IBIS_wide_M464_306917 306917 0.025932 924.0 1948.0 -0.31408277 1.0003672 -0.0018040393 -0.4145261 0.002077578 0.9998988 16648170703 335.978
rawdata/DECam_01441574.fits.fz N4 1441574 380.1476 61025.15096859 1.15 42.6535642793597 -13.018103743049641 42.661274999999996 -12.943 M464 0.024915228 24.950796 1.0254128 1.0533394 21.856495 1.016958 decam -2.322624 11.584943 81 object IBIS_wide_M464_309904 309904 0.027569 924.0 1948.0 -0.07150749 0.99985963 -0.0022102562 -0.28591084 0.002280688 0.9998393 16351706095 373.80856
rawdata/DECam_01441575.fits.fz N4 1441575 376.3877 61025.15969286 1.11 49.44154061451735 -13.629103737502817 49.44927083333333 -13.554 M464 0.04999291 24.943111 1.0098487 0.98814964 21.86599 1.0768057 decam -1.6263694 32.076904 99 object IBIS_wide_M464_306847 306847 0.052737 924.0 1948.0 -0.37315935 1.0005225 -0.0020951799 -0.47408637 0.0019850133 1.0000112 16622652481 349.54095
rawdata/DECam_01441576.fits.fz N4 1441576 475.2772 61025.16437339 1.12 48.89749574878932 -14.81610372664335 48.90526666666666 -14.741 M464 0.05156887 24.944056 1.0128063 1.0430901 21.833427 1.2479054 decam 3.0981936 24.233223 89 object IBIS_wide_M464_309827 309827 0.046552 924.0 1948.0 0.12462403 1.0001934 -0.0022315409 -0.46403518 0.0021271943 0.99996036 17318482350 380.85995
