logs/db-2026-05-13.ecsv
# %ECSV 1.0
# ---
# datatype:
# - {name: filename, datatype: string}
# - {name: extension, datatype: string}
# - {name: expnum, datatype: int64}
# - {name: exptime, datatype: float32}
# - {name: mjd_obs, datatype: float64}
# - {name: airmass, datatype: float32}
# - {name: racenter, datatype: float64}
# - {name: deccenter, datatype: float64}
# - {name: rabore, datatype: float64}
# - {name: decbore, datatype: float64}
# - {name: band, datatype: string}
# - {name: ebv, datatype: float32}
# - {name: zeropoint, datatype: float32}
# - {name: transparency, datatype: float32}
# - {name: seeing, datatype: float32}
# - {name: sky, datatype: float32}
# - {name: expfactor, datatype: float32}
# - {name: camera, datatype: string}
# - {name: dx, datatype: float32}
# - {name: dy, datatype: float32}
# - {name: nmatched, datatype: int64}
# - {name: obstype, datatype: string}
# - {name: object, datatype: string}
# - {name: tileid, datatype: int64}
# - {name: tileebv, datatype: float32}
# - {name: affine_x0, datatype: float32}
# - {name: affine_y0, datatype: float32}
# - {name: affine_dx, datatype: float32}
# - {name: affine_dxx, datatype: float32}
# - {name: affine_dxy, datatype: float32}
# - {name: affine_dy, datatype: float32}
# - {name: affine_dyx, datatype: float32}
# - {name: affine_dyy, datatype: float32}
# - {name: checksum, datatype: string}
# - {name: efftime, datatype: float32}
# schema: astropy-2.0
filename extension expnum exptime mjd_obs airmass racenter deccenter rabore decbore band ebv zeropoint transparency seeing sky expfactor camera dx dy nmatched obstype object tileid tileebv affine_x0 affine_y0 affine_dx affine_dxx affine_dxy affine_dy affine_dyx affine_dyy checksum efftime
[from data line 81]
/home/declsp/obsbot/rawdata/DECam_01479736.fits.fz N4 1479736 375.4076 61174.26359784 1.22 241.8697609469671 2.2258961239362236 241.87727916666665 2.301 M464 0.09801688 24.871492 0.9669869 0.9408972 22.053305 0.6559675 decam -11.459389 -19.324423 390 object IBIS_wide_M464_337343 337343 0.08692 924.0 1948.0 0.0021819624 1.000047 0.0019785196 0.32534444 -0.0021021075 1.0000106 16225601825 572.296
/home/declsp/obsbot/rawdata/DECam_01479737.fits.fz N4 1479737 454.4871 61174.26828627 1.21 244.91276496992575 2.253896123695165 244.92028333333332 2.3289999999999997 M464 0.06525378 24.825256 0.9247714 0.96965027 22.040224 0.76767486 decam -7.5215983 -16.039074 510 object IBIS_wide_M464_337339 337339 0.070493 924.0 1948.0 -0.26334047 1.0003163 0.0020131923 0.24138373 -0.0017242522 1.0000732 16425995170 592.0307
/home/declsp/obsbot/rawdata/DECam_01479738.fits.fz N4 1479738 359.2376 61174.27386869 1.21 246.44576817013464 1.5118961300804203 246.45328333333333 1.587 M464 0.06341315 24.70615 0.82868916 0.9498023 21.983982 0.9661508 decam 0.92385304 -22.64623 474 object IBIS_wide_M464_340301 340301 0.066776 924.0 1948.0 -0.137907 1.0002241 0.0020949244 0.15534855 -0.001948365 1.0000569 16286075510 371.82352
/home/declsp/obsbot/rawdata/DECam_01479739.fits.fz N4 1479739 800.0 61174.27833769 1.22 247.27775804674567 1.9618961262086196 247.285275 2.037 M464 0.06008633 24.501656 0.68783844 0.98955566 21.820374 1.7766474 decam -6.2153625 -22.29684 523 object IBIS_wide_M464_340302 340302 0.063725 924.0 1948.0 0.00048053687 1.0002302 0.002090977 0.12945727 -0.0019877297 1.0000371 17697859087 450.2863
/home/declsp/obsbot/rawdata/DECam_01479740.fits.fz N4 1479740 483.2568 61174.28796187 1.24 247.70476128847503 2.1578961245216117 247.71227916666663 2.233 M464 0.06219287 24.84173 0.9447136 1.1252451 21.805029 1.2446345 decam 7.293151 -30.932089 524 object IBIS_wide_M464_337358 337358 0.064989 924.0 1948.0 -0.34192115 1.0001469 0.0019805906 0.040980846 -0.0020554294 1.0000291 16864171333 388.27206
/home/declsp/obsbot/rawdata/DECam_01479741.fits.fz N4 1479741 150.299 61174.29387133 1.24 247.9527602037434 1.401896131026598 247.96027499999997 1.477 M464 0.06455564 24.843185 0.94598085 0.99107146 21.945763 0.8463471 decam -6.971652 -25.936228 480 object IBIS_wide_M464_340300 340300 0.069849 924.0 1948.0 -0.13945773 1.0001367 0.0020337019 0.07022612 -0.0018430862 1.0000529 15773717881 177.58553
/home/declsp/obsbot/rawdata/DECam_01479742.fits.fz N4 1479742 626.4057 61174.29752148 1.3 308.03350058951736 -14.913103725750792 308.041275 -14.838 M464 0.06104972 24.729689 0.8626522 1.0271487 21.78059 1.3043514 decam -22.490685 -67.79309 684 object IBIS_wide_M464_351982 351982 0.052301 924.0 1948.0 -0.14613332 1.0001271 0.0019106774 0.18876766 -0.0021880572 1.0002075 17271265014 480.24304
/home/declsp/obsbot/rawdata/DECam_01479743.fits.fz N4 1479743 414.3872 61174.30510367 1.29 308.42059221292305 -12.08410375147651 308.428275 -12.009 M464 0.04463193 24.771702 0.8948467 1.0004661 21.802347 1.1227313 decam -9.693439 -69.489174 709 object IBIS_wide_M464_349019 349019 0.050051 924.0 1948.0 0.0055833827 1.0000259 0.0019586494 0.33990353 -0.0020978975 1.0001807 16567081928 369.0885
/home/declsp/obsbot/rawdata/DECam_01479744.fits.fz N4 1479744 400.9073 61174.31020122 1.27 308.714600542701 -11.790103754116707 308.722275 -11.715 M464 0.052300535 24.617971 0.7735221 0.9687681 21.778082 1.4291347 decam -3.8556955 -71.396034 673 object IBIS_wide_M464_352005 352005 0.050563 924.0 1948.0 0.008735934 1.0001531 0.0018088397 0.19626322 -0.001999699 1.0002264 16552053718 280.52448
/home/declsp/obsbot/rawdata/DECam_01479745.fits.fz N4 1479745 640.7559 61174.31568167 1.25 308.41661801097877 -10.987103761299537 308.42427083333337 -10.912 M464 0.046157315 24.479021 0.67781025 0.8994326 21.761742 1.6160468 decam 12.696862 -6.573098 733 object IBIS_wide_M464_349106 349106 0.052344 924.0 1948.0 -0.18451568 1.0001805 0.0019203308 0.14247373 -0.001827521 1.0001984 17313365447 396.4959
/home/declsp/obsbot/rawdata/DECam_01479746.fits.fz N4 1479746 291.808 61174.323435 1.23 310.91356415488104 -13.02210374301342 310.921275 -12.947 M464 0.0419494 24.869886 0.9675437 0.8595971 21.835548 0.67145693 decam 14.878031 -5.5553937 582 object IBIS_wide_M464_349010 349010 0.043022 924.0 1948.0 -0.1212364 1.0001159 0.0018946244 0.3133747 -0.0019206281 1.0002433 16194352356 434.58932
/home/declsp/obsbot/rawdata/DECam_01479747.fits.fz N4 1479747 337.7778 61174.32712876 1.22 311.77053258753085 -13.872103735288887 311.77827083333335 -13.797 M464 0.06214765 24.883663 0.9778883 0.87795705 21.823841 0.6902003 decam 20.570847 -9.809939 531 object IBIS_wide_M464_348988 348988 0.05094 924.0 1948.0 -0.1296771 1.0001271 0.0018214533 0.27548292 -0.0020307456 1.0002546 16313096756 489.39096
/home/declsp/obsbot/rawdata/DECam_01479748.fits.fz N4 1479748 192.6988 61174.33137257 1.2 310.8465776049028 -12.442103748253718 310.8542708333333 -12.367 M464 0.035128284 24.882374 0.9727241 0.86040777 21.824375 0.6642218 decam 20.62986 -7.635389 601 object IBIS_wide_M464_351998 351998 0.041461 924.0 1948.0 -0.15183486 1.0001003 0.0018245039 0.1946561 -0.0018562903 1.000135 16015138698 290.11212
/home/declsp/obsbot/rawdata/DECam_01479749.fits.fz N4 1479749 195.6387 61174.33394236 1.2 313.71749991545596 -14.81610372664335 313.72527083333335 -14.741 M464 0.04901961 24.88039 0.9709475 0.8854125 21.791712 0.7273899 decam 27.797367 -2.7968094 485 object IBIS_wide_M464_351966 351966 0.051218 924.0 1948.0 0.07543582 1.0001755 0.0017852566 0.3617982 -0.0018252783 1.0001295 15940635800 268.9599
/home/declsp/obsbot/rawdata/DECam_01479750.fits.fz N4 1479750 192.9488 61174.33654501 1.19 312.82155300543724 -13.37510373981211 312.829275 -13.3 M464 0.051789977 24.893658 0.9808694 0.8845669 21.811806 0.6954846 decam 20.796444 -11.891029 529 object IBIS_wide_M464_351977 351977 0.054315 924.0 1948.0 -0.071204126 1.0001242 0.0017388208 0.17607273 -0.0020022853 1.00013 15898568151 277.43076
/home/declsp/obsbot/rawdata/DECam_01479751.fits.fz N4 1479751 232.3785 61174.33910032 1.19 314.18051293156583 -14.56710372893091 314.18827500000003 -14.492 M464 0.049376 24.885988 0.97396415 0.9324226 21.80043 0.7917705 decam 25.547852 -2.1470814 437 object IBIS_wide_M464_348983 348983 0.042742 924.0 1948.0 -0.103346504 1.0005615 0.0016827163 0.19684087 -0.0019941565 1.0002103 16043304596 293.49222
/home/declsp/obsbot/rawdata/DECam_01479752.fits.fz N4 1479752 132.1091 61174.34212933 1.19 312.82859338137644 -11.748103754493416 312.8362666666667 -11.673 M464 0.059664592 24.88894 0.97661793 0.97455484 21.826445 0.8396751 decam 19.254648 -10.182609 508 object IBIS_wide_M464_352000 352000 0.058926 924.0 1948.0 -0.13678454 1.0001165 0.0018520512 0.035336062 -0.0018819297 1.0000858 15731934062 157.33359
/home/declsp/obsbot/rawdata/DECam_01479753.fits.fz N4 1479753 342.7078 61174.34397942 1.18 310.92464467968534 -9.902103770943503 310.93227083333335 -9.827 M464 0.05420336 24.897436 0.9822684 0.9073554 21.832539 0.71284795 decam 17.090635 -6.5906816 578 object IBIS_wide_M464_349067 349067 0.053787 924.0 1948.0 -0.23217443 1.0002542 0.0019162883 0.22154412 -0.0020336413 1.000171 16400857701 480.7586
/home/declsp/obsbot/rawdata/DECam_01479754.fits.fz N4 1479754 211.8486 61174.34841052 1.17 315.7355115510015 -14.368103730755404 315.74326666666667 -14.293 M464 0.04381825 24.895617 0.9786118 0.9222674 21.774927 0.7791362 decam 17.570675 -20.214996 389 object IBIS_wide_M464_351968 351968 0.046009 924.0 1948.0 0.28909165 0.99998945 0.0016445349 0.061688755 -0.0018598724 1.000157 16041214450 271.9019
/home/declsp/obsbot/rawdata/DECam_01479755.fits.fz N4 1479755 168.6489 61174.35120111 1.16 314.32857070183695 -12.534103747424089 314.3362666666667 -12.459 M464 0.06925912 24.884531 0.9666837 0.89209247 21.800833 0.72662956 decam 10.698568 -16.150036 469 object IBIS_wide_M464_349033 349033 0.050543 924.0 1948.0 0.14257438 1.0001112 0.0017284546 0.12408898 -0.0019414105 1.000181 15846111124 232.09749
/home/declsp/obsbot/rawdata/DECam_01479756.fits.fz N4 1479756 433.3572 61174.35351401 1.15 310.70066754008445 -9.060103778383391 310.708275 -8.985 M464 0.04975367 24.892654 0.9719459 0.99644625 21.838861 0.86182433 decam 9.65858 -20.434309 691 object IBIS_wide_M464_349153 349153 0.048885 924.0 1948.0 -0.22529693 1.000245 0.0018370831 0.040180046 -0.0018214582 1.0001475 16714122962 502.83707
/home/declsp/obsbot/rawdata/DECam_01479757.fits.fz N4 1479757 285.9381 61174.35898869 1.15 317.0295097495928 -14.539103729187822 317.03727083333337 -14.464 M464 0.063237764 24.902838 0.9811045 0.9718759 21.767181 0.8596358 decam 18.631893 -21.857399 362 object IBIS_wide_M464_350895 350895 0.066551 924.0 1948.0 -0.38352647 1.0001949 0.0016688219 0.23694107 -0.0016004831 1.0002472 16189420849 332.62704
/home/declsp/obsbot/rawdata/DECam_01479758.fits.fz N4 1479758 555.2165 61174.36266445 1.14 314.50161251843565 -11.353103758030693 314.509275 -11.278 M464 0.074819356 24.87501 0.95431495 0.9325 21.79763 0.8101651 decam 10.340019 -21.976286 493 object IBIS_wide_M464_349036 349036 0.073305 924.0 1948.0 0.018965697 1.000178 0.001606434 0.15288691 -0.0017839627 1.000162 17028854541 685.31274
/home/declsp/obsbot/rawdata/DECam_01479759.fits.fz N4 1479759 222.1685 61174.36944244 1.13 317.9355410722358 -13.615103737630228 317.9432708333333 -13.54 M464 0.048097435 24.891607 0.9670274 0.9171997 21.744043 0.7987351 decam 13.005618 -31.368761 345 object IBIS_wide_M464_353905 353905 0.058329 924.0 1948.0 -0.13575652 1.0002326 0.0015326365 0.1957429 -0.0015075326 1.0001704 15996108792 278.15042
/home/declsp/obsbot/rawdata/DECam_01479760.fits.fz N4 1479760 532.4366 61174.3723342 1.12 318.70251552065446 -14.253103731808283 318.71026666666666 -14.178 M464 0.083074644 24.86014 0.9374756 0.92336994 21.698195 0.89479184 decam 14.810777 -26.384335 364 object IBIS_wide_M464_353903 353903 0.066346 924.0 1948.0 -0.41325736 1.0003388 0.0015944187 0.12968065 -0.0016796237 1.0001324 17140077958 595.0396
/home/declsp/obsbot/rawdata/DECam_01479761.fits.fz N4 1479761 243.4884 61174.37880977 1.12 319.9435233038016 -14.269103731661858 319.951275 -14.194 M464 0.06054893 24.852098 0.9305575 0.9635361 21.673626 1.0112609 decam 14.26334 -32.17024 305 object IBIS_wide_M464_353900 353900 0.065135 924.0 1948.0 -0.108759284 1.0000197 0.0016400956 0.052304134 -0.001624945 1.0001642 16179893133 240.77704
/home/declsp/obsbot/rawdata/DECam_01479762.fits.fz N4 1479762 579.9563 61174.38193892 1.12 319.8095557592928 -13.024103742995306 319.8172666666666 -12.949 M464 0.06577955 24.851028 0.9296414 0.9553836 21.522667 1.1448333 decam 13.121959 -27.191832 270 object IBIS_wide_M464_353907 353907 0.065037 924.0 1948.0 0.44668618 1.0001478 0.0015026054 0.32891446 -0.0017024723 1.0001452 18992185061 506.5858
/home/declsp/obsbot/rawdata/DECam_01479763.fits.fz N4 1479763 429.4972 61174.38896876 1.11 321.72153041395296 -13.937103734695903 321.7292708333333 -13.862 M464 0.06437996 24.737461 0.8355959 0.92318046 21.598755 1.2287493 decam 16.880291 -24.096292 309 object IBIS_wide_M464_350901 350901 0.070708 924.0 1948.0 -0.2514536 1.0003676 0.0015023536 0.3287697 -0.0015669444 1.0000511 16797988219 349.54013
/home/declsp/obsbot/rawdata/DECam_01479764.fits.fz N4 1479764 672.7457 61174.39426897 1.1 322.91150995324926 -14.414103730333956 322.91926666666666 -14.339 M464 0.083162 24.667126 0.7815749 0.97887576 21.560896 1.6278534 decam 26.820162 -18.130348 255 object IBIS_wide_M464_353892 353892 0.069672 924.0 1948.0 -0.10501959 1.0000229 0.0014290881 0.20988642 -0.0016363501 1.0002058 17678658460 413.2717
/home/declsp/obsbot/rawdata/DECam_01479765.fits.fz N4 1479765 698.2455 61174.4023547 1.08 323.4085146183245 -14.519103729371288 323.416275 -14.444 M464 0.063428916 24.754189 0.843357 0.96267426 21.581123 1.3164868 decam 31.609482 -20.695955 284 object IBIS_wide_M464_353891 353891 0.064377 924.0 1948.0 -0.14036666 1.0003197 0.0014825785 -0.03557907 -0.0016871354 1.0001382 17770739922 530.38544
/home/declsp/obsbot/rawdata/DECam_01479766.fits.fz N4 1479766 358.9176 61174.41078059 1.08 325.3995304139531 -13.937103734695901 325.40727083333337 -13.862 M464 0.05289264 24.805103 0.883847 0.92797804 21.450602 1.25632 decam 22.722279 -12.38947 220 object IBIS_wide_M464_354838 354838 0.048642 924.0 1948.0 0.09333125 1.0002503 0.0014301679 0.050355393 -0.0014297208 1.0001595 16840398890 285.68964
/home/declsp/obsbot/rawdata/DECam_01479767.fits.fz N4 1479767 277.9282 61174.41525841 1.08 325.0455540591216 -13.211103741300551 325.05327083333333 -13.136 M464 0.047139224 24.67798 0.78619087 0.9925631 21.491089 1.7493849 decam 29.271526 -9.121108 203 object IBIS_wide_M464_357830 357830 0.050144 924.0 1948.0 -0.40677723 1.0003644 0.0013772803 0.16502899 -0.0014993588 1.0000501 16355751772 158.87195
/home/declsp/obsbot/rawdata/DECam_01479768.fits.fz N4 1479768 150.0 61174.4208548 1.45 315.3648719612577 16.112229056363546 315.37269166666664 16.187333055555555 M464 0.08162601 23.772432 0.36839432 1.3203412 21.099339 23.51789 decam 21.666397 23.789635 514 object "NGC7006 position 0" 0 0.0 924.0 1948.0 -0.17543767 1.0002425 0.001730797 0.122976154 -0.0016249791 1.0000948 16141704274 6.378123
/home/declsp/obsbot/rawdata/DECam_01479769.fits.fz N4 1479769 150.0 61174.42295162 1.45 315.3256747673913 16.14669711159803 315.33349583333336 16.221801111111112 M464 0.08088545 23.662111 0.33280084 1.2630084 20.896448 31.791447 decam 11.410313 23.852606 699 object "NGC7006 position 1" 0 0.0 924.0 1948.0 -0.6352324 1.0002047 0.0016800227 -0.46747845 -0.0012356832 1.0000556 16324410983 4.7182503
/home/declsp/obsbot/rawdata/DECam_01479770.fits.fz N4 1479770 150.0 61174.42502824 1.45 315.3714289550402 16.040337112588407 315.3792458333333 16.11544111111111 M464 0.086479895 23.57305 0.30659118 1.5158026 20.653233 67.469894 decam 8.715008 28.676615 415 object "NGC7006 position 2" 0 0.0 924.0 1948.0 -0.46583006 1.0004947 0.0016589287 0.18528794 -0.0016491028 1.000065 16527962899 2.223214
/home/declsp/obsbot/rawdata/DECam_01479771.fits.fz N4 1479771 150.0 61174.4271199 1.45 315.4208775226017 16.182367111265652 315.42870000000005 16.257471111111112 M464 0.07575788 23.420885 0.26649815 1.205767 20.297983 78.425415 decam -3.2296517 23.71758 643 object "NGC7006 position 3" 0 0.0 924.0 1948.0 0.81779164 1.0003163 0.0015003072 -0.10796324 -0.0017167965 1.0001814 16960387136 1.9126453
/home/declsp/obsbot/rawdata/DECam_01479772.fits.fz N4 1479772 150.0 61174.4291852 1.45 315.26021432935823 16.09442600097378 315.26803333333334 16.16953 M464 0.0892271 23.667416 0.33443052 1.1182574 19.903608 61.61155 decam 1.0212548 29.306314 414 object "NGC7006 position 4" 0 0.0 924.0 1948.0 -0.056884084 1.000605 0.0015693485 0.04137237 -0.0018058998 1.0001645 17735831830 2.4346085
/home/declsp/obsbot/rawdata/DECam_01479773.fits.fz N4 1479773 150.0 61174.4312556 1.45 315.26021432935823 16.09442600097378 315.26803333333334 16.16953 M464 0.0892271 23.589039 0.31113982 1.065184 19.375488 105.066826 decam -5.5990033 17.024687 378 object "NGC7006 position 4" 0 0.0 924.0 1948.0 -0.14196743 1.000438 0.0016691727 0.24130175 -0.0016857315 1.0000896 19158598190 1.4276628
/home/declsp/obsbot/rawdata/DECam_01479774.fits.fz N4 1479774 150.0 61174.43330662 1.45 315.4650868715416 16.05095989026732 315.47290416666664 16.12606388888889 M464 0.07998781 23.653976 0.33031672 1.1575943 18.85796 177.2735 decam -6.630891 22.204891 338 object "NGC7006 position 5" 0 0.0 924.0 1948.0 -0.18412395 1.0003 0.0016923851 0.13320021 -0.0016803796 1.0000813 21374391708 0.84615016
