logs/db-2024-11-02.ecsv
# %ECSV 1.0
# ---
# datatype:
# - {name: filename, datatype: string}
# - {name: extension, datatype: string}
# - {name: expnum, datatype: int64}
# - {name: exptime, datatype: float32}
# - {name: mjd_obs, datatype: float64}
# - {name: airmass, datatype: float32}
# - {name: racenter, datatype: float64}
# - {name: deccenter, datatype: float64}
# - {name: rabore, datatype: float64}
# - {name: decbore, datatype: float64}
# - {name: band, datatype: string}
# - {name: ebv, datatype: float32}
# - {name: zeropoint, datatype: float32}
# - {name: transparency, datatype: float32}
# - {name: seeing, datatype: float32}
# - {name: sky, datatype: float32}
# - {name: expfactor, datatype: float32}
# - {name: camera, datatype: string}
# - {name: dx, datatype: float32}
# - {name: dy, datatype: float32}
# - {name: nmatched, datatype: int64}
# - {name: obstype, datatype: string}
# - {name: object, datatype: string}
# - {name: tileid, datatype: int64}
# - {name: tileebv, datatype: float32}
# - {name: affine_x0, datatype: float32}
# - {name: affine_y0, datatype: float32}
# - {name: affine_dx, datatype: float32}
# - {name: affine_dxx, datatype: float32}
# - {name: affine_dxy, datatype: float32}
# - {name: affine_dy, datatype: float32}
# - {name: affine_dyx, datatype: float32}
# - {name: affine_dyy, datatype: float32}
# - {name: checksum, datatype: string}
# - {name: efftime, datatype: float32}
# schema: astropy-2.0
filename extension expnum exptime mjd_obs airmass racenter deccenter rabore decbore band ebv zeropoint transparency seeing sky expfactor camera dx dy nmatched obstype object tileid tileebv affine_x0 affine_y0 affine_dx affine_dxx affine_dxy affine_dy affine_dyx affine_dyy checksum efftime
rawdata/DECam_01337857.fits.fz N4 1337857 5.0 60617.18627605 1.12 36.0627489857104 -3.4281599385274686 36.070274999999995 -3.353056111111111 g 0.02571829 26.698431 1.1054336 1.0549378 21.544546 1.1129583 decam -44.967964 173.50394 44 object Pointing 0 0.0 924.0 1948.0 0.50570023 0.9998327 -0.001488717 -0.5312958 0.0015685053 1.0002156 15457158244 4.4925313
rawdata/DECam_01337858.fits.fz N4 1337858 5.0 60617.1882372 1.12 36.0627489857104 -3.4281599385274686 36.070274999999995 -3.353056111111111 g 0.02571829 26.69033 1.0972162 0.9671172 21.532251 0.96065587 decam -11.4751425 14.402445 47 object Pointing 0 0.0 924.0 1948.0 0.2856978 0.99985105 -0.0014932094 -0.44697174 0.001540173 1.0001354 15450859546 5.2047772
rawdata/DECam_01337859.fits.fz N4 1337859 20.0 60617.18942795 1.12 36.0627489857104 -3.4281599385274686 36.070274999999995 -3.353056111111111 M438 0.02571829 24.777498 1.0188339 1.1063008 21.722847 1.0739449 decam 3.0793817 -3.3865433 33 object Focus 0 0.0 924.0 1948.0 0.50643325 0.99977654 -0.0016500528 -0.2738939 0.0020670788 1.0000713 15421200945 18.62293
rawdata/DECam_01337860.fits.fz N4 1337860 300.0 60617.1903689 1.12 36.01974481948525 -3.4281038274168414 36.02727083333333 -3.3529999999999998 M490 0.024824826 24.970722 1.0133162 1.0158721 21.639648 0.97225285 decam -0.07298751 1.1347048 81 object IBIS_deep_xmm_M490_38 0 0.0 924.0 1948.0 0.85178256 1.0001094 -0.0017411703 -0.41420203 0.0017951136 0.99994683 16532568174 308.5617
rawdata/DECam_01337861.fits.fz N4 1337861 371.0 60617.19423025 1.13 36.01974481948525 -3.4281038274168414 36.02727083333333 -3.3529999999999998 M517 0.024824826 24.769592 1.0206695 1.0471703 21.305088 1.3829341 decam 14.876677 -4.1064954 85 object IBIS_deep_xmm_M517_38 0 0.0 924.0 1948.0 0.7837565 1.000131 -0.001714758 -0.5272621 0.0018284409 0.99998426 16996221052 268.2702
rawdata/DECam_01337862.fits.fz N4 1337862 368.0 60617.19889111 1.13 35.71074538003361 -3.356103828037932 35.71827083333333 -3.281 M438 0.026097585 24.782866 1.0264612 1.0550145 21.81268 0.89045906 decam 21.918077 -3.346711 62 object IBIS_deep_xmm_M438_39 0 0.0 924.0 1948.0 0.057902936 1.0000138 -0.0017738877 -0.13423118 0.0013145687 1.000397 16220292636 413.27
rawdata/DECam_01337863.fits.fz N4 1337863 500.0 60617.20352487 1.14 35.71074538003361 -3.356103828037932 35.71827083333333 -3.281 M490 0.026097585 24.96306 1.0098486 0.99629736 21.656738 0.93371475 decam 23.251225 -10.341203 82 object IBIS_deep_xmm_M490_39 0 0.0 924.0 1948.0 0.32719952 1.000092 -0.0018288533 -0.4823676 0.0016282295 1.0002497 16981385129 535.4954
rawdata/DECam_01337864.fits.fz N4 1337864 312.0 60617.20968817 1.14 35.71074538003361 -3.356103828037932 35.71827083333333 -3.281 M517 0.026097585 24.755753 1.009357 1.0526508 21.282162 1.4640925 decam 31.436186 -18.038599 83 object IBIS_deep_xmm_M517_39 0 0.0 924.0 1948.0 0.16355696 0.99965584 -0.0017593558 -0.42581975 0.0016458838 1.0002564 16531039936 213.1013
rawdata/DECam_01337865.fits.fz N4 1337865 351.0 60617.21366644 1.15 35.39274539543357 -3.3541038280551847 35.40027083333333 -3.279 M438 0.024650576 24.789522 1.0379796 0.99131054 21.800493 0.7855904 decam 27.808655 3.8249161 84 object IBIS_deep_xmm_M438_40 0 0.0 924.0 1948.0 -0.92830193 1.0001068 -0.0018274959 -0.5162365 0.0021301834 0.9999333 16171589524 446.79773
rawdata/DECam_01337866.fits.fz N4 1337866 500.0 60617.2181093 1.16 35.39274539543357 -3.3541038280551847 35.40027083333333 -3.279 M490 0.024650576 24.96333 1.0137707 1.0044178 21.65805 0.94734436 decam 31.361929 1.3146646 99 object IBIS_deep_xmm_M490_40 0 0.0 924.0 1948.0 -0.716734 1.0001706 -0.0017767595 -0.41780418 0.0018377897 0.9999059 16940684167 527.7912
rawdata/DECam_01337867.fits.fz N4 1337867 274.0 60617.22425371 1.17 35.39274539543357 -3.3541038280551847 35.40027083333333 -3.279 M517 0.024650576 24.753931 1.0125225 1.0345021 21.290937 1.4074844 decam 37.824276 -5.404853 97 object IBIS_deep_xmm_M517_40 0 0.0 924.0 1948.0 -0.8161249 1.0001557 -0.0017436652 -0.30583826 0.0017396817 1.0000162 16362217109 194.67357
rawdata/DECam_01337868.fits.fz N4 1337868 355.0 60617.22778242 1.18 35.08074489805488 -3.4181038275031095 35.08827083333333 -3.343 M438 0.021997001 24.785252 1.0417337 0.9802494 21.79207 0.78029764 decam 27.203152 7.485904 62 object IBIS_deep_xmm_M438_41 0 0.0 924.0 1948.0 0.18234277 0.99997866 -0.0017853545 -0.6093817 0.0015386568 0.99996674 16194159859 454.95462
rawdata/DECam_01337869.fits.fz N4 1337869 500.0 60617.23225582 1.19 35.08074489805488 -3.4181038275031095 35.08827083333333 -3.343 M490 0.021997001 24.864973 0.9310245 0.9448818 21.630579 1.0309744 decam 25.561312 3.123117 68 object IBIS_deep_xmm_M490_41 0 0.0 924.0 1948.0 0.098137856 1.0000924 -0.0017327402 -0.4388852 0.0014111925 0.9999567 16984834311 484.9781
rawdata/DECam_01337870.fits.fz N4 1337870 268.0 60617.23842115 1.21 35.08074489805488 -3.4181038275031095 35.08827083333333 -3.343 M517 0.021997001 24.73242 0.9990434 0.93452543 21.288733 1.1980704 decam 24.27651 -1.7385423 67 object IBIS_deep_xmm_M517_41 0 0.0 924.0 1948.0 0.07022352 1.0000739 -0.0017360279 -0.49559602 0.0014150697 0.9999603 16341705469 223.69302
rawdata/DECam_01337871.fits.fz N4 1337871 393.0 60617.24190828 1.22 34.78875222453352 -3.5441038264159985 34.796279166666665 -3.469 M438 0.020904964 24.759413 1.0275179 1.024936 21.79146 0.8949491 decam 21.420876 8.165869 59 object IBIS_deep_xmm_M438_42 0 0.0 924.0 1948.0 0.023384804 1.0000054 -0.0017150678 -0.46282762 0.0018698946 1.0000682 16366486547 439.13113
rawdata/DECam_01337872.fits.fz N4 1337872 436.0 60617.2468325 1.24 34.78875222453352 -3.5441038264159985 34.796279166666665 -3.469 M490 0.020904964 24.937757 1.00465 1.0085237 21.634813 1.0228102 decam 29.956892 -1.5699252 72 object IBIS_deep_xmm_M490_42 0 0.0 924.0 1948.0 -0.20003055 0.99994576 -0.0016176163 -0.55648595 0.0021047585 1.0000324 16903656325 426.27652
rawdata/DECam_01337873.fits.fz N4 1337873 307.0 60617.25227618 1.26 34.78875222453352 -3.5441038264159985 34.796279166666665 -3.469 M517 0.020904964 24.742586 1.0165547 1.0366789 21.266315 1.4763494 decam 17.045626 -8.297334 71 object IBIS_deep_xmm_M517_42 0 0.0 924.0 1948.0 -0.07026786 0.9998918 -0.0016856322 -0.4803749 0.0017576026 1.0000185 16599390205 207.94537
rawdata/DECam_01337874.fits.fz N4 1337874 400.0 60617.25619583 1.28 34.52874237209109 -3.7261038248452003 34.53627083333333 -3.651 M438 0.022848446 24.766201 1.0496796 1.1501409 21.768318 1.1363695 decam 28.386028 -0.30853245 51 object IBIS_deep_xmm_M438_43 0 0.0 924.0 1948.0 0.33975795 1.0004146 -0.0016186232 -0.7862212 0.0016825729 1.0002052 16309195818 351.9982
rawdata/DECam_01337875.fits.fz N4 1337875 500.0 60617.26119023 1.3 34.52874237209109 -3.7261038248452003 34.53627083333333 -3.651 M490 0.022848446 24.940943 1.0186309 1.0864508 21.660534 1.1520153 decam 29.088034 -1.7656907 63 object IBIS_deep_xmm_M490_43 0 0.0 924.0 1948.0 0.19708233 1.0004219 -0.0016813691 -0.6424305 0.0020370595 1.0002403 16923642899 434.022
rawdata/DECam_01337876.fits.fz N4 1337876 393.0 60617.26735489 1.33 34.52874237209109 -3.7261038248452003 34.53627083333333 -3.651 M517 0.022848446 24.734528 1.0204207 1.0479815 21.266384 1.5311085 decam 34.901577 -15.382527 62 object IBIS_deep_xmm_M517_43 0 0.0 924.0 1948.0 0.26127988 1.0003359 -0.0016295698 -0.88562936 0.0022604226 1.0001622 16809174281 256.6768
rawdata/DECam_01337877.fits.fz N4 1337877 465.0 60617.27226795 1.36 34.30774451850398 -3.9551038228678297 34.315275 -3.88 M438 0.02304132 24.727192 1.0332098 1.1350873 21.723213 1.2397902 decam 37.12149 -3.9020107 68 object IBIS_deep_xmm_M438_44 0 0.0 924.0 1948.0 0.107505284 1.000456 -0.0014377648 -0.32132885 0.0019796574 0.9999903 16525452181 375.06348
rawdata/DECam_01337878.fits.fz N4 1337878 500.0 60617.27801965 1.39 34.30774451850398 -3.9551038228678297 34.315275 -3.88 M490 0.02304132 24.855406 0.9569619 1.1765876 21.61331 1.6514647 decam 32.85975 -12.241614 82 object IBIS_deep_xmm_M490_44 0 0.0 924.0 1948.0 0.003068814 1.0003133 -0.001415826 -0.4016721 0.002319562 1.0000252 17022323329 302.76154
rawdata/DECam_01337879.fits.fz N4 1337879 500.0 60617.2852755 1.44 34.30774451850398 -3.9551038228678297 34.315275 -3.88 M517 0.02304132 24.717024 1.0219591 1.1272361 21.228596 1.8937066 decam 11.314793 -11.785612 79 object IBIS_deep_xmm_M517_44 0 0.0 924.0 1948.0 -0.064250946 1.0003566 -0.0014216298 -0.10752642 0.002112321 1.0000648 17291712185 264.03244
rawdata/DECam_01337880.fits.fz N4 1337880 500.0 60617.29145165 1.49 34.13474617631922 -4.222103820560953 34.14227916666667 -4.147 M438 0.021127248 24.696024 1.0373317 1.2041926 21.630827 1.6087044 decam -2.0463011 -14.17634 58 object IBIS_deep_xmm_M438_45 0 0.0 924.0 1948.0 -0.09507647 1.0001906 -0.0017440027 -0.12757237 0.0020270958 1.0001734 16712911171 310.8091
rawdata/DECam_01337881.fits.fz N4 1337881 500.0 60617.29760861 1.54 34.13474617631922 -4.222103820560953 34.14227916666667 -4.147 M490 0.021127248 24.883867 1.009483 1.2245185 21.540337 1.8151453 decam 7.936405 -14.75659 77 object IBIS_deep_xmm_M490_45 0 0.0 924.0 1948.0 -0.3507846 1.0001229 -0.0015425667 0.035490494 0.0018561777 1.0001863 17118231767 275.46005
rawdata/DECam_01337882.fits.fz N4 1337882 500.0 60617.30377077 1.6 34.13474617631922 -4.222103820560953 34.14227916666667 -4.147 M517 0.021127248 24.693605 1.0261288 1.3217812 21.107267 3.0383272 decam 5.396563 -23.33058 74 object IBIS_deep_xmm_M517_45 0 0.0 924.0 1948.0 -0.064535126 1.0001131 -0.0017256653 -0.00051774364 0.0018291073 1.0002517 17507623165 164.56424
rawdata/DECam_01337883.fits.fz N4 1337883 500.0 60617.30991526 1.67 34.0147432224527 -4.516103818018955 34.022279166666664 -4.441 M438 0.018983403 24.662209 1.0520777 1.4482664 21.557865 2.6471899 decam 6.307642 -18.942251 50 object IBIS_deep_xmm_M438_46 0 0.0 924.0 1948.0 0.2795901 1.0001011 -0.0014950524 -0.12839432 0.0020928045 1.0002929 16822533618 188.87953
rawdata/DECam_01337884.fits.fz N4 1337884 500.0 60617.31606245 1.74 34.0147432224527 -4.516103818018955 34.022279166666664 -4.441 M517 0.018983403 24.661537 1.0188701 1.4294662 21.064339 3.9210172 decam 4.4733024 -21.957344 64 object IBIS_deep_xmm_M517_46 0 0.0 924.0 1948.0 0.41578436 1.0002028 -0.001546722 -0.14219612 0.0019046082 1.0002962 17635909312 127.51793
rawdata/DECam_01337885.fits.fz N4 1337885 500.0 60617.32223803 1.74 35.74172988935768 -5.325103811013083 35.749275 -5.25 M438 0.023660546 24.619955 1.0298889 1.3942575 21.577148 2.6055841 decam -6.9500833 -30.697117 50 object IBIS_deep_xmm_M438_47 0 0.0 924.0 1948.0 -0.5120053 1.0003322 -0.0016919536 -0.34821957 0.0023091154 1.0005809 16809774251 191.89554
rawdata/DECam_01337886.fits.fz N4 1337886 5.0 60617.32896369 1.25 55.09255347986779 -13.097103742334026 55.10026666666667 -13.022 g 0.049914107 26.658852 1.0877795 1.174006 21.640871 1.5650303 decam -25.47123 -11.966682 39 object Pointing 0 0.0 924.0 1948.0 0.18586609 1.0001322 -0.0021977716 -0.56986064 0.0026914405 1.0001928 15437667845 3.1948264
rawdata/DECam_01337887.fits.fz N4 1337887 500.0 60617.32998293 1.25 55.09255347986779 -13.097103742334026 55.10026666666667 -13.022 M490 0.049914107 24.935736 1.0046031 1.2874343 21.712662 1.5557386 decam -11.348034 -2.3573802 84 object IBIS_wide_M490_407063 407063 0.062797 924.0 1948.0 -0.5190896 1.0002555 -0.0023169513 -0.08758195 0.0026523208 1.0002291 16936270318 321.39078
rawdata/DECam_01337888.fits.fz N4 1337888 500.0 60617.33617391 1.29 55.139568425373675 -12.88410374426243 55.147275 -12.809 M490 0.05251776 24.932247 1.0086738 1.2925245 21.695925 1.6026735 decam -6.844287 -22.310987 76 object IBIS_wide_M490_410049 410049 0.064251 924.0 1948.0 0.56915945 0.99948525 -0.002346794 -0.1948403 0.002507483 1.0002148 17027226825 311.9787
rawdata/DECam_01337889.fits.fz N4 1337889 500.0 60617.34234037 1.32 54.41552947419541 -13.965103734440358 54.42327083333333 -13.89 M490 0.04554478 24.92818 1.0103879 1.3139434 21.64663 1.746107 decam -5.224071 -28.356869 81 object IBIS_wide_M490_407060 407060 0.052944 924.0 1948.0 -0.29490316 0.9997761 -0.0021822732 -0.17456916 0.0021204068 1.0000083 17821933404 286.3513
rawdata/DECam_01337890.fits.fz N4 1337890 5.0 60617.35053237 1.3 132.12371811919627 -6.493103800864976 132.13127916666667 -6.418 g 0.024326827 26.6563 1.0937542 1.3916293 21.494177 2.172356 decam -35.232464 -31.954748 137 object Pointing 0 0.0 924.0 1948.0 -0.018705573 1.0001627 -0.0018328093 -0.057023853 0.0016233417 1.0001268 15598396537 2.3016486
rawdata/DECam_01337891.fits.fz N4 1337891 500.0 60617.35167783 1.29 132.12371811919627 -6.493103800864976 132.13127916666667 -6.418 M490 0.024326827 24.94829 1.0236895 1.3862973 21.347492 2.4667954 decam -17.910282 -30.22628 220 object IBIS_wide_M490_419200 419200 0.023444 924.0 1948.0 0.16961436 1.0002543 -0.0018462122 -0.045961235 0.0017721531 1.0000834 20059524358 202.69212
rawdata/DECam_01337892.fits.fz N4 1337892 500.0 60617.35783462 1.27 132.24971986030442 -6.376103801883506 132.25727916666668 -6.301 M490 0.02666074 24.94868 1.0203472 1.5365628 20.64578 5.77815 decam -20.28924 -27.059204 225 object IBIS_wide_M490_422186 422186 0.023162 924.0 1948.0 0.35879353 1.0002253 -0.0016412715 -0.20063794 0.0017871178 1.0003213 19527703246 86.53288
