logs/db-2025-12-22.ecsv
# %ECSV 1.0
# ---
# datatype:
# - {name: filename, datatype: string}
# - {name: extension, datatype: string}
# - {name: expnum, datatype: int64}
# - {name: exptime, datatype: float32}
# - {name: mjd_obs, datatype: float64}
# - {name: airmass, datatype: float32}
# - {name: racenter, datatype: float64}
# - {name: deccenter, datatype: float64}
# - {name: rabore, datatype: float64}
# - {name: decbore, datatype: float64}
# - {name: band, datatype: string}
# - {name: ebv, datatype: float32}
# - {name: zeropoint, datatype: float32}
# - {name: transparency, datatype: float32}
# - {name: seeing, datatype: float32}
# - {name: sky, datatype: float32}
# - {name: expfactor, datatype: float32}
# - {name: camera, datatype: string}
# - {name: dx, datatype: float32}
# - {name: dy, datatype: float32}
# - {name: nmatched, datatype: int64}
# - {name: obstype, datatype: string}
# - {name: object, datatype: string}
# - {name: tileid, datatype: int64}
# - {name: tileebv, datatype: float32}
# - {name: affine_x0, datatype: float32}
# - {name: affine_y0, datatype: float32}
# - {name: affine_dx, datatype: float32}
# - {name: affine_dxx, datatype: float32}
# - {name: affine_dxy, datatype: float32}
# - {name: affine_dy, datatype: float32}
# - {name: affine_dyx, datatype: float32}
# - {name: affine_dyy, datatype: float32}
# - {name: checksum, datatype: string}
# - {name: efftime, datatype: float32}
# schema: astropy-2.0
filename extension expnum exptime mjd_obs airmass racenter deccenter rabore decbore band ebv zeropoint transparency seeing sky expfactor camera dx dy nmatched obstype object tileid tileebv affine_x0 affine_y0 affine_dx affine_dxx affine_dxy affine_dy affine_dyx affine_dyy checksum efftime
[from data line 86]
rawdata/DECam_01443419.fits.fz N4 1443419 10.0 61032.35705722 1.04 130.74619871054136 -33.10090964695198 130.75516666666667 -33.02580611111111 M517 0.41609186 25.169725 1.1446539 1.0195063 19.945114 47.67151 decam -26.711483 26.129856 841 object "LTT3218 S3" 0 0.0 924.0 1948.0 0.049542427 1.0003313 -0.0021071467 0.14607567 0.0020771234 1.0001578 15544814625 0.2097689
rawdata/DECam_01443420.fits.fz N4 1443420 10.0 61032.3574855 1.04 130.37613204387472 -33.100909646952 130.3851 -33.02580611111111 M517 0.3320199 25.125645 1.0991111 0.94678724 19.935434 26.620565 decam -31.268848 14.566194 995 object "LTT3218 S4" 0 0.0 924.0 1948.0 -0.32575333 0.99998623 -0.0020651317 -0.18532918 0.002145536 1.0000038 15532701872 0.37564942
rawdata/DECam_01443421.fits.fz N4 1443421 10.0 61032.35789263 1.05 130.00608204387473 -33.10090964695198 130.01505 -33.02580611111111 M517 0.27418688 25.097942 1.0731422 1.0507331 19.855051 25.87581 decam -38.700012 15.2959385 1124 object "LTT3218 S5" 0 0.0 924.0 1948.0 0.2038363 1.0001925 -0.0022261774 0.0685861 0.0021224509 1.0001347 15546471195 0.38646132
rawdata/DECam_01443422.fits.fz N4 1443422 10.0 61032.35830076 1.05 130.00608204387473 -33.10090964695198 130.01505 -33.02580611111111 M490 0.27418688 25.022505 1.0494026 1.0384011 19.506252 41.351616 decam -38.017323 14.57366 1040 object "LTT3218 S5" 0 0.0 924.0 1948.0 0.23355082 0.99996036 -0.0021587547 -0.32289708 0.0021847654 1.000136 15597840560 0.24182852
rawdata/DECam_01443423.fits.fz N4 1443423 10.0 61032.35871853 1.05 130.37613204387472 -33.100909646952 130.3851 -33.02580611111111 M490 0.3320199 25.009792 1.0371873 1.0144676 19.41338 64.84503 decam -26.973782 18.952562 879 object "LTT3218 S4" 0 0.0 924.0 1948.0 -0.23604861 1.0001314 -0.0020684302 -0.049798608 0.0021453516 1.0000933 15614226091 0.15421382
rawdata/DECam_01443424.fits.fz N4 1443424 10.0 61032.35913149 1.04 130.74619871054136 -33.10090964695198 130.75516666666667 -33.02580611111111 M490 0.41609186 25.029188 1.0539672 0.9618294 19.284887 111.22759 decam -31.771538 20.959314 772 object "LTT3218 S3" 0 0.0 924.0 1948.0 0.07387326 1.0002784 -0.0021817042 0.121764936 0.0019943137 1.0001246 15658869562 0.08990575
rawdata/DECam_01443425.fits.fz N4 1443425 10.0 61032.35955315 1.05 130.00609898023347 -32.93424242676747 130.01505 -32.859138888888886 M490 0.29259276 25.020761 1.0477184 0.9982952 19.206415 57.18031 decam -27.901384 23.474443 1071 object "LTT3218 N5" 0 0.0 924.0 1948.0 0.25540572 1.0000658 -0.0021874215 -0.25655818 0.0023739645 1.0001074 15660543586 0.17488538
rawdata/DECam_01443426.fits.fz N4 1443426 10.0 61032.35997795 1.05 130.3761489802335 -32.93424242676747 130.3851 -32.859138888888886 M490 0.33464447 25.022263 1.0491676 0.987248 19.139196 78.64052 decam -36.433758 19.661812 852 object "LTT3218 N4" 0 0.0 924.0 1948.0 -0.14654791 1.0000061 -0.0021334207 -0.45409963 0.0020438507 1.0001073 15688521017 0.1271609
rawdata/DECam_01443427.fits.fz N4 1443427 10.0 61032.36040798 1.05 130.3761489802335 -32.93424242676747 130.3851 -32.859138888888886 M464 0.33464447 24.932652 0.9879177 1.0193536 18.979189 127.561714 decam -27.352757 33.6857 760 object "LTT3218 N4" 0 0.0 924.0 1948.0 -0.162223 0.9999868 -0.0020651475 -0.41088107 0.0021034994 1.0001291 15729056914 0.07839343
rawdata/DECam_01443428.fits.fz N4 1443428 10.0 61032.36082713 1.05 130.00609898023347 -32.93424242676747 130.01505 -32.859138888888886 M464 0.29259276 24.931837 0.98717684 1.0043783 18.879436 100.67486 decam -36.320576 29.336355 926 object "LTT3218 N5" 0 0.0 924.0 1948.0 0.14153132 1.0000741 -0.0021837573 -0.35271847 0.0023586582 1.000026 15763356939 0.099329665
rawdata/DECam_01443429.fits.fz N4 1443429 10.0 61032.36125749 1.05 130.74619871054136 -33.10090964695198 130.75516666666667 -33.02580611111111 M464 0.41609186 24.895561 0.9547393 1.0576077 18.769463 319.16873 decam -22.423363 23.033121 606 object "LTT3218 S3" 0 0.0 924.0 1948.0 0.11251768 1.0005094 -0.0021259254 -0.0657945 0.0022641653 1.0002103 15820863417 0.03133139
rawdata/DECam_01443430.fits.fz N4 1443430 10.0 61032.3616643 1.05 130.37613204387472 -33.100909646952 130.3851 -33.02580611111111 M464 0.3320199 24.918365 0.9750043 0.9489448 18.685396 146.05368 decam -25.136358 23.080673 738 object "LTT3218 S4" 0 0.0 924.0 1948.0 -0.46052724 0.999851 -0.0019496252 -0.009431032 0.0021089034 1.0000998 15838470724 0.068467975
rawdata/DECam_01443431.fits.fz N4 1443431 10.0 61032.36207294 1.05 130.00608204387473 -33.10090964695198 130.01505 -33.02580611111111 M464 0.27418688 24.939098 0.99380094 0.99303925 18.588228 111.33367 decam -22.422869 24.73783 892 object "LTT3218 S5" 0 0.0 924.0 1948.0 0.32172948 1.0000945 -0.002235285 -0.3695248 0.0022607157 1.0001637 15883329143 0.08982009
rawdata/DECam_01443432.fits.fz N4 1443432 10.0 61032.36248214 1.05 130.00608204387473 -33.10090964695198 130.01505 -33.02580611111111 M438 0.27418688 24.849113 1.0693141 0.97775555 18.510952 112.56474 decam -24.497286 29.29326 736 object "LTT3218 S5" 0 0.0 924.0 1948.0 0.3414637 0.99990857 -0.0021579075 -0.2566179 0.0022215997 1.0001752 15838547067 0.088837765
rawdata/DECam_01443433.fits.fz N4 1443433 10.0 61032.3629014 1.05 130.37613204387472 -33.100909646952 130.3851 -33.02580611111111 M438 0.3320199 24.857801 1.077906 0.96499467 18.412418 182.94298 decam -27.115438 23.330965 577 object "LTT3218 S4" 0 0.0 924.0 1948.0 -0.3685046 1.000008 -0.0019344981 0.08104796 0.0023468244 1.0000958 15880994248 0.05466184
rawdata/DECam_01443434.fits.fz N4 1443434 10.0 61032.36332102 1.05 130.74619871054136 -33.10090964695198 130.75516666666667 -33.02580611111111 M438 0.41609186 24.858774 1.0788711 0.9735584 18.305592 387.15118 decam -22.66992 15.486931 463 object "LTT3218 S3" 0 0.0 924.0 1948.0 0.1414575 1.0004798 -0.0022325818 0.11942892 0.002046707 1.0001168 15950589161 0.025829703
rawdata/DECam_01443435.fits.fz N4 1443435 10.0 61032.36375177 1.06 130.00609898023347 -32.93424242676747 130.01505 -32.859138888888886 M438 0.29259276 24.848879 1.0717748 0.9725782 18.208414 169.20825 decam -26.50482 29.98281 705 object "LTT3218 N5" 0 0.0 924.0 1948.0 0.24694137 0.9999562 -0.0022268835 0.07668988 0.0022710564 1.0001827 15989867194 0.059098773
rawdata/DECam_01443436.fits.fz N4 1443436 10.0 61032.36415879 1.06 130.3761489802335 -32.93424242676747 130.3851 -32.859138888888886 M438 0.33464447 24.86744 1.0902543 1.0284673 18.113873 274.05017 decam -26.265207 28.823534 515 object "LTT3218 N4" 0 0.0 924.0 1948.0 -0.26148012 0.99993354 -0.0020962476 -0.3758845 0.0020343703 1.0002433 16046236707 0.03648967
rawdata/DECam_01443437.fits.fz N4 1443437 15.0 61032.36544479 1.01 158.0489082850337 -35.62021461516044 158.05815 -35.54511111111111 M517 0.09512646 25.091707 1.0601788 1.0007862 18.157167 37.07481 decam -8.629085 18.981352 259 object "LTT3864 N4" 0 0.0 924.0 1948.0 0.41182858 1.0002788 -0.0011358174 -0.0692613 0.0013339964 1.0000365 16600765834 0.4045874
rawdata/DECam_01443438.fits.fz N4 1443438 15.0 61032.3659363 1.01 157.66682911836705 -35.62021461516044 157.67607083333334 -35.54511111111111 M517 0.097239666 25.080011 1.0488194 0.8834264 18.039906 33.34568 decam -2.2843761 6.866241 196 object "LTT3864 N5" 0 0.0 924.0 1948.0 0.16523421 1.0003123 -0.0012982122 0.0034209515 0.0013082365 1.0003029 16742473025 0.4498334
rawdata/DECam_01443439.fits.fz N4 1443439 15.0 61032.36639999 1.01 158.43095561147695 -35.78688155743227 158.44021666666666 -35.711778055555556 M517 0.09434271 25.075258 1.044237 0.9284845 17.92002 40.73943 decam 2.4568207 9.7905855 224 object "LTT3864 S3" 0 0.0 924.0 1948.0 -0.001708283 1.000183 -0.0011401742 -0.0757702 0.0007801072 1.0001214 16899041360 0.36819366
rawdata/DECam_01443440.fits.fz N4 1443440 15.0 61032.36689308 1.01 158.0488889448103 -35.78688155743227 158.05815 -35.711778055555556 M517 0.10869775 25.084131 1.0528067 0.987617 17.799685 55.395294 decam -6.0695224 -2.0049386 249 object "LTT3864 S4" 0 0.0 924.0 1948.0 0.19898167 1.0001541 -0.0011617871 -0.074612625 0.0009394538 1.0002296 17079771921 0.27078113
rawdata/DECam_01443441.fits.fz N4 1443441 15.0 61032.3673637 1.01 157.66680977814363 -35.78688155743227 157.67607083333334 -35.711778055555556 M517 0.09514436 25.080294 1.0490918 0.9819106 17.686127 56.25729 decam -4.693682 -7.221477 227 object "LTT3864 S5" 0 0.0 924.0 1948.0 -0.13738056 1.0002831 -0.0012344522 -0.056147885 0.0011427051 1.0002599 17263644993 0.2666321
