logs/db-2025-04-28.ecsv
# %ECSV 1.0
# ---
# datatype:
# - {name: filename, datatype: string}
# - {name: extension, datatype: string}
# - {name: expnum, datatype: int64}
# - {name: exptime, datatype: float32}
# - {name: mjd_obs, datatype: float64}
# - {name: airmass, datatype: float32}
# - {name: racenter, datatype: float64}
# - {name: deccenter, datatype: float64}
# - {name: rabore, datatype: float64}
# - {name: decbore, datatype: float64}
# - {name: band, datatype: string}
# - {name: ebv, datatype: float32}
# - {name: zeropoint, datatype: float32}
# - {name: transparency, datatype: float32}
# - {name: seeing, datatype: float32}
# - {name: sky, datatype: float32}
# - {name: expfactor, datatype: float32}
# - {name: camera, datatype: string}
# - {name: dx, datatype: float32}
# - {name: dy, datatype: float32}
# - {name: nmatched, datatype: int64}
# - {name: obstype, datatype: string}
# - {name: object, datatype: string}
# - {name: tileid, datatype: int64}
# - {name: tileebv, datatype: float32}
# - {name: affine_x0, datatype: float32}
# - {name: affine_y0, datatype: float32}
# - {name: affine_dx, datatype: float32}
# - {name: affine_dxx, datatype: float32}
# - {name: affine_dxy, datatype: float32}
# - {name: affine_dy, datatype: float32}
# - {name: affine_dyx, datatype: float32}
# - {name: affine_dyy, datatype: float32}
# - {name: checksum, datatype: string}
# - {name: efftime, datatype: float32}
# schema: astropy-2.0
filename extension expnum exptime mjd_obs airmass racenter deccenter rabore decbore band ebv zeropoint transparency seeing sky expfactor camera dx dy nmatched obstype object tileid tileebv affine_x0 affine_y0 affine_dx affine_dxx affine_dxy affine_dy affine_dyx affine_dyy checksum efftime
[from data line 44]
rawdata/DECam_01382853.fits.fz N4 1382853 500.0 60794.13673864 1.11 189.47873277574607 -4.715103816297188 189.48627083333335 -4.64 M490 0.024735304 25.033665 1.0718501 1.1208247 21.82793 1.0454211 decam -8.545625 -18.355684 158 object IBIS_wide_M490_434430 434430 0.029325 924.0 1948.0 0.07754829 0.9999706 3.1282518e-05 0.11625063 -2.4430092e-06 0.99992734 16693440309 478.27615
rawdata/DECam_01382854.fits.fz N4 1382854 388.1077 60794.14291564 1.11 190.5007406622139 -4.756103815942332 190.50827916666668 -4.681 M490 0.028645627 25.05066 1.0887585 1.1663165 21.825106 1.1290008 decam -1.6325629 -12.599405 171 object IBIS_wide_M490_431443 431443 0.026983 924.0 1948.0 -0.006401744 1.0001074 0.00012704398 0.17522585 -5.826199e-05 1.0000191 16457791443 343.76212
rawdata/DECam_01382855.fits.fz N4 1382855 409.1377 60794.14776937 1.11 191.91973817460504 -4.978103814020168 191.92727916666666 -4.9030000000000005 M490 0.030208448 25.027569 1.0658491 1.1493315 21.797758 1.185588 decam -3.1593475 -6.3000054 169 object IBIS_wide_M490_431432 431432 0.029408 924.0 1948.0 -0.17066519 0.99997365 0.00021211307 0.09152792 -0.00019265492 0.99987984 16480398587 345.09265
rawdata/DECam_01382856.fits.fz N4 1382856 408.0077 60794.15284118 1.12 192.29873438778876 -4.564103817603741 192.30627083333331 -4.489 M490 0.038583227 25.018698 1.0590948 1.1656383 21.778215 1.3348427 decam 1.2537376 -14.322572 162 object IBIS_wide_M490_434418 434418 0.027464 924.0 1948.0 0.05641507 1.0002259 0.00013156235 0.13993424 -5.1229836e-05 0.9999953 16497762349 305.65976
rawdata/DECam_01382857.fits.fz N4 1382857 395.9077 60794.15792533 1.12 193.37073469159057 -4.918103814539799 193.378275 -4.843 M490 0.023612455 25.02272 1.0630264 1.1179961 21.758957 1.1224799 decam -4.965056 -6.920682 168 object IBIS_wide_M490_431431 431431 0.025411 924.0 1948.0 -0.0137003 1.0001904 0.000102835285 0.0021436012 -0.00013231636 1.0000901 16556791720 352.70807
rawdata/DECam_01382858.fits.fz N4 1382858 444.8575 60794.16287229 1.12 193.00273581124512 -5.180103812270048 193.01027916666666 -5.105 M490 0.031342566 25.037388 1.077485 1.0925767 21.740343 1.1180117 decam 4.5444627 -4.12756 146 object IBIS_wide_M490_434416 434416 0.029761 924.0 1948.0 -0.014606021 0.9999443 0.00018424903 0.1055013 -0.00022314634 1.0000364 16712251469 397.90057
rawdata/DECam_01382859.fits.fz N4 1382859 472.3973 60794.16839897 1.12 193.69672009531848 -5.765103807195152 193.70427083333334 -5.6899999999999995 M490 0.033527233 25.029709 1.0698903 1.1774241 21.727627 1.3516611 decam -5.2124124 -4.334142 144 object IBIS_wide_M490_434410 434410 0.031087 924.0 1948.0 -0.19520938 1.0000795 0.00031228468 0.1357926 -0.0001627726 0.9998975 16771767186 349.4939
rawdata/DECam_01382860.fits.fz N4 1382860 473.9274 60794.1742125 1.14 194.70373949995425 -4.861103815033358 194.71127916666666 -4.786 M490 0.023541933 25.034319 1.0783486 1.1973755 21.706303 1.321981 decam -4.309708 -1.6047072 191 object IBIS_wide_M490_431428 431428 0.027249 924.0 1948.0 0.03615288 0.9999882 0.00016077491 -0.0052707116 -0.00015079413 1.0000123 17235016934 358.4979
rawdata/DECam_01382861.fits.fz N4 1382861 400.9678 60794.1800813 1.13 196.256720903963 -6.012103805049338 196.264275 -5.937 M490 0.036834344 25.02417 1.0663795 1.0473769 21.68352 1.1510954 decam -14.9529915 5.161266 182 object IBIS_wide_M490_431175 431175 0.035659 924.0 1948.0 0.05517528 1.0001354 0.00036178695 0.18857233 -0.00029233383 1.0001032 16632881642 348.33585
rawdata/DECam_01382862.fits.fz N4 1382862 450.3675 60794.18508411 1.14 196.94372637371353 -5.60410380859283 196.95127499999998 -5.529 M490 0.031771205 25.031946 1.0759958 1.0943569 21.653206 1.2311538 decam -10.391528 -3.62442 201 object IBIS_wide_M490_431176 431176 0.035712 924.0 1948.0 -0.24436294 1.0003529 0.00016182018 0.065497026 -0.00025820368 1.0000304 16820864194 365.80927
rawdata/DECam_01382863.fits.fz N4 1382863 500.0 60794.1906514 1.14 200.21773943276372 -4.867103814981409 200.22527916666667 -4.792 M490 0.037620317 25.02229 1.0664678 1.1156726 21.647537 1.3615874 decam -19.812151 5.1496725 163 object IBIS_wide_M490_431215 431215 0.03778 924.0 1948.0 -0.040163983 1.0000316 0.00037747086 0.2960662 -0.0006106426 0.99988204 16943797310 367.21844
rawdata/DECam_01382864.fits.fz N4 1382864 478.0373 60794.19680595 1.15 199.80472393091966 -5.469103809764204 199.81227083333334 -5.394 M490 0.037929203 25.039062 1.0850384 1.0962898 21.63284 1.2948306 decam -9.948279 7.4458375 169 object IBIS_wide_M490_431212 431212 0.037674 924.0 1948.0 0.10460612 1.0001873 0.0004990268 0.045009304 -0.00046224368 0.99991256 16985235014 369.18906
rawdata/DECam_01382865.fits.fz N4 1382865 500.0 60794.20269188 1.16 202.1427385544554 -4.564103817603741 202.150275 -4.489 M490 0.031564627 25.037382 1.0853275 1.124608 21.605284 1.3432837 decam -11.812619 4.33035 151 object IBIS_wide_M490_434200 434200 0.033776 924.0 1948.0 -0.13620071 0.9999696 0.00060662336 0.20182252 -0.0003279744 0.99999565 17028707075 372.2222
rawdata/DECam_01382866.fits.fz N4 1382866 500.0 60794.2088431 1.16 202.4357220128697 -5.619103808462645 202.44327083333334 -5.5440000000000005 M490 0.028407313 25.03794 1.0858845 1.20555 21.588833 1.5323999 decam -7.334875 7.5536547 188 object IBIS_wide_M490_431192 431192 0.032014 924.0 1948.0 0.10359678 0.99995065 0.00060054375 0.21551839 -0.0005965187 0.99999106 17023475585 326.28558
rawdata/DECam_01382867.fits.fz N4 1382867 500.0 60794.21499829 1.17 204.60173122254892 -4.856103815076649 204.6092708333333 -4.781 M490 0.029714664 25.021603 1.07161 1.322525 21.589193 1.9160757 decam -3.6801314 12.546892 185 object IBIS_wide_M490_431202 431202 0.028921 924.0 1948.0 -0.099732116 1.0003862 0.00049877877 0.08021367 -0.0005573334 1.0000994 17070434888 260.95
rawdata/DECam_01382868.fits.fz N4 1382868 500.0 60794.22115115 1.17 206.33474118498245 -4.70810381635777 206.34227916666666 -4.633 M490 0.02551937 25.033981 1.0838988 1.3459468 21.58116 1.899948 decam 1.0892277 8.145046 172 object IBIS_wide_M490_434185 434185 0.030164 924.0 1948.0 -0.03970515 1.0001972 0.00067471206 0.07978249 -0.00093113864 1.0000697 17259670449 263.1651
rawdata/DECam_01382869.fits.fz N4 1382869 500.0 60794.22730207 1.19 205.96673306788665 -4.688103816530851 205.97427083333335 -4.6129999999999995 M490 0.02631857 25.004366 1.0585679 1.4529178 21.568987 2.3766732 decam 1.9804003 4.6096067 155 object IBIS_wide_M490_431199 431199 0.030021 924.0 1948.0 0.018288357 1.0001072 0.00054823444 0.02657415 -0.00052764197 1.0000824 17081753428 210.3781
rawdata/DECam_01382870.fits.fz N4 1382870 500.0 60794.23346708 1.18 208.47472765668266 -5.1651038124000435 208.48227083333333 -5.09 M490 0.025859574 25.034164 1.0860496 1.2445974 21.563097 1.6554457 decam -5.109894 8.281827 166 object IBIS_wide_M490_434098 434098 0.02785 924.0 1948.0 -0.286291 0.99994546 0.0007776123 0.15511817 -0.0007612161 1.0001001 17186917199 302.03348
rawdata/DECam_01382871.fits.fz N4 1382871 500.0 60794.23961847 1.19 209.90473688771414 -5.089103813058604 209.91227916666668 -5.014 M490 0.02799668 25.032408 1.0862625 1.2529862 21.543165 1.7391493 decam -10.065983 11.967139 184 object IBIS_wide_M490_434253 434253 0.028856 924.0 1948.0 -0.30122143 1.0005597 0.0007502656 0.1277961 -0.0009127022 1.000061 17171122351 287.4969
rawdata/DECam_01382872.fits.fz N4 1382872 500.0 60794.24580044 1.2 211.57573948876166 -4.8621038150247005 211.58327916666667 -4.787 M490 0.02819043 25.028793 1.0846183 1.3536001 21.521088 2.08743 decam -6.9184923 6.4325976 216 object IBIS_wide_M490_431265 431265 0.029126 924.0 1948.0 -0.058157887 1.0001967 0.0008709277 0.052928388 -0.0006707957 1.0000154 17225267797 239.52899
rawdata/DECam_01382873.fits.fz N4 1382873 500.0 60794.25196662 1.22 210.3107149690438 -6.138103803953966 210.31827083333334 -6.063 M490 0.035819422 25.026085 1.0858507 1.3711431 21.480747 2.3511508 decam -8.981931 1.8947047 218 object IBIS_wide_M490_431261 431261 0.029156 924.0 1948.0 -0.110789225 1.0000978 0.0007072052 0.086170845 -0.0006308249 1.0001289 17247114293 212.66182
rawdata/DECam_01382874.fits.fz N4 1382874 500.0 60794.2581177 1.22 213.03873455553153 -4.9301038144358795 213.046275 -4.855 M490 0.039347813 25.028776 1.0885454 1.279275 21.481073 2.0850277 decam -12.766309 6.1884675 224 object IBIS_wide_M490_431264 431264 0.034476 924.0 1948.0 -0.40512505 1.0000967 0.0009308307 0.09176888 -0.0007617021 1.0001178 17221300206 239.80496
rawdata/DECam_01382875.fits.fz N4 1382875 500.0 60794.2642575 1.22 213.55070707494707 -6.671103799314507 213.55827083333332 -6.596 M490 0.03476269 25.028908 1.0886776 1.0769414 21.446096 1.4804254 decam -15.663097 -3.5224686 223 object IBIS_wide_M490_431252 431252 0.035388 924.0 1948.0 -0.07786142 1.0002302 0.0008765258 0.13128215 -0.00068061834 0.999957 17303124989 337.74078
rawdata/DECam_01382876.fits.fz N4 1382876 500.0 60794.27041966 1.23 215.99472643377158 -5.913103805909631 216.00227916666665 -5.838 M490 0.04497378 25.026754 1.0884942 1.1292806 21.452375 1.7395703 decam -20.090612 6.602036 235 object IBIS_wide_M490_439935 439935 0.046132 924.0 1948.0 -0.12438957 0.9999697 0.0011166006 0.18096437 -0.00092447497 0.99992365 17253013562 287.4273
rawdata/DECam_01382877.fits.fz N4 1382877 500.0 60794.27656476 1.25 216.014717936108 -6.222103803223431 216.02227499999998 -6.147 M490 0.04419426 25.030622 1.0963491 1.1397966 21.447622 1.7579929 decam -10.909664 2.831339 213 object IBIS_wide_M490_440225 440225 0.045322 924.0 1948.0 -0.24078885 1.0000336 0.0010951029 0.03740019 -0.0010747489 1.0000937 17284205553 284.41525
rawdata/DECam_01382878.fits.fz N4 1382878 500.0 60794.28270359 1.25 217.87671134988338 -6.388103801779063 217.88427083333335 -6.313 M490 0.053392496 25.015467 1.081152 1.2186099 21.448942 2.194553 decam -12.1571045 4.385688 224 object IBIS_wide_M490_439933 439933 0.05791 924.0 1948.0 -0.18063417 1.0000429 0.001104945 -0.041080456 -0.0009552662 1.0001247 17269826219 227.83684
rawdata/DECam_01382879.fits.fz N4 1382879 500.0 60794.28884038 1.26 218.79071402470626 -6.760103798538849 218.79827916666667 -6.6850000000000005 M490 0.067581825 25.028416 1.0961099 1.1023678 21.436523 1.9513134 decam -6.7629676 0.90761083 222 object IBIS_wide_M490_436951 436951 0.065815 924.0 1948.0 -0.22012319 1.0000756 0.000972126 0.34561127 -0.0011574423 1.0002699 17284588723 256.23767
rawdata/DECam_01382880.fits.fz N4 1382880 500.0 60794.29499508 1.27 220.89072456922702 -6.048103804736427 220.89827916666667 -5.973 M490 0.06456464 25.037275 1.1070981 1.0167222 21.38955 1.6717005 decam -8.807322 -3.0839639 219 object IBIS_wide_M490_436939 436939 0.063568 924.0 1948.0 -0.2148711 1.0001659 0.0012088421 0.1482526 -0.0009673501 1.0000905 17401342925 299.09665
rawdata/DECam_01382881.fits.fz N4 1382881 500.0 60794.30113627 1.3 222.7477426265263 -4.573103817525885 222.75527916666667 -4.498 M490 0.084769025 25.025852 1.1014916 0.9438207 21.422964 1.6340338 decam -5.415598 -6.6074734 238 object IBIS_wide_M490_440426 440426 0.08663 924.0 1948.0 -0.31800643 1.0001407 0.0012032848 -0.09311396 -0.0012833808 1.0003458 17320763045 305.9912
rawdata/DECam_01382882.fits.fz N4 1382882 500.0 60794.30728039 1.31 224.44174172720443 -4.251103820310301 224.449275 -4.176 M490 0.10213074 25.019472 1.0970249 0.9157338 21.357557 1.8572924 decam -9.112821 -13.768437 230 object IBIS_wide_M490_437442 437442 0.1044 924.0 1948.0 -0.40012264 1.0002246 0.0013183635 0.13559856 -0.0011746259 1.0000867 17537946653 269.20908
rawdata/DECam_01382883.fits.fz N4 1382883 500.0 60794.31344044 1.33 226.18275784368035 -2.768103833106921 226.19027916666667 -2.693 M490 0.10632953 25.014969 1.0964569 0.9750136 21.395487 2.1079311 decam -2.173255 -14.662196 263 object IBIS_wide_M490_440440 440440 0.10633 924.0 1948.0 -0.31581506 1.0003189 0.001414922 0.13903344 -0.00140224 1.0000764 17384033099 237.1994
rawdata/DECam_01382884.fits.fz N4 1382884 485.1772 60794.31969634 1.36 231.32176429924044 1.4238961308373697 231.32927916666665 1.499 M490 0.056745935 25.016262 1.1037558 0.9266224 21.443396 1.3040586 decam -2.1414568 -13.035095 276 object IBIS_wide_M490_440493 440493 0.053455 924.0 1948.0 0.1276682 1.0002687 0.0014786483 0.12473148 -0.0013882472 1.0000771 17355865594 372.0517
rawdata/DECam_01382885.fits.fz N4 1382885 500.0 60794.32567272 1.35 234.27275907499867 1.7178961283082241 234.280275 1.793 M490 0.055420876 25.01443 1.0998954 0.9605228 21.457125 1.3757471 decam -10.552264 -6.80918 302 object IBIS_wide_M490_437514 437514 0.059351 924.0 1948.0 -0.41731516 1.0002394 0.0015413356 0.05932811 -0.0014653802 1.0000749 17386769975 363.4389
rawdata/DECam_01382886.fits.fz N4 1382886 500.0 60794.33181802 1.36 236.40976050514507 2.310896123204412 236.41727916666667 2.386 M490 0.10732447 25.001968 1.0893196 0.9818068 21.449678 2.0964792 decam -8.9635315 -9.506613 325 object IBIS_wide_M490_437664 437664 0.095235 924.0 1948.0 -0.0154412165 1.0001981 0.0016587904 0.15557542 -0.0010715344 1.0000156 17406334089 238.4951
rawdata/DECam_01382887.fits.fz N4 1382887 500.0 60794.33797753 1.36 239.29576053159408 2.3058961232474626 239.30327916666664 2.3810000000000002 M490 0.08684441 25.003994 1.091353 1.0534116 21.459146 2.0772574 decam -13.941221 -11.393495 356 object IBIS_wide_M490_437660 437660 0.095313 924.0 1948.0 0.12986195 1.0001357 0.001694767 0.1381093 -0.001628394 1.000082 17366260465 240.702
rawdata/DECam_01382888.fits.fz N4 1382888 500.0 60794.34411818 1.39 237.81576096605633 1.1398961332798767 237.823275 1.215 M490 0.090149626 24.996923 1.090188 1.1306498 21.434038 2.5359242 decam -11.966408 -15.821605 331 object IBIS_wide_M490_437656 437656 0.1001 924.0 1948.0 -0.12948492 1.00018 0.0016054199 0.14275098 -0.0015874591 1.0001303 17444490775 197.16678
rawdata/DECam_01382889.fits.fz N4 1382889 500.0 60794.35026368 1.38 241.01476480885773 1.2578961322650977 241.02227916666666 1.333 M490 0.13897516 24.997076 1.0883642 1.0265015 21.440643 2.8819096 decam -13.0070715 -12.351793 390 object IBIS_wide_M490_440317 440317 0.12153 924.0 1948.0 -0.20306407 1.0001186 0.0016918433 -0.016564725 -0.0015176447 1.0001531 17383611070 173.49608
rawdata/DECam_01382890.fits.fz N4 1382890 500.0 60794.35641811 1.37 244.21676736491634 1.7288961282135822 244.22428333333335 1.804 M490 0.08149577 24.994581 1.0838972 0.9832306 21.454218 1.7852081 decam -13.546615 -13.7186365 475 object IBIS_wide_M490_437336 437336 0.084644 924.0 1948.0 -0.22006842 1.0001911 0.0017861921 0.12261579 -0.0014764357 1.0001565 17411532238 280.07938
rawdata/DECam_01382891.fits.fz N4 1382891 500.0 60794.36258089 1.38 245.19276027696208 1.378896131224424 245.200275 1.454 M490 0.077833116 25.002975 1.0942951 1.0644537 21.423126 2.0679 decam -12.700513 -9.312915 528 object IBIS_wide_M490_440320 440320 0.074928 924.0 1948.0 -0.32216245 1.0001522 0.001853358 0.12404507 -0.001817799 1.0002041 17441075034 241.7912
rawdata/DECam_01382892.fits.fz N4 1382892 500.0 60794.36873756 1.38 247.2917697538437 0.9498961349136718 247.2992833333333 1.025 M490 0.078456074 25.000605 1.0919074 1.0070171 21.415901 1.8795863 decam -13.5590105 -8.194805 547 object IBIS_wide_M490_440299 440299 0.078763 924.0 1948.0 -0.18328333 1.0003612 0.0017716318 0.18089384 -0.0016963312 1.0001163 17656753517 266.016
rawdata/DECam_01382893.fits.fz N4 1382893 500.0 60794.3764117 1.14 307.0925534798678 -13.097103742334026 307.10026666666664 -13.022 M490 0.051362183 25.049046 1.0930765 1.0467916 21.306967 1.7124467 decam -55.139076 -23.313044 731 object IBIS_wide_M490_449007 449007 0.047609 924.0 1948.0 -0.13027701 1.0001764 0.0016621599 0.079133846 -0.0018211022 1.0001119 18514989505 291.9799
