logs/db-2025-09-24.ecsv
# %ECSV 1.0
# ---
# datatype:
# - {name: filename, datatype: string}
# - {name: extension, datatype: string}
# - {name: expnum, datatype: int64}
# - {name: exptime, datatype: float32}
# - {name: mjd_obs, datatype: float64}
# - {name: airmass, datatype: float32}
# - {name: racenter, datatype: float64}
# - {name: deccenter, datatype: float64}
# - {name: rabore, datatype: float64}
# - {name: decbore, datatype: float64}
# - {name: band, datatype: string}
# - {name: ebv, datatype: float32}
# - {name: zeropoint, datatype: float32}
# - {name: transparency, datatype: float32}
# - {name: seeing, datatype: float32}
# - {name: sky, datatype: float32}
# - {name: expfactor, datatype: float32}
# - {name: camera, datatype: string}
# - {name: dx, datatype: float32}
# - {name: dy, datatype: float32}
# - {name: nmatched, datatype: int64}
# - {name: obstype, datatype: string}
# - {name: object, datatype: string}
# - {name: tileid, datatype: int64}
# - {name: tileebv, datatype: float32}
# - {name: affine_x0, datatype: float32}
# - {name: affine_y0, datatype: float32}
# - {name: affine_dx, datatype: float32}
# - {name: affine_dxx, datatype: float32}
# - {name: affine_dxy, datatype: float32}
# - {name: affine_dy, datatype: float32}
# - {name: affine_dyx, datatype: float32}
# - {name: affine_dyy, datatype: float32}
# - {name: checksum, datatype: string}
# - {name: efftime, datatype: float32}
# schema: astropy-2.0
filename extension expnum exptime mjd_obs airmass racenter deccenter rabore decbore band ebv zeropoint transparency seeing sky expfactor camera dx dy nmatched obstype object tileid tileebv affine_x0 affine_y0 affine_dx affine_dxx affine_dxy affine_dy affine_dyx affine_dyy checksum efftime
rawdata/DECam_01419887.fits.fz N4 1419887 5.0 60942.97562817 1.0 285.6440541539209 -29.955380517520663 285.652725 -29.880276944444443 r 0.13306512 26.852476 1.0322634 1.378876 17.279737 54.966606 decam 15.786181 -44.545197 1950 object pointing 0 0.0 924.0 1948.0 -0.16395202 1.0000929 0.002025915 0.7381862 -0.0021747581 0.9999845 20120502070 0.09096432
rawdata/DECam_01419889.fits.fz N4 1419889 15.0 60942.98244873 1.04 279.0992446105669 -44.30093643183224 279.10974166666665 -44.225833055555555 M464 0.050970625 24.935575 0.9885486 1.6134468 19.571432 24.220905 decam -12.387208 28.16842 1114 object "LTT7379 N4" 0 0.0 924.0 1948.0 -0.17127156 0.9999449 0.002916069 -0.07398585 -0.0029832702 0.99991906 15709610622 0.6192997
rawdata/DECam_01419891.fits.fz N4 1419891 15.0 60942.98342512 1.04 279.53320634919174 -44.467603373471604 279.54373333333336 -44.3925 M464 0.06628882 24.931156 0.98453385 1.4880705 19.808813 18.626522 decam -12.407183 40.09322 1106 object "LTT7379 S3" 0 0.0 924.0 1948.0 -0.10510916 0.99982053 0.0027906024 0.45635894 -0.0029047194 0.99997836 15646456500 0.80530334
rawdata/DECam_01419892.fits.fz N4 1419892 15.0 60942.98390669 1.04 279.09921468252503 -44.467603373471604 279.10974166666665 -44.3925 M464 0.06489883 24.94067 0.99319917 1.2974663 19.913065 12.520034 decam -16.097414 52.200405 1327 object "LTT7379 S4" 0 0.0 924.0 1948.0 -0.40985748 0.9998596 0.002996349 0.2497721 -0.0030869697 0.99992967 15641819581 1.1980798
rawdata/DECam_01419888.fits.fz N4 1419888 30.0 60942.97690424 1.0 285.6440541539209 -29.955380517520663 285.652725 -29.880276944444443 r 0.13306512 26.887083 1.0656962 1.2317913 17.714834 27.576769 decam -1.8685541 10.87785 3180 object pointing 0 0.0 924.0 1948.0 -0.40831992 0.99999815 0.002079498 0.5584323 -0.001975978 0.9999353 34556314923 1.0878721
rawdata/DECam_01419890.fits.fz N4 1419890 15.0 60942.98293798 1.04 278.66524877723356 -44.30093643183225 278.67574583333334 -44.225833055555555 M464 0.07475387 24.917631 0.97234464 1.6192665 19.688875 26.82356 decam -24.23426 30.371698 1169 object "LTT7379 N5" 0 0.0 924.0 1948.0 -0.13735381 1.0001007 0.0028186243 0.45030558 -0.0027400295 0.99995106 15670216319 0.5592099
rawdata/DECam_01419894.fits.fz N4 1419894 150.0 60942.98912687 1.73 346.8216451943705 -15.620103719220527 346.8294458333333 -15.545 M464 0.03503893 24.79899 1.0044131 1.9638402 20.759577 13.782071 decam -15.510738 84.589355 85 object "NGC7492 position 0" 0 0.0 924.0 1948.0 -0.27282572 1.000351 0.0005054204 0.14111522 -0.00080208934 1.0004232 16516082611 10.883705
rawdata/DECam_01419895.fits.fz N4 1419895 150.0 60942.99119928 1.7 346.7825840049654 -15.58562983065109 346.79038333333335 -15.510526111111112 M464 0.034763694 24.813879 1.012025 1.7388337 21.082401 7.7947464 decam -13.739334 82.575005 82 object "NGC7492 position 1" 0 0.0 924.0 1948.0 -0.103147745 1.0000943 0.00029402928 -0.0012453231 -0.0008957729 1.0003209 16254564438 19.24373
rawdata/DECam_01419896.fits.fz N4 1419896 150.0 60942.99326873 1.68 346.82817995074373 -15.69199566299845 346.83598333333333 -15.616891944444445 M464 0.035003427 24.821123 1.0146239 1.60659 21.305061 5.358496 decam -12.116997 79.23385 104 object "NGC7492 position 2" 0 0.0 924.0 1948.0 -0.26869625 1.000296 0.0004952836 -0.20854923 -0.00076937454 1.000326 16062880871 27.992928
rawdata/DECam_01419897.fits.fz N4 1419897 150.0 60942.99532791 1.66 346.8774478579032 -15.549951775426027 346.88524583333333 -15.474848055555556 M464 0.03550784 24.817497 1.0070966 1.7874532 21.445522 5.8871064 decam -15.0558 78.96307 95 object "NGC7492 position 3" 0 0.0 924.0 1948.0 -0.19730945 1.0004603 0.00046796483 -0.031994645 -0.00074523117 1.0002482 15944562840 25.47941
rawdata/DECam_01419898.fits.fz N4 1419898 150.0 60942.99738319 1.63 346.7173028515118 -15.637856774611535 346.7251041666667 -15.562753055555556 M464 0.03498728 24.81044 0.99442464 2.0696726 21.506744 7.5281973 decam -13.575215 80.24076 78 object "NGC7492 position 4" 0 0.0 924.0 1948.0 -0.13085952 0.99978393 0.00028579962 -0.24907517 -0.00030582587 1.0002794 15996046630 19.925089
rawdata/DECam_01419899.fits.fz N4 1419899 60.0 60943.00072156 1.08 308.74251484045396 -14.272881787182836 308.7502666666667 -14.197778055555556 M464 0.03225582 24.928186 0.9899439 2.0678484 21.71387 4.9022985 decam -26.005789 156.9443 372 object test 0 0.0 924.0 1948.0 -0.42587033 0.9999774 0.0017749788 0.116006814 -0.0018545449 0.999989 15569391237 12.239157
rawdata/DECam_01419900.fits.fz N4 1419900 60.0 60943.00302138 1.07 308.74251484045396 -14.272881787182836 308.7502666666667 -14.197778055555556 M464 0.03225582 24.944223 1.0026138 1.5932801 21.72198 2.805735 decam 42.642204 -143.97939 431 object test 0 0.0 924.0 1948.0 0.19632143 1.000004 0.0016782943 0.29569235 -0.001865788 0.999929 15568027050 21.38477
rawdata/DECam_01419901.fits.fz N4 1419901 60.0 60943.00565736 1.06 307.4925190071207 -14.272881787182836 307.5002708333334 -14.197778055555556 M464 0.05059467 24.9357 0.9927307 1.6243237 21.742329 3.3143353 decam -8.268365 12.2917795 439 object test 0 0.0 924.0 1948.0 -0.25339547 0.99975884 0.0016876725 0.1068492 -0.0019452968 0.9999307 15557850265 18.103178
rawdata/DECam_01419902.fits.fz N4 1419902 800.0 60943.00827134 1.21 325.7616507945701 -9.997103770101749 325.76927916666665 -9.922 M464 0.039487924 24.902853 0.9932836 1.595935 21.76284 3.081006 decam -17.26876 21.298124 286 object IBIS_wide_M464_357879 357879 0.041295 924.0 1948.0 0.03185714 1.0000534 0.0009939321 0.12723066 -0.0012232153 1.0000021 18623227209 259.65546
rawdata/DECam_01419903.fits.fz N4 1419903 800.0 60943.01816502 1.09 315.39559146566495 -12.110103751242745 315.403275 -12.035 M464 0.04097018 24.935812 0.99897075 1.6358523 21.812347 2.9414444 decam -10.382337 -2.077624 397 object IBIS_wide_M464_349034 349034 0.049579 924.0 1948.0 -0.03681523 1.000073 0.0014502183 0.13959068 -0.0016445164 1.0000241 17644636708 271.97522
rawdata/DECam_01419904.fits.fz N4 1419904 800.0 60943.02806408 1.15 325.4696690581822 -8.98810377901792 325.477275 -8.913 M464 0.039357707 24.927351 1.0035074 1.6692125 21.813047 3.0730045 decam -22.231613 10.535098 287 object IBIS_wide_M464_354896 354896 0.039053 924.0 1948.0 0.041779216 1.0001317 0.0012501995 -0.012760042 -0.0013846281 1.0000674 17693481118 260.33154
rawdata/DECam_01419905.fits.fz N4 1419905 716.0453 60943.03765573 1.14 327.8116536210628 -9.50910377442059 327.81927083333335 -9.434 M464 0.045438368 24.927084 1.0012014 1.4482014 21.82834 2.3839505 decam -20.040209 -1.7820458 233 object IBIS_wide_M464_357877 357877 0.04207 924.0 1948.0 -0.17236449 1.0000259 0.0012645823 0.12450475 -0.0010964186 1.0000815 17549935327 300.3608
rawdata/DECam_01419906.fits.fz N4 1419906 604.876 60943.04626438 1.12 329.07663659161375 -10.584103764889479 329.08427916666665 -10.509 M464 0.03237554 24.935514 1.0048691 1.3601224 21.848501 1.8514395 decam -19.724699 -4.1789784 252 object IBIS_wide_M464_357853 357853 0.035618 924.0 1948.0 -0.08216401 0.9999785 0.0011343024 0.049173005 -0.0012889269 0.9999037 17058536191 326.70578
rawdata/DECam_01419923.fits.fz N4 1419923 527.5265 60943.08307374 1.08 336.3525962082386 -11.796103754062884 336.36027083333335 -11.721 M464 0.043083966 24.945208 1.0055852 1.2238572 21.810255 1.6471633 decam 29.15398 -8.853012 165 object IBIS_wide_M464_357793 357793 0.044424 924.0 1948.0 -0.19771838 1.0000827 0.000820944 0.088737145 -0.0007779739 0.9999787 16793808741 320.26364
rawdata/DECam_01419924.fits.fz N4 1419924 504.5267 60943.08952137 1.08 333.7596446090267 -10.257103767795469 333.76727916666664 -10.182 M464 0.052886292 24.966297 1.025309 1.1919739 21.82007 1.5976313 decam 22.05927 -4.462243 201 object IBIS_wide_M464_354873 354873 0.051267 924.0 1948.0 -0.0003783722 0.9999585 0.0009600049 0.22253878 -0.0011122725 1.0000348 16783380983 315.7967
rawdata/DECam_01419925.fits.fz N4 1419925 691.9755 60943.09569735 1.07 334.89462507275664 -10.711103763759192 334.9022708333333 -10.636 M464 0.04595427 24.959253 1.0165881 1.3740072 21.811647 2.0616667 decam 11.954002 6.3509235 175 object IBIS_wide_M464_357801 357801 0.047869 924.0 1948.0 -0.14504038 1.00014 0.0008685527 0.07050798 -0.0007072215 0.9999535 17777335278 335.6389
rawdata/DECam_01419926.fits.fz N4 1419926 609.5461 60943.10405106 1.06 336.65159933815863 -11.532103756428958 336.65926666666667 -11.457 M464 0.04455124 24.959755 1.0149713 1.3070476 21.800076 1.8653332 decam 0.64379495 8.840462 165 object IBIS_wide_M464_354808 354808 0.044892 924.0 1948.0 -0.19920008 1.0001348 0.00079020695 0.21117319 -0.000976179 0.9999476 17044478154 326.77597
rawdata/DECam_01419927.fits.fz N4 1419927 800.0 60943.11147299 1.06 340.1265650884577 -12.857103744506645 340.13427083333335 -12.782 M464 0.05958838 24.951944 1.007696 1.5768809 21.792633 3.086543 decam -12.134028 14.981144 146 object IBIS_wide_M464_355090 355090 0.062262 924.0 1948.0 0.08896704 1.0001576 0.00058832014 0.13504039 -0.00058092707 0.99990493 17609457946 259.18964
rawdata/DECam_01419928.fits.fz N4 1419928 800.0 60943.12107645 1.05 340.74357284521966 -12.462103748073412 340.75126666666665 -12.387 M464 0.059203885 24.939436 0.9941091 1.5606768 21.771544 3.1460052 decam -20.511118 19.28716 139 object IBIS_wide_M464_355084 355084 0.063626 924.0 1948.0 -0.1521043 0.9997948 0.00062102044 -0.031984918 -0.0008693137 1.000032 17662966976 254.29074
rawdata/DECam_01419929.fits.fz N4 1419929 800.0 60943.13067616 1.05 339.5835948906722 -11.843103753641179 339.59127083333334 -11.768 M464 0.102135904 24.93303 0.98826164 1.5595317 21.769035 4.330224 decam -25.05182 35.929276 154 object IBIS_wide_M464_358075 358075 0.071835 924.0 1948.0 -0.45558158 1.0002455 0.0007618409 0.05584595 -0.00090885157 1.0000361 17679449962 184.74794
rawdata/DECam_01419930.fits.fz N4 1419930 800.0 60943.14029529 1.05 342.860592299034 -12.081103751503479 342.868275 -12.006 M464 0.04010897 24.957024 1.0103443 1.5422722 21.753012 2.6395957 decam -31.27882 30.81886 139 object IBIS_wide_M464_355086 355086 0.042892 924.0 1948.0 -0.098431125 0.9998326 0.00037786594 -0.16058764 -0.00035458527 0.9999789 18045536488 303.07672
rawdata/DECam_01419932.fits.fz N4 1419932 691.1758 60943.15161566 1.06 344.4166180109787 -10.987103761299537 344.4242708333333 -10.912 M464 0.04179069 24.96308 1.0180845 1.4661701 21.744223 2.4072642 decam -35.4018 36.63331 124 object IBIS_wide_M464_355098 355098 0.041853 924.0 1948.0 -0.17623848 1.0001823 0.0004163004 -0.09479455 -0.00012507297 1.0001485 17392483254 287.12085
rawdata/DECam_01419933.fits.fz N4 1419933 800.0 60943.16002297 1.06 349.21163704234306 -10.397103766552057 349.219275 -10.322 M464 0.028950287 24.96077 1.0159202 1.5926867 21.68511 2.7477362 decam -37.872925 38.774807 122 object IBIS_wide_M464_355052 355052 0.030624 924.0 1948.0 -0.11584629 1.0001315 0.0002191023 -0.08590616 -4.0190913e-05 1.0000008 18528457805 291.14877
rawdata/DECam_01419934.fits.fz N4 1419934 693.4264 60943.16962188 1.07 347.85463639622367 -10.252103767839852 347.86227083333335 -10.177 M464 0.03459691 24.958845 1.0162065 1.4209017 21.71064 2.2325792 decam -27.824362 40.270737 131 object IBIS_wide_M464_355057 355057 0.034088 924.0 1948.0 0.023817375 1.0001699 0.0002250886 0.055157922 -0.00039716135 0.99990046 17497236419 310.5943
rawdata/DECam_01419935.fits.fz N4 1419935 533.0472 60943.17797924 1.08 348.30764288328385 -9.979103770261275 348.31527083333333 -9.904 M464 0.038421284 24.969452 1.0282933 1.1826125 21.702303 1.571531 decam -32.695763 40.464184 116 object IBIS_wide_M464_358043 358043 0.034914 924.0 1948.0 -0.05711231 1.0001554 0.00020856241 -0.12920156 0.0003466466 0.9998817 17154606296 339.18973
