logs/db-2024-11-04.ecsv
# %ECSV 1.0
# ---
# datatype:
# - {name: filename, datatype: string}
# - {name: extension, datatype: string}
# - {name: expnum, datatype: int64}
# - {name: exptime, datatype: float32}
# - {name: mjd_obs, datatype: float64}
# - {name: airmass, datatype: float32}
# - {name: racenter, datatype: float64}
# - {name: deccenter, datatype: float64}
# - {name: rabore, datatype: float64}
# - {name: decbore, datatype: float64}
# - {name: band, datatype: string}
# - {name: ebv, datatype: float32}
# - {name: zeropoint, datatype: float32}
# - {name: transparency, datatype: float32}
# - {name: seeing, datatype: float32}
# - {name: sky, datatype: float32}
# - {name: expfactor, datatype: float32}
# - {name: camera, datatype: string}
# - {name: dx, datatype: float32}
# - {name: dy, datatype: float32}
# - {name: nmatched, datatype: int64}
# - {name: obstype, datatype: string}
# - {name: object, datatype: string}
# - {name: tileid, datatype: int64}
# - {name: tileebv, datatype: float32}
# - {name: affine_x0, datatype: float32}
# - {name: affine_y0, datatype: float32}
# - {name: affine_dx, datatype: float32}
# - {name: affine_dxx, datatype: float32}
# - {name: affine_dxy, datatype: float32}
# - {name: affine_dy, datatype: float32}
# - {name: affine_dyx, datatype: float32}
# - {name: affine_dyy, datatype: float32}
# - {name: checksum, datatype: string}
# - {name: efftime, datatype: float32}
# schema: astropy-2.0
filename extension expnum exptime mjd_obs airmass racenter deccenter rabore decbore band ebv zeropoint transparency seeing sky expfactor camera dx dy nmatched obstype object tileid tileebv affine_x0 affine_y0 affine_dx affine_dxx affine_dxy affine_dy affine_dyx affine_dyy checksum efftime
rawdata/DECam_01338367.fits.fz N4 1338367 5.0 60619.18572791 1.1 34.63872473670002 -6.036103804840734 34.646279166666666 -5.961 g 0.026263343 26.688393 1.0918342 1.0418298 21.544292 1.109629 decam -14.591531 67.56679 48 object pointing 0 0.0 924.0 1948.0 -0.1437192 0.9997031 -0.0016232593 -0.4861157 0.0022036473 1.0001165 15459008135 4.5060105
rawdata/DECam_01338368.fits.fz N4 1338368 300.0 60619.18833803 1.1 34.63872473670002 -6.036103804840734 34.646279166666666 -5.961 M490 0.026263343 24.962503 1.002031 1.0601676 21.610306 1.1042739 decam -14.638736 -6.26759 82 object IBIS_deep_xmm_M490_66 0 0.0 924.0 1948.0 0.33165464 0.9998049 -0.0016435457 -0.30356932 0.0019323126 1.0002036 16485922608 271.67172
rawdata/DECam_01338369.fits.fz N4 1338369 300.0 60619.19216931 1.11 34.63872473670002 -6.036103804840734 34.646279166666666 -5.961 M517 0.026263343 24.763569 1.0117748 0.97887987 21.248161 1.2881266 decam -9.721454 -11.035005 83 object IBIS_deep_xmm_M517_66 0 0.0 924.0 1948.0 0.30081517 0.9998805 -0.001796411 -0.26105604 0.0020132782 1.0001689 16657883120 232.89638
rawdata/DECam_01338370.fits.fz N4 1338370 392.0 60619.19603422 1.11 34.869721612494466 -6.2561038029276705 34.87727916666667 -6.181 M517 0.02540927 24.761227 1.0095944 1.0779135 21.236 1.5856462 decam -5.9879084 14.020688 85 object IBIS_deep_xmm_M517_67 0 0.0 924.0 1948.0 -0.11839147 0.9999266 -0.0017243645 -0.37784702 0.0018377854 0.9998244 17734974019 247.21782
rawdata/DECam_01338371.fits.fz N4 1338371 458.0 60619.20093531 1.11 35.13771075713614 -6.428103801430884 35.145270833333335 -6.353 M517 0.026346643 24.769854 1.0176476 1.1557205 21.199446 1.8549954 decam -3.0716524 12.787134 57 object IBIS_deep_xmm_M517_68 0 0.0 924.0 1948.0 -0.45867276 1.0004593 -0.0019213024 -0.042364646 0.0018685804 1.0001032 17893206929 246.90088
rawdata/DECam_01338372.fits.fz N4 1338372 500.0 60619.20660279 1.12 35.43371728955237 -6.548103800386016 35.44127916666667 -6.473 M517 0.026178287 24.764479 1.014247 1.1290568 21.23899 1.7242061 decam -10.108947 6.320072 88 object IBIS_deep_xmm_M517_69 0 0.0 924.0 1948.0 0.016355893 1.0001769 -0.0017479016 -0.058359258 0.0018814347 1.0001568 17341434713 289.98853
rawdata/DECam_01338373.fits.fz N4 1338373 500.0 60619.21274061 1.14 36.24473155689402 -4.82610381533638 36.252270833333334 -4.751 M438 0.027478544 24.780651 1.0269488 1.1885009 21.727541 1.226635 decam -18.525206 9.603339 74 object IBIS_deep_xmm_M438_70 0 0.0 924.0 1948.0 0.43220392 1.0002432 -0.001833872 -0.18502355 0.0021713332 1.000258 16617847322 407.61923
rawdata/DECam_01338374.fits.fz N4 1338374 500.0 60619.21889674 1.15 36.24473155689402 -4.82610381533638 36.252270833333334 -4.751 M490 0.027478544 24.947113 0.9969311 1.1508521 21.59935 1.3518056 decam -12.511941 -3.0980914 89 object IBIS_deep_xmm_M490_70 0 0.0 924.0 1948.0 0.46597898 1.0001285 -0.0019345193 -0.009144203 0.0019514079 1.0000656 17056177491 369.87567
rawdata/DECam_01338375.fits.fz N4 1338375 437.0 60619.22506602 1.17 36.24473155689402 -4.82610381533638 36.252270833333334 -4.751 M517 0.027478544 24.758545 1.0168334 1.1306666 21.252552 1.7264246 decam -10.714493 -25.79881 84 object IBIS_deep_xmm_M517_70 0 0.0 924.0 1948.0 0.35692286 1.0002671 -0.001972444 0.02192038 0.0021826944 1.0001311 17025812257 253.1243
rawdata/DECam_01338376.fits.fz N4 1338376 500.0 60619.23048715 1.18 36.2687349202747 -4.513103818044904 36.276270833333335 -4.438 M438 0.024391212 24.786499 1.0429302 1.1449168 21.720518 1.1335894 decam -6.923542 -8.04743 73 object IBIS_deep_xmm_M438_71 0 0.0 924.0 1948.0 0.84156644 1.0003511 -0.0015080968 -0.37901086 0.0019180955 0.99956864 16616609282 441.0768
rawdata/DECam_01338377.fits.fz N4 1338377 500.0 60619.23663462 1.2 36.2687349202747 -4.513103818044904 36.276270833333335 -4.438 M490 0.024391212 24.94212 1.0014004 1.0883348 21.618828 1.1986734 decam -5.473723 -10.885736 92 object IBIS_deep_xmm_M490_71 0 0.0 924.0 1948.0 0.88839674 1.0002544 -0.0017993408 -0.3927376 0.0020483031 0.9997611 17021607671 417.1278
rawdata/DECam_01338378.fits.fz N4 1338378 446.0 60619.24278193 1.22 36.12574190274673 -4.23310382046588 36.133275000000005 -4.158 M438 0.028798766 24.774519 1.041913 1.1272798 21.689062 1.1565484 decam 0.2663915 -12.107131 61 object IBIS_deep_xmm_M438_72 0 0.0 924.0 1948.0 0.04418785 0.99975765 -0.0017833218 -0.10196733 0.002133498 1.0001981 16592939486 385.6302
rawdata/DECam_01338379.fits.fz N4 1338379 460.0 60619.24832628 1.24 36.12574190274673 -4.23310382046588 36.133275000000005 -4.158 M490 0.028798766 24.939493 1.0062578 1.126855 21.555052 1.3691822 decam -1.6511207 2.240387 67 object IBIS_deep_xmm_M490_72 0 0.0 924.0 1948.0 -0.07697785 0.9999306 -0.0016514447 0.025010118 0.0020796957 1.0002298 17092306440 335.96698
rawdata/DECam_01338380.fits.fz N4 1338380 448.0 60619.25401296 1.27 35.86973950602039 -4.047103822073124 35.877270833333334 -3.972 M438 0.024949446 24.761614 1.0426282 1.1614292 21.651493 1.3013316 decam 9.672452 -0.29667187 55 object IBIS_deep_xmm_M438_73 0 0.0 924.0 1948.0 -0.047105506 0.9999693 -0.0018525146 -0.5277455 0.0019416905 1.0001385 16555275020 344.26276
rawdata/DECam_01338381.fits.fz N4 1338381 500.0 60619.25957249 1.3 35.86973950602039 -4.047103822073124 35.877270833333334 -3.972 M490 0.024949446 24.925459 1.004208 1.1077808 21.498116 1.4310827 decam 12.493678 -1.7325853 64 object IBIS_deep_xmm_M490_73 0 0.0 924.0 1948.0 -0.21688399 1.0001675 -0.0019199548 -0.40457997 0.0018763173 1.0001749 17193619482 349.3858
rawdata/DECam_01338382.fits.fz N4 1338382 500.0 60619.2657266 1.33 35.560740133079584 -3.9791038226605333 35.56827083333333 -3.904 M438 0.02547976 24.716223 1.0151389 1.2000114 21.570354 1.6273803 decam 12.327664 6.0574517 52 object IBIS_deep_xmm_M438_74 0 0.0 924.0 1948.0 0.85487 1.0003425 -0.0020738423 -0.1869539 0.002089136 1.0003048 16797660787 307.24225
rawdata/DECam_01338383.fits.fz N4 1338383 500.0 60619.271876 1.37 35.560740133079584 -3.9791038226605333 35.56827083333333 -3.904 M490 0.02547976 24.917734 1.009833 1.1481847 21.458612 1.6169653 decam 16.52712 1.6456281 66 object IBIS_deep_xmm_M490_74 0 0.0 924.0 1948.0 0.48163262 1.0002317 -0.0019727685 -0.10484925 0.002394041 1.0002142 17263906463 309.22122
rawdata/DECam_01338384.fits.fz N4 1338384 500.0 60619.27802504 1.41 35.560740133079584 -3.9791038226605333 35.56827083333333 -3.904 M517 0.02547976 24.720774 1.0205761 1.1200917 21.072357 2.1443558 decam 6.8372197 -2.6569386 71 object IBIS_deep_xmm_M517_74 0 0.0 924.0 1948.0 0.53675485 1.0002476 -0.001917401 -0.3310148 0.0023369705 1.000408 17594223335 233.17026
rawdata/DECam_01338385.fits.fz N4 1338385 500.0 60619.28418233 1.46 35.24774799712283 -4.030103822219986 35.25527916666667 -3.955 M438 0.02128556 24.678486 1.0130397 1.2671336 21.508404 2.058997 decam 0.56889504 -19.55742 60 object IBIS_deep_xmm_M438_75 0 0.0 924.0 1948.0 -0.43274075 1.0006529 -0.0019255033 -0.17975055 0.0024709848 1.0001547 16976668675 242.83669
rawdata/DECam_01338386.fits.fz N4 1338386 500.0 60619.29035036 1.5 35.24774799712283 -4.030103822219986 35.25527916666667 -3.955 M490 0.02128556 24.89244 1.0101278 1.3212008 21.454304 2.2509751 decam 8.74931 -23.301287 77 object IBIS_deep_xmm_M490_75 0 0.0 924.0 1948.0 -0.30893946 1.0005008 -0.0019332092 -0.20252621 0.0023531243 1.0002097 17460928156 222.12596
rawdata/DECam_01338387.fits.fz N4 1338387 500.0 60619.29653922 1.56 35.24774799712283 -4.030103822219986 35.25527916666667 -3.955 M517 0.02128556 24.689575 1.0157946 1.2458919 21.015055 2.961174 decam 1.0055956 -40.142868 82 object IBIS_deep_xmm_M517_75 0 0.0 924.0 1948.0 0.050843716 1.0005636 -0.0018748556 -0.13734087 0.002342231 1.0002089 17909270715 168.85194
rawdata/DECam_01338388.fits.fz N4 1338388 500.0 60619.30269089 1.63 34.970742367185075 -4.185103820880726 34.978275 -4.11 M438 0.020531662 24.6662 1.0453842 1.1460379 21.416035 1.8764491 decam -0.72005 -50.216877 58 object IBIS_deep_xmm_M438_76 0 0.0 924.0 1948.0 0.5241774 1.0000587 -0.0017216662 -0.07412477 0.0019019498 1.0003037 17150588963 266.46072
rawdata/DECam_01338389.fits.fz N4 1338389 500.0 60619.3088461 1.69 34.970742367185075 -4.185103820880726 34.978275 -4.11 M490 0.020531662 24.859716 1.014516 1.1563 21.394636 1.9355755 decam -6.1054287 -53.0257 72 object IBIS_deep_xmm_M490_76 0 0.0 924.0 1948.0 0.09285975 1.0002304 -0.0016727056 -0.10539514 0.0017048507 1.0002315 17636540283 258.3211
rawdata/DECam_01338390.fits.fz N4 1338390 500.0 60619.31603518 1.79 34.970742367185075 -4.185103820880726 34.978275 -4.11 M517 0.020531662 24.664623 1.0299913 1.1685628 20.933386 2.9412482 decam -2.611767 0.06059702 79 object IBIS_deep_xmm_M517_76 0 0.0 924.0 1948.0 0.347198 1.000144 -0.0016091253 0.06797784 0.0016337878 1.000217 18190840361 169.99585
rawdata/DECam_01338391.fits.fz N4 1338391 5.0 60619.32276886 1.26 54.860592299034074 -12.081103751503479 54.868275000000004 -12.006 g 0.07067027 26.646788 1.0774447 1.0190048 21.59029 1.4290444 decam -25.687868 20.159744 43 object pointing 0 0.0 924.0 1948.0 0.8815075 1.0002215 -0.0024987396 -0.15465525 0.0019124917 1.0001639 15472219135 3.4988418
rawdata/DECam_01338392.fits.fz N4 1338392 498.0 60619.32368756 1.26 54.860592299034074 -12.081103751503479 54.868275000000004 -12.006 M438 0.07067027 24.752293 1.0311193 1.0671391 21.709892 1.0594755 decam -14.935894 29.463257 64 object IBIS_wide_M438_207150 207150 0.068243 924.0 1948.0 -0.0698225 0.99992126 -0.0025660503 -0.10565633 0.0017108119 1.0003108 16806569764 470.04388
rawdata/DECam_01338393.fits.fz N4 1338393 456.0 60619.32986009 1.3 53.271535989616424 -13.643103737375393 53.27926666666667 -13.568 M438 0.0406013 24.731113 1.0214225 1.074129 21.659636 1.1689461 decam -25.851366 27.049696 56 object IBIS_wide_M438_210131 210131 0.049595 924.0 1948.0 -0.118912056 1.0002017 -0.0025272095 -0.211415 0.0023141052 1.0001369 16889142779 390.09494
rawdata/DECam_01338394.fits.fz N4 1338394 500.0 60619.33550196 1.34 54.60662065806298 -11.20410375936245 54.61427916666666 -11.129 M438 0.06050217 24.731035 1.0316731 1.1294647 21.602571 1.3621502 decam -23.687729 38.810886 67 object IBIS_wide_M438_210138 210138 0.070599 924.0 1948.0 0.3865412 0.99975014 -0.0022057816 -0.31948194 0.002069772 1.0003519 17102888135 367.06674
rawdata/DECam_01338395.fits.fz N4 1338395 5.0 60619.34380151 1.31 132.12371811919627 -6.493103800864976 132.13127916666667 -6.418 g 0.024326827 26.659605 1.0988085 1.1779711 21.398823 1.689947 decam -46.51532 20.644548 141 object pointing 0 0.0 924.0 1948.0 0.14254591 0.9997803 -0.0016992972 0.064455055 0.0019080356 1.0002325 15614303490 2.9586728
rawdata/DECam_01338396.fits.fz N4 1338396 500.0 60619.34511125 1.3 132.12371811919627 -6.493103800864976 132.13127916666667 -6.418 M438 0.024326827 24.755253 1.0443857 1.0761334 21.584429 1.2027702 decam 11.8223 9.44306 206 object IBIS_wide_M438_219200 219200 0.023444 924.0 1948.0 0.19636214 1.0002649 -0.0019729831 -0.04433148 0.0018302845 1.0001932 18059272088 415.707
rawdata/DECam_01338397.fits.fz N4 1338397 500.0 60619.35129576 1.27 132.24971986030442 -6.376103801883506 132.25727916666668 -6.301 M438 0.02666074 24.759594 1.0406897 1.1268262 21.29574 1.7064127 decam 21.032633 4.0086594 224 object IBIS_wide_M438_222186 222186 0.023162 924.0 1948.0 0.5725496 1.0001253 -0.0017496016 -0.2675183 0.0018484202 1.0003189 17328182041 293.01236
rawdata/DECam_01338398.fits.fz N4 1338398 500.0 60619.35747098 1.25 131.200731211368 -4.857103815067992 131.20827083333333 -4.782 M438 0.020717757 24.764477 1.040137 1.0816526 20.414902 3.5079038 decam 27.854496 -5.791682 212 object IBIS_wide_M438_219219 219219 0.02141 924.0 1948.0 -0.097192235 1.0003952 -0.0020260164 -0.31274185 0.0019498372 1.0001061 19623665966 142.53526
