logs/db-2026-03-17.ecsv
# %ECSV 1.0
# ---
# datatype:
# - {name: filename, datatype: string}
# - {name: extension, datatype: string}
# - {name: expnum, datatype: int64}
# - {name: exptime, datatype: float32}
# - {name: mjd_obs, datatype: float64}
# - {name: airmass, datatype: float32}
# - {name: racenter, datatype: float64}
# - {name: deccenter, datatype: float64}
# - {name: rabore, datatype: float64}
# - {name: decbore, datatype: float64}
# - {name: band, datatype: string}
# - {name: ebv, datatype: float32}
# - {name: zeropoint, datatype: float32}
# - {name: transparency, datatype: float32}
# - {name: seeing, datatype: float32}
# - {name: sky, datatype: float32}
# - {name: expfactor, datatype: float32}
# - {name: camera, datatype: string}
# - {name: dx, datatype: float32}
# - {name: dy, datatype: float32}
# - {name: nmatched, datatype: int64}
# - {name: obstype, datatype: string}
# - {name: object, datatype: string}
# - {name: tileid, datatype: int64}
# - {name: tileebv, datatype: float32}
# - {name: affine_x0, datatype: float32}
# - {name: affine_y0, datatype: float32}
# - {name: affine_dx, datatype: float32}
# - {name: affine_dxx, datatype: float32}
# - {name: affine_dxy, datatype: float32}
# - {name: affine_dy, datatype: float32}
# - {name: affine_dyx, datatype: float32}
# - {name: affine_dyy, datatype: float32}
# - {name: checksum, datatype: string}
# - {name: efftime, datatype: float32}
# schema: astropy-2.0
filename extension expnum exptime mjd_obs airmass racenter deccenter rabore decbore band ebv zeropoint transparency seeing sky expfactor camera dx dy nmatched obstype object tileid tileebv affine_x0 affine_y0 affine_dx affine_dxx affine_dxy affine_dy affine_dyx affine_dyy checksum efftime
/home/declsp/obsbot/rawdata/DECam_01463989.fits.fz N4 1463989 30.0 61116.98854753 1.0 99.91901025821643 -30.545380510723927 99.92773333333334 -30.470276944444443 r 0.10057955 26.830713 1.011778 1.3430393 17.394772 42.893265 decam 27.510992 -19.686428 502 object pointing 0 0.0 924.0 1948.0 -0.015131348 1.0001997 -0.0029484339 -0.4485846 0.0028233707 1.0000432 41081382298 0.6994105
/home/declsp/obsbot/rawdata/DECam_01463988.fits.fz N4 1463988 5.0 61116.98733916 1.0 99.91901025821643 -30.545380510723927 99.92773333333334 -30.470276944444443 r 0.10057955 26.810555 0.9931654 2.3261647 16.987886 194.07547 decam 14.151079 -33.43213 261 object pointing 0 0.0 924.0 1948.0 -0.22644177 1.0000551 -0.002768664 -0.42342094 0.0027104742 0.9999578 21586601484 0.025763173
/home/declsp/obsbot/rawdata/DECam_01463990.fits.fz N4 1463990 15.0 61116.99322819 1.26 57.082910562594094 -39.134436511725795 57.092595833333334 -39.059333055555555 M464 0.01304523 24.8515 0.9571762 1.5807334 18.599854 50.650917 decam -46.352177 40.710682 37 object "LTT1788 N4" 0 0.0 924.0 1948.0 0.548061 0.9994798 -0.0023458742 0.44374245 0.003132877 0.99950445 16132103659 0.2961447
/home/declsp/obsbot/rawdata/DECam_01463991.fits.fz N4 1463991 15.0 61116.99372967 1.27 56.6824855625941 -39.1344365117258 56.692170833333336 -39.059333055555555 M464 0.011692572 24.86246 0.9688749 1.4500018 18.726593 36.815174 decam -31.928667 44.44731 29 object "LTT1788 N5" 0 0.0 924.0 1948.0 0.68626034 1.0005391 -0.0027664145 -0.49295288 0.002547418 1.000045 16041349211 0.4074407
/home/declsp/obsbot/rawdata/DECam_01463992.fits.fz N4 1463992 15.0 61116.9942281 1.26 57.48329587640457 -39.30110345378338 57.493004166666665 -39.226 M464 0.0115917595 24.867352 0.9712538 1.464021 18.886263 32.083332 decam -45.526493 59.281113 40 object "LTT1788 S3" 0 0.0 924.0 1948.0 1.4125162 0.99985754 -0.0028739702 -0.22035056 0.0025923878 1.0001614 15948733362 0.4675325
/home/declsp/obsbot/rawdata/DECam_01463993.fits.fz N4 1463993 15.0 61116.99471582 1.27 57.08288754307122 -39.30110345378338 57.092595833333334 -39.226 M464 0.0186828 24.859047 0.9658339 1.7060261 19.007921 41.592434 decam -51.299606 46.020702 39 object "LTT1788 S4" 0 0.0 924.0 1948.0 -0.23955756 0.9999122 -0.0029140564 -0.47879726 0.0029750871 1.0003408 15892300502 0.36064252
/home/declsp/obsbot/rawdata/DECam_01463994.fits.fz N4 1463994 15.0 61116.99518611 1.28 56.682462543071225 -39.30110345378338 56.692170833333336 -39.226 M464 0.016055398 24.846992 0.9571339 1.4658704 19.125576 27.656237 decam -48.467476 49.141926 43 object "LTT1788 S5" 0 0.0 924.0 1948.0 -0.76633346 1.0004224 -0.0028226948 0.08018285 0.002935316 1.0001513 15837420063 0.5423731
/home/declsp/obsbot/rawdata/DECam_01463995.fits.fz N4 1463995 15.0 61116.99696698 1.03 89.0930033306711 -27.849770541142576 89.1015 -27.774666944444444 M464 0.038579706 24.9167 0.96951807 1.1830342 20.152412 7.232393 decam -27.973825 51.438427 158 object "LTT2415 N4" 0 0.0 924.0 1948.0 0.5647514 0.99992293 -0.0029142788 -0.18509294 0.0026136443 1.0000014 15562145276 2.0740025
/home/declsp/obsbot/rawdata/DECam_01463996.fits.fz N4 1463996 15.0 61116.9974539 1.03 88.74173249733775 -27.849770541142576 88.75022916666667 -27.774666944444444 M464 0.03469151 24.918499 0.97112536 1.1576558 20.252842 6.120709 decam -13.5655365 36.24123 144 object "LTT2415 N5" 0 0.0 924.0 1948.0 0.6595262 1.0000898 -0.0029316787 -0.51452214 0.0027366558 0.999942 15542169855 2.4506965
/home/declsp/obsbot/rawdata/DECam_01463997.fits.fz N4 1463997 15.0 61116.99792319 1.02 89.4442443826225 -28.016436650418257 89.45275416666667 -27.941333055555557 M464 0.029162224 24.913054 0.96428496 1.1757231 20.373993 5.482276 decam -9.01947 40.985283 196 object "LTT2415 S3" 0 0.0 924.0 1948.0 0.9822174 1.0003479 -0.0027257625 -0.121463545 0.002917966 0.9998843 15539124291 2.73609
/home/declsp/obsbot/rawdata/DECam_01463998.fits.fz N4 1463998 15.0 61116.99839268 1.03 89.09299021595584 -28.016436650418257 89.1015 -27.941333055555557 M464 0.035507463 24.918 0.9706783 1.1324422 20.46619 4.8451214 decam -7.385142 34.02194 162 object "LTT2415 S4" 0 0.0 924.0 1948.0 0.72961146 1.0002637 -0.0030837627 0.12786245 0.0030841862 1.0000191 15512099708 3.0958977
/home/declsp/obsbot/rawdata/DECam_01463999.fits.fz N4 1463999 15.0 61116.99886823 1.03 88.7417193826225 -28.016436650418257 88.75022916666667 -27.941333055555557 M464 0.034228936 24.909407 0.96302795 1.2997324 20.57243 5.8235083 decam 0.06823662 44.962997 166 object "LTT2415 S5" 0 0.0 924.0 1948.0 -0.088530265 1.0003605 -0.0028922502 -0.56285733 0.002949972 0.9999803 15502180891 2.575767
/home/declsp/obsbot/rawdata/DECam_01464000.fits.fz N4 1464000 150.0 61117.00130536 1.23 66.34486674811842 -21.130417555461914 66.35292083333334 -21.05531388888889 M464 0.02439787 24.869469 0.9671712 1.2115104 20.83385 3.9911213 decam 0.6352212 42.255558 108 object "Eridanus position 16" 0 0.0 924.0 1948.0 -0.20982881 1.0004219 -0.0026595213 0.010813159 0.0027913859 1.0000225 16490283935 37.583424
/home/declsp/obsbot/rawdata/DECam_01464001.fits.fz N4 1464001 150.0 61117.00338363 1.25 65.95216005336763 -21.25320477646999 65.96022083333334 -21.17810111111111 M464 0.022366486 24.864414 0.9666418 1.2699497 21.141613 3.285344 decam 2.3531067 44.5225 114 object "Eridanus position 17" 0 0.0 924.0 1948.0 -0.0160452 1.0001584 -0.0027287873 -0.30386382 0.002764142 1.0000465 16103903168 45.657322
/home/declsp/obsbot/rawdata/DECam_01464002.fits.fz N4 1464002 150.0 61117.00548483 1.25 66.34237617541847 -21.414686719314577 66.35044583333334 -21.339583055555554 M464 0.01924016 24.871626 0.9730834 1.290862 21.37452 2.6430764 decam -6.9566526 28.428488 104 object "Eridanus position 18" 0 0.0 924.0 1948.0 -0.10181224 1.0001391 -0.0026128115 -0.3276227 0.0030165382 1.0001506 16004560003 56.75205
/home/declsp/obsbot/rawdata/DECam_01464003.fits.fz N4 1464003 150.0 61117.00757223 1.27 66.16662582225922 -21.039845611911776 66.17467500000001 -20.964741944444444 M464 0.027953722 24.866606 0.9725827 1.3426871 21.503613 2.7269356 decam 0.84055996 36.460567 122 object "Eridanus position 19" 0 0.0 924.0 1948.0 0.21312544 0.999962 -0.0026854312 -0.03936631 0.0027785078 1.0001589 15902277342 55.006798
/home/declsp/obsbot/rawdata/DECam_01464004.fits.fz N4 1464004 150.0 61117.00966749 1.28 66.02059576455089 -21.437196719091286 66.02866666666668 -21.362093055555555 M464 0.018920891 24.862429 0.9708404 1.304888 21.574474 2.2796378 decam -14.348641 24.211294 103 object "Eridanus position 20" 0 0.0 924.0 1948.0 0.1009776 0.99997693 -0.0026345416 -0.56519985 0.0028067268 1.0002531 15886982024 65.79993
/home/declsp/obsbot/rawdata/DECam_01464005.fits.fz N4 1464005 35.0 61117.01521467 1.19 131.914736240172 -4.384103819160507 131.92227083333333 -4.309 M464 0.021244759 24.874916 0.96408314 1.4386077 21.720894 2.4051783 decam -4.6458583 -24.332018 166 object "pointing test" 0 0.0 924.0 1948.0 -0.19819482 1.0002493 -0.0019260689 0.00452967 0.0019305663 0.99981326 15478211942 14.551935
/home/declsp/obsbot/rawdata/DECam_01464006.fits.fz N4 1464006 800.0 61117.01751114 1.22 135.04874831065234 -3.996103822513689 135.05627916666666 -3.921 M464 0.020045014 24.879192 0.97386986 1.372769 21.753157 2.091505 decam -10.492722 -33.548595 306 object IBIS_wide_M464_322202 322202 0.019307 924.0 1948.0 -0.115947604 1.0000448 -0.001727914 -0.070219666 0.0018689736 1.0000712 17858204473 382.49966
/home/declsp/obsbot/rawdata/DECam_01464007.fits.fz N4 1464007 592.3163 61117.02712527 1.19 134.38875373646346 -3.353103828063809 134.3962791666667 -3.278 M464 0.014513565 24.884373 0.9725175 1.3899295 21.763596 2.0218322 decam -4.6379404 -22.632763 280 object IBIS_wide_M464_322208 322208 0.016796 924.0 1948.0 -0.22129063 1.0001863 -0.0019294037 -0.15633833 0.0017433441 0.99997735 17128379328 292.96014
/home/declsp/obsbot/rawdata/DECam_01464008.fits.fz N4 1464008 733.6555 61117.03445626 1.19 140.28973417865177 -5.315103811099789 140.29727916666667 -5.24 M464 0.0299508 24.882456 0.97080076 1.3107028 21.767487 2.0078614 decam -2.9501357 -24.459095 211 object IBIS_wide_M464_319279 319279 0.031117 924.0 1948.0 0.18402179 1.0001131 -0.0016266863 -0.23970672 0.0014694345 1.0000198 17456316944 365.3915
/home/declsp/obsbot/rawdata/DECam_01464009.fits.fz N4 1464009 531.7567 61117.04327167 1.17 140.6507275852374 -5.171103812348045 140.65827083333335 -5.096 M464 0.03378549 24.889517 0.97313 1.1781375 21.758274 1.660376 decam -10.533297 -14.326433 239 object IBIS_wide_M464_322265 322265 0.032406 924.0 1948.0 0.18792528 1.000371 -0.0014972659 -0.1462133 0.0015518656 1.0001312 16891023544 320.26285
/home/declsp/obsbot/rawdata/DECam_01464010.fits.fz N4 1464010 692.6658 61117.04976264 1.17 142.14573188282284 -5.160103812443374 142.15327499999998 -5.085 M464 0.036380786 24.890646 0.97414285 1.2973099 21.740217 2.0803626 decam -15.714212 -20.533257 219 object IBIS_wide_M464_322257 322257 0.036615 924.0 1948.0 0.38798347 0.99994564 -0.0017086468 -0.07851954 0.0014254851 0.9999736 17511511046 332.95435
/home/declsp/obsbot/rawdata/DECam_01464011.fits.fz N4 1464011 737.5755 61117.05809744 1.16 142.65374011195937 -4.806103815509522 142.66127916666667 -4.731 M464 0.026763702 24.892 0.97335666 1.2270579 21.726376 1.7557429 decam -18.525356 -20.739492 201 object IBIS_wide_M464_319273 319273 0.035082 924.0 1948.0 -0.37095892 1.000155 -0.0015390321 -0.26459703 0.0015479631 1.0000579 17746386309 420.0931
/home/declsp/obsbot/rawdata/DECam_01464012.fits.fz N4 1464012 694.1857 61117.06697017 1.15 143.4747453979226 -3.8571038237141715 143.48227500000002 -3.782 M464 0.043816056 24.883692 0.9639542 1.218568 21.7114 2.0137641 decam -14.914486 -26.562122 178 object IBIS_wide_M464_318991 318991 0.041273 924.0 1948.0 0.03467717 1.0001448 -0.0015015877 -0.12859848 0.0014725399 0.9999299 17580285511 344.72046
/home/declsp/obsbot/rawdata/DECam_01464013.fits.fz N4 1464013 700.6156 61117.07536176 1.15 146.55473429319298 -4.573103817525884 146.56227083333332 -4.498 M464 0.051692825 24.859417 0.94264144 1.243823 21.728077 2.2855701 decam -6.4388604 -12.457689 213 object IBIS_wide_M464_327962 327962 0.048087 924.0 1948.0 -0.039957806 1.0000979 -0.0013825598 -0.31051856 0.0013771454 0.9998953 17521131763 306.53867
/home/declsp/obsbot/rawdata/DECam_01464014.fits.fz N4 1464014 800.0 61117.08379701 1.14 147.8487390453963 -4.517103818010305 147.85627499999998 -4.442 M464 0.0381519 24.893728 0.9709102 1.3191538 21.725348 2.1958454 decam 1.0233887 -18.967577 171 object IBIS_wide_M464_327959 327959 0.038271 924.0 1948.0 0.1275393 1.0001678 -0.0013769756 -0.12137794 0.0013387463 0.9999217 18100484061 364.32437
/home/declsp/obsbot/rawdata/DECam_01464015.fits.fz N4 1464015 652.4659 61117.09353019 1.13 152.74572100309152 -6.298103802562269 152.75327916666666 -6.223 M464 0.033405095 24.895596 0.9705857 1.2977134 21.74343 2.0133948 decam -11.099504 -19.524239 149 object IBIS_wide_M464_328432 328432 0.037441 924.0 1948.0 0.0704401 1.0000457 -0.0011846867 0.074315235 0.0010652837 0.99993014 17374090070 324.06256
/home/declsp/obsbot/rawdata/DECam_01464016.fits.fz N4 1464016 657.0259 61117.10141021 1.12 152.4167225681002 -5.576103808835827 152.42427083333334 -5.501 M464 0.038511995 24.902594 0.974859 1.3156227 21.74143 2.122601 decam -7.2052703 -15.6209955 167 object IBIS_wide_M464_328434 328434 0.038512 924.0 1948.0 -0.17252912 1.0004166 -0.00111867 -0.17148593 0.0013197802 0.9999261 17292527744 309.5381
/home/declsp/obsbot/rawdata/DECam_01464017.fits.fz N4 1464017 650.8259 61117.10934993 1.12 153.82573242800274 -5.456103809876974 153.83327916666667 -5.381 M464 0.039829753 24.90731 0.9791028 1.2815259 21.750555 1.9987651 decam -8.332174 -5.0692897 127 object IBIS_wide_M464_325450 325450 0.042271 924.0 1948.0 0.48894343 0.99993634 -0.0012953317 -0.21683396 0.0011943018 1.0000544 17247874909 325.614
/home/declsp/obsbot/rawdata/DECam_01464018.fits.fz N4 1464018 546.4966 61117.11724383 1.11 157.13971862363053 -6.174103803640907 157.147275 -6.099 M464 0.042627912 24.911676 0.98103046 1.1845938 21.746782 1.7348468 decam -8.26491 -7.3310356 149 object IBIS_wide_M464_328407 328407 0.039956 924.0 1948.0 -0.078341685 1.0000999 -0.0010253368 -0.010754463 0.0010724196 1.0000057 16930995310 315.01144
/home/declsp/obsbot/rawdata/DECam_01464019.fits.fz N4 1464019 739.4954 61117.12388571 1.11 159.1887244612987 -5.750103807325404 159.19627499999999 -5.675 M464 0.049823366 24.895933 0.96690816 1.2540625 21.751167 2.0982263 decam -11.83736 -6.047098 163 object IBIS_wide_M464_328417 328417 0.047334 924.0 1948.0 -0.05844748 1.0001459 -0.00089059805 -0.13595606 0.001187679 1.0001231 17585086019 352.43835
/home/declsp/obsbot/rawdata/DECam_01464020.fits.fz N4 1464020 739.2452 61117.13277478 1.11 160.4787260627769 -5.628103808384531 160.486275 -5.553 M464 0.04535424 24.90563 0.9755828 1.1728845 21.746197 1.7546155 decam 2.562816 -5.1577883 132 object IBIS_wide_M464_328169 328169 0.046473 924.0 1948.0 0.21954629 1.0004672 -0.0007474067 -0.061660368 0.0009565937 0.99996185 17664712236 421.3146
/home/declsp/obsbot/rawdata/DECam_01464021.fits.fz N4 1464021 520.7166 61117.14193613 1.11 166.18070623771314 -6.725103798843918 166.18827083333335 -6.65 M464 0.03643226 24.909517 0.97908163 1.077712 21.72804 1.4037236 decam -9.896082 -6.36986 138 object IBIS_wide_M464_328180 328180 0.041322 924.0 1948.0 0.148637 0.9997167 -0.00076000934 -0.084153205 0.00038628664 0.99993396 16886129784 370.9538
/home/declsp/obsbot/rawdata/DECam_01464022.fits.fz N4 1464022 516.2067 61117.1483349 1.11 162.60472753756045 -5.17510381231338 162.61227083333333 -5.1 M464 0.03465368 24.90182 0.9721639 1.0765152 21.719019 1.4143788 decam 3.894611 -5.216569 121 object IBIS_wide_M464_328211 328211 0.032806 924.0 1948.0 -0.027631644 1.0000701 -0.0008535224 -0.078429796 0.00071866054 1.0000216 16978133253 364.97064
/home/declsp/obsbot/rawdata/DECam_01464023.fits.fz N4 1464023 721.8154 61117.15465597 1.1 166.15072175314629 -5.639103808289054 166.15827083333332 -5.564 M464 0.055939674 24.887697 0.9576328 1.1663151 21.704159 2.0106218 decam 1.6587858 -3.9124196 128 object IBIS_wide_M464_328185 328185 0.050362 924.0 1948.0 0.19620672 1.0002141 -0.00070561195 0.013446718 0.0006667395 1.0000763 17628117278 359.0011
/home/declsp/obsbot/rawdata/DECam_01464024.fits.fz N4 1464024 444.5771 61117.16333597 1.1 168.80172816207906 -5.785103807021473 168.80927916666667 -5.71 M464 0.034995854 24.915138 0.9821445 1.0322361 21.703976 1.2899983 decam 0.5968656 -7.2795916 155 object IBIS_wide_M464_328189 328189 0.039277 924.0 1948.0 -0.034354977 1.0000076 -0.00058924244 -0.11537316 0.0007342474 1.0000147 16695322308 344.63385
/home/declsp/obsbot/rawdata/DECam_01464025.fits.fz N4 1464025 494.4467 61117.16882106 1.1 169.56673225164053 -5.470103809755528 169.57427916666668 -5.395 M464 0.035047174 24.894518 0.9636668 1.0091211 21.684614 1.3042649 decam -2.9428432 11.534396 139 object IBIS_wide_M464_325204 325204 0.040431 924.0 1948.0 0.034650266 1.000261 -0.0006300506 0.035804905 0.00052345544 1.000067 16856291541 379.09988
/home/declsp/obsbot/rawdata/DECam_01464026.fits.fz N4 1464026 457.497 61117.17487207 1.1 170.7957285375497 -5.434103810067805 170.80327499999999 -5.359 M464 0.04191551 24.891958 0.96139884 1.024822 21.678345 1.427636 decam 0.31720045 13.965062 136 object IBIS_wide_M464_325205 325205 0.041247 924.0 1948.0 -0.10040592 0.99993426 -0.0005792829 0.0021079748 0.0003814577 1.000139 16873772542 320.45773
/home/declsp/obsbot/rawdata/DECam_01464027.fits.fz N4 1464027 375.8176 61117.18068405 1.1 176.00372423537016 -5.767103807177786 176.011275 -5.692 M464 0.02833221 24.93476 1.0000551 0.985147 21.659119 1.1264061 decam -6.9614887 9.17488 172 object IBIS_wide_M464_328254 328254 0.029457 924.0 1948.0 -0.008039464 0.99999845 -0.00018995194 -0.07595114 0.00031581684 1.000053 16528027144 333.6431
