logs/db-2026-03-11.ecsv
# %ECSV 1.0
# ---
# datatype:
# - {name: filename, datatype: string}
# - {name: extension, datatype: string}
# - {name: expnum, datatype: int64}
# - {name: exptime, datatype: float32}
# - {name: mjd_obs, datatype: float64}
# - {name: airmass, datatype: float32}
# - {name: racenter, datatype: float64}
# - {name: deccenter, datatype: float64}
# - {name: rabore, datatype: float64}
# - {name: decbore, datatype: float64}
# - {name: band, datatype: string}
# - {name: ebv, datatype: float32}
# - {name: zeropoint, datatype: float32}
# - {name: transparency, datatype: float32}
# - {name: seeing, datatype: float32}
# - {name: sky, datatype: float32}
# - {name: expfactor, datatype: float32}
# - {name: camera, datatype: string}
# - {name: dx, datatype: float32}
# - {name: dy, datatype: float32}
# - {name: nmatched, datatype: int64}
# - {name: obstype, datatype: string}
# - {name: object, datatype: string}
# - {name: tileid, datatype: int64}
# - {name: tileebv, datatype: float32}
# - {name: affine_x0, datatype: float32}
# - {name: affine_y0, datatype: float32}
# - {name: affine_dx, datatype: float32}
# - {name: affine_dxx, datatype: float32}
# - {name: affine_dxy, datatype: float32}
# - {name: affine_dy, datatype: float32}
# - {name: affine_dyx, datatype: float32}
# - {name: affine_dyy, datatype: float32}
# - {name: checksum, datatype: string}
# - {name: efftime, datatype: float32}
# schema: astropy-2.0
filename extension expnum exptime mjd_obs airmass racenter deccenter rabore decbore band ebv zeropoint transparency seeing sky expfactor camera dx dy nmatched obstype object tileid tileebv affine_x0 affine_y0 affine_dx affine_dxx affine_dxy affine_dy affine_dyx affine_dyy checksum efftime
/home/declsp/obsbot/rawdata/DECam_01462104.fits.fz N4 1462104 15.0 61111.00146396 1.23 56.682462543071225 -39.30110345378338 56.692170833333336 -39.226 M517 0.016055398 25.009716 1.0183442 1.0544877 19.672752 7.2314763 decam -0.6268673 57.14864 54 object "LTT1788 S5" 0 0.0 924.0 1948.0 -0.8497467 1.0003484 -0.0028010171 -0.046510212 0.0029414906 1.0001556 15662595995 2.0742652
/home/declsp/obsbot/rawdata/DECam_01462105.fits.fz N4 1462105 15.0 61111.00286345 1.01 89.0930033306711 -27.849770541142576 89.1015 -27.774666944444444 M517 0.038579706 25.03314 1.0045041 1.0588713 20.510225 3.717048 decam 25.310713 64.79156 191 object "LTT2415 N4" 0 0.0 924.0 1948.0 0.0051868423 0.99996597 -0.0028676717 -0.20828162 0.0027461126 1.000013 15504267820 4.0354605
/home/declsp/obsbot/rawdata/DECam_01462103.fits.fz N4 1462103 15.0 61111.00099913 1.22 57.08288754307122 -39.30110345378338 57.092595833333334 -39.226 M517 0.0186828 25.010519 1.0174646 0.98301136 19.540571 7.207206 decam -4.7580743 59.354076 54 object "LTT1788 S4" 0 0.0 924.0 1948.0 -0.3255771 1.0000969 -0.002988002 -0.76074433 0.002710065 1.0000887 15696633403 2.0812504
/home/declsp/obsbot/rawdata/DECam_01462102.fits.fz N4 1462102 15.0 61111.00053624 1.22 57.48329587640457 -39.30110345378338 57.493004166666665 -39.226 M517 0.0115917595 25.013273 1.0200493 0.97481126 19.436632 7.4241276 decam -9.256991 63.31852 57 object "LTT1788 S3" 0 0.0 924.0 1948.0 0.81912965 1.0003695 -0.0028293682 -0.18551862 0.0022886877 1.0000949 15725601936 2.0204394
/home/declsp/obsbot/rawdata/DECam_01462101.fits.fz N4 1462101 15.0 61111.00007285 1.22 56.6824855625941 -39.1344365117258 56.692170833333336 -39.059333055555555 M517 0.011692572 25.010935 1.0178554 0.93288666 19.297544 7.768661 decam -14.401037 62.35541 53 object "LTT1788 N5" 0 0.0 924.0 1948.0 0.4133142 1.0002434 -0.0025910723 -0.58046985 0.0024193467 1.0002832 15778555263 1.9308347
/home/declsp/obsbot/rawdata/DECam_01462100.fits.fz N4 1462100 15.0 61110.99957857 1.22 57.082910562594094 -39.134436511725795 57.092595833333334 -39.059333055555555 M517 0.01304523 25.013489 1.020252 0.96180284 19.170809 9.31338 decam -23.273293 50.16927 50 object "LTT1788 N4" 0 0.0 924.0 1948.0 0.42718285 0.999741 -0.002463213 -0.010790476 0.0029941087 0.99985445 15840405409 1.610586
/home/declsp/obsbot/rawdata/DECam_01462106.fits.fz N4 1462106 15.0 61111.00335102 1.02 88.74173249733775 -27.849770541142576 88.75022916666667 -27.774666944444444 M517 0.03469151 25.034227 1.0071243 0.97577745 20.621134 2.7771797 decam 15.696516 76.783134 172 object "LTT2415 N5" 0 0.0 924.0 1948.0 0.6241935 1.0001959 -0.0028263284 -0.4827426 0.0026659553 0.99987835 15488787162 5.401163
/home/declsp/obsbot/rawdata/DECam_01462107.fits.fz N4 1462107 15.0 61111.00382069 1.01 89.4442443826225 -28.016436650418257 89.45275416666667 -27.941333055555557 M517 0.029162224 25.02762 0.9994109 0.93200105 20.743822 2.213379 decam 7.3943405 74.15715 238 object "LTT2415 S3" 0 0.0 924.0 1948.0 0.9263087 1.0002348 -0.0027776265 -0.21863429 0.002830711 0.9997866 15494697481 6.776969
/home/declsp/obsbot/rawdata/DECam_01462108.fits.fz N4 1462108 15.0 61111.00445822 1.01 89.09299021595584 -28.016436650418257 89.1015 -27.941333055555557 M517 0.035507463 25.031712 1.0031842 0.89332473 20.85799 1.8907135 decam 4.1770935 72.47067 184 object "LTT2415 S4" 0 0.0 924.0 1948.0 0.97872925 1.0002089 -0.0029994796 -0.05406308 0.0030861525 1.0000037 15463186545 7.933513
/home/declsp/obsbot/rawdata/DECam_01462109.fits.fz N4 1462109 15.0 61111.00495277 1.02 88.7417193826225 -28.016436650418257 88.75022916666667 -27.941333055555557 M517 0.034228936 25.027107 1.0005413 0.8902345 20.952316 1.7223026 decam -7.73458 61.7501 201 object "LTT2415 S5" 0 0.0 924.0 1948.0 -0.5686839 1.0000432 -0.0029627206 -0.40011346 0.002885977 0.9998993 15456515841 8.709271
/home/declsp/obsbot/rawdata/DECam_01462110.fits.fz N4 1462110 150.0 61111.00630071 1.18 66.17760956937195 -21.262047554160247 66.18567083333333 -21.186943888888887 M517 0.02082129 25.008059 1.0086746 0.95422775 20.938934 1.9074255 decam -12.518008 63.84329 141 object "Eridanus position 0" 0 0.0 924.0 1948.0 0.5532831 1.0000733 -0.002712045 0.03721823 0.0028669524 0.9999863 16496549066 78.64003
/home/declsp/obsbot/rawdata/DECam_01462111.fits.fz N4 1462111 150.0 61111.00836397 1.19 66.13727395494 -21.22757172116806 66.14533333333333 -21.152468055555556 M517 0.021679644 25.006727 1.0090551 0.91296375 21.205423 1.3770761 decam -7.807444 58.045025 198 object "Eridanus position 1" 0 0.0 924.0 1948.0 1.1043235 0.99990886 -0.0026433116 0.43628937 0.0027701454 0.9998988 16276515788 108.92644
/home/declsp/obsbot/rawdata/DECam_01462112.fits.fz N4 1462112 150.0 61111.0104336 1.2 66.18438479183928 -21.33393977567057 66.19245 -21.258836111111112 M517 0.018834848 25.009922 1.0136518 0.9690019 21.388254 1.2798166 decam -5.422379 52.177975 130 object "Eridanus position 2" 0 0.0 924.0 1948.0 -0.03148242 0.99998677 -0.002753375 -0.23432463 0.0027734425 1.0000817 15993941529 117.20429
/home/declsp/obsbot/rawdata/DECam_01462113.fits.fz N4 1462113 150.0 61111.01250593 1.21 66.235271735655 -21.19189255485429 66.24332916666667 -21.116788888888887 M517 0.023466978 25.01204 1.0172597 0.98126066 21.474691 1.2426133 decam -2.235154 56.242695 179 object "Eridanus position 3" 0 0.0 924.0 1948.0 -1.074531 1.00012 -0.0026407791 0.0906109 0.0026550174 0.9999249 16133708068 120.71334
/home/declsp/obsbot/rawdata/DECam_01462114.fits.fz N4 1462114 150.0 61111.01459246 1.22 66.06981693081215 -21.27979060954017 66.07787916666668 -21.204686944444443 M517 0.019282347 24.998745 1.0064919 0.9498349 21.56075 1.0739871 decam 1.372781 63.691315 132 object "Eridanus position 4" 0 0.0 924.0 1948.0 0.11696619 1.0002767 -0.0025056144 -0.25606278 0.0029046799 0.9998829 15895351166 139.66647
/home/declsp/obsbot/rawdata/DECam_01462115.fits.fz N4 1462115 35.0 61111.01852068 1.25 131.25675962159832 -2.472103835656688 131.26427916666668 -2.3970000000000002 M517 0.028793292 25.002968 1.0152826 1.0864958 21.598202 1.4286216 decam 16.938717 14.741773 199 object "pointing test" 0 0.0 924.0 1948.0 0.41751873 1.0001084 -0.0018791481 -0.27325055 0.0018201546 1.000034 15500236021 24.499138
/home/declsp/obsbot/rawdata/DECam_01462116.fits.fz N4 1462116 350.1078 61111.02054518 1.26 133.3147558781354 -3.0621038305731227 133.32227916666668 -2.987 M517 0.019277584 24.996805 1.011156 1.0148954 21.65322 1.1296598 decam 6.290808 27.617664 344 object IBIS_wide_M517_519224 519224 0.018079 924.0 1948.0 0.31806594 0.9999404 -0.001824553 -0.22624299 0.0016766182 1.0001454 16615355436 309.92322
/home/declsp/obsbot/rawdata/DECam_01462117.fits.fz N4 1462117 291.3282 61111.02490901 1.26 134.00876381091084 -2.4681038356911347 134.01628333333332 -2.393 M517 0.013565935 24.995792 1.0102129 1.0550588 21.663994 1.1683838 decam 10.986532 24.480879 304 object IBIS_wide_M517_519319 519319 0.017749 924.0 1948.0 0.40538186 1.0003378 -0.0015572109 -0.1510687 0.0014167145 0.99990255 16350187323 249.34288
/home/declsp/obsbot/rawdata/DECam_01462118.fits.fz N4 1462118 342.9679 61111.02876923 1.28 139.57573948876168 -4.862103815024702 139.58327916666667 -4.787 M517 0.030675942 24.995113 1.0128225 1.063878 21.657871 1.3310894 decam -3.826593 31.257269 258 object IBIS_wide_M517_519281 519281 0.031941 924.0 1948.0 0.101967655 1.0002402 -0.0015985718 -0.30022022 0.0013790821 1.0000046 16768611973 257.65955
/home/declsp/obsbot/rawdata/DECam_01462119.fits.fz N4 1462119 327.378 61111.03305932 1.26 138.31474694683652 -3.6781038252595386 138.322275 -3.6029999999999998 M517 0.028728046 24.992899 1.0075248 1.0434756 21.67688 1.2482748 decam -0.8134602 28.572403 243 object IBIS_wide_M517_519289 519289 0.030184 924.0 1948.0 0.18277587 1.0002451 -0.0017621223 -0.22613204 0.0014760435 1.0000372 16453112878 262.26437
/home/declsp/obsbot/rawdata/DECam_01462120.fits.fz N4 1462120 315.2581 61111.03717092 1.24 136.8237554719195 -2.469103835682524 136.831275 -2.394 M517 0.022806006 24.991138 1.0026731 1.0405177 21.675682 1.201359 decam -1.5864245 24.709509 233 object IBIS_wide_M517_519315 519315 0.021996 924.0 1948.0 0.12212306 1.0000647 -0.0017361763 -0.30944878 0.0016794992 1.0000107 16444400565 262.41788
/home/declsp/obsbot/rawdata/DECam_01462121.fits.fz N4 1462121 297.8181 61111.04120872 1.23 140.6507275852374 -5.171103812348045 140.65827083333335 -5.096 M517 0.03378549 25.002893 1.0119653 1.055698 21.682983 1.2873129 decam -8.751836 30.463238 243 object IBIS_wide_M517_522265 522265 0.032406 924.0 1948.0 0.297548 1.000112 -0.0015376123 -0.24022466 0.0014650581 1.000131 16338830425 231.34866
/home/declsp/obsbot/rawdata/DECam_01462122.fits.fz N4 1462122 386.0877 61111.0450036 1.22 137.18276544422105 -2.16010383834305 137.19028333333335 -2.085 M517 0.024424037 24.995703 1.0036747 1.1481339 21.681221 1.4571402 decam -1.4220333 20.493046 215 object IBIS_wide_M517_522301 522301 0.025315 924.0 1948.0 0.25475463 1.0002173 -0.0016146961 -0.05893242 0.0016240058 1.0000669 16638464250 264.96265
/home/declsp/obsbot/rawdata/DECam_01462123.fits.fz N4 1462123 335.1979 61111.04979796 1.21 139.66774720755615 -3.647103825527109 139.675275 -3.572 M517 0.041980695 24.99551 1.0018901 1.1146824 21.688969 1.5224795 decam -4.5038958 12.998731 202 object IBIS_wide_M517_519288 519288 0.036344 924.0 1948.0 0.106824204 1.0000323 -0.0015257733 -0.29838383 0.0016266297 1.0000632 16535560118 220.16579
/home/declsp/obsbot/rawdata/DECam_01462124.fits.fz N4 1462124 362.9778 61111.05400673 1.2 139.99875365167478 -3.3641038279689264 140.00627916666667 -3.289 M517 0.03739434 24.997416 1.0020425 1.1026083 21.697474 1.4313418 decam 6.0323706 12.871254 237 object IBIS_wide_M517_522274 522274 0.036727 924.0 1948.0 0.23511575 1.0000567 -0.0016111013 -0.41305885 0.0015062937 1.0000141 16636331351 253.5927
/home/declsp/obsbot/rawdata/DECam_01462125.fits.fz N4 1462125 409.9175 61111.05854847 1.2 142.65374011195937 -4.806103815509522 142.66127916666667 -4.731 M517 0.026763702 25.00505 1.0091137 1.1788876 21.695927 1.5114888 decam 4.489927 17.965288 198 object IBIS_wide_M517_519273 519273 0.035082 924.0 1948.0 -0.32766268 1.0002288 -0.0013785623 -0.2885386 0.0017126857 1.0000175 16821902744 271.20117
/home/declsp/obsbot/rawdata/DECam_01462126.fits.fz N4 1462126 412.7974 61111.06359843 1.19 142.08374859418373 -3.965103822781458 142.09127916666668 -3.89 M517 0.03658485 25.015238 1.0169948 1.2150353 21.704662 1.6618483 decam 2.8214965 16.286085 203 object IBIS_wide_M517_522277 522277 0.034035 924.0 1948.0 -0.024942525 1.0001358 -0.0015961849 -0.204659 0.001489585 1.0000101 16913371564 248.39656
/home/declsp/obsbot/rawdata/DECam_01462127.fits.fz N4 1462127 305.7181 61111.06868836 1.18 143.79873581236527 -4.81810381540564 143.806275 -4.743 M517 0.042869475 25.017574 1.0175545 1.1149163 21.717554 1.4323833 decam 10.793738 7.038613 186 object IBIS_wide_M517_518974 518974 0.037453 924.0 1948.0 0.5245976 1.0003905 -0.0013947381 -0.23696719 0.0014225793 1.0000476 17075695369 213.43317
/home/declsp/obsbot/rawdata/DECam_01462128.fits.fz N4 1462128 393.9576 61111.07254244 1.18 145.04073862789977 -4.557103817664297 145.04827500000002 -4.482 M517 0.040194422 25.022339 1.0220296 1.1051762 21.739368 1.3448033 decam 15.769698 16.579517 198 object IBIS_wide_M517_527963 527963 0.046245 924.0 1948.0 0.006420439 1.0001861 -0.0015337731 -0.124640286 0.0013129249 1.0000261 16586269970 292.94812
/home/declsp/obsbot/rawdata/DECam_01462129.fits.fz N4 1462129 371.9977 61111.07743257 1.17 143.4497441906669 -3.5071038267352597 143.45727083333335 -3.432 M517 0.046455998 25.0192 1.0174466 1.174475 21.733097 1.597304 decam 11.611183 17.63877 202 object IBIS_wide_M517_522260 522260 0.041238 924.0 1948.0 0.39899853 1.0002054 -0.0015489252 -0.21006417 0.0014733709 0.9999771 16535948191 232.89099
/home/declsp/obsbot/rawdata/DECam_01462130.fits.fz N4 1462130 383.1877 61111.08207404 1.17 146.55473429319298 -4.573103817525884 146.56227083333332 -4.498 M517 0.051692825 25.011168 1.0099471 1.1154927 21.743683 1.4966419 decam 12.599985 13.445619 216 object IBIS_wide_M517_527962 527962 0.048087 924.0 1948.0 0.09061803 1.0001057 -0.0014872425 -0.3182371 0.0010633102 0.99994016 16620036220 256.03168
/home/declsp/obsbot/rawdata/DECam_01462131.fits.fz N4 1462131 308.2881 61111.0868155 1.16 146.77874724884018 -4.11010382152882 146.78627916666665 -4.035 M517 0.043309677 25.0223 1.0187235 1.0843282 21.748209 1.3094757 decam 13.853252 11.687442 165 object IBIS_wide_M517_524979 524979 0.043788 924.0 1948.0 0.18366283 1.000029 -0.001495304 -0.190812 0.0012073795 1.0000765 16317851939 235.42865
/home/declsp/obsbot/rawdata/DECam_01462132.fits.fz N4 1462132 354.9578 61111.09070173 1.16 148.91774073878503 -4.74910381600292 148.92527916666666 -4.6739999999999995 M517 0.039996225 25.02399 1.0203102 1.1073356 21.741169 1.3420594 decam 10.758213 15.884514 175 object IBIS_wide_M517_524972 524972 0.03366 924.0 1948.0 0.11698443 1.00013 -0.0013336302 -0.018767834 0.0012056715 0.9999396 16670762757 264.4874
/home/declsp/obsbot/rawdata/DECam_01462133.fits.fz N4 1462133 338.7079 61111.09511602 1.15 151.02373245315988 -5.45410380989432 151.03127916666668 -5.379 M517 0.03686335 25.032557 1.0267445 1.1511364 21.750938 1.3872068 decam 7.99689 17.042906 158 object IBIS_wide_M517_525454 525454 0.037819 924.0 1948.0 0.31479236 0.99996424 -0.0012791767 -0.19646214 0.0011378818 1.0000415 16418497272 244.16539
/home/declsp/obsbot/rawdata/DECam_01462134.fits.fz N4 1462134 318.548 61111.09938363 1.15 152.4167225681002 -5.576103808835827 152.42427083333334 -5.501 M517 0.038511995 25.029474 1.0238336 1.1214205 21.73369 1.3592732 decam -2.0353065 2.151696 167 object IBIS_wide_M517_528434 528434 0.038512 924.0 1948.0 -0.25572997 1.0003091 -0.0011586538 -0.11687686 0.0013279117 0.9999644 16360882926 234.35172
/home/declsp/obsbot/rawdata/DECam_01462135.fits.fz N4 1462135 341.3778 61111.10338519 1.15 151.66773628713628 -4.775103815777873 151.675275 -4.7 M517 0.036250032 25.022688 1.0174557 1.128341 21.744347 1.3604068 decam 8.0567045 -1.7856878 175 object IBIS_wide_M517_525455 525455 0.036207 924.0 1948.0 -0.30746552 0.9997722 -0.0010861998 -0.17527513 0.0014042044 0.99999076 16441583661 250.93805
/home/declsp/obsbot/rawdata/DECam_01462136.fits.fz N4 1462136 451.0472 61111.10768275 1.15 154.88272005539247 -5.768103807169101 154.89027083333335 -5.693 M517 0.047606967 25.021149 1.0160131 1.1765606 21.727076 1.6176984 decam 9.28188 8.921414 173 object IBIS_wide_M517_528414 528414 0.046039 924.0 1948.0 0.36085477 1.000196 -0.0011636798 -0.17108461 0.0010718136 0.9999915 16745715715 278.82034
/home/declsp/obsbot/rawdata/DECam_01462137.fits.fz N4 1462137 361.2677 61111.11321985 1.14 156.0407203079008 -5.749103807334087 156.04827083333333 -5.6739999999999995 M517 0.040061917 25.020483 1.0137644 1.186827 21.736843 1.5580723 decam 10.193606 14.700307 158 object IBIS_wide_M517_528413 528413 0.041313 924.0 1948.0 0.2535867 1.0002034 -0.001071215 0.0077685695 0.0011072946 1.0000551 16561758301 231.86838
/home/declsp/obsbot/rawdata/DECam_01462138.fits.fz N4 1462138 363.2077 61111.11770794 1.14 155.48673094838603 -5.238103811767331 155.494275 -5.163 M517 0.050713092 25.027723 1.0205469 1.1402586 21.729082 1.5278871 decam 15.656559 7.6185346 168 object IBIS_wide_M517_528415 528415 0.046474 924.0 1948.0 0.00065989856 1.0000654 -0.0010838029 -0.067176975 0.0010660727 1.0001142 16608236597 237.71893
/home/declsp/obsbot/rawdata/DECam_01462139.fits.fz N4 1462139 335.8578 61111.12225917 1.13 154.9337293692813 -5.019103813665034 154.94127083333333 -4.944 M517 0.051951256 25.02765 1.0188452 1.0665654 21.716606 1.3632838 decam 9.845268 16.972672 159 object IBIS_wide_M517_525429 525429 0.046432 924.0 1948.0 -0.12032224 1.0001267 -0.001071527 0.011713965 0.00094321574 1.0001131 16453105995 246.35942
