logs/db-2025-10-15.ecsv
# %ECSV 1.0
# ---
# datatype:
# - {name: filename, datatype: string}
# - {name: extension, datatype: string}
# - {name: expnum, datatype: int64}
# - {name: exptime, datatype: float32}
# - {name: mjd_obs, datatype: float64}
# - {name: airmass, datatype: float32}
# - {name: racenter, datatype: float64}
# - {name: deccenter, datatype: float64}
# - {name: rabore, datatype: float64}
# - {name: decbore, datatype: float64}
# - {name: band, datatype: string}
# - {name: ebv, datatype: float32}
# - {name: zeropoint, datatype: float32}
# - {name: transparency, datatype: float32}
# - {name: seeing, datatype: float32}
# - {name: sky, datatype: float32}
# - {name: expfactor, datatype: float32}
# - {name: camera, datatype: string}
# - {name: dx, datatype: float32}
# - {name: dy, datatype: float32}
# - {name: nmatched, datatype: int64}
# - {name: obstype, datatype: string}
# - {name: object, datatype: string}
# - {name: tileid, datatype: int64}
# - {name: tileebv, datatype: float32}
# - {name: affine_x0, datatype: float32}
# - {name: affine_y0, datatype: float32}
# - {name: affine_dx, datatype: float32}
# - {name: affine_dxx, datatype: float32}
# - {name: affine_dxy, datatype: float32}
# - {name: affine_dy, datatype: float32}
# - {name: affine_dyx, datatype: float32}
# - {name: affine_dyy, datatype: float32}
# - {name: checksum, datatype: string}
# - {name: efftime, datatype: float32}
# schema: astropy-2.0
filename extension expnum exptime mjd_obs airmass racenter deccenter rabore decbore band ebv zeropoint transparency seeing sky expfactor camera dx dy nmatched obstype object tileid tileebv affine_x0 affine_y0 affine_dx affine_dxx affine_dxy affine_dy affine_dyx affine_dyy checksum efftime
rawdata/DECam_01426079.fits.fz N4 1426079 30.0 60964.18994157 1.04 17.14665569795542 -15.002047613820546 17.154433333333333 -14.92694388888889 M517 0.025037875 24.85491 0.8565403 1.6059705 21.626945 3.895801 decam 11.198012 70.824524 40 object pointing 0 0.0 924.0 1948.0 0.41426492 0.9997203 -0.00090680213 0.022362057 0.0009952903 1.0000587 15500385914 7.7005987
rawdata/DECam_01426080.fits.fz N4 1426080 722.1158 60964.19220656 1.04 19.34653581925794 -13.900103735033486 19.354274999999998 -13.825 M517 0.022146506 24.90506 0.8970327 1.4579123 21.613535 2.911215 decam -9.805979 -8.909895 114 object IBIS_wide_M517_504052 504052 0.021834 924.0 1948.0 0.17427182 1.0003766 -0.0011626086 -0.04977897 0.0011178132 1.0000414 17946694615 248.04619
rawdata/DECam_01426081.fits.fz N4 1426081 466.4972 60964.20087069 1.05 18.965507762973026 -14.713103727590244 18.973275 -14.638 M517 0.023840126 24.999395 0.98002726 1.2947067 21.64457 1.8958524 decam -1.1407794 -1.7631509 108 object IBIS_wide_M517_501066 501066 0.020585 924.0 1948.0 0.10340385 1.0002438 -0.0010625748 -0.113011055 0.0013699235 0.999905 17074628770 246.06197
rawdata/DECam_01426082.fits.fz N4 1426082 432.3374 60964.20658166 1.05 19.988544584861074 -13.635103737448208 19.996275 -13.56 M517 0.019069882 25.045376 1.0224228 1.3552126 21.677574 1.7967706 decam 1.6447222 -0.63045883 121 object IBIS_wide_M517_504055 504055 0.021937 924.0 1948.0 0.17807944 0.9999757 -0.0010909168 -0.1575294 0.001438716 0.99990386 16829161181 240.61914
rawdata/DECam_01426083.fits.fz N4 1426083 352.128 60964.21192662 1.05 20.03350058951737 -14.913103725750792 20.041275 -14.838 M517 0.02170302 25.05736 1.0337695 1.2388192 21.687824 1.4793367 decam -15.903694 7.884444 109 object IBIS_wide_M517_504046 504046 0.020833 924.0 1948.0 0.32116762 1.0006584 -0.0010725049 -0.17774618 0.0011119888 1.0000274 16994499776 238.03099
rawdata/DECam_01426084.fits.fz N4 1426084 343.0979 60964.21634716 1.05 22.87849301447113 -14.892103725944098 22.886266666666664 -14.817 M517 0.017905245 25.064278 1.0403782 1.1834058 21.702003 1.2849245 decam -9.073 9.997391 107 object IBIS_wide_M517_504026 504026 0.017225 924.0 1948.0 -0.08468744 1.0003397 -0.001245381 -0.07992528 0.0013256887 1.0000066 16506742335 267.01794
rawdata/DECam_01426085.fits.fz N4 1426085 388.1978 60964.22062928 1.05 24.180497753575338 -14.760103727158278 24.18826666666667 -14.685 M517 0.016314302 25.059486 1.0357965 1.264523 21.70388 1.4626288 decam -10.857768 10.852507 99 object IBIS_wide_M517_504035 504035 0.016928 924.0 1948.0 0.40713027 1.0000699 -0.0013835465 -0.34132656 0.0013021681 1.0000052 16759452438 265.411
rawdata/DECam_01426086.fits.fz N4 1426086 321.5782 60964.22543891 1.05 24.61151342417557 -14.553103729059375 24.619275 -14.478 M517 0.017096872 25.067019 1.0430079 1.2240562 21.703032 1.359456 decam -14.185465 17.46047 107 object IBIS_wide_M517_501050 501050 0.016829 924.0 1948.0 0.08219568 1.0001602 -0.0012927973 -0.4305394 0.0013627633 0.99996006 16413781955 236.54918
rawdata/DECam_01426087.fits.fz N4 1426087 356.7981 60964.22948655 1.06 26.934525777667158 -13.951103734568132 26.942266666666665 -13.876 M517 0.013852859 25.06772 1.0453557 1.1847632 21.692104 1.2591697 decam -21.721273 15.531806 102 object IBIS_wide_M517_501048 501048 0.015026 924.0 1948.0 -0.13909838 0.9998645 -0.001266165 -0.36038822 0.0017700042 0.9999727 16541498440 283.3598
rawdata/DECam_01426088.fits.fz N4 1426088 325.5282 60964.23394495 1.06 27.118540156283085 -13.643103737375391 27.126270833333333 -13.568 M517 0.013675847 25.064276 1.0420455 1.2304196 21.683077 1.3764375 decam -18.56921 26.776472 77 object IBIS_wide_M517_504034 504034 0.015983 924.0 1948.0 -0.22604802 1.00006 -0.0014957556 -0.080913976 0.0015288928 1.0000896 16424449477 236.50052
rawdata/DECam_01426089.fits.fz N4 1426089 333.2582 60964.2380223 1.06 26.94649348328958 -14.879103726063747 26.95426666666667 -14.804 M517 0.014036169 25.065905 1.0436093 1.1506569 21.681618 1.2047691 decam -21.308783 21.027012 92 object IBIS_wide_M517_504031 504031 0.014824 924.0 1948.0 0.029971829 1.000302 -0.0013252567 -0.19887929 0.0013323703 0.9999765 16589146123 276.6158
rawdata/DECam_01426090.fits.fz N4 1426090 275.8986 60964.24219394 1.06 27.21949861018144 -14.736103727378877 27.22726666666667 -14.661 M517 0.01485747 25.060308 1.0382437 1.0723498 21.662592 1.0817465 decam -20.244274 20.42641 95 object IBIS_wide_M517_501046 501046 0.014508 924.0 1948.0 0.23273295 0.9995546 -0.0011740138 -0.24870104 0.001129058 1.0002283 16922837612 255.04922
rawdata/DECam_01426091.fits.fz N4 1426091 723.5563 60964.24569809 1.06 29.02950974959279 -14.539103729187822 29.037270833333334 -14.464 M517 0.014821835 25.07012 1.047668 1.1727054 21.669226 1.2620473 decam -20.511406 20.456781 96 object IBIS_wide_M517_502959 502959 0.015554 924.0 1948.0 0.1300806 1.0000638 -0.0015893525 -0.24832854 0.0016974554 1.0000457 17876328115 573.31946
rawdata/DECam_01426092.fits.fz N4 1426092 305.3286 60964.25439685 1.08 29.32953362022404 -13.841103735571577 29.337270833333335 -13.766 M517 0.016283987 25.057663 1.0390419 1.1617811 21.669165 1.2791395 decam -19.283432 13.218855 103 object IBIS_wide_M517_504076 504076 0.016963 924.0 1948.0 -0.13462509 1.0000159 -0.0016339197 -0.1056858 0.0013329239 0.99997604 16385820004 238.69844
rawdata/DECam_01426093.fits.fz N4 1426093 317.5785 60964.25825798 1.08 30.190509011269757 -14.560103728995141 30.198270833333332 -14.485 M517 0.015072579 25.06665 1.0476779 1.140733 21.674854 1.1976112 decam -18.485767 16.780308 81 object IBIS_wide_M517_502958 502958 0.018795 924.0 1948.0 0.5949446 1.0000418 -0.0016495553 -0.06701185 0.0015421055 0.9999837 16419842443 265.1766
rawdata/DECam_01426094.fits.fz N4 1426094 284.9286 60964.26226357 1.09 31.36654185569645 -13.591103737848615 31.374270833333334 -13.516 M517 0.020810178 25.050606 1.0339667 1.0752903 21.661861 1.1500078 decam -25.50256 16.574766 91 object IBIS_wide_M517_505970 505970 0.020467 924.0 1948.0 0.15275107 1.000092 -0.0016643277 -0.14027992 0.001673562 1.0000191 16314012132 247.7623
rawdata/DECam_01426095.fits.fz N4 1426095 302.0186 60964.26589663 1.09 31.943523303801594 -14.269103731661858 31.951274999999995 -14.194 M517 0.02247318 25.057533 1.0405835 1.0805868 21.653206 1.1678627 decam -18.474117 8.928229 92 object IBIS_wide_M517_505964 505964 0.022561 924.0 1948.0 -0.36773694 0.9999623 -0.0016767804 0.016676633 0.0015110561 1.0000713 16681521983 258.60797
rawdata/DECam_01426096.fits.fz N4 1426096 286.9586 60964.26970011 1.09 33.34555357381607 -13.09410374236121 33.35326666666666 -13.019 M517 0.020624317 25.059942 1.0428956 1.1505395 21.674885 1.2768822 decam -22.106794 18.903107 97 object IBIS_wide_M517_505976 505976 0.021107 924.0 1948.0 -0.29203492 1.0000033 -0.0016493947 -0.05508629 0.0017100977 1.0001236 16323503574 224.73381
rawdata/DECam_01426097.fits.fz N4 1426097 304.0684 60964.27332146 1.1 34.11256561487798 -12.975103743438964 34.120275 -12.9 M517 0.019793468 25.053534 1.0384215 1.1549081 21.685863 1.2820859 decam -23.071207 18.242105 85 object IBIS_wide_M517_502968 502968 0.020911 924.0 1948.0 -0.32183838 1.0005513 -0.0016703046 -0.36007288 0.0015704653 1.0000582 16358041455 237.16695
rawdata/DECam_01426098.fits.fz N4 1426098 318.5086 60964.27717364 1.09 34.65549779892428 -14.990103725041697 34.663275 -14.915 M517 0.028335774 25.057493 1.0405458 1.118264 21.68543 1.2593455 decam -26.038256 17.722424 95 object IBIS_wide_M517_502946 502946 0.024156 924.0 1948.0 0.59879106 1.0001155 -0.0017549742 -0.2467741 0.0017891856 1.0001279 16406069866 252.91597
rawdata/DECam_01426099.fits.fz N4 1426099 311.4386 60964.28119443 1.1 35.11653557865637 -13.782103736109399 35.124270833333334 -13.707 M517 0.020375486 25.041409 1.0268886 1.0950935 21.658957 1.2129958 decam -26.175432 25.884518 95 object IBIS_wide_M517_502948 502948 0.019722 924.0 1948.0 0.46592328 1.0000247 -0.0018746594 0.06177093 0.0017957565 1.0000341 16443134116 256.7516
rawdata/DECam_01426100.fits.fz N4 1426100 291.7188 60964.28512456 1.1 35.408514618324524 -14.519103729371288 35.416275 -14.444 M517 0.023369528 25.062712 1.0472372 1.0796564 21.626574 1.190107 decam -20.80945 18.094357 90 object IBIS_wide_M517_505955 505955 0.0206 924.0 1948.0 1.0215657 1.0005083 -0.0019388839 -0.007778309 0.0019792102 1.0000137 16675747493 245.11983
rawdata/DECam_01426101.fits.fz N4 1426101 310.3987 60964.28882628 1.1 36.65250967932728 -14.541103729169471 36.660270833333335 -14.466 M517 0.019253945 25.055414 1.0402205 1.0348498 21.629547 1.0773013 decam -21.238932 13.518531 87 object IBIS_wide_M517_506901 506901 0.020388 924.0 1948.0 0.3597118 1.0000577 -0.0018271535 -0.24612086 0.0020266483 0.99990433 16724191148 288.1262
rawdata/DECam_01426102.fits.fz N4 1426102 354.4785 60964.29274654 1.12 38.36559788207981 -11.736103754601025 38.37327083333333 -11.661 M517 0.024239248 25.055326 1.0434766 1.1251427 21.610044 1.3373196 decam -29.589743 20.645876 108 object IBIS_wide_M517_509897 509897 0.023413 924.0 1948.0 0.3226497 1.0000505 -0.0018235031 -0.11006216 0.0015811395 1.0001849 16611385909 265.0664
rawdata/DECam_01426103.fits.fz N4 1426103 348.8384 60964.29717552 1.12 38.741539414032424 -13.79210373601826 38.749275 -13.717 M517 0.022922121 25.05055 1.0388957 1.1134627 21.61783 1.3011397 decam -22.584328 29.076906 98 object IBIS_wide_M517_506903 506903 0.021757 924.0 1948.0 0.02099949 0.9999954 -0.0019458542 -0.26881954 0.0020536901 1.0000329 17001455869 268.1022
rawdata/DECam_01426104.fits.fz N4 1426104 338.3784 60964.30153042 1.12 39.487515301408585 -14.380103730645478 39.495270833333336 -14.305 M517 0.021255814 25.046297 1.0348334 1.118203 21.60484 1.3246033 decam -22.490675 24.980556 102 object IBIS_wide_M517_506897 506897 0.023843 924.0 1948.0 -0.16862407 1.0002913 -0.0021068226 -0.16816448 0.0020369943 1.0001302 16617432573 255.45639
rawdata/DECam_01426105.fits.fz N4 1426105 361.3983 60964.30576836 1.13 38.62151507409172 -14.506103729490528 38.629275 -14.431 M517 0.019253066 25.049093 1.0391665 1.1306107 21.588305 1.3508127 decam -17.971016 30.678057 107 object IBIS_wide_M517_509886 509886 0.022271 924.0 1948.0 0.22897014 0.9999334 -0.0019795308 0.035538998 0.001819131 1.0001094 16657397333 267.54138
rawdata/DECam_01426106.fits.fz N4 1426106 375.1283 60964.31027174 1.13 40.4385016343617 -14.768103727084732 40.44627083333334 -14.693 M517 0.03078399 25.049786 1.0398303 1.1197581 21.58071 1.4321821 decam -22.531145 26.811707 89 object IBIS_wide_M517_509881 509881 0.026438 924.0 1948.0 0.54280066 0.9998229 -0.00198148 -0.20561466 0.0020134219 1.0000831 16731097183 261.9278
rawdata/DECam_01426107.fits.fz N4 1426107 397.1082 60964.31494206 1.14 41.98654188830777 -13.590103737857715 41.99427083333333 -13.515 M517 0.024729794 25.052437 1.0440437 1.1915989 21.561392 1.5815808 decam -22.073074 22.258802 92 object IBIS_wide_M517_509903 509903 0.026527 924.0 1948.0 0.41098493 0.999999 -0.0019971007 -0.17499211 0.0018879527 1.0000714 16935974907 251.08308
rawdata/DECam_01426108.fits.fz N4 1426108 398.8181 60964.31983871 1.15 41.95349732543828 -14.888103725980914 41.96127083333334 -14.813 M517 0.025703207 25.048529 1.0419601 1.112647 21.527712 1.4417788 decam -20.703379 26.713615 93 object IBIS_wide_M517_509802 509802 0.025386 924.0 1948.0 0.36047143 1.0001211 -0.0020287978 0.0060218545 0.0021624465 1.000032 16867965893 276.61533
rawdata/DECam_01426109.fits.fz N4 1426109 653.6468 60964.32477051 1.16 44.066561123530896 -13.119103742134657 44.074275 -13.044 M517 0.033382904 25.04482 1.0400743 1.2351384 21.476118 1.9673657 decam -20.368332 21.928535 101 object IBIS_wide_M517_509849 509849 0.03653 924.0 1948.0 0.33431962 1.0003259 -0.0019973922 -0.29655984 0.0026229883 0.999992 18020100726 332.24466
rawdata/DECam_01426110.fits.fz N4 1426110 623.3367 60964.33269379 1.16 47.66762018107713 -11.222103759201637 47.67527916666667 -11.147 M517 0.07674896 25.060997 1.0556853 1.1826272 21.410263 2.4392684 decam -29.60347 19.574015 108 object IBIS_wide_M517_509863 509863 0.072398 924.0 1948.0 0.6247791 1.0000733 -0.0022096825 -0.2403683 0.0021834439 1.0002371 18119976653 255.54248
rawdata/DECam_01426111.fits.fz N4 1426111 473.5175 60964.34025117 1.19 45.697519412313376 -14.261103731735075 45.70527083333334 -14.186 M517 0.044079386 25.026186 1.0273029 1.080487 21.40064 1.7866051 decam -17.682377 17.110641 106 object IBIS_wide_M517_509841 509841 0.050298 924.0 1948.0 0.2507374 1.0000647 -0.002253215 -0.07439736 0.0021996412 1.000227 17643953585 265.03757
rawdata/DECam_01426112.fits.fz N4 1426112 458.3776 60964.34606261 1.18 48.51051383355281 -14.3021037313598 48.51826666666667 -14.227 M517 0.048450384 25.0529 1.0512065 1.0518181 21.393356 1.6677178 decam -31.486368 15.190334 105 object IBIS_wide_M517_509829 509829 0.047052 924.0 1948.0 -0.77662283 1.0000974 -0.002241854 -0.028884506 0.002202999 1.000082 17327881484 274.8532
rawdata/DECam_01426113.fits.fz N4 1426113 573.077 60964.35172367 1.16 51.781497289367195 -14.889103725971703 51.78927083333333 -14.814 M517 0.06702934 25.04315 1.038475 1.1186494 21.39231 2.1584134 decam -31.450008 6.0832195 104 object IBIS_wide_M517_509823 509823 0.063886 924.0 1948.0 0.78673595 1.0001416 -0.0023601893 0.17114511 0.0025242867 1.0001215 17834329411 265.50845
rawdata/DECam_01426114.fits.fz N4 1426114 601.0966 60964.35871652 1.16 54.965507762973026 -14.713103727590244 54.973275 -14.638 M517 0.050524663 25.030527 1.0264713 1.1979096 21.36986 2.332318 decam -34.03012 1.0039426 145 object IBIS_wide_M517_507058 507058 0.057919 924.0 1948.0 0.36760142 1.0005093 -0.0022938307 0.32994568 0.0026193992 1.0002033 17981202065 257.72498
rawdata/DECam_01426115.fits.fz N4 1426115 150.0 60964.368665 1.34 136.9239151429941 -37.09243848453424 136.93333333333334 -37.017335 M517 0.32608593 25.069721 1.0953494 1.1420724 20.884226 17.252148 decam -23.580189 -22.864002 1763 object "Pyxis position 6" 0 0.0 924.0 1948.0 0.25286132 1.0002075 -0.0023161417 -0.11317793 0.002311575 1.0002309 16728197986 8.69457
rawdata/DECam_01426116.fits.fz N4 1426116 150.0 60964.37073329 1.33 136.88634340548262 -37.33295348127449 136.89579166666667 -37.25785 M517 0.3547526 25.080303 1.1043056 1.1712368 20.732334 24.477283 decam -12.74807 -21.105495 1684 object "Pyxis position 7" 0 0.0 924.0 1948.0 0.09479992 1.0000261 -0.0023434032 -0.28078678 0.002265097 1.0001616 17313128031 6.128131
rawdata/DECam_01426117.fits.fz N4 1426117 150.0 60964.37278292 1.32 137.13450629254874 -37.16352459468407 137.14393333333334 -37.08842111111111 M517 0.30613202 25.064186 1.0862907 1.2107369 20.540058 23.737167 decam -9.429175 -19.543385 1764 object "Pyxis position 8" 0 0.0 924.0 1948.0 -0.022784032 1.0000272 -0.0022733968 -0.20284742 0.00223917 1.0002422 17083298164 6.319204
rawdata/DECam_01426118.fits.fz N4 1426118 150.0 60964.37484058 1.3 136.78716990371757 -37.15461348369356 136.79659583333333 -37.07951 M517 0.3558153 25.095499 1.114499 1.2434629 20.266619 41.46314 decam -5.468329 -23.789618 1665 object "Pyxis position 9" 0 0.0 924.0 1948.0 0.07083139 1.0002247 -0.0022525059 -0.075318255 0.0021284248 1.000096 17268516801 3.6176713
rawdata/DECam_01426119.fits.fz N4 1426119 150.0 60964.37693375 1.3 137.05048175752353 -37.35929042536071 137.05993333333333 -37.28418694444444 M517 0.3210592 25.088154 1.106985 1.2223663 19.853645 47.819176 decam 7.5585656 -18.699867 1357 object "Pyxis position 10" 0 0.0 924.0 1948.0 0.1422479 1.000386 -0.0022780413 -0.04500602 0.002394281 1.0002829 18688744076 3.136817
rawdata/DECam_01426120.fits.fz N4 1426120 150.0 60964.37900539 1.29 137.02796187396896 -37.05164959619613 137.037375 -36.97654611111111 M517 0.3068103 25.069593 1.0864792 1.1724594 19.460257 59.842342 decam 6.6778607 -11.942965 1502 object "Pyxis position 11" 0 0.0 924.0 1948.0 0.11641065 1.0001724 -0.0023175722 -0.30720437 0.0022504672 1.0002311 19443625939 2.5065863
rawdata/DECam_01426121.fits.fz N4 1426121 150.0 60964.38108053 1.27 136.7724348406158 -37.301641537255605 136.78187916666667 -37.22653805555556 M517 0.38689458 25.11147 1.1255888 1.1811354 18.983242 143.86601 decam 3.8748128 -15.266201 1439 object "Pyxis position 12" 0 0.0 924.0 1948.0 0.35875437 0.99996 -0.0021908327 -0.43459836 0.002173358 1.000144 21548842020 1.0426368
