logs/db-2024-11-27.ecsv
# %ECSV 1.0
# ---
# datatype:
# - {name: filename, datatype: string}
# - {name: extension, datatype: string}
# - {name: expnum, datatype: int64}
# - {name: exptime, datatype: float32}
# - {name: mjd_obs, datatype: float64}
# - {name: airmass, datatype: float32}
# - {name: racenter, datatype: float64}
# - {name: deccenter, datatype: float64}
# - {name: rabore, datatype: float64}
# - {name: decbore, datatype: float64}
# - {name: band, datatype: string}
# - {name: ebv, datatype: float32}
# - {name: zeropoint, datatype: float32}
# - {name: transparency, datatype: float32}
# - {name: seeing, datatype: float32}
# - {name: sky, datatype: float32}
# - {name: expfactor, datatype: float32}
# - {name: camera, datatype: string}
# - {name: dx, datatype: float32}
# - {name: dy, datatype: float32}
# - {name: nmatched, datatype: int64}
# - {name: obstype, datatype: string}
# - {name: object, datatype: string}
# - {name: tileid, datatype: int64}
# - {name: tileebv, datatype: float32}
# - {name: affine_x0, datatype: float32}
# - {name: affine_y0, datatype: float32}
# - {name: affine_dx, datatype: float32}
# - {name: affine_dxx, datatype: float32}
# - {name: affine_dxy, datatype: float32}
# - {name: affine_dy, datatype: float32}
# - {name: affine_dyx, datatype: float32}
# - {name: affine_dyy, datatype: float32}
# - {name: checksum, datatype: string}
# - {name: efftime, datatype: float32}
# schema: astropy-2.0
filename extension expnum exptime mjd_obs airmass racenter deccenter rabore decbore band ebv zeropoint transparency seeing sky expfactor camera dx dy nmatched obstype object tileid tileebv affine_x0 affine_y0 affine_dx affine_dxx affine_dxy affine_dy affine_dyx affine_dyy checksum efftime
rawdata/DECam_01343599.fits.fz N4 1343599 5.0 60642.01228444 1.0 358.8101202979685 -31.95926966075878 358.81897499999997 -31.88416611111111 r 0.015344903 0.0 0.0 0.0 17.199625 0.0 decam 0.0 0.0 0 object pointing 0 0.0 0.0 0.0 0.0 0.0 0.0 0.0 0.0 0.0 20616266293 0.0
rawdata/DECam_01343600.fits.fz N4 1343600 30.0 60642.01519097 1.0 358.8101202979685 -31.95926966075878 358.81897499999997 -31.88416611111111 r 0.015344903 0.0 0.0 0.0 18.10247 0.0 decam 0.0 0.0 0 object pointing 0 0.0 0.0 0.0 0.0 0.0 0.0 0.0 0.0 0.0 29813314954 0.0
rawdata/DECam_01343601.fits.fz N4 1343601 120.0 60642.02068461 1.52 303.5769207429419 -58.13195195356199 303.59114999999997 -58.05684888888889 z 0.043181557 0.0 0.0 0.0 17.437529 0.0 decam 0.0 0.0 0 object LSQ15adm 0 0.0 0.0 0.0 0.0 0.0 0.0 0.0 0.0 0.0 87872345221 0.0
rawdata/DECam_01343602.fits.fz N4 1343602 120.0 60642.02247184 1.53 303.5690440779744 -58.13611917565569 303.583275 -58.06101611111111 z 0.0433677 0.0 0.0 0.0 17.76524 0.0 decam 0.0 0.0 0 object LSQ15adm 0 0.0 0.0 0.0 0.0 0.0 0.0 0.0 0.0 0.0 69097847446 0.0
rawdata/DECam_01343603.fits.fz N4 1343603 120.0 60642.0242046 1.54 303.5847940779744 -58.13611917565569 303.599025 -58.06101611111111 z 0.04316099 0.0 0.0 0.0 17.970224 0.0 decam 0.0 0.0 0 object LSQ15adm 0 0.0 0.0 0.0 0.0 0.0 0.0 0.0 0.0 0.0 59908029110 0.0
rawdata/DECam_01343604.fits.fz N4 1343604 120.0 60642.02595875 1.55 303.5847974073337 -58.12778500924604 303.599025 -58.052681944444444 z 0.042991187 0.0 0.0 0.0 18.133455 0.0 decam 0.0 0.0 0 object LSQ15adm 0 0.0 0.0 0.0 0.0 0.0 0.0 0.0 0.0 0.0 53794735828 0.0
rawdata/DECam_01343605.fits.fz N4 1343605 120.0 60642.02769643 1.56 303.56904740733376 -58.127785009246054 303.583275 -58.052681944444444 z 0.04320864 0.0 0.0 0.0 18.238483 0.0 decam 0.0 0.0 0 object LSQ15adm 0 0.0 0.0 0.0 0.0 0.0 0.0 0.0 0.0 0.0 50290837670 0.0
rawdata/DECam_01343606.fits.fz N4 1343606 90.0 60642.02945934 1.57 303.5769207429419 -58.13195195356199 303.59114999999997 -58.05684888888889 i 0.043181557 0.0 0.0 0.0 19.156776 0.0 decam 0.0 0.0 0 object LSQ15adm 0 0.0 0.0 0.0 0.0 0.0 0.0 0.0 0.0 0.0 32685046112 0.0
rawdata/DECam_01343607.fits.fz N4 1343607 90.0 60642.03086328 1.58 303.5690440779744 -58.13611917565569 303.583275 -58.06101611111111 i 0.0433677 0.0 0.0 0.0 19.27445 0.0 decam 0.0 0.0 0 object LSQ15adm 0 0.0 0.0 0.0 0.0 0.0 0.0 0.0 0.0 0.0 30939342963 0.0
rawdata/DECam_01343608.fits.fz N4 1343608 90.0 60642.0322618 1.59 303.5847940779744 -58.13611917565569 303.599025 -58.06101611111111 i 0.04316099 0.0 0.0 0.0 19.365454 0.0 decam 0.0 0.0 0 object LSQ15adm 0 0.0 0.0 0.0 0.0 0.0 0.0 0.0 0.0 0.0 29689998955 0.0
rawdata/DECam_01343609.fits.fz N4 1343609 90.0 60642.0336597 1.6 303.5847974073337 -58.12778500924604 303.599025 -58.052681944444444 i 0.042991187 0.0 0.0 0.0 19.447018 0.0 decam 0.0 0.0 0 object LSQ15adm 0 0.0 0.0 0.0 0.0 0.0 0.0 0.0 0.0 0.0 28687834950 0.0
rawdata/DECam_01343610.fits.fz N4 1343610 90.0 60642.03508595 1.61 303.56904740733376 -58.127785009246054 303.583275 -58.052681944444444 i 0.04320864 0.0 0.0 0.0 19.507952 0.0 decam 0.0 0.0 0 object LSQ15adm 0 0.0 0.0 0.0 0.0 0.0 0.0 0.0 0.0 0.0 28025958795 0.0
rawdata/DECam_01343611.fits.fz N4 1343611 60.0 60642.038867 1.24 36.14874136389894 -3.8421038238436958 36.15627083333334 -3.767 g 0.024478564 26.670757 1.098053 1.1276639 21.449717 1.4492557 decam -8.10347 24.200516 62 object XMM 0 0.0 924.0 1948.0 0.54147536 1.0001096 -0.0012358455 -0.11724186 0.00045828157 0.9994367 17442529271 41.400562
rawdata/DECam_01343612.fits.fz N4 1343612 409.6577 60642.04053279 1.23 36.14874136389894 -3.8421038238436958 36.15627083333334 -3.767 M411 0.024478564 24.369131 0.948612 1.0589536 21.930006 1.2343222 decam -13.003644 31.713276 52 object IBIS_deep_xmm_M411_54 0 0.0 924.0 1948.0 0.604994 0.9999131 -0.0013283027 -0.10547169 0.000488974 0.9995332 16469864583 331.8888
rawdata/DECam_01343613.fits.fz N4 1343613 363.2879 60642.04599236 1.21 35.86973950602039 -4.047103822073124 35.877270833333334 -3.972 M411 0.024949446 24.386112 0.9576724 1.1722163 21.979525 1.4051995 decam -6.5657697 39.5702 47 object IBIS_deep_xmm_M411_73 0 0.0 924.0 1948.0 0.14273286 1.0001043 -0.0013717426 -0.33123714 0.0011423669 1.0000944 15864593365 258.5312
rawdata/DECam_01343614.fits.fz N4 1343614 500.0 60642.05090896 1.17 36.40771779219082 -6.232103803136447 36.415275 -6.157 M411 0.033881694 24.37247 0.9341841 1.1502001 22.033916 1.4162959 decam -20.100132 43.600544 57 object IBIS_deep_xmm_M411_87 0 0.0 924.0 1948.0 -0.34910175 0.9993661 -0.0011405591 -0.16428055 0.0010355215 0.9999123 16034078482 353.03357
rawdata/DECam_01343615.fits.fz N4 1343615 500.0 60642.058056 1.15 34.63872473670002 -6.036103804840734 34.646279166666666 -5.961 M411 0.026263343 24.393105 0.9462845 1.1367569 22.02101 1.2689246 decam 5.213979 1.421259 74 object IBIS_deep_xmm_M411_66 0 0.0 924.0 1948.0 0.22960281 0.99975175 -0.0011958778 -0.37517065 0.0015095202 1.0001011 16073003086 394.03445
rawdata/DECam_01343616.fits.fz N4 1343616 417.9078 60642.06420232 1.14 34.57773352438705 -5.020103813656372 34.585275 -4.945 M411 0.021067124 24.39545 0.94542706 1.1568329 22.011377 1.266865 decam 9.263282 -0.19888309 43 object IBIS_deep_xmm_M411_79 0 0.0 924.0 1948.0 0.6971316 1.0000249 -0.0014633939 0.018522628 0.0010295009 0.9999982 15988010544 329.87555
rawdata/DECam_01343617.fits.fz N4 1343617 397.6778 60642.06969621 1.12 35.13771075713614 -6.428103801430884 35.145270833333335 -6.353 M411 0.026346643 24.379356 0.9258203 1.2027985 22.002657 1.4825923 decam -2.3451705 -3.0967274 49 object IBIS_deep_xmm_M411_68 0 0.0 924.0 1948.0 -0.5938208 1.0002373 -0.001406339 -0.052418128 0.0012402735 1.0001525 16193046869 268.23138
rawdata/DECam_01343618.fits.fz N4 1343618 432.4777 60642.07497551 1.13 36.55071931967042 -5.823103806691448 36.55827083333333 -5.748 M464 0.03065804 24.949741 1.0202167 1.0727026 21.720295 1.2480735 decam 11.497887 0.6689356 72 object IBIS_deep_xmm_M464_12 0 0.0 924.0 1948.0 0.8529412 0.9996896 -0.0015747893 -0.17338297 0.001215241 1.0002265 16600033022 346.5162
rawdata/DECam_01343619.fits.fz N4 1343619 312.5082 60642.0806317 1.12 34.96173713736164 -4.697103816452966 34.969274999999996 -4.622 M411 0.02246037 24.368912 0.91695696 1.1263003 22.026588 1.2574091 decam 5.000398 5.171747 54 object IBIS_deep_xmm_M411_4 0 0.0 924.0 1948.0 0.010863682 0.9998961 -0.0012827262 -0.11429095 0.001225447 1.0000048 15767069797 248.53345
rawdata/DECam_01343620.fits.fz N4 1343620 415.0578 60642.08501312 1.12 34.57773352438705 -5.020103813656372 34.585275 -4.945 M464 0.021067124 24.958673 1.0265348 1.0776017 21.732914 1.1434711 decam 15.54765 8.969612 57 object IBIS_deep_xmm_M464_79 0 0.0 924.0 1948.0 0.57864356 0.999949 -0.0015153827 -0.06001387 0.0008811317 0.99996346 16626500615 362.98056
rawdata/DECam_01343621.fits.fz N4 1343621 364.928 60642.09087 1.1 35.7757210613091 -6.294103802597073 35.78327916666667 -6.219 M411 0.029704135 24.409857 0.94637346 1.1387283 22.057354 1.2269411 decam 8.3394575 8.138517 52 object IBIS_deep_xmm_M411_85 0 0.0 924.0 1948.0 0.9838719 0.99991494 -0.0016134267 -0.5114053 0.001373479 1.0001702 15872714731 297.4291
rawdata/DECam_01343622.fits.fz N4 1343622 500.0 60642.10272202 1.11 34.75673588588167 -4.419103818857862 34.764270833333335 -4.344 M411 0.020776916 24.407406 0.94714105 1.1467402 22.043427 1.1796463 decam 11.016456 30.187664 52 object IBIS_deep_xmm_M411_77 0 0.0 924.0 1948.0 0.5459791 0.99991333 -0.0014741935 -0.37902856 0.0019379039 1.0004437 16070931316 423.85587
rawdata/DECam_01343623.fits.fz N4 1343623 375.088 60642.10887739 1.11 36.59073771768469 -4.6431038169202505 36.598275 -4.568 M517 0.027514186 24.765846 1.0138981 1.1112505 21.354733 1.7785234 decam 7.955638 25.875435 81 object IBIS_deep_xmm_M517_51 0 0.0 924.0 1948.0 0.30894256 0.9998788 -0.0014745004 -0.20112857 0.0014758931 1.0001973 16658811995 210.89854
rawdata/DECam_01343624.fits.fz N4 1343624 427.5977 60642.1159575 1.1 36.699723769102704 -6.105103804240898 36.707279166666666 -6.03 M464 0.033667758 24.9684 1.0315255 1.1474286 21.768867 1.3477188 decam 17.595303 28.26393 69 object IBIS_deep_xmm_M464_88 0 0.0 924.0 1948.0 0.8616599 0.9999421 -0.0015116757 -0.38030708 0.0016905969 1.0000715 16915994805 317.27515
rawdata/DECam_01343625.fits.fz N4 1343625 500.0 60642.12152622 1.11 34.944734141888084 -5.318103811073778 34.95227916666666 -5.243 M464 0.022160035 24.951933 1.0180868 1.1385055 21.775229 1.2523941 decam 11.684909 33.729946 65 object IBIS_deep_xmm_M464_6 0 0.0 924.0 1948.0 0.43396512 0.9998918 -0.0009121223 -0.4634228 0.0023817446 0.99946153 16700496072 399.23535
rawdata/DECam_01343626.fits.fz N4 1343626 500.0 60642.12767354 1.12 37.15373841160015 -4.1631038210708455 37.16127083333333 -4.088 M517 0.02583526 24.763311 1.0131574 1.1043702 21.340593 1.7693114 decam 17.802652 30.605347 62 object IBIS_deep_xmm_M517_18 0 0.0 924.0 1948.0 0.2596812 1.0004565 -0.0012668172 -0.36689535 0.0016751231 1.0002464 17100902181 282.59583
rawdata/DECam_01343627.fits.fz N4 1343627 500.0 60642.13380959 1.11 35.335719521026185 -5.808103806821725 35.34327083333333 -5.733 M464 0.02400516 24.968676 1.0339087 1.1317258 21.784199 1.2058899 decam 20.073938 27.769083 74 object IBIS_deep_xmm_M464_8 0 0.0 924.0 1948.0 -0.101171166 0.9995899 -0.0009867195 -0.23183605 0.0016488726 0.9998465 16723679650 414.63153
rawdata/DECam_01343628.fits.fz N4 1343628 500.0 60642.13995988 1.13 34.944734141888084 -5.318103811073778 34.95227916666666 -5.243 M464 0.022160035 24.942434 1.0133736 1.1753203 21.75981 1.377518 decam 18.145517 28.457584 66 object IBIS_deep_xmm_M464_6 0 0.0 924.0 1948.0 0.18704927 0.99983793 -0.0010102207 -0.46323273 0.0024503989 0.9994961 16720286545 362.97165
rawdata/DECam_01343629.fits.fz N4 1343629 500.0 60642.14610027 1.14 37.15373841160015 -4.1631038210708455 37.16127083333333 -4.088 M517 0.02583526 24.759912 1.0132314 1.2302383 21.318398 2.2541304 decam 14.844978 34.968678 63 object IBIS_deep_xmm_M517_18 0 0.0 924.0 1948.0 0.37706107 1.0003912 -0.0013418694 -0.42910543 0.0015685813 1.0002348 17134870633 221.81503
rawdata/DECam_01343630.fits.fz N4 1343630 367.0 60642.15226274 1.14 35.335719521026185 -5.808103806821725 35.34327083333333 -5.733 M464 0.02400516 24.963245 1.0351086 1.231679 21.76406 1.4692254 decam 19.283297 32.88062 66 object IBIS_deep_xmm_M464_8 0 0.0 924.0 1948.0 -0.12910253 0.9997568 -0.0009889376 -0.19478425 0.0015455427 0.99981755 16367632367 249.79149
rawdata/DECam_01343631.fits.fz N4 1343631 500.0 60642.15686472 1.17 35.860742517228324 -3.70910382499195 35.868270833333334 -3.634 M411 0.026497362 24.361782 0.9250318 1.2615323 22.06552 1.5914651 decam 20.00707 40.045315 60 object IBIS_deep_xmm_M411_55 0 0.0 924.0 1948.0 0.54396045 0.9998903 -0.0013788397 0.022954868 0.0019737238 1.0000161 16043201537 314.1759
rawdata/DECam_01343632.fits.fz N4 1343632 500.0 60642.16301778 1.15 36.09471269887169 -6.296103802579671 36.102270833333336 -6.221 M411 0.032051947 24.36346 0.9207974 1.2845691 22.053825 1.7374638 decam 19.27711 36.03367 32 object IBIS_deep_xmm_M411_86 0 0.0 924.0 1948.0 0.06489889 0.99930745 -0.0014282889 0.024253026 0.0016121047 1.000035 16028597604 287.7758
rawdata/DECam_01343633.fits.fz N4 1343633 500.0 60642.17026374 1.2 35.54574289818932 -3.6641038253803795 35.553270833333336 -3.589 M411 0.02429236 24.370272 0.94091064 1.2486718 22.036142 1.5498601 decam 2.226194 4.2966113 38 object IBIS_deep_xmm_M411_56 0 0.0 924.0 1948.0 -0.24644259 0.99958867 -0.0012238956 -0.17201516 0.001435891 1.0000142 16043792501 322.60977
rawdata/DECam_01343634.fits.fz N4 1343634 500.0 60642.17644338 1.2 36.72973521154652 -5.230103811836678 36.73727916666667 -5.155 M411 0.027766388 24.353424 0.9264244 1.3234447 22.065266 1.796792 decam 4.3861604 14.470773 46 object IBIS_deep_xmm_M411_31 0 0.0 924.0 1948.0 0.58501065 0.9996848 -0.0015881244 -0.20852736 0.001630085 0.99997073 16082381539 278.2737
rawdata/DECam_01343635.fits.fz N4 1343635 500.0 60642.18259775 1.23 36.55275035263756 -3.767103824491252 36.56027916666667 -3.692 M411 0.02655536 24.366169 0.94602716 1.233407 22.044128 1.539892 decam -3.4047453 12.356438 62 object IBIS_deep_xmm_M411_36 0 0.0 924.0 1948.0 0.013727699 1.0001622 -0.0013128067 -0.17921458 0.0015866391 0.99999523 16025442827 324.6981
rawdata/DECam_01343636.fits.fz N4 1343636 484.0 60642.18875933 1.28 34.0147432224527 -4.516103818018955 34.022279166666664 -4.441 M517 0.018983403 24.742882 1.0200961 1.1434367 21.261242 2.029719 decam 0.33137238 12.423261 68 object IBIS_deep_xmm_M517_46 0 0.0 924.0 1948.0 0.4567681 1.000045 -0.0015309731 -0.14972156 0.0015742237 1.0000949 17169291222 238.45663
rawdata/DECam_01343637.fits.fz N4 1343637 430.0 60642.194712 1.26 36.72973521154652 -5.230103811836678 36.73727916666667 -5.155 M517 0.027766388 24.740206 1.0143285 1.0944532 21.283125 1.9350678 decam 0.8184876 17.633577 71 object IBIS_deep_xmm_M517_31 0 0.0 924.0 1948.0 -0.013956149 0.9998551 -0.0016514311 -0.28250757 0.0016650428 0.9998562 17029180392 222.21443
rawdata/DECam_01343638.fits.fz N4 1343638 500.0 60642.20005288 1.33 34.68274395988089 -4.0161038223409244 34.690275 -3.941 M517 0.021579113 24.744469 1.029807 1.1954556 21.20966 2.357286 decam 10.65485 6.348757 75 object IBIS_deep_xmm_M517_59 0 0.0 924.0 1948.0 -0.2684148 0.9998846 -0.0015692359 -0.39902657 0.0014870687 1.0000447 17834228707 212.10834
rawdata/DECam_01343639.fits.fz N4 1343639 500.0 60642.20619523 1.33 36.865736950137666 -4.313103819774356 36.873270833333336 -4.2379999999999995 M517 0.025757896 24.725538 1.0120071 1.1485904 21.25063 2.227574 decam 0.97120476 4.758464 65 object IBIS_deep_xmm_M517_34 0 0.0 924.0 1948.0 0.05514452 1.0003233 -0.0015148559 -0.06186837 0.0015104028 1.0001223 17253317159 224.45943
rawdata/DECam_01343640.fits.fz N4 1343640 500.0 60642.21235634 1.35 35.93972126419123 -5.986103805275302 35.947275000000005 -5.911 M517 0.02605925 24.729671 1.0191272 1.1146897 21.217571 2.1507802 decam 2.369665 -7.624891 74 object IBIS_deep_xmm_M517_10 0 0.0 924.0 1948.0 0.5335669 1.0000685 -0.0016167753 -0.14859498 0.001728371 0.9999877 17257824579 232.47379
rawdata/DECam_01343641.fits.fz N4 1343641 500.0 60642.21851302 1.45 34.68274395988089 -4.0161038223409244 34.690275 -3.941 M464 0.021579113 24.908844 1.0492458 1.1525244 21.559559 1.6876674 decam 13.535485 -15.394327 70 object IBIS_deep_xmm_M464_59 0 0.0 924.0 1948.0 -0.48798925 0.99997234 -0.0017414179 -0.32648736 0.0012443357 1.0000958 17475915019 296.2669
rawdata/DECam_01343642.fits.fz N4 1343642 500.0 60642.2246545 1.43 36.25572599568031 -5.9451038056315895 36.26327916666666 -5.87 M517 0.027104508 24.7327 1.0351623 1.103964 21.18423 2.1775196 decam 9.520345 -16.503202 83 object IBIS_deep_xmm_M517_11 0 0.0 924.0 1948.0 -0.20422961 0.9999763 -0.0014385377 -0.31441465 0.0018614485 1.0001321 17497469018 229.61906
rawdata/DECam_01343643.fits.fz N4 1343643 60.0 60642.23139526 1.14 55.09255347986779 -13.097103742334026 55.10026666666667 -13.022 g 0.049914107 26.679296 1.0895276 1.0572709 21.708954 1.1485537 decam -10.331909 5.5466194 84 object Wide 0 0.0 924.0 1948.0 -0.23747139 1.0001576 -0.0018586506 -0.0014040348 0.0023229 1.0000937 16169277687 52.239613
rawdata/DECam_01343644.fits.fz N4 1343644 442.0 60642.23306146 1.14 55.09255347986779 -13.097103742334026 55.10026666666667 -13.022 M411 0.049914107 24.416525 0.9639572 1.1055735 22.165302 1.2138182 decam -13.655052 5.170144 64 object IBIS_wide_M411_107063 107063 0.062797 924.0 1948.0 -0.19875956 1.0001836 -0.002107014 -0.37584278 0.002594456 1.0000998 15907232608 364.1402
rawdata/DECam_01343645.fits.fz N4 1343645 458.0 60642.23855469 1.16 55.139568425373675 -12.88410374426243 55.147275 -12.809 M411 0.05251776 24.378265 0.9363063 1.1046275 22.152529 1.3430024 decam -7.625183 1.4864048 47 object IBIS_wide_M411_110049 110049 0.064251 924.0 1948.0 0.1380231 1.0002866 -0.002288895 -0.4340888 0.0024693077 1.000016 15942584145 341.02692
