logs/db-2024-10-28.ecsv
# %ECSV 1.0
# ---
# datatype:
# - {name: filename, datatype: string}
# - {name: extension, datatype: string}
# - {name: expnum, datatype: int64}
# - {name: exptime, datatype: float32}
# - {name: mjd_obs, datatype: float64}
# - {name: airmass, datatype: float32}
# - {name: racenter, datatype: float64}
# - {name: deccenter, datatype: float64}
# - {name: rabore, datatype: float64}
# - {name: decbore, datatype: float64}
# - {name: band, datatype: string}
# - {name: ebv, datatype: float32}
# - {name: zeropoint, datatype: float32}
# - {name: transparency, datatype: float32}
# - {name: seeing, datatype: float32}
# - {name: sky, datatype: float32}
# - {name: expfactor, datatype: float32}
# - {name: camera, datatype: string}
# - {name: dx, datatype: float32}
# - {name: dy, datatype: float32}
# - {name: nmatched, datatype: int64}
# - {name: obstype, datatype: string}
# - {name: object, datatype: string}
# - {name: tileid, datatype: int64}
# - {name: tileebv, datatype: float32}
# - {name: affine_x0, datatype: float32}
# - {name: affine_y0, datatype: float32}
# - {name: affine_dx, datatype: float32}
# - {name: affine_dxx, datatype: float32}
# - {name: affine_dxy, datatype: float32}
# - {name: affine_dy, datatype: float32}
# - {name: affine_dyx, datatype: float32}
# - {name: affine_dyy, datatype: float32}
# - {name: checksum, datatype: string}
# - {name: efftime, datatype: float32}
# schema: astropy-2.0
filename extension expnum exptime mjd_obs airmass racenter deccenter rabore decbore band ebv zeropoint transparency seeing sky expfactor camera dx dy nmatched obstype object tileid tileebv affine_x0 affine_y0 affine_dx affine_dxx affine_dxy affine_dy affine_dyx affine_dyy checksum efftime
[from data line 45]
rawdata/DECam_01336382.fits.fz N4 1336382 20.0 60612.14099759 1.27 351.223767130557 -1.7871038415531966 351.23128333333335 -1.712 M490 0.049293548 24.917772 0.9917105 0.90111494 21.430092 1.0235989 decam 4.234201 32.27246 46 object "" 0 0.0 924.0 1948.0 -0.15897477 0.99921525 -8.175852e-05 0.24403277 -4.5359493e-06 0.9999834 15494989682 19.538902
rawdata/DECam_01336383.fits.fz N4 1336383 20.0 60612.1416161 1.27 351.223767130557 -1.7871038415531966 351.23128333333335 -1.712 M490 0.049293548 24.914877 0.9890694 0.91223776 21.429003 1.0556139 decam -12.029592 25.22612 45 object "" 0 0.0 924.0 1948.0 0.0028739122 1.0000222 -7.127842e-05 0.20420091 -0.00030217218 1.0000325 15494143344 18.946321
rawdata/DECam_01336384.fits.fz N4 1336384 20.0 60612.14226316 1.27 351.223767130557 -1.7871038415531966 351.23128333333335 -1.712 M490 0.049293548 24.91417 0.9884242 0.9454644 21.43093 1.1331439 decam 3.8847053 41.5162 45 object "" 0 0.0 924.0 1948.0 -0.02048073 1.0 -7.185843e-05 0.18701987 -0.00039386644 1.0000843 15493833633 17.65001
rawdata/DECam_01336385.fits.fz N4 1336385 20.0 60612.14284719 1.27 351.223767130557 -1.7871038415531966 351.23128333333335 -1.712 M490 0.049293548 24.914509 0.9887336 0.88583666 21.4348 0.99095005 decam 0.1295122 37.420624 46 object "" 0 0.0 924.0 1948.0 0.0106675355 0.9999779 -8.386947e-05 0.18831237 -0.0003582563 1.0000995 15493584059 20.182652
rawdata/DECam_01336386.fits.fz N4 1336386 225.0 60612.14461087 1.15 36.699723769102704 -6.105103804240898 36.707279166666666 -6.03 M490 0.033667758 24.952414 1.0018096 1.0311987 21.567883 1.106901 decam -42.444786 21.620628 67 object IBIS_deep_xmm_M490_88 0 0.0 924.0 1948.0 0.93722856 1.0000508 -0.0015879311 0.04783487 0.0018018344 0.9999412 16403121090 203.2702
rawdata/DECam_01336387.fits.fz N4 1336387 207.0 60612.14794144 1.14 34.89373785269465 -5.006103813777643 34.90127916666666 -4.931 M490 0.020386744 24.973457 1.019565 0.9656179 21.522837 0.97355616 decam -22.244259 -33.94214 48 object IBIS_deep_xmm_M490_5 0 0.0 924.0 1948.0 0.32446215 0.9999107 -0.0016087089 0.25578597 0.0017829082 0.9999865 16256233682 212.62256
rawdata/DECam_01336388.fits.fz N4 1336388 249.0 60612.15140629 1.14 36.55071931967042 -5.823103806691448 36.55827083333333 -5.748 M490 0.03065804 24.953028 1.0005599 0.9667914 21.576677 0.96431977 decam -17.559786 -36.030617 69 object IBIS_deep_xmm_M490_12 0 0.0 924.0 1948.0 0.67603654 1.0000405 -0.001564705 -0.32914844 0.0011622474 1.0001158 16223139565 258.2131
rawdata/DECam_01336389.fits.fz N4 1336389 242.0 60612.15466162 1.13 36.23872201286969 -5.619103808462646 36.246270833333334 -5.5440000000000005 M490 0.026346546 24.951164 0.99703276 0.9030968 21.56072 0.85717255 decam -14.103467 -52.51695 79 object IBIS_deep_xmm_M490_29 0 0.0 924.0 1948.0 -0.14268199 1.000837 -0.0015058169 -0.17086186 0.001217683 0.99987674 16219281360 282.32355
rawdata/DECam_01336390.fits.fz N4 1336390 244.0 60612.15781806 1.13 36.960726310801675 -5.922103805831434 36.96827916666667 -5.8469999999999995 M490 0.028302534 24.952751 0.9984916 0.8914437 21.547377 0.8431215 decam -14.248373 -57.875977 73 object IBIS_deep_xmm_M490_89 0 0.0 924.0 1948.0 0.6916404 0.9999514 -0.0015042832 0.02132489 0.001740871 1.0001655 16218235915 289.40076
rawdata/DECam_01336391.fits.fz N4 1336391 209.0 60612.16222892 1.12 35.74172988935768 -5.325103811013083 35.749275 -5.25 M490 0.023660546 24.965229 1.0082016 0.929096 21.516783 0.92038566 decam 7.4220705 -2.9245098 62 object IBIS_deep_xmm_M490_47 0 0.0 924.0 1948.0 -0.2626938 1.0002687 -0.0016637004 -0.3308591 0.0018413097 1.0001265 16143901961 227.07874
rawdata/DECam_01336392.fits.fz N4 1336392 214.0 60612.1650365 1.12 36.80572184415615 -5.632103808349813 36.813270833333334 -5.557 M490 0.028117586 24.956816 1.0004196 0.9180495 21.508604 0.9196301 decam -4.631448 4.776067 71 object IBIS_deep_xmm_M490_13 0 0.0 924.0 1948.0 0.48288977 1.0001205 -0.001554943 -0.4356573 0.0013514992 0.99971914 16135978191 232.70226
rawdata/DECam_01336393.fits.fz N4 1336393 235.0 60612.1678699 1.12 37.18172522701033 -5.69210380782898 37.189275 -5.617 M490 0.027122937 24.943766 0.9884679 0.98743 21.494726 1.1033403 decam 1.3623325 -1.4355786 60 object IBIS_deep_xmm_M490_90 0 0.0 924.0 1948.0 -0.060196098 1.0003984 -0.0018056816 -0.06893131 0.0011489358 1.0002303 16283005230 212.9896
rawdata/DECam_01336394.fits.fz N4 1336394 227.0 60612.17094759 1.11 36.515728148013 -5.465103809798902 36.523275 -5.39 M490 0.025040146 24.961933 1.0033238 0.98178965 21.485472 1.0639349 decam 5.36816 0.4404196 76 object IBIS_deep_xmm_M490_30 0 0.0 924.0 1948.0 -0.70100206 0.9998963 -0.0016547547 -0.14734519 0.0015474035 0.9999592 16273258356 213.35892
rawdata/DECam_01336395.fits.fz N4 1336395 274.0 60612.17393662 1.11 36.055725427431156 -5.349103810804979 36.063270833333334 -5.274 M490 0.024518557 24.96684 1.00787 0.9409588 21.484144 0.9698927 decam -1.4019318 4.2182455 52 object IBIS_deep_xmm_M490_48 0 0.0 924.0 1948.0 0.23301226 0.99982285 -0.001672768 -0.1735906 0.0014408104 1.0001435 16380811403 282.50546
rawdata/DECam_01336396.fits.fz N4 1336396 266.0 60612.17747176 1.11 37.006724969599496 -5.3861038104841175 37.014270833333335 -5.311 M490 0.024202587 24.949688 0.9920725 0.9824119 21.481382 1.0936928 decam 1.9456663 13.449716 82 object IBIS_deep_xmm_M490_14 0 0.0 924.0 1948.0 0.30194378 0.9999474 -0.0016270159 -0.8094527 0.0021439493 1.000215 16435190021 243.21274
rawdata/DECam_01336397.fits.fz N4 1336397 240.0 60612.18092004 1.11 37.35373282939357 -5.424103810154543 37.36127916666666 -5.349 M490 0.024244979 24.952532 0.9946747 0.9228446 21.478617 0.9628226 decam -0.67510724 1.0242689 57 object IBIS_deep_xmm_M490_91 0 0.0 924.0 1948.0 0.47623575 0.999854 -0.0013564843 0.22797251 0.0016388126 0.99981636 16528376670 249.26709
rawdata/DECam_01336398.fits.fz N4 1336398 279.0 60612.18405673 1.11 36.72973521154652 -5.230103811836678 36.73727916666667 -5.155 M490 0.027766388 24.961239 1.0026827 0.89060247 21.473814 0.8865574 decam 5.881371 13.529508 67 object IBIS_deep_xmm_M490_31 0 0.0 924.0 1948.0 0.6159876 0.9998564 -0.0017775716 -0.2920573 0.0016614003 0.999906 16486777803 314.70044
rawdata/DECam_01336399.fits.fz N4 1336399 247.0 60612.18764597 1.11 36.33673548813323 -5.207103812036035 36.34427916666667 -5.132 M490 0.028377183 24.965206 1.006353 0.98140335 21.444431 1.0974168 decam 9.443021 10.703286 72 object IBIS_deep_xmm_M490_49 0 0.0 924.0 1948.0 1.0590483 1.0002416 -0.001759595 -0.5993635 0.0016657846 1.0002666 16329431033 225.07402
rawdata/DECam_01336400.fits.fz N4 1336400 226.0 60612.19089585 1.11 37.47273223843806 -5.130103812703347 37.480275 -5.055 M490 0.029684784 24.954998 0.99693555 0.9789713 21.443056 1.1141368 decam 16.703 24.408909 58 object IBIS_deep_xmm_M490_92 0 0.0 924.0 1948.0 0.3740647 1.0000566 -0.0017239504 -0.41800794 0.0015264866 0.99998796 16234141531 202.84761
rawdata/DECam_01336401.fits.fz N4 1336401 292.0 60612.19387178 1.11 37.14573258020209 -5.101103812954631 37.153275 -5.026 M490 0.03374427 24.959492 1.0010707 0.9646721 21.441196 1.074832 decam 10.042191 31.660692 77 object IBIS_deep_xmm_M490_15 0 0.0 924.0 1948.0 0.42139482 1.0002694 -0.001640542 -0.17556153 0.0014830261 1.0001495 16472343126 271.67038
rawdata/DECam_01336406.fits.fz N4 1336406 334.0 60612.21344938 1.12 37.21874365672412 -4.474103818382221 37.226279166666664 -4.399 M490 0.02655103 24.957022 1.0006089 1.094227 21.400433 1.4415096 decam 6.438213 34.607304 64 object IBIS_deep_xmm_M490_17 0 0.0 924.0 1948.0 0.93002284 1.0001246 -0.0017384276 -0.17133723 0.0020123888 0.9999435 16768111347 231.70154
rawdata/DECam_01336405.fits.fz N4 1336405 333.0 60612.2092049 1.11 36.907733711014906 -4.628103817050039 36.91527083333333 -4.553 M490 0.027006736 24.958345 1.0000144 1.0673662 21.382366 1.3913699 decam -6.1972885 35.856976 68 object IBIS_deep_xmm_M490_33 0 0.0 924.0 1948.0 0.16627234 0.9999524 -0.0017598729 -0.37587443 0.0020472459 1.0000625 16886168025 239.33247
rawdata/DECam_01336404.fits.fz N4 1336404 342.0 60612.20487034 1.11 37.216731944313665 -4.791103815639372 37.224270833333335 -4.716 M490 0.039982494 24.940594 0.9837966 1.0519377 21.415312 1.354715 decam 1.3124176 41.358242 69 object IBIS_deep_xmm_M490_16 0 0.0 924.0 1948.0 0.18213274 1.0001684 -0.0017085355 -0.31699598 0.0019247234 0.9999739 16701871135 252.45163
rawdata/DECam_01336402.fits.fz N4 1336402 285.0 60612.19760251 1.11 36.86273025247022 -4.942103814331957 36.870270833333336 -4.867 M490 0.027454946 24.958765 1.0004005 1.0203952 21.41479 1.2334977 decam 15.702488 38.152184 54 object IBIS_deep_xmm_M490_32 0 0.0 924.0 1948.0 0.17616461 1.0003057 -0.0018048872 -0.14756915 0.0017897517 1.0000768 16647214328 231.05028
rawdata/DECam_01336403.fits.fz N4 1336403 277.0 60612.20128896 1.11 36.523730138551535 -4.952103814245354 36.53127083333333 -4.877 M490 0.026935395 24.95133 0.9935745 1.0203111 21.382305 1.2882724 decam 0.667368 50.033485 74 object IBIS_deep_xmm_M490_50 0 0.0 924.0 1948.0 0.13755573 1.0005761 -0.0015804941 -0.26810312 0.001987902 0.9997063 16496547549 215.01663
rawdata/DECam_01336445.fits.fz N4 1336445 300.0 60612.34031409 1.22 55.988544584861074 -13.635103737448208 55.996275 -13.56 M438 0.06313736 24.753149 1.0216057 0.94716674 21.757694 0.79790884 decam -12.303315 12.15425 72 object IBIS_wide_M438_210047 210047 0.069633 924.0 1948.0 -0.11770374 1.0001835 -0.00204485 0.008773793 0.0022230612 0.9999711 16131232669 375.98282
rawdata/DECam_01336446.fits.fz N4 1336446 300.0 60612.34415889 1.24 54.965507762973026 -14.713103727590244 54.973275 -14.638 M438 0.050524663 24.726727 1.0020709 0.96274805 21.747456 0.87361497 decam 2.2738411 10.78329 81 object IBIS_wide_M438_207058 207058 0.057919 924.0 1948.0 0.5876336 1.0002255 -0.0023729082 0.14693184 0.002378444 1.0001346 16088604769 343.4007
rawdata/DECam_01336407.fits.fz N4 1336407 5.0 60612.22744775 1.13 36.24473155689402 -4.82610381533638 36.252270833333334 -4.751 g 0.027478544 26.666157 1.074738 1.1219027 21.338696 1.6312027 decam 13.166152 31.058666 35 object "" 0 0.0 924.0 1948.0 0.2502903 1.00018 -0.0016583885 -0.2310144 0.0016798546 1.0001119 15458840108 3.065223
rawdata/DECam_01336408.fits.fz N4 1336408 20.0 60612.22787117 1.13 36.24473155689402 -4.82610381533638 36.252270833333334 -4.751 M517 0.027478544 24.738615 0.9919603 1.0193206 21.038298 1.7739499 decam 13.039983 42.70742 37 object "" 0 0.0 924.0 1948.0 0.24230073 1.0002166 -0.0017322695 -0.45137215 0.0019264867 1.0002298 15454679351 11.274276
rawdata/DECam_01336409.fits.fz N4 1336409 20.0 60612.22848416 1.13 36.24473155689402 -4.82610381533638 36.252270833333334 -4.751 M517 0.027478544 24.742634 0.99563783 1.0892624 21.03078 2.0241694 decam 24.472342 52.63049 36 object "" 0 0.0 924.0 1948.0 0.41363665 1.0002128 -0.0017577343 -0.45691353 0.0019081587 1.00021 15454828066 9.880596
rawdata/DECam_01336410.fits.fz N4 1336410 20.0 60612.2291049 1.14 36.24473155689402 -4.82610381533638 36.252270833333334 -4.751 M517 0.027478544 24.74747 1.0016869 1.1131552 21.020002 2.1159062 decam 27.567404 38.685112 35 object "" 0 0.0 924.0 1948.0 -0.007820309 1.0001621 -0.0017460375 -0.38698867 0.0019164394 1.000193 15455922723 9.452214
rawdata/DECam_01336411.fits.fz N4 1336411 20.0 60612.22972249 1.14 36.24473155689402 -4.82610381533638 36.252270833333334 -4.751 M517 0.027478544 24.753563 1.0073239 1.0722951 21.030138 1.9237707 decam 22.094444 54.132023 34 object "" 0 0.0 924.0 1948.0 0.2861199 1.0002736 -0.0017106377 -0.18653238 0.0018907457 1.0002553 15455538395 10.39625
rawdata/DECam_01336412.fits.fz N4 1336412 20.0 60612.2303172 1.14 36.24473155689402 -4.82610381533638 36.252270833333334 -4.751 M517 0.027478544 24.762606 1.0157492 1.1355436 21.023079 2.1351016 decam 23.071028 60.83459 35 object "" 0 0.0 924.0 1948.0 0.23083086 1.0001975 -0.0017184535 -0.31785837 0.0018656361 1.0001962 15456281345 9.367235
rawdata/DECam_01336413.fits.fz N4 1336413 20.0 60612.23094218 1.14 36.24473155689402 -4.82610381533638 36.252270833333334 -4.751 M517 0.027478544 24.75385 1.0075904 1.0827266 21.012564 1.9922531 decam 12.969695 72.64865 36 object "" 0 0.0 924.0 1948.0 0.18320765 1.0002809 -0.0015638111 -0.4241424 0.0019838372 1.00027 15457198120 10.038885
rawdata/DECam_01336414.fits.fz N4 1336414 20.0 60612.23157728 1.14 36.24473155689402 -4.82610381533638 36.252270833333334 -4.751 M517 0.027478544 24.761683 1.0148851 1.0793086 21.003191 1.9682813 decam 28.78554 59.518734 38 object "" 0 0.0 924.0 1948.0 0.35221723 1.000202 -0.001801376 -0.3409171 0.0019906282 1.0000757 15457802439 10.161149
rawdata/DECam_01336415.fits.fz N4 1336415 20.0 60612.23218623 1.14 36.24473155689402 -4.82610381533638 36.252270833333334 -4.751 M517 0.027478544 24.74056 0.99533343 1.1698568 21.070698 2.2584786 decam 18.805147 56.044327 34 object "" 0 0.0 924.0 1948.0 0.120446615 1.0002221 -0.001747816 -0.32002452 0.0019733084 1.0001953 15459642954 8.855519
rawdata/DECam_01336416.fits.fz N4 1336416 20.0 60612.23278818 1.14 36.24473155689402 -4.82610381533638 36.252270833333334 -4.751 M517 0.027478544 24.747742 1.0019376 1.1284484 21.057802 2.0988774 decam 8.699712 49.665714 36 object "" 0 0.0 924.0 1948.0 0.04232292 1.0002056 -0.0017635083 -0.34063852 0.0018890067 1.0001984 15459891527 9.528903
rawdata/DECam_01336417.fits.fz N4 1336417 20.0 60612.23337953 1.14 36.24473155689402 -4.82610381533638 36.252270833333334 -4.751 M517 0.027478544 24.758696 1.0120977 1.0685885 21.064257 1.8339952 decam 3.1090543 48.926216 37 object "" 0 0.0 924.0 1948.0 -0.054657135 1.0002282 -0.0017310884 -0.42911512 0.0018614075 1.0002097 15461276952 10.905153
rawdata/DECam_01336418.fits.fz N4 1336418 300.0 60612.23396846 1.15 36.865736950137666 -4.313103819774356 36.873270833333336 -4.2379999999999995 M517 0.025757896 24.74267 0.9988675 1.1501682 21.067656 2.1808748 decam 5.082283 50.43446 61 object IBIS_deep_xmm_M517_34 0 0.0 924.0 1948.0 0.027955314 1.0004737 -0.001665061 0.1018205 0.0015169554 1.0000746 16724812360 137.55948
rawdata/DECam_01336419.fits.fz N4 1336419 300.0 60612.23875633 1.16 37.15373841160015 -4.1631038210708455 37.16127083333333 -4.088 M517 0.02583526 24.745054 1.0026693 1.1846322 21.055708 2.328626 decam 5.1041856 -3.7243671 62 object IBIS_deep_xmm_M517_18 0 0.0 924.0 1948.0 0.14251827 1.00034 -0.0013424304 -0.28300396 0.0018137981 1.0002671 16738543891 128.83133
rawdata/DECam_01336420.fits.fz N4 1336420 300.0 60612.24261454 1.16 36.2687349202747 -4.513103818044904 36.276270833333335 -4.438 M517 0.024391212 24.742985 1.0007608 1.2453141 21.05228 2.5908506 decam -2.2589843 11.440916 85 object IBIS_deep_xmm_M517_71 0 0.0 924.0 1948.0 0.8585426 1.000202 -0.0015223669 -0.37040922 0.0021114154 0.9998591 16725567356 115.79209
rawdata/DECam_01336421.fits.fz N4 1336421 300.0 60612.24650082 1.17 36.539740937920406 -4.331103819618743 36.547275000000006 -4.256 M517 0.025886 24.750235 1.0090802 1.1098219 21.0554 2.0254734 decam 14.265966 -5.897454 82 object IBIS_deep_xmm_M517_52 0 0.0 924.0 1948.0 -0.19037679 1.0003717 -0.0012607682 -0.19047588 0.0019089496 0.99999547 16714969605 148.11353
rawdata/DECam_01336422.fits.fz N4 1336422 300.0 60612.2503712 1.19 37.02574526475878 -3.8721038235846432 37.033275 -3.797 M517 0.03033163 24.761665 1.0230346 1.064739 21.071903 1.7981919 decam 0.8541245 -16.617472 75 object IBIS_deep_xmm_M517_19 0 0.0 924.0 1948.0 0.27439392 1.0000097 -0.0018077649 -0.01461099 0.0017968519 0.99998724 16714802640 166.83426
rawdata/DECam_01336423.fits.fz N4 1336423 300.0 60612.2542287 1.2 36.74374392294873 -4.020103822306372 36.751275 -3.9450000000000003 M517 0.028929804 24.752092 1.0156794 1.0166984 21.076532 1.662014 decam 15.174976 -12.209158 91 object IBIS_deep_xmm_M517_35 0 0.0 924.0 1948.0 -0.0691746 1.000043 -0.0017699341 -0.09060423 0.0015487429 1.000255 16691927074 180.50389
