logs/db-2024-07-09.ecsv
# %ECSV 1.0
# ---
# datatype:
# - {name: filename, datatype: string}
# - {name: extension, datatype: string}
# - {name: expnum, datatype: int64}
# - {name: exptime, datatype: float32}
# - {name: mjd_obs, datatype: float64}
# - {name: airmass, datatype: float32}
# - {name: racenter, datatype: float64}
# - {name: deccenter, datatype: float64}
# - {name: rabore, datatype: float64}
# - {name: decbore, datatype: float64}
# - {name: band, datatype: string}
# - {name: ebv, datatype: float32}
# - {name: zeropoint, datatype: float32}
# - {name: transparency, datatype: float32}
# - {name: seeing, datatype: float32}
# - {name: sky, datatype: float32}
# - {name: expfactor, datatype: float32}
# - {name: camera, datatype: string}
# - {name: dx, datatype: float32}
# - {name: dy, datatype: float32}
# - {name: nmatched, datatype: int64}
# - {name: obstype, datatype: string}
# - {name: object, datatype: string}
# - {name: tileid, datatype: int64}
# - {name: tileebv, datatype: float32}
# - {name: affine_x0, datatype: float32}
# - {name: affine_y0, datatype: float32}
# - {name: affine_dx, datatype: float32}
# - {name: affine_dxx, datatype: float32}
# - {name: affine_dxy, datatype: float32}
# - {name: affine_dy, datatype: float32}
# - {name: affine_dyx, datatype: float32}
# - {name: affine_dyy, datatype: float32}
# - {name: checksum, datatype: string}
# - {name: efftime, datatype: float32}
# schema: astropy-2.0
filename extension expnum exptime mjd_obs airmass racenter deccenter rabore decbore band ebv zeropoint transparency seeing sky expfactor camera dx dy nmatched obstype object tileid tileebv affine_x0 affine_y0 affine_dx affine_dxx affine_dxy affine_dy affine_dyx affine_dyy checksum efftime
[from data line 44]
rawdata/DECam_01310240.fits.fz N4 1310240 500.0 60501.21408548 1.09 309.78658344869007 -12.099103751341652 309.79426666666666 -12.024 M464 0.043422252 24.911833 0.9777165 1.6905389 21.814114 2.4428608 decam 10.147543 -14.2040205 433 object IBIS_wide_M464_349018 349018 0.045196 924.0 1948.0 -0.53216964 1.0002307 0.0016659227 0.20913799 -0.001761613 1.0001876 17544616339 204.67807
rawdata/DECam_01310241.fits.fz N4 1310241 500.0 60501.22025798 1.07 312.61151342417554 -14.553103729059375 312.619275 -14.478 M464 0.055253826 24.902067 0.9648661 1.8506947 21.823624 2.955115 decam -1.0612606 -4.1447573 359 object IBIS_wide_M464_348986 348986 0.05603 924.0 1948.0 -0.03735419 1.0000136 0.0014300981 0.21726984 -0.0017418205 1.0001612 16885521164 169.19815
rawdata/DECam_01310242.fits.fz N4 1310242 500.0 60501.22640399 1.07 313.0025143851473 -14.286103731506262 313.01026666666667 -14.211 M464 0.050682597 24.919323 0.98032284 1.6460536 21.83064 2.2504327 decam -6.854773 -8.737006 345 object IBIS_wide_M464_351972 351972 0.054689 924.0 1948.0 -0.26814088 0.9999554 0.0015944958 0.10012793 -0.0014598252 0.9999841 16910667040 222.17949
rawdata/DECam_01310243.fits.fz N4 1310243 500.0 60501.23257421 1.06 313.71749991545596 -14.81610372664335 313.72527083333335 -14.741 M464 0.04901961 24.911966 0.97164255 1.739408 21.822882 2.5655696 decam -15.895732 6.1423206 361 object IBIS_wide_M464_351966 351966 0.051218 924.0 1948.0 -0.008705077 1.000077 0.0015530768 0.19717504 -0.0015585861 1.0000982 16883248080 194.88849
rawdata/DECam_01310244.fits.fz N4 1310244 500.0 60501.23873316 1.07 314.32857070183695 -12.534103747424089 314.3362666666667 -12.459 M464 0.06925912 24.90889 0.9709471 1.6500312 21.824137 2.319046 decam -26.213058 1.9924183 367 object IBIS_wide_M464_349033 349033 0.050543 924.0 1948.0 0.06743715 1.0000579 0.0013897025 0.11908458 -0.0014533851 1.0001925 16856433097 215.60591
rawdata/DECam_01310245.fits.fz N4 1310245 500.0 60501.24487004 1.06 316.0925652545878 -12.715103745790149 316.1002666666667 -12.64 M464 0.039285906 24.927288 0.98545057 1.600948 21.85311 2.0551918 decam -22.699099 3.8556707 321 object IBIS_wide_M464_349028 349028 0.043336 924.0 1948.0 -0.11809135 1.0001624 0.0013820993 0.06207479 -0.0013832345 1.0000676 16789674231 243.2863
rawdata/DECam_01310246.fits.fz N4 1310246 500.0 60501.25103295 1.06 319.9435233038016 -14.269103731661858 319.951275 -14.194 M464 0.06054893 24.924887 0.9832741 1.5677712 21.815704 2.0491042 decam -18.487907 15.910084 249 object IBIS_wide_M464_353900 353900 0.065135 924.0 1948.0 -0.120611735 1.0001347 0.0012117146 0.04455755 -0.0012709302 1.0001606 16943267779 244.00905
rawdata/DECam_01310247.fits.fz N4 1310247 500.0 60501.25718845 1.06 322.2965113429198 -14.374103730700444 322.30426666666665 -14.299 M464 0.075330116 24.919462 0.9783748 1.6359725 21.8264 2.2313843 decam -17.266068 7.3315024 208 object IBIS_wide_M464_350883 350883 0.073556 924.0 1948.0 0.055335406 1.0000888 0.0011018371 0.21794426 -0.0012715914 1.0000169 16831736885 224.07614
rawdata/DECam_01310248.fits.fz N4 1310248 500.0 60501.26334103 1.06 322.03856980482044 -12.56410374715343 322.04626666666667 -12.489 M464 0.04236696 24.9338 0.9913786 1.5202019 21.84249 1.849208 decam -7.0375595 9.684867 237 object IBIS_wide_M464_353913 353913 0.056685 924.0 1948.0 -0.52769953 0.9999512 0.0011875697 0.08134458 -0.0011730642 1.0000738 17198979988 270.38602
rawdata/DECam_01310249.fits.fz N4 1310249 500.0 60501.26948806 1.06 325.0455540591216 -13.211103741300551 325.05327083333333 -13.136 M464 0.047139224 24.931952 0.9896935 1.5252011 21.841812 1.8688856 decam -3.8536427 18.885174 185 object IBIS_wide_M464_357830 357830 0.050144 924.0 1948.0 -0.19241537 1.0000654 0.0012502884 0.10676727 -0.0013249975 1.0000057 16741007000 267.53912
rawdata/DECam_01310250.fits.fz N4 1310250 500.0 60501.27562913 1.06 325.5085669764827 -12.931103743837198 325.516275 -12.856 M464 0.042530864 24.923393 0.9819224 1.5772489 21.835333 2.0423837 decam -6.839028 17.027779 203 object IBIS_wide_M464_354846 354846 0.044066 924.0 1948.0 -0.008885129 1.000094 0.0010738902 0.15637241 -0.0012116332 1.000163 16877874661 244.81198
rawdata/DECam_01310251.fits.fz N4 1310251 500.0 60501.28179312 1.06 327.8615538555203 -13.08510374244276 327.86926666666665 -13.01 M464 0.03624882 24.931543 0.98932195 1.4450893 21.827036 1.7021906 decam 4.50545 6.130704 190 object IBIS_wide_M464_357826 357826 0.042264 924.0 1948.0 0.21841289 1.0000852 0.0010701612 0.019438328 -0.0011679062 1.0001448 16769719939 293.73914
rawdata/DECam_01310252.fits.fz N4 1310252 500.0 60501.28795382 1.06 327.4255933305723 -12.045103751827074 327.433275 -11.97 M464 0.04177375 24.932247 0.98996323 1.3147357 21.820948 1.4153926 decam -1.3173782 20.16106 183 object IBIS_wide_M464_357849 357849 0.043634 924.0 1948.0 -0.08720518 1.0002997 0.0008090226 0.20674789 -0.0012904904 0.99973744 16820665158 353.25885
rawdata/DECam_01310253.fits.fz N4 1310253 500.0 60501.2941275 1.06 328.687579907842 -12.364103748956637 328.6952708333333 -12.289 M464 0.034074236 24.938843 0.9959956 1.3488419 21.810608 1.4857621 decam 10.476255 8.411838 196 object IBIS_wide_M464_357847 357847 0.037908 924.0 1948.0 -0.024569262 1.0000422 0.0008163319 0.034055877 -0.0010131025 0.999976 16873656142 336.52762
rawdata/DECam_01310254.fits.fz N4 1310254 500.0 60501.30026865 1.05 330.6535642793597 -13.018103743049641 330.661275 -12.943 M464 0.044856947 24.932543 0.98813677 1.4064833 21.810919 1.6338832 decam 6.6456065 9.732679 167 object IBIS_wide_M464_357840 357840 0.043238 924.0 1948.0 0.027782153 1.0000688 0.0012564759 -0.07533183 -0.0008882905 1.0000064 16778952726 306.0194
rawdata/DECam_01310255.fits.fz N4 1310255 500.0 60501.30641891 1.05 332.84554960711756 -13.35110374003005 332.85327083333334 -13.276 M464 0.04384289 24.92846 0.98442805 1.4073586 21.801455 1.6626933 decam 12.943408 0.9517168 154 object IBIS_wide_M464_354798 354798 0.041059 924.0 1948.0 -0.12671487 1.0000857 0.00076522084 0.10050895 -0.0008319958 1.000058 16850167511 300.71692
rawdata/DECam_01310256.fits.fz N4 1310256 500.0 60501.3125864 1.05 332.7205774788674 -12.586103746954906 332.728275 -12.511 M464 0.03519681 24.926346 0.9825123 1.5949167 21.799103 2.1477811 decam 26.998795 20.012636 127 object IBIS_wide_M464_357786 357786 0.042212 924.0 1948.0 -0.23852539 1.0005095 0.0010172976 -0.0015058164 -0.000932436 1.0000448 16850480178 232.7984
rawdata/DECam_01310257.fits.fz N4 1310257 500.0 60501.3187236 1.05 334.4065719768544 -12.768103745311262 334.414275 -12.693 M464 0.045661528 24.921717 0.97833365 1.6305871 21.770136 2.325264 decam 20.61065 14.478845 127 object IBIS_wide_M464_354810 354810 0.043244 924.0 1948.0 -0.15043338 1.0001146 0.00078852335 0.04956984 -0.0007336105 1.0001556 16910203015 215.02936
rawdata/DECam_01310258.fits.fz N4 1310258 500.0 60501.32489662 1.04 338.85751394590625 -14.419103730288136 338.86527083333334 -14.344 M464 0.043299034 24.921806 0.9763439 1.6293498 21.795357 2.268347 decam 19.000134 -4.5906754 106 object IBIS_wide_M464_354775 354775 0.050387 924.0 1948.0 -0.16856642 1.0001354 0.0007057544 0.088184245 -0.00064198085 1.0000186 16778923944 220.42482
rawdata/DECam_01310259.fits.fz N4 1310259 500.0 60501.3310353 1.04 340.5485131430989 -14.322103731176686 340.55626666666666 -14.247 M464 0.04092263 24.90316 0.95971966 1.697349 21.775602 2.5942323 decam 22.570505 -5.9953976 98 object IBIS_wide_M464_357760 357760 0.044107 924.0 1948.0 0.16565058 0.9999807 0.000593809 0.11440944 -0.00022847355 1.0000238 16796461433 192.73524
rawdata/DECam_01310260.fits.fz N4 1310260 500.0 60501.3372002 1.04 341.5405138459939 -14.541103729169471 341.548275 -14.466 M464 0.042883586 24.900803 0.9576372 1.7753326 21.736465 2.954848 decam 14.853185 5.0009007 87 object IBIS_wide_M464_354995 354995 0.043445 924.0 1948.0 -0.14121406 1.0006067 0.000256547 0.0984281 -0.00089234597 1.0000788 17000235605 169.21344
rawdata/DECam_01310261.fits.fz N4 1310261 50.0 60501.34473715 1.76 34.265731728070264 -5.173103812330712 34.273275 -5.098 g 0.02235076 26.521166 1.0378785 1.9610349 21.304813 6.5064836 decam 9.3385935 30.651604 56 object coord_check 0 0.0 924.0 1948.0 -0.2337466 1.0001271 -0.0013649304 -0.1375771 0.00107581 1.0003792 16374610689 7.6846423
rawdata/DECam_01310262.fits.fz N4 1310262 500.0 60501.34702632 1.73 34.265731728070264 -5.173103812330712 34.273275 -5.098 M411 0.02235076 24.14711 0.90132284 2.163989 21.80721 7.145815 decam -11.698161 13.521011 39 object IBIS_deep_xmm_M411_63 0 0.0 924.0 1948.0 -0.34415582 1.0005432 -0.0014115894 -0.102833524 0.0010691402 1.0004653 16273342784 69.97102
rawdata/DECam_01310263.fits.fz N4 1310263 500.0 60501.3531717 1.66 35.13771075713614 -6.428103801430884 35.145270833333335 -6.353 M411 0.026346643 24.205465 0.9308898 2.2030478 21.792826 6.73987 decam -13.089149 15.217543 36 object IBIS_deep_xmm_M411_68 0 0.0 924.0 1948.0 0.045376427 1.001095 -0.001832572 0.040272422 0.0010418966 1.0004429 16618639025 74.18541
rawdata/DECam_01310264.fits.fz N4 1310264 500.0 60501.35931832 1.6 34.73972606277688 -5.62810380838453 34.747275 -5.553 M411 0.0225511 24.214125 0.9212339 2.2646067 21.832684 6.7562685 decam -11.36881 9.604489 44 object IBIS_deep_xmm_M411_81 0 0.0 924.0 1948.0 1.2565724 1.0000983 -0.0017427857 -0.47376382 0.0009904935 1.0004082 16264756517 74.00535
rawdata/DECam_01310265.fits.fz N4 1310265 500.0 60501.36546321 1.54 34.57773352438705 -5.020103813656372 34.585275 -4.945 M411 0.021067124 24.20918 0.90032697 2.4708562 21.807873 8.303508 decam -8.865726 11.221711 33 object IBIS_deep_xmm_M411_79 0 0.0 924.0 1948.0 1.1482242 0.99993205 -0.0018544865 -0.045694057 0.001078113 1.0003374 16342968743 60.21552
rawdata/DECam_01310266.fits.fz N4 1310266 300.0 60501.37163366 1.5 34.62374119581646 -4.7071038163664225 34.631279166666666 -4.632 M411 0.021382116 24.193207 0.87636024 2.4569619 21.808722 8.449012 decam -24.3571 13.876946 35 object IBIS_deep_xmm_M411_78 0 0.0 924.0 1948.0 0.06006319 1.0002997 -0.0016403351 0.18916136 0.0011217293 1.0002295 15943627456 35.50711
rawdata/DECam_01310268.fits.fz N4 1310268 50.0 60501.37921903 1.04 357.1105133538349 -14.55510372904102 357.118275 -14.48 g 0.035635438 26.610905 1.0071212 1.9624718 21.570837 4.676705 decam -5.518679 -31.820232 62 object coord_check 0 0.0 924.0 1948.0 -0.046463594 1.0001776 -0.00029861243 -0.15670298 5.1306048e-05 1.0000939 16222093898 10.691288
rawdata/DECam_01310269.fits.fz N4 1310269 500.0 60501.3807601 1.04 357.1105133538349 -14.55510372904102 357.118275 -14.48 M464 0.035635438 24.891651 0.94959956 2.1295125 21.729027 4.3523836 decam -4.2570157 -43.010143 66 object IBIS_wide_M464_356882 356882 0.032162 924.0 1948.0 0.0050829966 1.0002209 -0.0004220194 -0.09643558 7.182151e-05 1.0001516 16954441620 114.87958
rawdata/DECam_01310270.fits.fz N4 1310270 500.0 60501.38692598 1.04 359.64449732543824 -14.888103725980914 359.6522708333333 -14.813 M464 0.031634174 24.906569 0.9627366 2.0548275 21.760302 3.8308156 decam 0.59910566 -47.726337 60 object IBIS_wide_M464_354826 354826 0.031592 924.0 1948.0 -0.13276602 1.0002341 -0.00015818342 -0.16623268 0.00034300404 1.0000867 16806042647 130.52051
rawdata/DECam_01310271.fits.fz N4 1310271 500.0 60501.3937035 1.04 359.40851461832455 -14.519103729371288 359.416275 -14.444 M464 0.03172801 24.877323 0.93715096 2.1770499 21.775133 4.4762297 decam 3.1873403 6.9885507 74 object IBIS_wide_M464_359883 359883 0.031727 924.0 1948.0 0.033336643 1.0003655 -0.00017499013 -0.20008127 0.00029065498 1.0001754 16800317982 111.70115
rawdata/DECam_01310272.fits.fz N4 1310272 500.0 60501.39986182 1.04 0.6525096793272767 -14.541103729169475 0.6602708333333334 -14.466 M464 0.03056133 24.890017 0.9481705 2.2487404 21.785421 4.621375 decam -1.9901681 5.291849 64 object IBIS_wide_M464_300909 300909 0.031505 924.0 1948.0 -0.116222724 0.999768 -0.0005570815 0.08394763 -2.1665066e-05 0.99976194 16773438999 108.1929
rawdata/DECam_01310273.fits.fz N4 1310273 500.0 60501.40602672 1.04 2.1585022416511643 -14.75110372724101 2.1662708333333334 -14.676 M464 0.03033422 24.880682 0.94005454 2.2497237 21.772474 4.76207 decam 3.3862436 -7.826834 58 object IBIS_wide_M464_300908 300908 0.028269 924.0 1948.0 0.059952077 1.0000868 -0.00043341212 0.0025170923 0.00015571715 1.0003111 18262234889 104.99635
rawdata/DECam_01310274.fits.fz N4 1310274 500.0 60501.41218187 1.04 2.621515074091713 -14.506103729490528 2.629275 -14.431 M464 0.027795492 24.906418 0.96260273 2.026648 21.780985 3.6572266 decam 11.257802 -10.238403 70 object IBIS_wide_M464_303894 303894 0.027709 924.0 1948.0 -0.17504528 1.0001458 -0.00053006 -0.1873373 0.00036299348 1.000261 17288588039 136.71562
rawdata/DECam_01310275.fits.fz N4 1310275 500.0 60501.41832933 1.04 4.901513389006598 -14.554103729050196 4.909275 -14.479 M464 0.029781526 24.904778 0.961149 2.0628302 21.8202 3.6655548 decam 14.23302 -15.545529 63 object IBIS_wide_M464_300904 300904 0.02606 924.0 1948.0 0.07767754 0.9999681 3.691067e-05 -0.23494671 0.0005979599 1.0002437 16751353169 136.405
rawdata/DECam_01310276.fits.fz N4 1310276 500.0 60501.42448594 1.04 6.520517793195395 -14.308103731304865 6.528270833333333 -14.233 M464 0.03992539 24.913668 0.96905154 1.7641466 21.79428 2.7016687 decam 11.340399 -4.171633 77 object IBIS_wide_M464_303853 303853 0.031942 924.0 1948.0 0.08113854 1.0001312 -0.00041280454 -0.2210225 0.0008529259 0.9999422 16794049213 185.0708
rawdata/DECam_01310277.fits.fz N4 1310277 500.0 60501.43063495 1.04 9.143513494505457 -14.551103729077727 9.151275 -14.475999999999999 M464 0.022228546 24.929058 0.98288685 1.6701776 21.616394 2.7731268 decam 5.5721254 -4.1399236 73 object IBIS_wide_M464_300863 300863 0.021653 924.0 1948.0 0.055256933 1.0004355 -0.0005437733 -0.15954715 0.00059932115 1.0002718 17045988216 180.3019
