logs/db-2024-11-23.ecsv
# %ECSV 1.0
# ---
# datatype:
# - {name: filename, datatype: string}
# - {name: extension, datatype: string}
# - {name: expnum, datatype: int64}
# - {name: exptime, datatype: float32}
# - {name: mjd_obs, datatype: float64}
# - {name: airmass, datatype: float32}
# - {name: racenter, datatype: float64}
# - {name: deccenter, datatype: float64}
# - {name: rabore, datatype: float64}
# - {name: decbore, datatype: float64}
# - {name: band, datatype: string}
# - {name: ebv, datatype: float32}
# - {name: zeropoint, datatype: float32}
# - {name: transparency, datatype: float32}
# - {name: seeing, datatype: float32}
# - {name: sky, datatype: float32}
# - {name: expfactor, datatype: float32}
# - {name: camera, datatype: string}
# - {name: dx, datatype: float32}
# - {name: dy, datatype: float32}
# - {name: nmatched, datatype: int64}
# - {name: obstype, datatype: string}
# - {name: object, datatype: string}
# - {name: tileid, datatype: int64}
# - {name: tileebv, datatype: float32}
# - {name: affine_x0, datatype: float32}
# - {name: affine_y0, datatype: float32}
# - {name: affine_dx, datatype: float32}
# - {name: affine_dxx, datatype: float32}
# - {name: affine_dxy, datatype: float32}
# - {name: affine_dy, datatype: float32}
# - {name: affine_dyx, datatype: float32}
# - {name: affine_dyy, datatype: float32}
# - {name: checksum, datatype: string}
# - {name: efftime, datatype: float32}
# schema: astropy-2.0
filename extension expnum exptime mjd_obs airmass racenter deccenter rabore decbore band ebv zeropoint transparency seeing sky expfactor camera dx dy nmatched obstype object tileid tileebv affine_x0 affine_y0 affine_dx affine_dxx affine_dxy affine_dy affine_dyx affine_dyy checksum efftime
[from data line 45]
rawdata/DECam_01342588.fits.fz N4 1342588 500.0 60638.2898613 1.39 53.916591341438 -11.82110375383859 53.92426666666667 -11.746 M517 0.083943 24.734106 1.0298798 1.13491 20.698288 5.1212006 decam -20.994274 -6.068842 75 object IBIS_wide_M517_510137 510137 0.064879 924.0 1948.0 -0.045551576 0.99999523 -0.0019205286 -0.5792895 0.0021502634 1.0001354 18423311806 97.633354
rawdata/DECam_01342589.fits.fz N4 1342589 500.0 60638.2960421 1.43 53.1415647147072 -13.004103743176413 53.149275 -12.929 M517 0.041385137 24.712934 1.0164871 1.2193614 20.659132 4.883707 decam -18.74607 -12.76362 78 object IBIS_wide_M517_507149 507149 0.053457 924.0 1948.0 0.6964956 1.0001432 -0.002126462 -0.08170664 0.0021033054 1.000199 18589448437 102.38124
rawdata/DECam_01342590.fits.fz N4 1342590 500.0 60638.30414352 1.29 127.6157705817611 0.4228961394444746 127.62328333333333 0.498 M517 0.046948597 24.75049 1.0289164 1.130892 20.478172 4.7959895 decam -34.038773 -36.944313 298 object IBIS_wide_M517_519514 519514 0.043149 924.0 1948.0 0.18642947 1.0001398 -0.0019589995 -0.09329894 0.0016477896 1.0001911 19302012581 104.25377
rawdata/DECam_01342591.fits.fz N4 1342591 500.0 60638.31030125 1.27 128.3667624522266 -0.027103856687235243 128.37427499999998 0.048 M517 0.04386925 24.752302 1.0273361 1.1847739 20.472582 5.1720695 decam -33.570683 -32.64164 231 object IBIS_wide_M517_519508 519508 0.042738 924.0 1948.0 0.21848893 1.000212 -0.0017582809 -0.28022078 0.0014877197 1.0000651 19400675364 96.6731
rawdata/DECam_01342592.fits.fz N4 1342592 500.0 60638.3165483 1.26 127.38076427963804 1.4298961307857618 127.38827916666668 1.505 M517 0.037077453 24.75797 1.0310606 1.1642237 20.467834 4.7580934 decam 2.7963333 13.814158 276 object IBIS_wide_M517_522502 522502 0.042454 924.0 1948.0 0.19703399 1.0001503 -0.0018724687 -0.22053133 0.0016782687 1.0000399 19356552908 105.08411
rawdata/DECam_01342593.fits.fz N4 1342593 500.0 60638.32271401 1.25 127.75976744364762 1.7088961283856576 127.76728333333335 1.784 M517 0.04264209 24.757618 1.029076 1.109737 20.457031 4.5245976 decam 2.0584426 19.463762 270 object IBIS_wide_M517_519517 519517 0.042363 924.0 1948.0 -0.25777847 1.000261 -0.0017810062 -0.18866614 0.0017938601 1.0001562 19664672762 110.507065
rawdata/DECam_01342594.fits.fz N4 1342594 500.0 60638.32886739 1.23 127.01176042012214 2.3268961230666503 127.01927916666665 2.402 M517 0.046368327 24.75573 1.0240006 0.9779908 20.458471 3.6066704 decam 5.9688163 19.843414 272 object IBIS_wide_M517_519539 519539 0.044917 924.0 1948.0 0.076173134 1.0001583 -0.0018664262 -0.3507852 0.0016801814 1.0002983 19278349321 138.63202
rawdata/DECam_01342595.fits.fz N4 1342595 500.0 60638.33504012 1.18 128.97275854751297 -1.847103841036914 128.980275 -1.772 M517 0.028964156 24.761343 1.0210928 1.0536017 20.459818 3.7101374 decam 1.4282225 27.936275 242 object IBIS_wide_M517_519252 519252 0.029841 924.0 1948.0 0.4615801 1.0001125 -0.0017897781 -0.14701968 0.0018432843 1.0002265 19339099786 134.7659
rawdata/DECam_01342596.fits.fz N4 1342596 500.0 60638.34122678 1.21 128.04676196276546 2.0168961257352658 128.05427916666667 2.092 M517 0.04195937 24.763596 1.0281445 1.0512254 20.347511 4.4239144 decam 10.139087 29.042753 231 object IBIS_wide_M517_522503 522503 0.042659 924.0 1948.0 -0.19130541 1.0000229 -0.0017393914 -0.33055162 0.0018732443 1.0001568 19744011020 113.02208
rawdata/DECam_01342597.fits.fz N4 1342597 500.0 60638.3473718 1.18 128.6897707397592 0.20189614134426118 128.69728333333333 0.277 M517 0.042640876 24.771994 1.0311579 1.0316314 20.064484 5.4681892 decam 6.807206 27.893063 247 object IBIS_wide_M517_522494 522494 0.042779 924.0 1948.0 -0.14910842 1.0003598 -0.0020688276 -0.16059762 0.0016855071 1.000431 20967416651 91.43795
