logs/db-2025-12-28.ecsv
# %ECSV 1.0
# ---
# datatype:
# - {name: filename, datatype: string}
# - {name: extension, datatype: string}
# - {name: expnum, datatype: int64}
# - {name: exptime, datatype: float32}
# - {name: mjd_obs, datatype: float64}
# - {name: airmass, datatype: float32}
# - {name: racenter, datatype: float64}
# - {name: deccenter, datatype: float64}
# - {name: rabore, datatype: float64}
# - {name: decbore, datatype: float64}
# - {name: band, datatype: string}
# - {name: ebv, datatype: float32}
# - {name: zeropoint, datatype: float32}
# - {name: transparency, datatype: float32}
# - {name: seeing, datatype: float32}
# - {name: sky, datatype: float32}
# - {name: expfactor, datatype: float32}
# - {name: camera, datatype: string}
# - {name: dx, datatype: float32}
# - {name: dy, datatype: float32}
# - {name: nmatched, datatype: int64}
# - {name: obstype, datatype: string}
# - {name: object, datatype: string}
# - {name: tileid, datatype: int64}
# - {name: tileebv, datatype: float32}
# - {name: affine_x0, datatype: float32}
# - {name: affine_y0, datatype: float32}
# - {name: affine_dx, datatype: float32}
# - {name: affine_dxx, datatype: float32}
# - {name: affine_dxy, datatype: float32}
# - {name: affine_dy, datatype: float32}
# - {name: affine_dyx, datatype: float32}
# - {name: affine_dyy, datatype: float32}
# - {name: checksum, datatype: string}
# - {name: efftime, datatype: float32}
# schema: astropy-2.0
filename extension expnum exptime mjd_obs airmass racenter deccenter rabore decbore band ebv zeropoint transparency seeing sky expfactor camera dx dy nmatched obstype object tileid tileebv affine_x0 affine_y0 affine_dx affine_dxx affine_dxy affine_dy affine_dyx affine_dyy checksum efftime
rawdata/DECam_01445072.fits.fz N4 1445072 35.0 61038.19965081 1.32 130.84575785636983 -2.766103833124153 130.85327916666668 -2.691 M517 0.028679756 25.005032 1.0286896 1.055462 20.551756 3.5190177 decam 14.86242 33.407585 204 object "pointing test" 0 0.0 924.0 1948.0 0.14572997 1.0001558 -0.001953994 -0.10293248 0.001664878 1.0000892 15662707197 9.945957
rawdata/DECam_01445073.fits.fz N4 1445073 743.1157 61038.2012338 1.32 130.84575785636983 -2.766103833124153 130.85327916666668 -2.691 M517 0.028679756 25.015371 1.0385336 1.0484192 20.76067 2.8104875 decam -6.5836396 9.41396 344 object IBIS_wide_M517_522230 522230 0.026859 924.0 1948.0 0.03665011 1.000209 -0.0019180052 -0.124191605 0.0017122912 1.0000678 21351179147 264.4081
rawdata/DECam_01445074.fits.fz N4 1445074 473.3174 61038.21016795 1.28 132.26873985775632 -4.009103822401394 132.27627083333334 -3.934 M517 0.019298507 25.01181 1.0285178 1.02941 21.108627 1.8669902 decam -9.585594 14.613174 340 object IBIS_wide_M517_522206 522206 0.02028 924.0 1948.0 -0.054326635 1.0002269 -0.0019974173 -0.2066613 0.0017229349 1.000176 18041283694 253.51895
rawdata/DECam_01445075.fits.fz N4 1445075 372.7079 61038.21598937 1.29 134.71674748149104 -3.071103830495536 134.72427083333335 -2.996 M517 0.014325213 25.00903 1.0275334 1.016649 21.331194 1.4455701 decam -16.07794 29.216873 290 object IBIS_wide_M517_519317 519317 0.017238 924.0 1948.0 0.1972624 1.0003477 -0.001979464 -0.21599662 0.0018695077 1.0001168 17088238331 257.8276
rawdata/DECam_01445076.fits.fz N4 1445076 357.258 61038.22063705 1.28 135.78675362077328 -3.3681038279344238 135.79427916666668 -3.293 M517 0.021609748 25.006287 1.023299 1.0187477 21.4707 1.3427039 decam -11.702379 37.846867 289 object IBIS_wide_M517_522297 522297 0.02012 924.0 1948.0 0.34208503 1.0002425 -0.0018995999 -0.20246167 0.0017963792 1.00016 17089767659 266.07355
rawdata/DECam_01445077.fits.fz N4 1445077 304.9983 61038.22509763 1.28 136.44474909292808 -2.8331038325468407 136.45227083333333 -2.758 M517 0.017685965 25.014116 1.0307056 0.9957645 21.541063 1.1565237 decam -8.479128 37.1377 245 object IBIS_wide_M517_522298 522298 0.021072 924.0 1948.0 -0.19038808 1.0004508 -0.0017044009 -0.22356729 0.0016278683 1.000029 16503411441 263.71988
rawdata/DECam_01445078.fits.fz N4 1445078 344.0981 61038.23183188 1.25 135.89476159439826 -2.0951038389025642 135.90227916666666 -2.02 M517 0.01793427 25.004879 1.0170723 1.0215027 21.549019 1.2306855 decam -12.13761 6.804949 275 object IBIS_wide_M517_522304 522304 0.021061 924.0 1948.0 0.33287615 1.0000619 -0.0017792954 -0.05717723 0.0016680812 1.0002115 16687608538 279.59875
rawdata/DECam_01445079.fits.fz N4 1445079 330.2882 61038.23612484 1.24 137.51475603210977 -3.040103830762772 137.52227916666666 -2.965 M517 0.02632755 25.00897 1.0192769 1.0389762 21.590548 1.2815306 decam -13.700585 0.85589147 216 object IBIS_wide_M517_519313 519313 0.025428 924.0 1948.0 0.058848087 1.0002781 -0.0018721456 -0.28683463 0.0016402345 1.0001084 16549389021 257.72946
rawdata/DECam_01445080.fits.fz N4 1445080 337.0781 61038.24025504 1.23 139.29574311993994 -4.10610382156338 139.30327499999999 -4.031 M517 0.03379169 25.015259 1.0235562 1.0154127 21.587242 1.2717178 decam -10.048965 0.4389505 244 object IBIS_wide_M517_522273 522273 0.033466 924.0 1948.0 0.3549365 1.0001578 -0.0016688458 -0.21280341 0.0017324924 1.0001044 16598013348 265.0573
rawdata/DECam_01445081.fits.fz N4 1445081 316.7682 61038.24448199 1.22 140.17473868029023 -4.55210381770755 140.182275 -4.477 M517 0.0306557 25.011755 1.018624 1.004113 21.592293 1.2217165 decam -8.911116 10.720132 224 object IBIS_wide_M517_522267 522267 0.03448 924.0 1948.0 0.4401972 1.0002387 -0.0017627903 -0.06781004 0.0016578324 1.000155 16632427761 259.28125
rawdata/DECam_01445082.fits.fz N4 1445082 301.9383 61038.24847283 1.21 137.94774941488288 -2.7831038329776763 137.95527083333332 -2.708 M517 0.028286757 25.008282 1.0137448 0.9877585 21.580698 1.1850384 decam -7.1452656 8.190229 212 object IBIS_wide_M517_522299 522299 0.028912 924.0 1948.0 0.06403953 1.0000825 -0.0017991115 -0.18202324 0.0016635625 1.0001144 16449839422 254.79198
rawdata/DECam_01445083.fits.fz N4 1445083 347.438 61038.25229803 1.2 140.5887417369765 -4.250103820318943 140.596275 -4.175 M517 0.03821035 25.012144 1.0157281 1.0367911 21.58746 1.370368 decam 1.2852236 -1.901319 226 object IBIS_wide_M517_519282 519282 0.035511 924.0 1948.0 0.021549294 1.0003421 -0.001700115 -0.31215262 0.0016846353 1.0001476 16610160003 253.53627
rawdata/DECam_01445084.fits.fz N4 1445084 364.9979 61038.2566374 1.19 142.90071903688474 -5.844103806509046 142.90827083333335 -5.769 M517 0.03796555 25.02267 1.0239817 1.0332143 21.594618 1.3240162 decam -9.259656 -2.297914 225 object IBIS_wide_M517_522255 522255 0.037776 924.0 1948.0 0.16107287 1.000267 -0.001631879 -0.18927515 0.0013533513 1.000013 16912911535 275.6748
rawdata/DECam_01445085.fits.fz N4 1445085 338.128 61038.26119947 1.19 143.19273658304783 -4.748103816011575 143.200275 -4.673 M517 0.032558464 25.016428 1.0181112 1.0378273 21.608171 1.2902025 decam 6.8796906 0.15161054 195 object IBIS_wide_M517_522259 522259 0.036416 924.0 1948.0 -0.15104225 1.0002854 -0.0016623886 -0.116989896 0.0013956035 1.0000939 16586721910 262.07358
rawdata/DECam_01445086.fits.fz N4 1445086 386.7079 61038.26543779 1.18 142.78973732531205 -4.2751038201028475 142.79727083333333 -4.2 M517 0.039908152 25.013865 1.0140845 1.0645518 21.61437 1.4197111 decam 2.5347872 -2.7215881 220 object IBIS_wide_M517_519274 519274 0.034796 924.0 1948.0 -0.055936504 1.0002545 -0.0016913853 -0.24709588 0.0015621128 1.0001123 16728249667 272.38492
rawdata/DECam_01445087.fits.fz N4 1445087 291.4183 61038.2702267 1.17 144.44673177572847 -5.16910381236538 144.454275 -5.094 M517 0.037720267 25.008776 1.0077264 1.0368998 21.63944 1.3106886 decam 1.1749352 -7.322791 202 object IBIS_wide_M517_527952 527952 0.037725 924.0 1948.0 0.10545398 1.0001634 -0.0014798248 -0.13421714 0.0016821921 1.0001863 16812635835 222.33984
rawdata/DECam_01445088.fits.fz N4 1445088 346.738 61038.27393533 1.17 144.31073716775234 -4.2911038199645395 144.31827083333334 -4.216 M517 0.04610964 25.004168 1.0034579 1.0223235 21.618563 1.3804746 decam 4.849246 -14.053454 221 object IBIS_wide_M517_524984 524984 0.043426 924.0 1948.0 -0.16839387 1.0001538 -0.0014988555 -0.08048476 0.0015663758 1.0001957 16590617392 251.17305
rawdata/DECam_01445089.fits.fz N4 1445089 392.1978 61038.27826746 1.17 146.1147343622067 -4.9471038142886545 146.122275 -4.872 M517 0.05312677 24.959343 0.9628737 1.0226661 21.644735 1.5301915 decam 0.47291142 -17.841614 193 object IBIS_wide_M517_524976 524976 0.052138 924.0 1948.0 0.4869069 1.0000542 -0.0013684368 -0.1586003 0.001397994 1.0001373 16719442671 256.30637
rawdata/DECam_01445090.fits.fz N4 1445090 377.2578 61038.28314839 1.16 146.80273436215447 -5.300103811229842 146.81027916666665 -5.225 M517 0.06776968 25.0143 1.0112432 1.052908 21.671213 1.5673562 decam 11.914605 -24.165628 207 object IBIS_wide_M517_524970 524970 0.059839 924.0 1948.0 0.29246223 1.0002831 -0.0015052118 -0.34149474 0.0015651926 1.0001513 16702445915 240.69691
rawdata/DECam_01445091.fits.fz N4 1445091 329.7781 61038.28788899 1.16 151.03370971073616 -6.498103800821439 151.04127083333333 -6.423 M517 0.035550624 25.013292 1.0103067 1.0747523 21.651445 1.3622984 decam 2.3460407 -28.440329 149 object IBIS_wide_M517_524948 524948 0.037083 924.0 1948.0 0.17209943 1.000316 -0.0013742497 0.0068224403 0.0013507943 1.000171 16447036865 242.0748
rawdata/DECam_01445092.fits.fz N4 1445092 403.2776 61038.29203192 1.15 149.63773275431532 -5.4301038101025005 149.64527916666665 -5.355 M517 0.03605079 25.013683 1.0090523 1.1106844 21.654325 1.4543473 decam -0.31113315 -17.85959 185 object IBIS_wide_M517_524956 524956 0.035099 924.0 1948.0 0.07820473 1.000453 -0.0012596821 -0.19502561 0.001347161 1.00027 16785401495 277.29114
rawdata/DECam_01445093.fits.fz N4 1445093 323.7481 61038.29701336 1.15 149.99872758523742 -5.171103812348046 150.00627083333336 -5.096 M517 0.032470305 25.012634 1.008077 1.06967 21.654745 1.3213389 decam 7.944975 -16.706575 166 object IBIS_wide_M517_527942 527942 0.033021 924.0 1948.0 0.28746918 1.0001565 -0.0014076516 -0.032809384 0.0013400799 0.99999315 16422172272 245.0152
rawdata/DECam_01445094.fits.fz N4 1445094 322.8781 61038.30109557 1.15 151.41472789422647 -5.145103812573365 151.42227083333333 -5.07 M517 0.04004697 25.023718 1.0184208 1.0275328 21.660807 1.2457994 decam 9.5774 -25.961489 159 object IBIS_wide_M517_528440 528440 0.037977 924.0 1948.0 -0.046847425 1.0004133 -0.0011437603 -0.16888301 0.0011416356 1.0001651 16446870546 259.17343
rawdata/DECam_01445095.fits.fz N4 1445095 369.5378 61038.30516289 1.14 153.49372016181505 -5.76010380723857 153.50127083333334 -5.6850000000000005 M517 0.038592003 25.016083 1.0096648 1.0943664 21.651749 1.431676 decam -1.118791 -19.146538 188 object IBIS_wide_M517_528433 528433 0.041339 924.0 1948.0 -0.080531225 1.0001056 -0.0012308822 -0.07448972 0.001397444 1.0001067 16710600064 258.11554
rawdata/DECam_01445096.fits.fz N4 1445096 446.9374 61038.30975449 1.14 155.58271616420998 -6.3441038021619995 155.59027500000002 -6.269 M517 0.040341653 25.015009 1.0086666 1.1678042 21.652187 1.6503581 decam 1.8808117 -23.243895 170 object IBIS_wide_M517_528412 528412 0.042118 924.0 1948.0 0.33292896 1.0002186 -0.0011365807 0.040514555 0.0009499727 1.0002557 16855908176 270.81238
rawdata/DECam_01445097.fits.fz N4 1445097 476.1772 61038.31524298 1.14 153.47873277574607 -4.715103816297189 153.48627083333332 -4.64 M517 0.036532626 25.01076 1.0047258 1.2240624 21.631708 1.8181603 decam 4.231059 -18.4361 157 object IBIS_wide_M517_528438 528438 0.038994 924.0 1948.0 -0.082180515 1.0001299 -0.0011421763 -0.04677555 0.0011976304 1.0001583 17248454530 261.90054
rawdata/DECam_01445098.fits.fz N4 1445098 496.027 61038.32113731 1.13 157.87871698609078 -6.568103800211823 157.88627916666667 -6.493 M517 0.039618406 25.016958 1.0088602 1.2353709 21.616026 1.8936149 decam 3.3515415 -13.053038 143 object IBIS_wide_M517_525430 525430 0.043044 924.0 1948.0 0.3271083 1.0000962 -0.00097608723 -0.05043255 0.00072962075 1.0001776 17039186579 261.94714
rawdata/DECam_01445099.fits.fz N4 1445099 394.5577 61038.32719122 1.12 157.37671892271482 -6.15310380382353 157.384275 -6.078 M517 0.04257963 25.008669 0.99958503 1.1442509 21.620316 1.6741931 decam -0.97624624 -12.849973 164 object IBIS_wide_M517_525432 525432 0.040259 924.0 1948.0 0.12358905 1.0001173 -0.0011652708 -0.03587941 0.0011279149 1.0001389 16694571205 235.67036
rawdata/DECam_01445100.fits.fz N4 1445100 424.8775 61038.33208857 1.12 158.61072442940738 -6.058103804649498 158.61827916666667 -5.983 M517 0.0443812 25.016758 1.0070604 1.1156269 21.578815 1.6476308 decam -0.15894529 -0.86563885 153 object IBIS_wide_M517_525431 525431 0.043784 924.0 1948.0 -0.016326107 1.0001649 -0.0009802021 -0.17194247 0.00093328545 1.0001371 17125852944 257.8718
rawdata/DECam_01445101.fits.fz N4 1445101 10.0 61038.33875716 1.04 130.3761489802335 -32.93424242676747 130.3851 -32.859138888888886 M517 0.33464447 25.089853 1.0634698 1.2402393 21.46213 12.142027 decam -34.51243 43.55213 918 object "LTT3218 N4" 0 0.0 924.0 1948.0 0.11810372 1.0000222 -0.0022256891 -0.33559805 0.0021133772 1.0000762 15403475502 0.82358575
rawdata/DECam_01445102.fits.fz N4 1445102 10.0 61038.34043028 1.04 130.00609898023347 -32.93424242676747 130.01505 -32.859138888888886 M517 0.29259276 25.06581 1.0401775 1.0620031 21.616581 6.2110753 decam 6.944702 -8.939492 1207 object "LTT3218 N5" 0 0.0 924.0 1948.0 0.11649251 1.0002961 -0.0022114662 -0.08877736 0.0023822892 1.0000551 15403077737 1.6100272
rawdata/DECam_01445103.fits.fz N4 1445103 10.0 61038.34085012 1.04 130.74619871054136 -33.10090964695198 130.75516666666667 -33.02580611111111 M517 0.41609186 25.12528 1.0987424 1.1025928 21.277843 17.726448 decam 13.235394 -2.0653663 881 object "LTT3218 S3" 0 0.0 924.0 1948.0 -0.09731783 1.0004163 -0.0022085607 -0.10910543 0.002129069 1.000071 15459638333 0.5641288
rawdata/DECam_01445104.fits.fz N4 1445104 10.0 61038.34128033 1.04 130.37613204387472 -33.100909646952 130.3851 -33.02580611111111 M517 0.3320199 25.080748 1.0545884 0.99417424 21.380667 8.42072 decam 26.271233 -9.984738 1042 object "LTT3218 S4" 0 0.0 924.0 1948.0 -0.13786308 1.0000623 -0.0022232647 -0.4389676 0.002240589 1.0001479 15399779840 1.1875468
rawdata/DECam_01445105.fits.fz N4 1445105 10.0 61038.34170383 1.05 130.00608204387473 -33.10090964695198 130.01505 -33.02580611111111 M517 0.27418688 25.058315 1.0346802 1.0223581 21.57188 5.4217725 decam 22.331453 -20.66041 1179 object "LTT3218 S5" 0 0.0 924.0 1948.0 0.044880304 1.0001693 -0.0022051316 -0.395445 0.0022596754 1.0001266 15401546180 1.8444153
rawdata/DECam_01445106.fits.fz N4 1445106 15.0 61038.34317941 1.01 158.0489082850337 -35.62021461516044 158.05815 -35.54511111111111 M517 0.09512646 25.039124 1.0100557 1.1452979 21.614609 2.2134378 decam 62.32403 -58.295383 309 object "LTT3864 N4" 0 0.0 924.0 1948.0 0.14700654 1.0002155 -0.0012137775 -0.11483817 0.0012104395 1.0001421 15416089719 6.7767887
rawdata/DECam_01445107.fits.fz N4 1445107 15.0 61038.34365766 1.01 157.66682911836705 -35.62021461516044 157.67607083333334 -35.54511111111111 M517 0.097239666 25.034658 1.0059099 1.0764014 21.541174 2.1378033 decam 72.15535 -62.46717 250 object "LTT3864 N5" 0 0.0 924.0 1948.0 0.047311466 1.0004239 -0.0012823624 -0.16511059 0.0010705689 1.0001476 15418987516 7.016548
rawdata/DECam_01445108.fits.fz N4 1445108 15.0 61038.3441278 1.01 158.43095561147695 -35.78688155743227 158.44021666666666 -35.711778055555556 M517 0.09434271 25.033785 1.0051019 1.1336862 21.664515 2.0816855 decam 64.84671 -60.49795 304 object "LTT3864 S3" 0 0.0 924.0 1948.0 0.028733257 1.0001029 -0.0012901556 -0.17777702 0.0010591967 1.0002784 15420621119 7.2056994
rawdata/DECam_01445109.fits.fz N4 1445109 15.0 61038.34461038 1.01 158.0488889448103 -35.78688155743227 158.05815 -35.711778055555556 M517 0.10869775 25.040306 1.011157 1.1545645 21.595526 2.486314 decam 57.84457 -53.238724 317 object "LTT3864 S4" 0 0.0 924.0 1948.0 0.07582396 1.0002309 -0.0012365433 -0.15990356 0.001145704 1.0001855 15420907845 6.033027
rawdata/DECam_01445110.fits.fz N4 1445110 15.0 61038.34508572 1.01 157.66680977814363 -35.78688155743227 157.67607083333334 -35.711778055555556 M517 0.09514436 25.031921 1.0033771 1.1798738 21.567493 2.4860544 decam 48.251686 -46.713802 316 object "LTT3864 S5" 0 0.0 924.0 1948.0 -0.2990441 1.0001273 -0.001301866 -0.0911389 0.0010503662 1.000143 15425023304 6.033657
rawdata/DECam_01445111.fits.fz N4 1445111 150.0 61038.34720673 1.95 220.09403589600333 -26.653360554156233 220.10244166666666 -26.578256944444444 M517 0.10238541 24.887823 1.0215263 1.4208739 20.417385 14.179842 decam 57.45325 -38.931885 402 object "NGC5694 position 13" 0 0.0 924.0 1948.0 -0.09090495 1.000155 0.0011569051 0.19450136 -0.0014900885 1.0007669 17052077936 10.578397
rawdata/DECam_01445112.fits.fz N4 1445112 150.0 61038.3503741 1.89 219.7705293941152 -26.457739722924515 219.77892083333336 -26.38263611111111 M517 0.09634623 24.89737 1.0206845 1.2749087 20.124947 14.145085 decam -8.743323 -1.2500582 529 object "NGC5694 position 14" 0 0.0 924.0 1948.0 -0.8590887 1.0002112 0.0012162487 0.30291888 -0.001784445 1.0004143 17398112210 10.60439
rawdata/DECam_01445113.fits.fz N4 1445113 150.0 61038.35245214 1.85 219.8646409812602 -26.809994719134938 219.87305833333332 -26.73489111111111 M517 0.100006975 24.915127 1.030886 1.370544 19.856554 20.721664 decam -16.772703 8.895322 382 object "NGC5694 position 15" 0 0.0 924.0 1948.0 -0.3162634 1.0002525 0.0012457817 0.028950376 -0.00163252 1.0005981 17950082328 7.2388005
rawdata/DECam_01445114.fits.fz N4 1445114 150.0 61038.35454292 1.82 220.0673775998881 -26.482340555993943 220.07577083333334 -26.407236944444445 M517 0.102787875 25.65752 2.0327308 1.2672856 19.542473 6.1340575 decam 365.12857 -424.88074 41 object "NGC5694 position 16" 0 0.0 924.0 1948.0 1.948872 0.99627864 -0.0007748582 1.1441773 -0.0011161076 1.0008922 18805812412 24.453634
rawdata/DECam_01445115.fits.fz N4 1445115 150.0 61038.35661525 1.79 219.6581227780694 -26.605107499119736 219.666525 -26.53000388888889 M517 0.09661263 24.93055 1.0356276 1.2650671 19.187368 31.123959 decam -18.753248 15.75794 406 object "NGC5694 position 17" 0 0.0 924.0 1948.0 -0.11406256 1.0003121 0.0012414461 0.12683448 -0.0016181841 1.0004042 20113412519 4.8194385
rawdata/DECam_01445116.fits.fz N4 1445116 150.0 61038.3586775 1.77 220.06485253193938 -26.766609719602936 220.07326666666665 -26.69150611111111 M517 0.10152473 24.927662 1.0295721 1.2643251 18.768238 47.410408 decam -24.116951 15.459446 298 object "NGC5694 position 18" 0 0.0 924.0 1948.0 0.0619045 1.0001605 0.0013335618 0.1572544 -0.0016600196 1.0004679 22851213957 3.1638622
rawdata/DECam_01445117.fits.fz N4 1445117 150.0 61038.36073702 1.74 219.88165502587017 -26.39179166807585 219.89004166666666 -26.316688055555556 M517 0.09455698 24.951036 1.0469329 1.3220222 18.349112 69.923515 decam -24.540955 13.104754 281 object "NGC5694 position 19" 0 0.0 924.0 1948.0 -0.16976438 0.9999763 0.0013364813 0.1296759 -0.0015166849 1.0004933 25597161511 2.145201
rawdata/DECam_01445118.fits.fz N4 1445118 150.0 61038.36281866 1.71 219.72938836334566 -26.78912249713791 219.73780416666668 -26.714018888888887 M517 0.092422664 24.957594 1.0482231 1.303012 17.91367 98.90134 decam -17.729977 14.190165 245 object "NGC5694 position 20" 0 0.0 924.0 1948.0 -0.07178976 1.0000299 0.0012657418 0.28096887 -0.0019127813 1.0003725 30694125709 1.5166631
