logs/db-2025-03-29.ecsv
# %ECSV 1.0
# ---
# datatype:
# - {name: filename, datatype: string}
# - {name: extension, datatype: string}
# - {name: expnum, datatype: int64}
# - {name: exptime, datatype: float32}
# - {name: mjd_obs, datatype: float64}
# - {name: airmass, datatype: float32}
# - {name: racenter, datatype: float64}
# - {name: deccenter, datatype: float64}
# - {name: rabore, datatype: float64}
# - {name: decbore, datatype: float64}
# - {name: band, datatype: string}
# - {name: ebv, datatype: float32}
# - {name: zeropoint, datatype: float32}
# - {name: transparency, datatype: float32}
# - {name: seeing, datatype: float32}
# - {name: sky, datatype: float32}
# - {name: expfactor, datatype: float32}
# - {name: camera, datatype: string}
# - {name: dx, datatype: float32}
# - {name: dy, datatype: float32}
# - {name: nmatched, datatype: int64}
# - {name: obstype, datatype: string}
# - {name: object, datatype: string}
# - {name: tileid, datatype: int64}
# - {name: tileebv, datatype: float32}
# - {name: affine_x0, datatype: float32}
# - {name: affine_y0, datatype: float32}
# - {name: affine_dx, datatype: float32}
# - {name: affine_dxx, datatype: float32}
# - {name: affine_dxy, datatype: float32}
# - {name: affine_dy, datatype: float32}
# - {name: affine_dyx, datatype: float32}
# - {name: affine_dyy, datatype: float32}
# - {name: checksum, datatype: string}
# - {name: efftime, datatype: float32}
# schema: astropy-2.0
filename extension expnum exptime mjd_obs airmass racenter deccenter rabore decbore band ebv zeropoint transparency seeing sky expfactor camera dx dy nmatched obstype object tileid tileebv affine_x0 affine_y0 affine_dx affine_dxx affine_dxy affine_dy affine_dyx affine_dyy checksum efftime
rawdata/DECam_01375433.fits.fz N4 1375433 5.0 60763.97495407 1.0 104.67354556758141 -31.072881615688008 104.68231666666667 -30.997778055555557 r 0.13443528 26.855291 1.0349425 1.814384 16.230453 250.09183 decam -19.053589 -48.042313 378 object pointing 0 0.0 924.0 1948.0 -0.03151045 0.99995846 -0.002949414 0.039538834 0.002768118 1.0000005 27857470543 0.019992657
rawdata/DECam_01375434.fits.fz N4 1375434 30.0 60763.9762465 1.0 104.67354556758141 -31.072881615688008 104.68231666666667 -30.997778055555557 r 0.13443528 26.863688 1.0429773 1.1370927 16.656431 65.40891 decam -11.902128 15.49353 668 object pointing 0 0.0 924.0 1948.0 0.25610006 1.0000561 -0.0028172606 -0.009326284 0.002788086 0.99997246 66067903824 0.4586531
rawdata/DECam_01375435.fits.fz N4 1375435 150.0 60763.97917213 1.1 136.96453759435042 -37.21315959401179 136.97397083333334 -37.13805611111111 M517 0.32769462 25.095072 1.0789188 1.21756 18.477982 173.34769 decam -21.280132 27.546839 1382 object "Pyxis M517" 0 0.0 924.0 1948.0 0.42062816 0.9999234 -0.002035884 -0.2629124 0.0020565859 1.000012 24630343578 0.86531293
rawdata/DECam_01375436.fits.fz N4 1375436 150.0 60763.98130884 1.09 136.9978458367654 -37.37982542508124 137.0073 -37.304721944444445 M517 0.3276871 25.111113 1.0932229 1.0087171 19.091957 65.67033 decam -35.848286 7.6801867 1403 object "Pyxis M517" 0 0.0 924.0 1948.0 0.07483353 1.0000882 -0.0019424659 -0.025269112 0.0021761626 1.0000571 21265388226 2.2841368
rawdata/DECam_01375437.fits.fz N4 1375437 150.0 60763.98344622 1.08 136.66451561923702 -37.38815959163442 136.67397083333333 -37.31305611111111 M517 0.4292886 25.135052 1.1158054 1.0182551 19.69714 69.171 decam -21.59283 12.867701 1508 object "Pyxis M517" 0 0.0 924.0 1948.0 0.15321922 0.99993795 -0.0019676834 -0.2438236 0.0018352048 1.0001012 18768111561 2.1685388
rawdata/DECam_01375438.fits.fz N4 1375438 150.0 60763.98555952 1.08 136.96453759435042 -37.21315959401179 136.97397083333334 -37.13805611111111 M490 0.32769462 25.011356 1.0443517 1.1101215 20.097378 40.043446 decam -12.558655 7.4228654 1837 object "Pyxis M490" 0 0.0 924.0 1948.0 0.47600433 0.9999828 -0.0020645382 -0.30118167 0.0020520017 1.0000021 17479802423 3.7459314
rawdata/DECam_01375439.fits.fz N4 1375439 150.0 60763.98768406 1.08 136.9978458367654 -37.37982542508124 137.0073 -37.304721944444445 M490 0.3276871 25.01232 1.0452782 1.0690994 20.497883 25.639042 decam -24.755676 10.877924 1535 object "Pyxis M490" 0 0.0 924.0 1948.0 0.33165106 1.0000439 -0.0019966082 0.05218791 0.0020851712 1.0000976 17413483118 5.8504524
rawdata/DECam_01375440.fits.fz N4 1375440 150.0 60763.98978955 1.07 136.68119905229673 -37.22149237167661 136.69063333333332 -37.146388888888886 M490 0.3887554 25.002779 1.034255 1.2130466 20.943756 33.525517 decam -29.676033 0.9601779 1643 object "Pyxis M490" 0 0.0 924.0 1948.0 0.5045137 1.0000917 -0.0020366143 -0.03572143 0.002102264 0.99996614 16514901958 4.474204
rawdata/DECam_01375441.fits.fz N4 1375441 150.0 60763.99191056 1.07 136.96453759435042 -37.21315959401179 136.97397083333334 -37.13805611111111 M464 0.32769462 24.904877 0.96692854 1.0714257 21.28289 16.906857 decam -18.088715 2.392971 1939 object "Pyxis M464" 0 0.0 924.0 1948.0 0.4696722 0.99998945 -0.0020594073 -0.26574454 0.0020143068 1.0000027 16152370555 8.87214
rawdata/DECam_01375442.fits.fz N4 1375442 150.0 60763.99402782 1.06 136.9978458367654 -37.37982542508124 137.0073 -37.304721944444445 M464 0.3276871 24.89615 0.9572215 1.1688662 21.339687 19.397892 decam -9.435441 -12.467977 1508 object "Pyxis M464" 0 0.0 924.0 1948.0 0.30907553 1.0000385 -0.0019849811 -0.018736336 0.002027636 1.0000434 16638347737 7.732799
rawdata/DECam_01375443.fits.fz N4 1375443 150.0 60763.99613616 1.06 136.68119905229673 -37.22149237167661 136.69063333333332 -37.146388888888886 M464 0.3887554 24.883247 0.94591236 1.0995457 21.57954 21.811878 decam -4.49253 -9.229291 1661 object "Pyxis M464" 0 0.0 924.0 1948.0 0.4763534 1.0001383 -0.0020697159 -0.062191006 0.0020669731 1.0000033 16054287449 6.876987
rawdata/DECam_01375444.fits.fz N4 1375444 150.0 60763.99824974 1.06 136.96453759435042 -37.21315959401179 136.97397083333334 -37.13805611111111 M438 0.32769462 24.837881 1.0609738 1.0758033 21.60819 12.020804 decam 3.8049629 -12.8164215 1747 object "Pyxis M438" 0 0.0 924.0 1948.0 0.32293335 0.9999116 -0.0020702868 -0.3220054 0.0021697534 0.99998665 15878532332 12.478366
rawdata/DECam_01375445.fits.fz N4 1375445 150.0 60764.00036939 1.05 136.9978458367654 -37.37982542508124 137.0073 -37.304721944444445 M438 0.3276871 24.84016 1.0605327 1.0866883 21.459713 14.002381 decam -5.2912517 -13.229635 1367 object "Pyxis M438" 0 0.0 924.0 1948.0 0.0062543373 1.000064 -0.00198213 -0.017341807 0.0019753748 1.0000566 16382693273 10.712463
rawdata/DECam_01375446.fits.fz N4 1375446 150.0 60764.00248512 1.05 136.68119905229673 -37.22149237167661 136.69063333333332 -37.146388888888886 M438 0.3887554 24.839735 1.0601178 1.0801638 21.658096 18.298683 decam -4.124034 -7.7497334 1470 object "Pyxis M438" 0 0.0 924.0 1948.0 0.424774 1.0001197 -0.0020533055 -0.13982636 0.002048829 0.99997 15897904445 8.197311
rawdata/DECam_01375447.fits.fz N4 1375447 60.0 60764.00568406 1.39 150.86276832359965 1.4668961304675043 150.87028333333333 1.542 g 0.025614554 26.615082 1.0679538 1.1295599 21.339506 1.795345 decam 8.45713 32.854927 139 object "CSOMOS pointing" 0 0.0 924.0 1948.0 0.12002863 1.0001005 -0.0014325853 -0.1393407 0.0013855495 1.0000635 16564508110 33.41976
rawdata/DECam_01375448.fits.fz N4 1375448 500.0 60764.00739829 1.38 150.86276832359965 1.4668961304675043 150.87028333333333 1.542 M438 0.025614554 24.759619 1.0699012 1.0316868 21.476109 1.4707558 decam 21.954025 44.608013 125 object IBIS_deep_cosmos_M438_30 0 0.0 924.0 1948.0 0.17755185 1.0002164 -0.0015771555 -0.37552637 0.0016051439 1.0000273 16981521125 339.96127
rawdata/DECam_01375449.fits.fz N4 1375449 500.0 60764.01355104 1.36 151.07576747488324 1.700896128454487 151.08328333333333 1.776 M438 0.027686026 24.789322 1.094059 1.0242198 21.489052 1.3775454 decam 12.464408 37.01105 105 object IBIS_deep_cosmos_M438_31 0 0.0 924.0 1948.0 -0.053370975 1.000699 -0.0013203631 -0.19904251 0.0014151 1.0000508 16972998552 362.96445
rawdata/DECam_01375450.fits.fz N4 1375450 355.2679 60764.01971581 1.35 151.21375044375563 2.6168961205691437 151.22127083333334 2.692 M517 0.03002012 25.007648 1.0361421 0.9444872 21.318382 1.3965721 decam 6.466622 37.79249 131 object IBIS_deep_cosmos_M517_34 0 0.0 924.0 1948.0 0.59480464 1.0003897 -0.0015022046 -0.24112037 0.0013902896 1.0000759 16972490832 254.38565
rawdata/DECam_01375451.fits.fz N4 1375451 500.0 60764.02421367 1.33 151.09275691390422 2.910896118036007 151.10027916666667 2.9859999999999998 M438 0.025571782 24.763187 1.0600119 1.0179889 21.492428 1.4009953 decam 20.043402 24.971748 112 object IBIS_deep_cosmos_M438_35 0 0.0 924.0 1948.0 0.4337961 1.000172 -0.0014941295 -0.03894282 0.001446758 1.0000334 16923554247 356.88916
rawdata/DECam_01375452.fits.fz N4 1375452 446.4873 60764.03037333 1.31 151.09275691390422 2.910896118036007 151.10027916666667 2.9859999999999998 M490 0.025571782 25.009691 1.0871882 0.97687626 21.390495 1.2495564 decam 19.246775 28.791254 129 object IBIS_deep_cosmos_M490_35 0 0.0 924.0 1948.0 0.40516412 1.0001669 -0.0015221463 -0.011567961 0.0013183157 0.9999946 17190190209 357.31665
rawdata/DECam_01375453.fits.fz N4 1375453 348.6679 60764.03587596 1.29 151.09275691390422 2.910896118036007 151.10027916666667 2.9859999999999998 M517 0.025571782 25.031967 1.0494719 0.9445846 21.327692 1.2879715 decam 18.985617 16.578938 138 object IBIS_deep_cosmos_M517_35 0 0.0 924.0 1948.0 0.31625804 1.0002813 -0.0013719277 0.12676494 0.001208554 0.9998894 16952271126 270.71088
rawdata/DECam_01375454.fits.fz N4 1375454 500.0 60764.04028226 1.27 150.90174681059102 3.1648961158464575 150.90927083333335 3.24 M464 0.019349916 24.929005 1.0301161 0.9198365 21.508211 1.069954 decam 17.922546 18.033268 131 object IBIS_deep_cosmos_M464_36 0 0.0 924.0 1948.0 -0.29073003 0.9999925 -0.0016332809 -0.15279019 0.001504275 1.0000803 19180095428 467.30978
rawdata/DECam_01375455.fits.fz N4 1375455 500.0 60764.04646883 1.26 150.90174681059102 3.1648961158464575 150.90927083333335 3.24 M438 0.019349916 24.775497 1.053395 0.99827456 21.493498 1.2554288 decam 3.6633382 27.06735 120 object IBIS_deep_cosmos_M438_36 0 0.0 924.0 1948.0 -0.24221668 1.0000205 -0.0015910115 -0.23986064 0.0015662442 1.0001899 18607745856 398.2703
rawdata/DECam_01375456.fits.fz N4 1375456 500.0 60764.05265253 1.24 150.90174681059102 3.1648961158464575 150.90927083333335 3.24 M490 0.019349916 25.032282 1.096035 0.94514006 21.410625 1.0566238 decam 2.0943146 6.875118 137 object IBIS_deep_cosmos_M490_36 0 0.0 924.0 1948.0 -0.28821576 0.9999806 -0.0016228367 -0.11602531 0.0015432347 1.0000688 19556968027 473.20532
rawdata/DECam_01375457.fits.fz N4 1375457 304.1282 60764.05880792 1.23 150.90174681059102 3.1648961158464575 150.90927083333335 3.24 M517 0.019349916 25.04265 1.0497066 0.8771432 21.345331 1.0310496 decam 1.5703844 2.2457004 141 object IBIS_deep_cosmos_M517_36 0 0.0 924.0 1948.0 -0.23577936 1.0000902 -0.00154647 -0.12845708 0.0013062474 1.0000029 18286678816 294.9695
rawdata/DECam_01375458.fits.fz N4 1375458 423.0775 60764.06268477 1.22 150.65574530449993 3.3658961141130233 150.66327083333334 3.441 M464 0.020555496 24.932194 1.0225897 0.91596764 21.530342 1.0424476 decam 3.6519115 26.507477 134 object IBIS_deep_cosmos_M464_37 0 0.0 924.0 1948.0 -0.1663049 1.0002006 -0.0016462334 -0.2087933 0.0015577795 1.000014 16860736904 405.85016
rawdata/DECam_01375459.fits.fz N4 1375459 500.0 60764.06792745 1.22 150.65574530449993 3.3658961141130233 150.66327083333334 3.441 M438 0.020555496 24.790737 1.0575944 0.9340862 21.50749 1.065099 decam 12.631311 15.675578 130 object IBIS_deep_cosmos_M438_37 0 0.0 924.0 1948.0 -0.21333036 1.0001057 -0.001669812 -0.32094866 0.0014233947 1.000076 16897923881 469.43994
rawdata/DECam_01375484.fits.fz N4 1375484 338.658 60764.11109224 1.2 151.09275691390422 2.910896118036007 151.10027916666667 2.9859999999999998 M464 0.025571782 24.944632 1.030132 0.8743892 21.485426 1.0032641 decam 11.509041 69.86554 127 object IBIS_deep_cosmos_M464_35 0 0.0 924.0 1948.0 0.50939864 1.0000962 -0.0016140713 -0.02858711 0.0016484534 0.99996436 16622431072 337.55618
rawdata/DECam_01375485.fits.fz N4 1375485 350.5678 60764.11538761 1.21 150.65574530449993 3.3658961141130233 150.66327083333334 3.441 M490 0.020555496 25.035608 1.0934315 0.8711204 21.353819 0.94813067 decam 24.29169 66.06833 137 object IBIS_deep_cosmos_M490_37 0 0.0 924.0 1948.0 -0.016447188 1.0000851 -0.0016636646 -0.2004896 0.0016680863 0.99997354 16852134258 369.7463
rawdata/DECam_01375486.fits.fz N4 1375486 323.0981 60764.11981509 1.21 150.65574530449993 3.3658961141130233 150.66327083333334 3.441 M517 0.020555496 25.060505 1.0636975 0.89271253 21.280258 1.1054233 decam 15.628151 64.04455 138 object IBIS_deep_cosmos_M517_37 0 0.0 924.0 1948.0 0.011795863 1.0003188 -0.0016767555 -0.28964618 0.0017309146 0.99999076 16903529546 292.28452
rawdata/DECam_01375487.fits.fz N4 1375487 313.538 60764.12401866 1.22 150.36975254981348 3.503896112922494 150.37727916666665 3.579 M464 0.024323076 24.957615 1.0468155 0.84323454 21.503254 0.888416 decam 0.5858724 3.8793542 111 object IBIS_deep_cosmos_M464_38 0 0.0 924.0 1948.0 0.30208057 1.0001577 -0.0015950992 -0.044858377 0.0017394527 0.9999617 16509191628 352.918
rawdata/DECam_01375488.fits.fz N4 1375488 401.9176 60764.12799238 1.23 150.36975254981348 3.503896112922494 150.37727916666665 3.579 M438 0.024323076 24.80727 1.0765253 0.8323283 21.486265 0.8613106 decam 0.1366213 1.6600404 97 object IBIS_deep_cosmos_M438_38 0 0.0 924.0 1948.0 0.07463205 1.0001682 -0.0016780173 -0.10890487 0.001734257 0.99996966 16628774341 466.63492
rawdata/DECam_01375489.fits.fz N4 1375489 268.3984 60764.13301304 1.24 150.36975254981348 3.503896112922494 150.37727916666665 3.579 M490 0.024323076 25.040094 1.1039503 0.8140241 21.386086 0.8178286 decam 7.3525553 -3.5030887 115 object IBIS_deep_cosmos_M490_38 0 0.0 924.0 1948.0 0.19294317 1.0002686 -0.0016266512 0.033370968 0.001775842 0.99996495 16476839813 328.18417
rawdata/DECam_01375490.fits.fz N4 1375490 212.1487 60764.13647275 1.25 150.36975254981348 3.503896112922494 150.37727916666665 3.579 M517 0.024323076 25.058695 1.0687537 0.8156123 21.306976 0.9253908 decam 12.294702 -2.9683914 118 object IBIS_deep_cosmos_M517_38 0 0.0 924.0 1948.0 0.31190845 1.0001566 -0.0016808857 -0.03111281 0.0017664584 1.0000303 16356421026 229.2531
rawdata/DECam_01375491.fits.fz N4 1375491 352.2878 60764.13926654 1.26 150.06075196468993 3.5758961123012094 150.06827916666666 3.651 M464 0.023681793 24.943766 1.042074 0.82207817 21.520987 0.8484394 decam 4.940408 11.95391 152 object IBIS_deep_cosmos_M464_39 0 0.0 924.0 1948.0 -0.08815668 1.0002376 -0.0016842226 -0.10045533 0.0017209987 0.99986845 16609526241 415.2186
rawdata/DECam_01375492.fits.fz N4 1375492 412.8275 60764.14368393 1.27 150.06075196468993 3.5758961123012094 150.06827916666666 3.651 M438 0.023681793 24.808964 1.0891037 0.8993464 21.506517 0.9786759 decam 4.7244105 7.6622157 134 object IBIS_deep_cosmos_M438_39 0 0.0 924.0 1948.0 -0.11739956 1.0001218 -0.0016419945 -0.2116501 0.0018410363 0.99986947 16624174849 421.8225
rawdata/DECam_01375493.fits.fz N4 1375493 337.528 60764.14880307 1.28 150.06075196468993 3.5758961123012094 150.06827916666666 3.651 M490 0.023681793 25.029167 1.1008565 0.88009924 21.418879 0.941829 decam 5.072054 9.553015 152 object IBIS_deep_cosmos_M490_39 0 0.0 924.0 1948.0 0.06976289 1.0001321 -0.0016656305 -0.2747302 0.0019231935 0.99991757 16708971941 358.37503
rawdata/DECam_01375494.fits.fz N4 1375494 259.4984 60764.15306594 1.3 150.06075196468993 3.5758961123012094 150.06827916666666 3.651 M517 0.023681793 25.05209 1.0708185 0.8350751 21.308527 0.97646636 decam 6.6792016 8.892493 154 object IBIS_deep_cosmos_M517_39 0 0.0 924.0 1948.0 0.031326238 1.0002413 -0.0016762542 -0.23264097 0.0018323264 0.999927 16556413428 265.75253
rawdata/DECam_01375495.fits.fz N4 1375495 398.6176 60764.15644147 1.31 149.7417477815989 3.5778961122839497 149.749275 3.653 M464 0.026182832 24.924437 1.034253 0.8915003 21.517242 1.0556527 decam -7.698577 29.492437 135 object IBIS_deep_cosmos_M464_40 0 0.0 924.0 1948.0 0.21074803 1.0001576 -0.0017001573 -0.37902117 0.0017851276 1.0000216 16789756847 377.60297
rawdata/DECam_01375496.fits.fz N4 1375496 421.3275 60764.16143099 1.33 149.7417477815989 3.5778961122839497 149.749275 3.653 M438 0.026182832 24.794212 1.0907397 0.8240921 21.493263 0.87157595 decam 0.53647196 14.107741 121 object IBIS_deep_cosmos_M438_40 0 0.0 924.0 1948.0 0.33983043 1.0001923 -0.0017002539 -0.25333893 0.0017939296 1.0000073 16673107502 483.40884
rawdata/DECam_01375497.fits.fz N4 1375497 308.5382 60764.1666776 1.35 149.7417477815989 3.5778961122839497 149.749275 3.653 M490 0.026182832 25.0227 1.1083056 0.84987515 21.40966 0.9117151 decam 7.1810284 14.073349 137 object IBIS_deep_cosmos_M490_40 0 0.0 924.0 1948.0 0.16930774 1.000226 -0.0016958964 -0.3321753 0.0017896753 1.0000181 16606296183 338.41516
rawdata/DECam_01375498.fits.fz N4 1375498 293.0683 60764.17058854 1.37 149.7417477815989 3.5778961122839497 149.749275 3.653 M517 0.026182832 25.03104 1.0621074 0.8432618 21.289438 1.0699412 decam 6.814833 3.637542 139 object IBIS_deep_cosmos_M517_40 0 0.0 924.0 1948.0 0.28448367 1.0002239 -0.0016676581 -0.29446205 0.001868012 1.0001032 16744399556 273.91068
rawdata/DECam_01375499.fits.fz N4 1375499 456.1974 60764.17434186 1.39 149.4307524692625 3.51389611283621 149.43827916666666 3.589 M464 0.032052297 24.924551 1.0514988 0.91475004 21.50372 1.1731416 decam -0.20551889 13.903597 184 object IBIS_deep_cosmos_M464_41 0 0.0 924.0 1948.0 0.35708782 1.0002081 -0.0015707549 -0.3457236 0.0020913878 1.0001211 17008957046 388.86813
