logs/db-2026-02-17.ecsv
# %ECSV 1.0
# ---
# datatype:
# - {name: filename, datatype: string}
# - {name: extension, datatype: string}
# - {name: expnum, datatype: int64}
# - {name: exptime, datatype: float32}
# - {name: mjd_obs, datatype: float64}
# - {name: airmass, datatype: float32}
# - {name: racenter, datatype: float64}
# - {name: deccenter, datatype: float64}
# - {name: rabore, datatype: float64}
# - {name: decbore, datatype: float64}
# - {name: band, datatype: string}
# - {name: ebv, datatype: float32}
# - {name: zeropoint, datatype: float32}
# - {name: transparency, datatype: float32}
# - {name: seeing, datatype: float32}
# - {name: sky, datatype: float32}
# - {name: expfactor, datatype: float32}
# - {name: camera, datatype: string}
# - {name: dx, datatype: float32}
# - {name: dy, datatype: float32}
# - {name: nmatched, datatype: int64}
# - {name: obstype, datatype: string}
# - {name: object, datatype: string}
# - {name: tileid, datatype: int64}
# - {name: tileebv, datatype: float32}
# - {name: affine_x0, datatype: float32}
# - {name: affine_y0, datatype: float32}
# - {name: affine_dx, datatype: float32}
# - {name: affine_dxx, datatype: float32}
# - {name: affine_dxy, datatype: float32}
# - {name: affine_dy, datatype: float32}
# - {name: affine_dyx, datatype: float32}
# - {name: affine_dyy, datatype: float32}
# - {name: checksum, datatype: string}
# - {name: efftime, datatype: float32}
# schema: astropy-2.0
filename extension expnum exptime mjd_obs airmass racenter deccenter rabore decbore band ebv zeropoint transparency seeing sky expfactor camera dx dy nmatched obstype object tileid tileebv affine_x0 affine_y0 affine_dx affine_dxx affine_dxy affine_dy affine_dyx affine_dyy checksum efftime
[from data line 41]
/home4/images/fits/2023B-184194/DECam_01457640.fits.fz N4 1457640 15.0 61089.01653328 1.09 56.682462543071225 -39.30110345378338 56.692170833333336 -39.226 M464 0.016055398 24.925524 0.9895487 1.5789602 19.00693 30.967619 decam 3.1681676 63.886837 41 object "LTT1788 S5" 0 0.0 924.0 1948.0 -0.89806414 1.0003763 -0.0027747934 -0.07455756 0.0027795678 1.000082 15870554578 0.48437694
/home4/images/fits/2023B-184194/DECam_01457638.fits.fz N4 1457638 15.0 61089.01556269 1.08 57.48329587640457 -39.30110345378338 57.493004166666665 -39.226 M464 0.0115917595 24.949068 1.0091673 1.4616066 18.769148 30.642267 decam -2.6496646 42.549885 37 object "LTT1788 S3" 0 0.0 924.0 1948.0 1.4246122 1.0004642 -0.0027744689 -0.178764 0.0018764316 1.0000156 15995278073 0.48951992
/home4/images/fits/2023B-184194/DECam_01457661.fits.fz N4 1457661 800.0 61089.12488649 1.16 139.57573948876168 -4.862103815024702 139.58327916666667 -4.787 M464 0.030675942 24.921661 1.000315 1.4535173 21.876188 2.088584 decam -11.001556 22.718607 249 object IBIS_wide_M464_319281 319281 0.031941 924.0 1948.0 -0.011861614 1.0004677 -0.0014689952 -0.25000754 0.0014469458 1.0000359 17982905701 383.03464
/home4/images/fits/2023B-184194/DECam_01457662.fits.fz N4 1457662 608.806 61089.13447589 1.15 141.03873455553156 -4.9301038144358795 141.046275 -4.855 M464 0.039834894 24.927246 1.0034101 1.4702818 21.858734 2.2947974 decam -12.453444 20.472687 188 object IBIS_wide_M464_319280 319280 0.034904 924.0 1948.0 0.18100326 1.00015 -0.0015868323 -0.037252236 0.0017097495 1.0000204 16937971393 265.29837
/home4/images/fits/2023B-184194/DECam_01457663.fits.fz N4 1457663 689.4455 61089.14186528 1.15 143.79873581236527 -4.81810381540564 143.806275 -4.743 M464 0.042869475 24.916328 0.9933707 1.4976054 21.83787 2.5305758 decam -6.3230376 31.715282 171 object IBIS_wide_M464_318974 318974 0.037453 924.0 1948.0 0.42974237 1.0002464 -0.0015287139 -0.2626196 0.0013333209 1.0000067 18391411126 272.4461
/home4/images/fits/2023B-184194/DECam_01457664.fits.fz N4 1457664 800.0 61089.15017063 1.14 146.1147343622067 -4.9471038142886545 146.122275 -4.872 M464 0.05312677 24.900703 0.9771686 1.5049664 21.843414 2.8157494 decam -8.180126 34.317585 178 object IBIS_wide_M464_324976 324976 0.052138 924.0 1948.0 0.29310554 1.0001111 -0.0013152339 -0.16178331 0.0011988996 1.0000223 17547982256 284.11618
/home4/images/fits/2023B-184194/DECam_01457665.fits.fz N4 1457665 734.5151 61089.1597584 1.13 148.58673014660522 -5.304103811195162 148.594275 -5.229 M464 0.03769167 24.917768 0.9906109 1.3738388 21.860096 2.0057352 decam -11.907326 37.90608 156 object IBIS_wide_M464_327957 327957 0.039234 924.0 1948.0 0.5180208 1.0000262 -0.0012690842 0.04764238 0.0012043356 1.0001515 17322108410 366.2074
/home4/images/fits/2023B-184194/DECam_01457666.fits.fz N4 1457666 520.3965 61089.16861299 1.13 151.63272395226033 -6.092103804353923 151.64027916666666 -6.017 M464 0.042324796 24.92149 0.99401236 1.2900529 21.864668 1.8082967 decam -13.550785 42.931297 138 object IBIS_wide_M464_325448 325448 0.037482 924.0 1948.0 -0.06297479 1.0001507 -0.0011394985 -0.042592186 0.0010566376 1.000062 16708708749 287.78268
/home4/images/fits/2023B-184194/DECam_01457667.fits.fz N4 1457667 635.3658 61089.17494647 1.12 154.005715701221 -6.652103799480058 154.01327916666665 -6.577 M464 0.057499513 24.920572 0.99113566 1.3330544 21.870735 2.14347 decam -12.653043 49.221947 165 object IBIS_wide_M464_325425 325425 0.04324 924.0 1948.0 0.1877065 1.0001321 -0.0010964253 -0.079067536 0.0009334197 1.0000716 17037948046 296.41925
/home4/images/fits/2023B-184194/DECam_01457668.fits.fz N4 1457668 629.5759 61089.18263812 1.12 153.49372016181505 -5.76010380723857 153.50127083333334 -5.6850000000000005 M464 0.038592003 24.931463 1.0011281 1.3625547 21.87555 1.9088678 decam -10.814335 42.41683 188 object IBIS_wide_M464_328433 328433 0.041339 924.0 1948.0 0.08636778 0.99994254 -0.0010815172 -0.0377119 0.0013367159 0.9999613 17114166242 329.8164
/home4/images/fits/2023B-184194/DECam_01457669.fits.fz N4 1457669 800.0 61089.19031795 1.11 157.65971092765167 -6.955103796838372 157.66727916666667 -6.88 M464 0.04648429 24.917849 0.9866235 1.5978186 21.889603 2.8101642 decam -18.67408 32.04254 152 object IBIS_wide_M464_328405 328405 0.046856 924.0 1948.0 0.10957136 1.000067 -0.0009684521 -0.0098482715 0.00089283794 1.0000554 18061410624 284.68088
/home4/images/fits/2023B-184194/DECam_01457670.fits.fz N4 1457670 800.0 61089.19992369 1.1 158.48671088585823 -6.694103799114081 158.49427500000002 -6.619 M464 0.042758998 24.914934 0.98196006 1.4580128 21.894949 2.2798934 decam -3.560028 42.306637 166 object IBIS_wide_M464_328416 328416 0.044787 924.0 1948.0 -0.085960865 1.0001932 -0.00093009166 -0.16321386 0.00079102546 1.0001885 17433252282 350.8936
/home4/images/fits/2023B-184194/DECam_01457671.fits.fz N4 1457671 800.0 61089.20952628 1.1 159.8387113941872 -6.385103801805175 159.84627083333334 -6.31 M464 0.04653274 24.93042 0.9960656 1.4887282 21.88031 2.4053738 decam -10.562044 45.221313 130 object IBIS_wide_M464_328166 328166 0.047848 924.0 1948.0 0.31198663 1.0001391 -0.00086739106 -0.024337796 0.0006960397 0.9999941 17362606771 332.58862
/home4/images/fits/2023B-184194/DECam_01457672.fits.fz N4 1457672 781.6449 61089.2191214 1.1 160.256720903963 -6.012103805049337 160.264275 -5.937 M464 0.047203433 24.921093 0.9875453 1.4505937 21.889729 2.3144405 decam -2.999038 3.484895 160 object IBIS_wide_M464_325183 325183 0.047209 924.0 1948.0 0.14497115 1.0001326 -0.0008868887 -0.17387275 0.0010832133 1.0002103 17326498580 337.72522
/home4/images/fits/2023B-184194/DECam_01457673.fits.fz N4 1457673 800.0 61089.22849936 1.1 162.02372476588727 -5.727103807525109 162.031275 -5.652 M464 0.034231983 24.926834 0.9927812 1.5157443 21.897964 2.2615802 decam 2.6969104 -0.15343817 143 object IBIS_wide_M464_328168 328168 0.035553 924.0 1948.0 0.090376735 1.0001075 -0.0009524094 -0.285573 0.00069386145 1.00006 17398398982 353.73495
/home4/images/fits/2023B-184194/DECam_01457674.fits.fz N4 1457674 777.6649 61089.23810725 1.1 164.61072869428585 -5.74510380736882 164.61827916666667 -5.67 M464 0.03288892 24.893148 0.9624534 1.6332577 21.910206 2.73581 decam 0.7887206 -0.052524664 135 object IBIS_wide_M464_328204 328204 0.031546 924.0 1948.0 0.116106994 1.0002484 -0.0008114265 -0.25309145 0.0006242402 0.99995446 17291634431 284.254
/home4/images/fits/2023B-184194/DECam_01457675.fits.fz N4 1457675 711.2853 61089.24759868 1.09 171.72570913557848 -6.806103798137835 171.73327500000002 -6.731 M464 0.040587332 24.936588 0.99968463 1.469812 21.916822 2.1482964 decam 1.4001262 -26.05859 144 object IBIS_wide_M464_328100 328100 0.037759 924.0 1948.0 0.21891437 1.0003932 -0.00042039264 -0.04219546 0.0003531055 0.99998176 17160732263 331.0927
/home4/images/fits/2023B-184194/DECam_01457676.fits.fz N4 1457676 746.7151 61089.25615475 1.09 173.54971040437982 -6.725103798843916 173.557275 -6.65 M464 0.034322668 24.945639 1.0080523 1.4002762 21.92888 1.813598 decam -1.8046455 -22.142977 128 object IBIS_wide_M464_325112 325112 0.03494 924.0 1948.0 0.1615833 1.0000713 -0.00037189494 0.07491475 0.00022192404 1.0002453 17222352556 411.7313
/home4/images/fits/2023B-184194/DECam_01457677.fits.fz N4 1457677 612.5059 61089.26513087 1.09 172.81771939060593 -6.120103804110478 172.825275 -6.045 M464 0.038349632 24.925674 0.98968726 1.4610937 21.925299 2.1150787 decam 2.904854 -12.695826 142 object IBIS_wide_M464_325118 325118 0.036879 924.0 1948.0 -0.036951903 1.0002854 -0.00044603873 0.0053215716 0.00032598694 1.0000232 16931081473 289.59015
/home4/images/fits/2023B-184194/DECam_01457678.fits.fz N4 1457678 647.9955 61089.27256927 1.09 175.51872452730586 -6.051103804710349 175.52627916666665 -5.976 M464 0.03773162 24.92299 0.98724425 1.412139 21.92266 1.9817327 decam 2.2683792 -20.374876 119 object IBIS_wide_M464_325268 325268 0.036887 924.0 1948.0 -0.11519786 1.0002227 -0.00030827252 -0.054836698 0.00039109302 1.0000972 17110328990 326.98428
/home4/images/fits/2023B-184194/DECam_01457679.fits.fz N4 1457679 577.986 61089.28058246 1.09 182.79071402470626 -6.76010379853885 182.79827916666667 -6.6850000000000005 M464 0.04500139 24.940872 1.0036372 1.3668299 21.927523 1.8839631 decam -2.5333054 -31.944933 143 object IBIS_wide_M464_330959 330959 0.042962 924.0 1948.0 -0.032320768 0.9999215 0.00012366529 0.12341416 -9.1992224e-05 1.0001988 16891876524 306.79263
/home4/images/fits/2023B-184194/DECam_01457680.fits.fz N4 1457680 660.1055 61089.28758138 1.09 181.339714940675 -6.140103803936575 181.34727083333334 -6.065 M464 0.03283956 24.911777 0.9770998 1.4708989 21.940132 2.0855029 decam 2.926455 -18.202877 166 object IBIS_wide_M464_333940 333940 0.028753 924.0 1948.0 -0.025043637 0.99991745 2.6529853e-05 0.032165147 5.6116573e-05 1.0000914 17124386465 316.52103
/home4/images/fits/2023B-184194/DECam_01457681.fits.fz N4 1457681 719.1049 61089.29556226 1.09 183.52872437341364 -6.062103804614727 183.53627916666667 -5.987 M464 0.049676206 24.924341 0.9884721 1.4573371 21.948605 2.2387002 decam 0.4813955 -24.359192 161 object IBIS_wide_M464_330960 330960 0.046669 924.0 1948.0 -0.05574313 1.0000932 2.0276808e-05 0.049948815 9.867342e-05 1.0000488 17106612824 321.2154
/home4/images/fits/2023B-184194/DECam_01457682.fits.fz N4 1457682 768.4746 61089.30421238 1.1 183.83472633814475 -5.92010380584881 183.84227916666666 -5.845 M464 0.0454435 24.910885 0.9783043 1.4727105 21.915964 2.343057 decam 2.7993116 -15.89732 151 object IBIS_wide_M464_333946 333946 0.045626 924.0 1948.0 0.116674185 0.9999195 9.9963916e-05 0.147373 0.0002730001 1.0000167 17994819787 327.9795
/home4/images/fits/2023B-184194/DECam_01457683.fits.fz N4 1457683 627.7756 61089.31342229 1.1 185.26672157078195 -5.653103808167533 185.27427083333333 -5.578 M464 0.033484038 24.920097 0.9866407 1.4739887 21.933292 2.085027 decam 2.4843402 -13.254926 157 object IBIS_wide_M464_333933 333933 0.034104 924.0 1948.0 0.04393338 1.0001506 -3.663258e-05 -0.10248005 0.00017025728 1.0000609 16952548339 301.0875
/home4/images/fits/2023B-184194/DECam_01457684.fits.fz N4 1457684 737.2548 61089.32105054 1.1 188.80173179954355 -5.167103812382711 188.80927499999999 -5.092 M464 0.038000368 24.922115 0.9884754 1.3936589 21.897408 1.9826897 decam 1.3648776 -10.456954 149 object IBIS_wide_M464_334427 334427 0.037315 924.0 1948.0 -0.20732528 1.0003743 0.00026688678 -0.20581059 5.2375184e-05 1.0000929 18298831328 371.8458
/home4/images/fits/2023B-184194/DECam_01457685.fits.fz N4 1457685 569.9958 61089.32991793 1.11 191.07273875353923 -4.545103817768103 191.080275 -4.47 M464 0.029403815 24.918545 0.9872563 1.409799 21.908745 1.9005574 decam 5.2979097 -11.687201 147 object IBIS_wide_M464_334429 334429 0.027293 924.0 1948.0 -0.1048439 1.0002265 0.00039669938 0.06187979 -0.00027533577 1.0001824 16763440542 299.9098
/home4/images/fits/2023B-184194/DECam_01457686.fits.fz N4 1457686 534.2861 61089.33684237 1.12 192.98874018789408 -3.9731038227123596 192.99627083333334 -3.898 M464 0.023643296 24.92735 0.9973407 1.3532958 21.914099 1.645635 decam 3.526647 -11.930029 149 object IBIS_wide_M464_334419 334419 0.023096 924.0 1948.0 -0.24841887 1.0002837 0.00032333127 -0.034854196 -0.0005548213 1.0000323 16672306240 324.66864
/home4/images/fits/2023B-184194/DECam_01457687.fits.fz N4 1457687 430.1568 61089.34342763 1.12 197.95374547229488 -3.344103828141439 197.96127083333334 -3.269 M464 0.02595325 24.919842 0.990468 1.1793606 21.92075 1.2809886 decam 4.2954454 -10.805647 138 object IBIS_wide_M464_334457 334457 0.028597 924.0 1948.0 0.008675268 1.0002886 0.00066320226 0.15102687 -0.00052534434 1.0001456 16424222636 335.80066
/home4/images/fits/2023B-184194/DECam_01457688.fits.fz N4 1457688 460.9168 61089.34873348 1.12 200.47474696372416 -3.676103825276803 200.482275 -3.601 M464 0.03230747 24.920395 0.99097294 1.1833633 21.938398 1.326491 decam 1.2798376 -6.521406 187 object IBIS_wide_M464_331222 331222 0.036753 924.0 1948.0 0.007813449 1.0001233 0.000825249 0.06326441 -0.0005665991 1.0000666 16478286740 347.47073
/home4/images/fits/2023B-184194/DECam_01457689.fits.fz N4 1457689 448.9868 61089.35436853 1.12 202.20474541082427 -3.3521038280724342 202.21227083333335 -3.277 M464 0.044257633 24.931526 1.0011848 1.213383 21.956753 1.4630939 decam 2.0912519 -4.6665635 151 object IBIS_wide_M464_334213 334213 0.037884 924.0 1948.0 0.20343998 1.0001948 0.00090906 0.21629159 -0.0007700861 1.0000635 16408775717 306.8749
/home4/images/fits/2023B-184194/DECam_01457690.fits.fz N4 1457690 400.9272 61089.3599502 1.12 206.3887537364634 -3.353103828063809 206.39627916666666 -3.278 M464 0.03939021 24.932463 1.0020484 1.1612592 21.953318 1.2963427 decam 4.568375 -8.504986 181 object IBIS_wide_M464_334192 334192 0.040352 924.0 1948.0 -0.049226776 1.00022 0.0010637578 0.05112622 -0.0010543336 1.0001267 16809991917 309.2756
/home4/images/fits/2023B-184194/DECam_01457691.fits.fz N4 1457691 389.9673 61089.3649179 1.12 205.05774526423954 -3.371103827908546 205.06527083333333 -3.2960000000000003 M464 0.03969131 24.927855 0.9978058 1.1139545 21.957247 1.2014741 decam 2.5644336 0.7553246 170 object IBIS_wide_M464_334193 334193 0.037658 924.0 1948.0 0.19727185 1.0002123 0.00089517486 0.2766137 -0.00082739093 1.0000886 16284658753 324.57404
/home4/images/fits/2023B-184194/DECam_01457692.fits.fz N4 1457692 476.5968 61089.36983926 1.13 209.9477494148829 -2.7831038329776767 209.95527083333334 -2.708 M464 0.066084675 24.91305 0.9863153 1.126577 21.931269 1.5618609 decam 2.9383457 -5.532612 165 object IBIS_wide_M464_334283 334283 0.060722 924.0 1948.0 0.009990664 1.0002084 0.00125913 0.14855506 -0.001061303 1.0001258 16524719662 305.14676
/home4/images/fits/2023B-184194/DECam_01457693.fits.fz N4 1457693 575.1161 61089.37567845 1.12 211.99875365167475 -3.3641038279689264 212.00627916666667 -3.289 M464 0.05869132 24.922756 0.99313074 1.1056018 21.838593 1.5265385 decam 6.399355 -8.102119 179 object IBIS_wide_M464_334258 334258 0.059651 924.0 1948.0 -0.03523882 1.000193 0.0012264122 0.32604283 -0.0012533447 1.0001596 16841512340 376.74524
/home4/images/fits/2023B-184194/DECam_01457694.fits.fz N4 1457694 150.0 61089.38499796 1.62 242.84462889182382 14.821407123865244 242.8524 14.896511111111112 M464 0.035022706 24.83859 1.018452 1.3256795 21.133053 4.1418657 decam 0.96798843 -22.035988 214 object "Pal14 position 5" 0 0.0 924.0 1948.0 -0.21098265 1.0003022 0.002370505 0.46079496 -0.0026205834 1.0002512 16092018055 36.215565
/home4/images/fits/2023B-184194/DECam_01457695.fits.fz N4 1457695 150.0 61089.38708874 1.61 242.71137648259804 15.003386011078886 242.71915416666667 15.07849 M464 0.031948935 24.835056 1.013058 1.2244624 20.753464 4.9367313 decam 5.899957 -9.751792 290 object "Pal14 position 6" 0 0.0 924.0 1948.0 -0.89837265 1.0004169 0.0024411702 1.1192868 -0.002746793 1.0000858 16421725225 30.384478
/home4/images/fits/2023B-184194/DECam_01457696.fits.fz N4 1457696 150.0 61089.38915556 1.59 242.68062265559902 14.762846013292627 242.68839166666663 14.83795 M464 0.036494657 24.849411 1.0223331 1.2820492 20.313063 8.167339 decam -0.06469327 -2.840023 194 object "Pal14 position 7" 0 0.0 924.0 1948.0 -0.50767684 1.0004394 0.0023693512 0.18393509 -0.0027224745 1.000172 16921985788 18.365833
/home4/images/fits/2023B-184194/DECam_01457697.fits.fz N4 1457697 150.0 61089.39121868 1.59 242.88536656762727 14.932144067290611 242.89314166666668 15.007248055555555 M464 0.035395764 24.847673 1.0206987 1.332732 19.815851 13.885791 decam 2.8595157 -1.6191907 221 object "Pal14 position 8" 0 0.0 924.0 1948.0 0.86529684 1.0002187 0.002312579 -0.10504209 -0.002644004 1.0002332 17871264779 10.802409
