logs/db-2026-05-16.ecsv
# %ECSV 1.0
# ---
# datatype:
# - {name: filename, datatype: string}
# - {name: extension, datatype: string}
# - {name: expnum, datatype: int64}
# - {name: exptime, datatype: float32}
# - {name: mjd_obs, datatype: float64}
# - {name: airmass, datatype: float32}
# - {name: racenter, datatype: float64}
# - {name: deccenter, datatype: float64}
# - {name: rabore, datatype: float64}
# - {name: decbore, datatype: float64}
# - {name: band, datatype: string}
# - {name: ebv, datatype: float32}
# - {name: zeropoint, datatype: float32}
# - {name: transparency, datatype: float32}
# - {name: seeing, datatype: float32}
# - {name: sky, datatype: float32}
# - {name: expfactor, datatype: float32}
# - {name: camera, datatype: string}
# - {name: dx, datatype: float32}
# - {name: dy, datatype: float32}
# - {name: nmatched, datatype: int64}
# - {name: obstype, datatype: string}
# - {name: object, datatype: string}
# - {name: tileid, datatype: int64}
# - {name: tileebv, datatype: float32}
# - {name: affine_x0, datatype: float32}
# - {name: affine_y0, datatype: float32}
# - {name: affine_dx, datatype: float32}
# - {name: affine_dxx, datatype: float32}
# - {name: affine_dxy, datatype: float32}
# - {name: affine_dy, datatype: float32}
# - {name: affine_dyx, datatype: float32}
# - {name: affine_dyy, datatype: float32}
# - {name: checksum, datatype: string}
# - {name: efftime, datatype: float32}
# schema: astropy-2.0
filename extension expnum exptime mjd_obs airmass racenter deccenter rabore decbore band ebv zeropoint transparency seeing sky expfactor camera dx dy nmatched obstype object tileid tileebv affine_x0 affine_y0 affine_dx affine_dxx affine_dxy affine_dy affine_dyx affine_dyy checksum efftime
[from data line 41]
/home/declsp/obsbot/rawdata/DECam_01480462.fits.fz N4 1480462 366.4085 61177.08106841 1.14 190.15175967081785 -1.5591038435147717 190.15927499999998 -1.484 M490 0.02819511 24.972363 1.0185373 1.1435944 21.61795 1.2525352 decam -4.111072 11.2816105 153 object IBIS_wide_M490_434451 434451 0.028187 924.0 1948.0 0.07768479 1.0000705 0.00033149557 0.06374016 -0.00019075362 0.99989897 16555025037 292.5335
/home/declsp/obsbot/rawdata/DECam_01480463.fits.fz N4 1480463 326.5387 61177.08595302 1.14 198.57076379087897 -1.5721038434029395 198.57827916666665 -1.4969999999999999 M490 0.03017977 24.9701 1.0164183 1.1150947 21.923643 0.9024942 decam 1.4767605 -17.963745 159 object IBIS_wide_M490_434463 434463 0.027565 924.0 1948.0 -0.06155703 1.0002567 0.0006130892 0.1589165 -0.0007546021 0.99990803 16184692721 361.81805
/home/declsp/obsbot/rawdata/DECam_01480464.fits.fz N4 1480464 375.3884 61177.09036911 1.15 188.80076824162018 -1.4911038440997177 188.80828333333335 -1.416 M490 0.021782776 24.984024 1.0314057 1.1927017 21.866682 1.0602798 decam -14.04681 14.018064 154 object IBIS_wide_M490_434536 434536 0.025508 924.0 1948.0 -0.07965456 1.0002822 7.866447e-05 0.090974994 -0.0005236911 0.99984777 16364688483 354.04654
/home/declsp/obsbot/rawdata/DECam_01480465.fits.fz N4 1480465 375.4188 61177.09536231 1.21 198.38774550313488 4.290896106125891 198.39527916666665 4.366 M490 0.031497356 24.964207 1.0238371 1.202718 21.958689 1.0273597 decam 6.765805 -0.46505237 151 object IBIS_wide_M490_431702 431702 0.031042 924.0 1948.0 -0.088242054 1.0000604 0.0007150607 0.013605877 -0.0005843171 0.9998978 16277153108 365.421
/home/declsp/obsbot/rawdata/DECam_01480466.fits.fz N4 1480466 374.759 61177.10007002 1.21 201.3827357862491 4.428896104932741 201.39027083333335 4.504 M490 0.029335713 24.955069 1.0152563 1.2151437 21.970482 1.054939 decam -0.82524294 -7.307571 127 object IBIS_wide_M490_434684 434684 0.027585 924.0 1948.0 -0.30286518 1.0000166 0.0008492245 0.17651004 -0.0010425915 0.9999653 16259786530 355.24234
/home/declsp/obsbot/rawdata/DECam_01480467.fits.fz N4 1480467 328.2789 61177.10473585 1.21 204.26573590831347 4.4168961050365105 204.27327083333333 4.492 M490 0.026424196 24.97304 1.0322005 1.1635358 21.949564 0.95408916 decam -4.158077 -18.847828 143 object IBIS_wide_M490_434672 434672 0.027261 924.0 1948.0 -0.114885665 1.0000505 0.0009401332 0.1902077 -0.0008856945 0.9999349 16429667664 344.0757
/home/declsp/obsbot/rawdata/DECam_01480468.fits.fz N4 1480468 329.8987 61177.10886269 1.22 204.6357381559691 4.6018961034363475 204.643275 4.677 M490 0.028061185 24.961971 1.0235864 1.2056235 21.984827 1.0119232 decam -7.6057534 -8.421294 141 object IBIS_wide_M490_431687 431687 0.02697 924.0 1948.0 -0.23578502 0.99973625 0.0008911955 0.16024767 -0.00084652385 1.0000763 16267186566 326.01163
/home/declsp/obsbot/rawdata/DECam_01480469.fits.fz N4 1480469 377.4485 61177.11301667 1.22 205.99873919927396 4.8878961009609325 206.00627916666667 4.963 M490 0.026371611 24.954956 1.0169933 1.2038193 22.00024 1.0076209 decam -18.570147 -13.647659 129 object IBIS_wide_M490_431684 431684 0.02547 924.0 1948.0 -0.16286327 0.9999593 0.0010514682 0.1282458 -0.0010376347 1.0000322 16276285991 374.59372
/home/declsp/obsbot/rawdata/DECam_01480470.fits.fz N4 1480470 325.2487 61177.1177248 1.22 207.41573287556434 4.7058961025364345 207.42327083333333 4.781 M490 0.025172638 24.962286 1.0238833 1.1436151 21.985788 0.9093511 decam -13.645956 -21.803925 150 object IBIS_wide_M490_431683 431683 0.023965 924.0 1948.0 0.22041383 1.0001061 0.0010293386 0.20413063 -0.0010287215 0.9999595 16129632334 357.67117
/home/declsp/obsbot/rawdata/DECam_01480471.fits.fz N4 1480471 313.6687 61177.12182407 1.21 208.45574448477223 4.39289610524404 208.46327916666667 4.468 M490 0.025825527 24.963854 1.023504 1.186425 22.003721 0.9597669 decam -12.702148 -9.907992 165 object IBIS_wide_M490_434342 434342 0.026985 924.0 1948.0 -0.25194067 1.0001225 0.0010159436 -0.01664124 -0.0010092178 0.9999996 16099260084 326.81757
/home/declsp/obsbot/rawdata/DECam_01480472.fits.fz N4 1480472 348.0885 61177.12579551 1.22 210.21374128465075 4.698896102597012 210.22127916666668 4.774 M490 0.027005473 24.968273 1.0295444 1.250637 21.990194 1.0708922 decam -15.136801 -23.99663 154 object IBIS_wide_M490_431384 431384 0.028282 924.0 1948.0 0.054653246 1.0002521 0.0010711509 -0.07752243 -0.0011331179 0.9999782 16252498096 325.04532
/home/declsp/obsbot/rawdata/DECam_01480473.fits.fz N4 1480473 366.1185 61177.13016429 1.22 208.8437325059987 4.739896102242172 208.85127083333333 4.8149999999999995 M490 0.02639632 24.94807 1.0105653 1.2062274 21.994091 1.0303794 decam -23.551493 -1.0781884 164 object IBIS_wide_M490_431385 431385 0.026929 924.0 1948.0 0.019952677 1.000094 0.0010617141 -0.103525124 -0.0011679172 0.9999685 16224737593 355.32397
/home/declsp/obsbot/rawdata/DECam_01480474.fits.fz N4 1480474 374.7282 61177.13475619 1.22 211.7287401363783 4.803896101688191 211.73627916666666 4.879 M490 0.024052575 24.964645 1.0261103 1.2278323 21.993784 1.0357466 decam -11.0030155 -11.952657 193 object IBIS_wide_M490_431381 431381 0.025298 924.0 1948.0 -0.20569469 1.0001508 0.0011684806 0.18264672 -0.0011265284 0.99991184 16338847679 361.79526
/home/declsp/obsbot/rawdata/DECam_01480475.fits.fz N4 1480475 339.4984 61177.13940576 1.22 213.28972725320259 5.198896098266732 213.29727083333333 5.274 M490 0.022497462 24.965914 1.0273097 1.2119946 22.001892 0.99939656 decam -19.10541 -11.22125 139 object IBIS_wide_M490_434366 434366 0.026089 924.0 1948.0 0.1671636 1.0001473 0.0012311585 0.29077145 -0.0014357343 0.99996793 16216615579 339.7034
/home/declsp/obsbot/rawdata/DECam_01480476.fits.fz N4 1480476 297.0586 61177.14365357 1.21 214.13673972826223 4.450896104742487 214.144275 4.526 M490 0.029919177 24.961323 1.0211205 1.1082351 22.008987 0.8374914 decam -12.400933 -18.155607 168 object IBIS_wide_M490_434357 434357 0.029021 924.0 1948.0 0.16269366 1.0003729 0.0011804467 0.12686025 -0.001459264 1.0001113 16058086212 354.70047
/home/declsp/obsbot/rawdata/DECam_01480477.fits.fz N4 1480477 456.9578 61177.14758218 1.13 214.01576527964832 -2.1931038380589696 214.02328333333332 -2.118 M490 0.0584403 24.970901 1.015323 1.204092 21.946548 1.0285214 decam -11.014844 -2.123403 175 object IBIS_wide_M490_431286 431286 0.060041 924.0 1948.0 -0.20699374 1.0000652 0.0012093963 0.18834405 -0.0012912747 0.99999505 16512440713 444.28613
/home/declsp/obsbot/rawdata/DECam_01480478.fits.fz N4 1480478 435.538 61177.15319862 1.14 215.1257667227408 -1.8841038407185229 215.13328333333334 -1.809 M490 0.05938576 24.96749 1.0139759 1.220237 21.943848 1.0655464 decam -9.391757 1.4374697 180 object IBIS_wide_M490_431281 431281 0.054878 924.0 1948.0 -0.047337815 1.0002382 0.001236132 0.0568134 -0.0013751686 0.9999775 16437595410 408.74615
/home/declsp/obsbot/rawdata/DECam_01480479.fits.fz N4 1480479 457.4178 61177.1585839 1.14 216.0507579463761 -1.984103839857937 216.058275 -1.909 M490 0.042593803 24.965332 1.0119629 1.1983082 21.936213 1.0390297 decam -15.477899 -9.68622 197 object IBIS_wide_M490_436974 436974 0.048732 924.0 1948.0 -0.25767985 1.000099 0.0012689633 0.16782759 -0.0014236041 0.9998589 16576975255 440.2355
/home/declsp/obsbot/rawdata/DECam_01480480.fits.fz N4 1480480 411.9181 61177.16418546 1.13 216.9187592600723 -2.5351038351141 216.92627916666666 -2.46 M490 0.056797888 24.96062 1.005756 1.2080255 21.909966 1.0911843 decam -18.012266 -11.198679 227 object IBIS_wide_M490_436972 436972 0.056439 924.0 1948.0 -0.12907764 0.99989206 0.001273861 0.16052243 -0.0012121024 1.0000211 16404783138 377.49637
/home/declsp/obsbot/rawdata/DECam_01480481.fits.fz N4 1480481 464.4378 61177.16928997 1.13 217.57575798905287 -2.7451038333050883 217.58327916666667 -2.67 M490 0.06515963 24.955055 1.0006138 1.261124 21.928753 1.1806931 decam -6.4927006 -15.903858 190 object IBIS_wide_M490_439956 439956 0.063719 924.0 1948.0 -0.14676172 1.0001876 0.0013567265 0.15863231 -0.0012067541 0.99999857 16529755204 393.3603
/home/declsp/obsbot/rawdata/DECam_01480482.fits.fz N4 1480482 468.7378 61177.1750092 1.14 219.86276534477858 -2.1801038381708815 219.87028333333333 -2.105 M490 0.04408481 24.964806 1.0114721 1.2929342 21.959162 1.1851642 decam -20.184052 -25.351727 219 object IBIS_wide_M490_440522 440522 0.04896 924.0 1948.0 -0.3864915 1.0000869 0.0013460235 0.04039827 -0.0013756459 0.99996924 16542535747 395.50452
/home/declsp/obsbot/rawdata/DECam_01480483.fits.fz N4 1480483 469.5579 61177.18075842 1.14 221.62376712236636 -1.7891038415359877 221.63128333333336 -1.714 M490 0.05207239 24.969442 1.0158015 1.3009057 21.943369 1.2070268 decam -8.91783 -19.56083 186 object IBIS_wide_M490_437538 437538 0.051877 924.0 1948.0 -0.21250659 1.0001887 0.0013756633 0.17177336 -0.001291278 1.0000271 16627123181 389.02026
/home/declsp/obsbot/rawdata/DECam_01480484.fits.fz N4 1480484 568.7072 61177.18651567 1.15 221.9827637692381 -1.578103843351324 221.99027916666665 -1.5030000000000001 M490 0.049092717 24.967468 1.0157983 1.3989186 21.92771 1.4209064 decam -3.432805 -17.38079 219 object IBIS_wide_M490_440524 440524 0.050626 924.0 1948.0 -0.23843431 1.0000097 0.0014480787 0.32234192 -0.0012540191 0.99993277 16819556846 400.24255
/home/declsp/obsbot/rawdata/DECam_01480485.fits.fz N4 1480485 528.8774 61177.19340063 1.16 222.32576859382326 -1.384103845020075 222.33328333333333 -1.309 M490 0.05472057 24.965988 1.0162568 1.3418487 21.919447 1.321067 decam -5.6577773 -11.072039 228 object IBIS_wide_M490_437539 437539 0.049422 924.0 1948.0 -0.22808954 1.0000678 0.0014954873 0.10013561 -0.0013393176 1.0000254 16842572374 400.3411
/home/declsp/obsbot/rawdata/DECam_01480486.fits.fz N4 1480486 643.8768 61177.19983538 1.18 220.4227626376558 -1.8651038408820226 220.43027916666668 -1.79 M490 0.044547476 24.953419 1.0082116 1.4819319 21.912567 1.6591 decam -5.9943247 -10.884278 212 object IBIS_wide_M490_437537 437537 0.04817 924.0 1948.0 -0.33166102 0.9999261 0.001299148 -0.011938338 -0.0014076319 0.99988323 17018110379 388.08798
/home/declsp/obsbot/rawdata/DECam_01480487.fits.fz N4 1480487 678.1568 61177.2077689 1.19 226.4887654223519 1.0228961342859741 226.49627916666665 1.098 M490 0.056499857 24.943327 1.0006977 1.5168319 21.916641 1.7640574 decam -14.320994 4.4247947 226 object IBIS_wide_M490_437592 437592 0.055994 924.0 1948.0 -0.091276914 1.0002285 0.001529033 0.05548776 -0.0016461281 0.9999433 17096957144 384.4301
/home/declsp/obsbot/rawdata/DECam_01480488.fits.fz N4 1480488 610.597 61177.21592472 1.2 228.01376933827382 1.1248961334088676 228.02128333333332 1.2 M490 0.04549966 24.945683 1.0046921 1.4084952 21.918205 1.5125675 decam -5.6542215 -2.1424932 239 object IBIS_wide_M490_437591 437591 0.048585 924.0 1948.0 -0.0059905243 1.0000457 0.0015331826 -0.043537013 -0.0012851033 1.0000595 16922220053 403.68246
/home/declsp/obsbot/rawdata/DECam_01480489.fits.fz N4 1480489 539.6974 61177.22333422 1.22 230.66675684133833 2.213896124039531 230.674275 2.289 M490 0.0398051 24.954826 1.0168719 1.390206 21.858313 1.5311552 decam -12.018792 -1.7395993 261 object IBIS_wide_M490_437520 437520 0.04415 924.0 1948.0 -0.28026623 1.0003774 0.0016673005 -0.028313626 -0.001579844 1.000084 17440683293 352.47726
/home/declsp/obsbot/rawdata/DECam_01480490.fits.fz N4 1480490 582.6769 61177.22991519 1.21 233.25076200885405 2.0068961258213323 233.25827916666668 2.082 M490 0.04566242 24.95663 1.0167172 1.4279544 21.9228 1.5171249 decam -15.072147 3.995154 285 object IBIS_wide_M490_440499 440499 0.047936 924.0 1948.0 -0.3443519 0.99987924 0.0016846277 0.23606363 -0.0017930975 0.99998057 16896368542 384.06653
/home/declsp/obsbot/rawdata/DECam_01480491.fits.fz N4 1480491 598.6569 61177.23699027 1.22 235.4597507525972 2.564896121017053 235.46727083333334 2.64 M490 0.06850589 24.93811 1.0013366 1.3925725 21.911573 1.5085596 decam -10.339217 -0.11991402 303 object IBIS_wide_M490_440501 440501 0.066874 924.0 1948.0 -0.016486045 1.000248 0.0017820599 0.1901461 -0.0019185153 1.000085 16924585724 396.8401
/home/declsp/obsbot/rawdata/DECam_01480492.fits.fz N4 1480492 764.6061 61177.24426677 1.22 238.31875056327686 2.5968961207414205 238.32627083333335 2.672 M490 0.10130829 24.9424 1.0053012 1.226977 21.885946 1.1900913 decam -9.604348 7.640484 300 object IBIS_wide_M490_440649 440649 0.12076 924.0 1948.0 -0.316117 1.0003511 0.0018193616 0.3617572 -0.0018690918 1.0000181 17365999341 642.47687
/home/declsp/obsbot/rawdata/DECam_01480493.fits.fz N4 1480493 769.3762 61177.25343955 1.23 239.5467546344002 2.6128961206035983 239.55427500000002 2.688 M490 0.121030666 24.955269 1.019135 1.2248439 21.869987 1.1753311 decam -3.006579 -0.5068168 360 object IBIS_wide_M490_440646 440646 0.12184 924.0 1948.0 -0.35848156 1.0002353 0.0017956357 0.07600383 -0.0017420012 1.000043 17529512929 654.6038
/home/declsp/obsbot/rawdata/DECam_01480494.fits.fz N4 1480494 717.4462 61177.26270868 1.23 242.9917619164472 2.0268961256491975 242.99927916666664 2.102 M490 0.084085666 24.950523 1.0146902 1.2944341 21.875843 1.3168511 decam -12.146811 1.3993723 449 object IBIS_wide_M490_440327 440327 0.085002 924.0 1948.0 -0.568695 1.0000468 0.0019155899 0.25511044 -0.0018349594 1.0000657 17336193360 544.8195
/home/declsp/obsbot/rawdata/DECam_01480495.fits.fz N4 1480495 684.9563 61177.27133765 1.25 243.42575630666371 2.3168961231527514 243.43327499999998 2.392 M490 0.07969658 24.947868 1.0158916 1.3174253 21.884819 1.3593767 decam -5.8782063 5.3965144 466 object IBIS_wide_M490_437342 437342 0.079227 924.0 1948.0 -0.4709104 1.0001168 0.0021005229 0.15584065 -0.0018674206 1.0000074 17253949009 503.87527
/home/declsp/obsbot/rawdata/DECam_01480496.fits.fz N4 1480496 572.3369 61177.27960361 1.25 246.273760275312 2.3538961228341684 246.28127916666668 2.429 M490 0.06975916 24.94917 1.01711 1.2815562 21.869074 1.3021339 decam -6.333723 15.2642565 506 object IBIS_wide_M490_437338 437338 0.063501 924.0 1948.0 -0.23049779 1.0004578 0.001946905 0.17579399 -0.0018993588 1.0000726 17332777518 439.5377
/home/declsp/obsbot/rawdata/DECam_01480497.fits.fz N4 1480497 563.2869 61177.28656513 1.24 248.77775783758887 2.007896125812726 248.785275 2.083 M490 0.061071176 24.942572 1.0091144 1.3247888 21.900238 1.3685001 decam 4.527268 15.850325 611 object IBIS_wide_M490_440342 440342 0.066035 924.0 1948.0 -0.15807553 1.0002621 0.0021216124 0.34116864 -0.001838689 0.99997324 17057703718 411.60898
/home/declsp/obsbot/rawdata/DECam_01480498.fits.fz N4 1480498 671.0063 61177.2934352 1.27 249.88175262669998 2.928896117880876 249.889275 3.004 M490 0.059482984 24.93244 1.0051984 1.362481 21.925425 1.4408176 decam -5.769284 4.7279377 634 object IBIS_wide_M490_437360 437360 0.066483 924.0 1948.0 -0.048752956 1.0001409 0.0019503405 -0.06939519 -0.0020283451 1.0001281 17121357906 465.71216
/home/declsp/obsbot/rawdata/DECam_01480499.fits.fz N4 1480499 494.3973 61177.30314614 1.26 308.42059221292305 -12.08410375147651 308.428275 -12.009 M490 0.04463193 24.96052 1.0296655 1.193542 21.761137 1.2219453 decam -18.830366 -33.50301 712 object IBIS_wide_M490_449019 449019 0.050051 924.0 1948.0 -0.024042891 1.0001082 0.001915101 0.2734204 -0.0020898664 1.0001558 16950679968 404.59857
/home/declsp/obsbot/rawdata/DECam_01480500.fits.fz N4 1480500 426.5876 61177.30922563 1.24 310.472534513563 -13.93910373467765 310.480275 -13.864 M490 0.046094954 24.960531 1.0259461 1.1601999 21.723886 1.1950283 decam -2.0049763 -42.440117 591 object IBIS_wide_M490_449009 449009 0.043909 924.0 1948.0 -0.2514886 1.0002397 0.0018313734 0.19589272 -0.0019110063 1.0001993 17009852603 356.9686
