logs/db-2026-04-16.ecsv
# %ECSV 1.0
# ---
# datatype:
# - {name: filename, datatype: string}
# - {name: extension, datatype: string}
# - {name: expnum, datatype: int64}
# - {name: exptime, datatype: float32}
# - {name: mjd_obs, datatype: float64}
# - {name: airmass, datatype: float32}
# - {name: racenter, datatype: float64}
# - {name: deccenter, datatype: float64}
# - {name: rabore, datatype: float64}
# - {name: decbore, datatype: float64}
# - {name: band, datatype: string}
# - {name: ebv, datatype: float32}
# - {name: zeropoint, datatype: float32}
# - {name: transparency, datatype: float32}
# - {name: seeing, datatype: float32}
# - {name: sky, datatype: float32}
# - {name: expfactor, datatype: float32}
# - {name: camera, datatype: string}
# - {name: dx, datatype: float32}
# - {name: dy, datatype: float32}
# - {name: nmatched, datatype: int64}
# - {name: obstype, datatype: string}
# - {name: object, datatype: string}
# - {name: tileid, datatype: int64}
# - {name: tileebv, datatype: float32}
# - {name: affine_x0, datatype: float32}
# - {name: affine_y0, datatype: float32}
# - {name: affine_dx, datatype: float32}
# - {name: affine_dxx, datatype: float32}
# - {name: affine_dxy, datatype: float32}
# - {name: affine_dy, datatype: float32}
# - {name: affine_dyx, datatype: float32}
# - {name: affine_dyy, datatype: float32}
# - {name: checksum, datatype: string}
# - {name: efftime, datatype: float32}
# schema: astropy-2.0
filename extension expnum exptime mjd_obs airmass racenter deccenter rabore decbore band ebv zeropoint transparency seeing sky expfactor camera dx dy nmatched obstype object tileid tileebv affine_x0 affine_y0 affine_dx affine_dxx affine_dxy affine_dy affine_dyx affine_dyy checksum efftime
/home/declsp/obsbot/rawdata/DECam_01475808.fits.fz N4 1475808 5.0 61146.96473459 1.0 122.26944431917781 -30.39760245687843 122.27815416666667 -30.322498888888887 r 0.5333046 26.787655 0.97243756 1.140127 18.180187 10.875002 decam 3.0587506 -78.19935 2170 object pointing 0 0.0 924.0 1948.0 -0.11792267 1.0000979 -0.0020746326 -0.05620781 0.0021867421 1.0001194 17504659620 0.45977002
/home/declsp/obsbot/rawdata/DECam_01475809.fits.fz N4 1475809 30.0 61146.96592855 1.0 122.26944431917781 -30.39760245687843 122.27815416666667 -30.322498888888887 r 0.5333046 26.770302 0.95701945 1.3432338 18.395643 12.77295 decam 1.4301547 13.807249 3148 object pointing 0 0.0 924.0 1948.0 0.19792755 1.0000052 -0.0020308956 -0.43529993 0.001980622 1.0000405 25979253211 2.3487134
/home/declsp/obsbot/rawdata/DECam_01475810.fits.fz N4 1475810 10.0 61146.96948122 1.01 130.3761489802335 -32.93424242676747 130.3851 -32.859138888888886 M490 0.33464447 24.80318 0.8512555 1.060504 19.354668 11.8322 decam -0.51218224 19.188251 759 object "LTT3218 N4" 0 0.0 924.0 1948.0 -0.25926045 0.9997784 -0.0019229173 -0.43856168 0.0019554882 1.0000658 15634934870 0.84515136
/home/declsp/obsbot/rawdata/DECam_01475811.fits.fz N4 1475811 10.0 61146.96991687 1.01 130.00609898023347 -32.93424242676747 130.01505 -32.859138888888886 M490 0.29259276 24.808783 0.8556593 1.0523162 19.469395 10.374698 decam 12.752529 5.8677044 969 object "LTT3218 N5" 0 0.0 924.0 1948.0 0.1215679 1.0000539 -0.0019973838 -0.060047936 0.002251696 0.9999814 15604690032 0.9638835
/home/declsp/obsbot/rawdata/DECam_01475812.fits.fz N4 1475812 10.0 61146.97035976 1.01 130.74619871054136 -33.10090964695198 130.75516666666667 -33.02580611111111 M490 0.41609186 24.941103 0.96656084 0.88766426 19.70819 4.647337 decam 10.255361 24.867659 778 object "LTT3218 S3" 0 0.0 924.0 1948.0 0.20725518 1.000187 -0.0019321128 -0.3097646 0.0019504054 1.0001001 15595393921 2.1517699
/home/declsp/obsbot/rawdata/DECam_01475813.fits.fz N4 1475813 10.0 61146.97077226 1.01 130.37613204387472 -33.100909646952 130.3851 -33.02580611111111 M490 0.3320199 24.926783 0.9538968 1.3347749 19.89614 9.057904 decam 18.947992 20.97736 745 object "LTT3218 S4" 0 0.0 924.0 1948.0 -0.29505113 0.9998953 -0.0019327784 0.03261309 0.0021183535 0.99993694 15528468462 1.1040082
/home/declsp/obsbot/rawdata/DECam_01475814.fits.fz N4 1475814 10.0 61146.97120373 1.01 130.00608204387473 -33.10090964695198 130.01505 -33.02580611111111 M490 0.27418688 24.948496 0.97316515 1.2704462 20.028536 6.980055 decam 27.583103 36.197212 943 object "LTT3218 S5" 0 0.0 924.0 1948.0 0.16695745 1.0000491 -0.00211831 -0.098688364 0.001880643 1.0000112 15512617574 1.4326535
/home/declsp/obsbot/rawdata/DECam_01475815.fits.fz N4 1475815 15.0 61146.97302797 1.16 89.0930033306711 -27.849770541142576 89.1015 -27.774666944444444 M490 0.038579706 24.975655 1.0253441 0.9789524 20.137632 3.5691664 decam 5.093083 79.491394 175 object "LTT2415 N4" 0 0.0 924.0 1948.0 0.50696415 0.9997252 -0.0028814478 -0.26447406 0.0028442743 0.9999174 15560109421 4.202662
/home/declsp/obsbot/rawdata/DECam_01475816.fits.fz N4 1475816 15.0 61146.97349654 1.17 88.74173249733775 -27.849770541142576 88.75022916666667 -27.774666944444444 M490 0.03469151 24.968773 1.0207169 1.026027 20.252876 3.5699816 decam 8.934958 71.75877 161 object "LTT2415 N5" 0 0.0 924.0 1948.0 0.7922893 0.9999445 -0.0029904104 -0.49776295 0.0029097572 0.9999287 15536842641 4.2017026
/home/declsp/obsbot/rawdata/DECam_01475817.fits.fz N4 1475817 15.0 61146.97398546 1.16 89.4442443826225 -28.016436650418257 89.45275416666667 -27.941333055555557 M490 0.029162224 24.974678 1.0244226 0.9408823 20.397789 2.5997164 decam 0.99355686 61.15311 222 object "LTT2415 S3" 0 0.0 924.0 1948.0 0.78240955 1.0003729 -0.0027941416 -0.16133025 0.002976769 1.0000052 15533892733 5.7698603
/home/declsp/obsbot/rawdata/DECam_01475818.fits.fz N4 1475818 15.0 61146.97446318 1.17 89.09299021595584 -28.016436650418257 89.1015 -27.941333055555557 M490 0.035507463 24.97583 1.0273725 1.0658352 20.503824 3.0173714 decam -7.330364 56.363194 171 object "LTT2415 S4" 0 0.0 924.0 1948.0 0.91667706 1.0001307 -0.0031219723 -0.058969725 0.003223862 1.0001127 15501448010 4.9712143
/home/declsp/obsbot/rawdata/DECam_01475819.fits.fz N4 1475819 15.0 61146.97494354 1.17 88.7417193826225 -28.016436650418257 88.75022916666667 -27.941333055555557 M490 0.034228936 24.97305 1.0247438 1.0185139 20.60761 2.517582 decam -4.0304155 44.38018 186 object "LTT2415 S5" 0 0.0 924.0 1948.0 -0.6337474 0.999978 -0.0030451952 -0.52443415 0.0030651968 0.9999924 15490985917 5.958098
/home/declsp/obsbot/rawdata/DECam_01475820.fits.fz N4 1475820 150.0 61146.97703517 1.28 151.375683286387 -0.0034338568907039085 151.38319583333333 0.07167 M490 0.043227434 24.963219 1.0359801 1.1944988 21.197496 2.046653 decam 17.71535 3.1291468 120 object "Pal3 position 0" 0 0.0 924.0 1948.0 0.058673687 1.0000799 -0.0011905866 -0.11300857 0.0010703154 0.99993086 16083298107 73.29039
/home/declsp/obsbot/rawdata/DECam_01475821.fits.fz N4 1475821 150.0 61146.97912651 1.27 151.33804578529828 0.031037253924091672 151.34555833333334 0.1061411111111111 M490 0.043352466 24.952225 1.0236839 1.0165544 21.459732 1.1888456 decam 8.033203 8.040895 207 object "Pal3 position 1" 0 0.0 924.0 1948.0 0.47875386 1.0001034 -0.0011998363 0.279952 0.0012871799 0.9999969 15928374490 126.17281
/home/declsp/obsbot/rawdata/DECam_01475822.fits.fz N4 1475822 150.0 61146.98122406 1.27 151.38199577990818 -0.07532580071716091 151.38950833333334 -0.00022194444444444445 M490 0.043507293 24.963387 1.0342625 0.9807953 21.6261 0.93029875 decam 1.4637728 16.783619 136 object "Pal3 position 2" 0 0.0 924.0 1948.0 0.06228205 0.99999404 -0.0012211683 -0.2820099 0.0010293041 0.9999812 15865987204 161.23853
/home/declsp/obsbot/rawdata/DECam_01475823.fits.fz N4 1475823 150.0 61146.98328565 1.26 151.42945828130826 0.06671114250632566 151.43697083333333 0.141815 M490 0.040160254 24.916046 0.9883398 0.9194199 21.697891 0.8352296 decam -1.698104 20.805182 218 object "Pal3 position 3" 0 0.0 924.0 1948.0 -0.68416905 1.0002552 -0.0012830475 0.11042022 0.0011509339 1.0000198 15824088498 179.59134
/home/declsp/obsbot/rawdata/DECam_01475824.fits.fz N4 1475824 150.0 61146.98536068 1.25 151.2751832858857 -0.021210801182336734 151.28269583333332 0.053893055555555555 M490 0.04265157 24.963215 1.0303535 0.96171314 21.782055 0.77509934 decam 4.9431396 26.283846 137 object "Pal3 position 4" 0 0.0 924.0 1948.0 -0.09526224 0.9999577 -0.0011061813 -0.14797463 0.0010182394 0.9999836 15788033425 193.52357
/home/declsp/obsbot/rawdata/DECam_01475825.fits.fz N4 1475825 35.0 61146.98759145 1.13 144.6817190904695 -6.428103801430884 144.68927916666667 -6.353 M490 0.027478348 24.9806 1.0244343 0.9342288 21.943665 0.61050755 decam -9.396118 25.41192 124 object "pointing test" 0 0.0 924.0 1948.0 0.76768696 0.9998065 -0.001146028 -0.035547353 0.0012366062 1.0002306 15454052212 57.32935
/home/declsp/obsbot/rawdata/DECam_01475826.fits.fz N4 1475826 314.6979 61146.98972151 1.15 146.80273436215447 -5.300103811229842 146.81027916666665 -5.225 M490 0.06776968 24.978838 1.0264909 0.95194376 21.937855 0.6392859 decam -15.662709 -4.3973804 197 object IBIS_wide_M490_424970 424970 0.059839 924.0 1948.0 0.18694687 1.0000226 -0.0013465076 -0.09884582 0.0014849749 0.9999806 16227332658 492.2647
/home/declsp/obsbot/rawdata/DECam_01475827.fits.fz N4 1475827 306.1281 61146.99369323 1.15 145.85374250163972 -4.1711038210017115 145.861275 -4.096 M490 0.046174977 24.969725 1.0179107 0.9226663 21.94587 0.60635173 decam -1.7629565 4.4982834 190 object IBIS_wide_M490_427964 427964 0.046119 924.0 1948.0 -0.22676139 1.0000432 -0.001352839 -0.196734 0.0014262288 0.9999455 16163841304 504.86887
/home/declsp/obsbot/rawdata/DECam_01475828.fits.fz N4 1475828 301.0281 61146.99775314 1.16 153.13572454128192 -6.05010380471904 153.14327916666664 -5.975 M490 0.038212426 24.975897 1.0255728 0.9195786 21.956478 0.58971274 decam -9.539332 2.4644864 159 object IBIS_wide_M490_425447 425447 0.038626 924.0 1948.0 0.3103475 0.9998334 -0.0010840002 -0.13134342 0.0010568337 0.9999912 16110433381 510.46567
/home/declsp/obsbot/rawdata/DECam_01475829.fits.fz N4 1475829 281.5581 61147.00156391 1.15 150.74774262652627 -4.573103817525884 150.75527916666664 -4.498 M490 0.03283498 24.98059 1.0281491 0.9315356 21.95724 0.59947246 decam -2.4050765 1.1984369 153 object IBIS_wide_M490_428442 428442 0.032581 924.0 1948.0 0.04412112 1.0000744 -0.0012551603 -0.09476937 0.0012077511 0.9999602 16046863795 469.67645
/home/declsp/obsbot/rawdata/DECam_01475830.fits.fz N4 1475830 305.418 61147.00516709 1.15 152.0797420017336 -4.63210381701543 152.08727916666666 -4.557 M490 0.03520333 24.974543 1.0224377 0.971376 21.965439 0.65403754 decam 9.398291 -13.515502 165 object IBIS_wide_M490_428441 428441 0.035712 924.0 1948.0 0.11075641 1.0000068 -0.0011636146 0.06773673 0.00092687865 0.99988586 16095147975 466.9732
/home/declsp/obsbot/rawdata/DECam_01475831.fits.fz N4 1475831 329.6878 61147.00904366 1.15 154.23172783492808 -5.150103812530036 154.23927083333334 -5.075 M490 0.0416436 24.976986 1.0247422 1.0290163 21.94665 0.7432018 decam 19.77104 -8.458251 139 object IBIS_wide_M490_428436 428436 0.044313 924.0 1948.0 0.0228934 1.0001732 -0.0011188523 -0.06835876 0.0008811918 0.99994826 16290333871 443.6047
/home/declsp/obsbot/rawdata/DECam_01475832.fits.fz N4 1475832 375.0976 61147.0131774 1.15 154.9337293692813 -5.019103813665034 154.94127083333333 -4.944 M490 0.051951256 24.973078 1.0210598 1.0327162 21.925508 0.7687768 decam 9.257458 -11.494559 159 object IBIS_wide_M490_425429 425429 0.046432 924.0 1948.0 -0.048822753 1.0001308 -0.0010747962 0.066248775 0.00086063007 1.0000445 16337473514 487.91483
/home/declsp/obsbot/rawdata/DECam_01475833.fits.fz N4 1475833 245.1684 61147.01788596 1.14 158.48671088585823 -6.694103799114081 158.49427500000002 -6.619 M490 0.042758998 24.98049 1.0261908 0.9651717 21.972189 0.63473624 decam 14.733998 -17.516888 168 object IBIS_wide_M490_428416 428416 0.044787 924.0 1948.0 -0.1738185 1.000064 -0.0010454559 -0.15866293 0.00048855407 0.99994045 15967681820 386.2524
/home/declsp/obsbot/rawdata/DECam_01475834.fits.fz N4 1475834 258.0783 61147.02109266 1.14 155.07273875353923 -4.545103817768103 155.080275 -4.47 M490 0.04747342 24.976799 1.0227085 0.94450486 21.958643 0.6197484 decam 8.525711 -22.251629 157 object IBIS_wide_M490_428437 428437 0.046438 924.0 1948.0 0.19724728 1.0000299 -0.001085221 -0.03876142 0.0010101023 0.99995846 16154919555 416.42432
/home/declsp/obsbot/rawdata/DECam_01475835.fits.fz N4 1475835 299.3181 61147.02440655 1.14 156.2987343877888 -4.564103817603741 156.30627083333334 -4.489 M490 0.049445506 24.984558 1.0300431 0.9329054 21.940493 0.6061306 decam 11.028987 -16.152739 135 object IBIS_wide_M490_428426 428426 0.044695 924.0 1948.0 0.065073475 1.0002413 -0.0010135106 -0.14035669 0.0008597712 1.0000807 16237291229 493.81787
/home/declsp/obsbot/rawdata/DECam_01475836.fits.fz N4 1475836 290.3081 61147.0282243 1.14 159.72772757332166 -5.172103812339381 159.73527083333332 -5.097 M490 0.048509955 24.97108 1.0173352 0.9633515 21.946545 0.6587861 decam 9.035781 -5.60238 133 object IBIS_wide_M490_428420 428420 0.048507 924.0 1948.0 0.060462862 0.9999816 -0.00085953064 -0.0849864 0.000797399 0.9999493 16088392790 440.67126
/home/declsp/obsbot/rawdata/DECam_01475837.fits.fz N4 1475837 318.0379 61147.03190902 1.14 159.0957379840554 -4.6181038171365625 159.103275 -4.543 M490 0.04306274 24.974918 1.0209378 0.97021925 21.955198 0.65821266 decam 8.797612 -14.046721 158 object IBIS_wide_M490_428422 428422 0.048303 924.0 1948.0 0.22483812 1.0000348 -0.00092742476 -0.035940662 0.00079698995 0.9998336 16118550583 483.1841
/home/declsp/obsbot/rawdata/DECam_01475838.fits.fz N4 1475838 286.3082 61147.03592975 1.14 161.1797295193613 -5.006103813777644 161.18727083333332 -4.931 M490 0.044089694 24.971138 1.0173897 0.9421665 21.94849 0.62901163 decam 1.8967872 -9.464239 128 object IBIS_wide_M490_428170 428170 0.043482 924.0 1948.0 0.15632874 0.9998582 -0.00074070145 0.11552223 0.00065100583 0.99997294 16053340579 455.17154
/home/declsp/obsbot/rawdata/DECam_01475839.fits.fz N4 1475839 135.4792 61147.03969826 1.14 166.18070623771314 -6.725103798843918 166.18827083333335 -6.65 M490 0.03643226 24.976946 1.0228459 0.8654307 21.931852 0.5334631 decam -11.130744 -7.7200317 126 object IBIS_wide_M490_428180 428180 0.041322 924.0 1948.0 -0.100218944 1.0001078 -0.0006124348 -0.12547147 0.0006862547 0.999927 15697819428 253.9617
/home/declsp/obsbot/rawdata/DECam_01475840.fits.fz N4 1475840 131.6691 61147.04161668 1.14 166.57670906220721 -6.541103800446981 166.58427083333333 -6.466 M490 0.04809316 24.979174 1.0249472 0.9278571 21.923546 0.6151108 decam -5.3516498 -19.521133 136 object IBIS_wide_M490_425197 425197 0.047319 924.0 1948.0 -0.21318239 1.0001012 -0.0006368962 0.007104938 0.00038677524 0.9999936 15792563641 214.05753
/home/declsp/obsbot/rawdata/DECam_01475841.fits.fz N4 1475841 284.2281 61147.04357791 1.13 160.85573737442763 -4.27010382014607 160.86327083333333 -4.195 M490 0.04790251 24.956757 1.0021822 0.88462067 21.933313 0.57764125 decam 5.0914683 -14.165869 133 object IBIS_wide_M490_425478 425478 0.048959 924.0 1948.0 -0.0010232669 1.0003824 -0.000993297 0.03585807 0.000667036 0.9999075 16045161169 492.0495
/home/declsp/obsbot/rawdata/DECam_01475842.fits.fz N4 1475842 242.5884 61147.04720939 1.13 164.21773943276372 -4.867103814981409 164.22527916666667 -4.792 M490 0.028796848 24.988205 1.0316354 0.9032953 21.917742 0.5765227 decam -3.72132 -5.6030765 132 object IBIS_wide_M490_425223 425223 0.029266 924.0 1948.0 0.03933059 0.9999802 -0.00080406043 -0.01976816 0.000648137 0.99997497 16109027015 420.77856
/home/declsp/obsbot/rawdata/DECam_01475843.fits.fz N4 1475843 312.648 61147.05035373 1.14 165.8757351988227 -4.873103814929458 165.883275 -4.798 M490 0.04082999 24.980042 1.0257663 0.8883629 21.923868 0.5629419 decam 2.1957126 0.70665234 131 object IBIS_wide_M490_425222 425222 0.046791 924.0 1948.0 -0.21687794 1.0003992 -0.0006628292 -0.05383518 0.0006079349 0.99989325 16125403590 555.3824
/home/declsp/obsbot/rawdata/DECam_01475844.fits.fz N4 1475844 131.9592 61147.05439955 1.14 170.72971162688438 -6.646103799532335 170.737275 -6.571 M490 0.042283095 24.984434 1.0299257 0.93006986 21.910957 0.6192167 decam -2.5387137 -0.92705405 152 object IBIS_wide_M490_425116 425116 0.039606 924.0 1948.0 -0.04406753 1.0001538 -0.000414134 0.088232055 0.00030630492 0.9999128 15698981283 213.10666
/home/declsp/obsbot/rawdata/DECam_01475845.fits.fz N4 1475845 248.0784 61147.05641331 1.13 163.77473774581034 -4.232103820474523 163.7822708333333 -4.157 M490 0.03035259 24.991789 1.0350455 0.91791916 21.922926 0.5885502 decam 14.734022 0.39854717 136 object IBIS_wide_M490_425229 425229 0.031963 924.0 1948.0 0.097791076 0.9999966 -0.00078673125 0.038739137 0.0006485553 0.999935 15978301565 421.50763
/home/declsp/obsbot/rawdata/DECam_01475846.fits.fz N4 1475846 256.3883 61147.05982518 1.13 172.11770843977152 -6.582103800089879 172.12527083333333 -6.507 M490 0.032325853 24.972843 1.0171416 0.95212734 21.917166 0.6590726 decam 0.8586589 10.343251 134 object IBIS_wide_M490_425117 425117 0.038766 924.0 1948.0 0.05241509 1.000045 -0.00023473985 -0.03230356 0.0003680677 0.99990505 16013119551 389.01376
/home/declsp/obsbot/rawdata/DECam_01475847.fits.fz N4 1475847 146.3291 61147.06312591 1.13 173.03970872501236 -6.832103797911142 173.047275 -6.757 M490 0.03274551 24.995758 1.0388356 0.9966005 21.916885 0.69224817 decam 6.8618994 -0.24745794 141 object IBIS_wide_M490_428097 428097 0.035956 924.0 1948.0 0.0028612467 1.0001097 -0.00030797409 0.043265466 0.00024074943 0.9999727 15789636247 211.38243
