logs/db-2026-03-14.ecsv
# %ECSV 1.0
# ---
# datatype:
# - {name: filename, datatype: string}
# - {name: extension, datatype: string}
# - {name: expnum, datatype: int64}
# - {name: exptime, datatype: float32}
# - {name: mjd_obs, datatype: float64}
# - {name: airmass, datatype: float32}
# - {name: racenter, datatype: float64}
# - {name: deccenter, datatype: float64}
# - {name: rabore, datatype: float64}
# - {name: decbore, datatype: float64}
# - {name: band, datatype: string}
# - {name: ebv, datatype: float32}
# - {name: zeropoint, datatype: float32}
# - {name: transparency, datatype: float32}
# - {name: seeing, datatype: float32}
# - {name: sky, datatype: float32}
# - {name: expfactor, datatype: float32}
# - {name: camera, datatype: string}
# - {name: dx, datatype: float32}
# - {name: dy, datatype: float32}
# - {name: nmatched, datatype: int64}
# - {name: obstype, datatype: string}
# - {name: object, datatype: string}
# - {name: tileid, datatype: int64}
# - {name: tileebv, datatype: float32}
# - {name: affine_x0, datatype: float32}
# - {name: affine_y0, datatype: float32}
# - {name: affine_dx, datatype: float32}
# - {name: affine_dxx, datatype: float32}
# - {name: affine_dxy, datatype: float32}
# - {name: affine_dy, datatype: float32}
# - {name: affine_dyx, datatype: float32}
# - {name: affine_dyy, datatype: float32}
# - {name: checksum, datatype: string}
# - {name: efftime, datatype: float32}
# schema: astropy-2.0
filename extension expnum exptime mjd_obs airmass racenter deccenter rabore decbore band ebv zeropoint transparency seeing sky expfactor camera dx dy nmatched obstype object tileid tileebv affine_x0 affine_y0 affine_dx affine_dxx affine_dxy affine_dy affine_dyx affine_dyy checksum efftime
[from data line 81]
/home/declsp/obsbot/rawdata/DECam_01463237.fits.fz N4 1463237 267.4386 61114.29729633 1.12 209.24574492941807 -3.414103827537616 209.25327083333335 -3.339 M490 0.042820588 24.995234 1.0364531 0.9531748 21.806005 0.93546706 decam -12.192243 4.382481 172 object IBIS_wide_M490_434280 434280 0.0451 924.0 1948.0 -0.21443747 1.000208 0.0011040885 0.15392391 -0.0008873648 0.99999475 16108457927 285.8878
/home/declsp/obsbot/rawdata/DECam_01463238.fits.fz N4 1463238 277.2485 61114.30070362 1.12 210.54474583045175 -3.297103828546813 210.55227083333332 -3.222 M490 0.058302727 25.005337 1.0461425 0.9055209 21.793964 0.9298011 decam -12.770095 3.2590356 174 object IBIS_wide_M490_434259 434259 0.062826 924.0 1948.0 0.11989156 1.0002859 0.0011425043 -0.05080313 -0.0013397849 1.000068 16121466227 298.18045
/home/declsp/obsbot/rawdata/DECam_01463239.fits.fz N4 1463239 276.7385 61114.30423255 1.12 211.99875365167475 -3.3641038279689264 212.00627916666667 -3.289 M490 0.05869132 25.000893 1.0418686 0.8976264 21.769678 0.9445162 decam -17.027227 7.5470448 180 object IBIS_wide_M490_434258 434258 0.059651 924.0 1948.0 -0.11045556 1.0002937 0.0011638434 0.14060336 -0.0010919948 1.0000277 16133533928 292.99496
/home/declsp/obsbot/rawdata/DECam_01463240.fits.fz N4 1463240 287.1685 61114.3077605 1.12 212.32775174656084 -3.0571038306162257 212.335275 -2.982 M490 0.07565462 24.99478 1.0360194 0.91289526 21.714783 1.1641784 decam -15.937771 12.687546 183 object IBIS_wide_M490_431282 431282 0.060562 924.0 1948.0 -0.4773432 0.999917 0.0011755371 -0.17594565 -0.00115927 1.0001049 16330675122 246.67052
/home/declsp/obsbot/rawdata/DECam_01463241.fits.fz N4 1463241 301.2784 61114.31140506 1.11 213.79973810420108 -4.195103820794304 213.80727083333335 -4.12 M490 0.0403 25.004574 1.0435131 0.8982821 21.718634 0.87056625 decam -16.407312 9.940548 248 object IBIS_wide_M490_431275 431275 0.043106 924.0 1948.0 -0.37142122 1.0002422 0.0012804078 0.002658955 -0.0013590183 1.0001295 16298939653 346.07178
/home/declsp/obsbot/rawdata/DECam_01463242.fits.fz N4 1463242 299.4384 61114.31520258 1.11 214.78973732531205 -4.2751038201028475 214.79727083333336 -4.2 M490 0.046834216 24.99774 1.0369645 0.9586067 21.709251 1.0576099 decam -9.815316 16.611492 223 object IBIS_wide_M490_431258 431258 0.047885 924.0 1948.0 0.19068931 1.0001016 0.00129082 0.18674092 -0.0013979867 1.0001004 16268211268 283.12744
/home/declsp/obsbot/rawdata/DECam_01463243.fits.fz N4 1463243 308.9382 61114.31898135 1.11 215.47474539792253 -3.8571038237141715 215.482275 -3.782 M490 0.052854594 25.004824 1.0437531 0.8861448 21.68905 0.9466401 decam -16.889484 17.144299 217 object IBIS_wide_M490_430975 430975 0.055365 924.0 1948.0 -0.5748782 1.000171 0.0013476711 0.06881079 -0.0011537874 1.0000892 16313270974 326.35233
/home/declsp/obsbot/rawdata/DECam_01463244.fits.fz N4 1463244 344.2881 61114.32287452 1.11 217.0407386278997 -4.557103817664297 217.048275 -4.482 M490 0.07650239 24.98885 1.0285085 0.88430727 21.655806 1.172929 decam -14.657139 11.56753 211 object IBIS_wide_M490_439947 439947 0.071288 924.0 1948.0 -0.16261756 1.0001843 0.0014258266 0.12233004 -0.001304214 1.0000168 16455560146 293.52847
/home/declsp/obsbot/rawdata/DECam_01463245.fits.fz N4 1463245 469.8973 61114.32718138 1.11 218.11473436220666 -4.947103814288655 218.122275 -4.872 M490 0.066440694 25.00149 1.040552 0.97401154 21.64509 1.31174 decam -6.7904267 9.690446 219 object IBIS_wide_M490_436960 436960 0.072569 924.0 1948.0 0.061605535 1.0004815 0.0013501861 0.049731713 -0.0015305734 0.99991846 16857105053 358.22443
/home/declsp/obsbot/rawdata/DECam_01463246.fits.fz N4 1463246 398.0577 61114.33296661 1.1 218.09672077889815 -6.021103804971114 218.104275 -5.946 M490 0.059689805 24.999882 1.0371284 0.9763416 21.62528 1.2867239 decam -21.348312 11.4362545 216 object IBIS_wide_M490_436953 436953 0.060449 924.0 1948.0 -0.26051694 1.0003839 0.0014503843 0.17776546 -0.0014759324 0.9999902 16738496551 309.3575
/home/declsp/obsbot/rawdata/DECam_01463247.fits.fz N4 1463247 399.1776 61114.33788963 1.1 219.08471996344852 -6.369103801944429 219.09227916666669 -6.294 M490 0.06403735 25.010809 1.0476204 0.9609511 21.615356 1.2693986 decam -13.630549 17.31502 224 object IBIS_wide_M490_439937 439937 0.065608 924.0 1948.0 -0.086327754 1.0002168 0.0014478521 0.081677474 -0.001370682 1.0000861 16672477865 314.462
/home/declsp/obsbot/rawdata/DECam_01463248.fits.fz N4 1463248 416.8375 61114.34283732 1.1 219.52872437341364 -6.062103804614728 219.53627916666667 -5.987 M490 0.06571594 25.013218 1.0499467 0.99886763 21.604845 1.3940725 decam -13.678545 19.37945 241 object IBIS_wide_M490_436952 436952 0.065744 924.0 1948.0 -0.118831225 1.0002203 0.0014405557 0.05248683 -0.00144467 1.000118 16867178984 299.00705
/home/declsp/obsbot/rawdata/DECam_01463249.fits.fz N4 1463249 454.9272 61114.34801462 1.1 222.29472424729008 -6.071103804536489 222.30227916666666 -5.996 M490 0.058573946 25.016607 1.0532291 1.0197577 21.59825 1.3847314 decam -12.9376745 13.58646 243 object IBIS_wide_M490_436938 436938 0.068474 924.0 1948.0 -0.23642945 1.0000099 0.0014375133 0.13927 -0.0015519198 1.0000749 16888756445 328.531
/home/declsp/obsbot/rawdata/DECam_01463250.fits.fz N4 1463250 504.547 61114.35360204 1.1 221.9657119388539 -6.348103802127189 221.97327083333332 -6.273 M490 0.065729246 25.005722 1.0427222 1.0692822 21.585922 1.6478579 decam -11.125987 7.8838177 239 object IBIS_wide_M490_439923 439923 0.068287 924.0 1948.0 -0.35300025 1.0001513 0.0014207793 0.22402914 -0.0014764924 1.0001037 17048263960 306.18356
/home/declsp/obsbot/rawdata/DECam_01463251.fits.fz N4 1463251 546.6667 61114.35977515 1.11 222.6487270051145 -5.87110380627451 222.65627916666665 -5.796 M490 0.07140772 25.003496 1.0424768 1.0899093 21.584602 1.787765 decam -10.781871 18.2612 249 object IBIS_wide_M490_439924 439924 0.069839 924.0 1948.0 -0.17371444 1.0000539 0.0015554802 0.038675264 -0.001534764 1.000082 17225591954 305.78217
/home/declsp/obsbot/rawdata/DECam_01463252.fits.fz N4 1463252 471.0171 61114.3664096 1.12 221.26672157078198 -5.653103808167534 221.27427083333333 -5.578 M490 0.055215523 25.001455 1.0424085 1.0104936 21.55344 1.424728 decam -13.200728 24.18951 226 object IBIS_wide_M490_439925 439925 0.064252 924.0 1948.0 -0.19494094 1.0001485 0.0014093409 0.079434335 -0.0013251466 1.0001569 17069148756 330.6014
/home/declsp/obsbot/rawdata/DECam_01463253.fits.fz N4 1463253 592.4365 61114.37222254 1.14 223.40374404284273 -4.007103822418671 223.41127500000002 -3.932 M490 0.08808268 24.99339 1.038454 1.0085697 21.57034 1.7676858 decam -17.464819 38.199562 240 object IBIS_wide_M490_440427 440427 0.099106 924.0 1948.0 -0.51904196 1.0003343 0.0014303023 0.10322364 -0.0015676983 1.0000762 17383036243 335.1481
/home/declsp/obsbot/rawdata/DECam_01463254.fits.fz N4 1463254 555.9567 61114.37940589 1.15 223.64374644448924 -3.737103824750243 223.651275 -3.662 M490 0.106060855 24.991877 1.0388924 0.9569535 21.553928 1.8280013 decam -17.92321 28.862448 226 object IBIS_wide_M490_437444 437444 0.10488 924.0 1948.0 -0.2990473 1.0001223 0.001461048 -0.062855706 -0.0017235127 1.0000826 17338042034 304.13367
/home/declsp/obsbot/rawdata/DECam_01463255.fits.fz N4 1463255 774.8855 61114.38617671 1.17 224.3747463618317 -3.2261038291591144 224.38227083333334 -3.151 M490 0.1298628 24.985497 1.0365611 1.0067326 21.521023 2.474158 decam -14.785691 35.428604 222 object IBIS_wide_M490_437445 437445 0.12085 924.0 1948.0 -0.4115567 1.000165 0.0015609971 0.1947901 -0.0016181871 1.0000774 18244072148 313.1916
/home/declsp/obsbot/rawdata/DECam_01463256.fits.fz N4 1463256 150.0 61114.39664872 1.42 242.5414884037159 15.019287955376805 242.54926666666665 15.094391944444444 M490 0.032611217 24.954636 1.0542659 1.0898007 21.344461 1.8814257 decam -6.847198 18.919666 283 object "Pal14 position 22" 0 0.0 924.0 1948.0 -0.28258467 1.0002512 0.0022575078 0.1243896 -0.0021533335 1.0001171 16008991243 79.72677
/home/declsp/obsbot/rawdata/DECam_01463257.fits.fz N4 1463257 150.0 61114.39872892 1.41 242.8005352200524 14.643899069941062 242.8083 14.719003055555556 M490 0.035673056 24.953154 1.0509194 1.01437 21.171589 1.9569061 decam -15.823826 26.899818 266 object "Pal14 position 23" 0 0.0 924.0 1948.0 -0.17667864 1.0003799 0.0022073244 -0.10547649 -0.0021813859 1.0000772 16093796368 76.65161
/home/declsp/obsbot/rawdata/DECam_01463258.fits.fz N4 1463258 150.0 61114.40078893 1.42 242.8737646381233 15.099549899081367 242.88154583333335 15.174653888888889 M490 0.034925405 24.95135 1.0510807 1.0333955 20.872503 2.670381 decam -13.503091 28.826418 244 object "Pal14 position 24" 0 0.0 924.0 1948.0 0.26297182 1.0002215 0.0020084819 -0.1346834 -0.002069555 1.0000628 16419751678 56.171757
/home/declsp/obsbot/rawdata/DECam_01463259.fits.fz N4 1463259 150.0 61114.40285503 1.42 242.64097316263624 14.864872956798699 242.6487458333333 14.939976944444444 M517 0.03584386 24.983582 1.0248605 1.1862321 20.691267 4.2507095 decam -14.599261 33.571953 216 object "Pal14 position 4" 0 0.0 924.0 1948.0 -0.6874814 1.0001004 0.0021808753 0.026943503 -0.0021403027 1.0001484 16625616371 35.288227
/home/declsp/obsbot/rawdata/DECam_01463260.fits.fz N4 1463260 150.0 61114.4049357 1.42 242.84462889182382 14.821407123865244 242.8524 14.896511111111112 M517 0.035022706 24.980028 1.0215122 1.250658 20.278536 6.91877 decam -15.350452 35.326847 220 object "Pal14 position 5" 0 0.0 924.0 1948.0 -0.27378136 1.0002612 0.0022355758 0.286902 -0.002165997 1.0001366 17099764819 21.680155
/home/declsp/obsbot/rawdata/DECam_01463261.fits.fz N4 1463261 150.0 61114.40700995 1.43 242.71137648259804 15.003386011078886 242.71915416666667 15.07849 M517 0.031948935 24.979418 1.0225747 1.0837246 19.78631 8.032689 decam -8.542985 30.64602 293 object "Pal14 position 6" 0 0.0 924.0 1948.0 -0.7639087 1.000462 0.0022500618 0.88718903 -0.0021827058 1.000065 18112843465 18.673697
/home/declsp/obsbot/rawdata/DECam_01463262.fits.fz N4 1463262 15.0 61114.41082319 1.51 189.70078795747543 -49.79143632983654 189.712425 -49.71633305555556 M490 0.12849489 24.931925 1.0494409 1.1852194 18.628422 53.804188 decam -59.970936 30.480782 733 object "LTT4861 N4" 0 0.0 924.0 1948.0 -0.23434915 1.0000706 0.0007926611 0.2235757 -0.00084133126 1.0003043 16124893213 0.27878872
/home/declsp/obsbot/rawdata/DECam_01463263.fits.fz N4 1463263 15.0 61114.41133642 1.52 189.21964629080875 -49.79143632983654 189.23128333333335 -49.71633305555556 M490 0.123391315 24.929224 1.0487349 1.2856612 18.477972 70.606766 decam -48.92327 16.003569 629 object "LTT4861 N5" 0 0.0 924.0 1948.0 -0.041038755 0.9999682 0.0006823224 0.25335124 -0.00115075 1.0002583 16238248996 0.21244423
/home/declsp/obsbot/rawdata/DECam_01463264.fits.fz N4 1463264 15.0 61114.41181726 1.5 190.1818893914288 -49.95810327083149 190.19356666666667 -49.883 M490 0.13002166 24.935665 1.0511531 1.2763463 18.34355 81.366875 decam -53.248592 4.5794063 658 object "LTT4861 S3" 0 0.0 924.0 1948.0 -0.10284616 1.0003139 0.0007695235 -0.19765116 -0.00094735017 1.0003465 16343296616 0.1843502
/home/declsp/obsbot/rawdata/DECam_01463265.fits.fz N4 1463265 15.0 61114.4123051 1.52 189.70074772476212 -49.95810327083149 189.712425 -49.883 M490 0.11683266 24.932934 1.052324 1.0956082 18.200401 62.96938 decam -51.19413 -4.865688 730 object "LTT4861 S4" 0 0.0 924.0 1948.0 -0.18107507 0.9999189 0.0007299955 0.339252 -0.000845262 1.000311 16487666890 0.23821102
/home/declsp/obsbot/rawdata/DECam_01463266.fits.fz N4 1463266 15.0 61114.41277713 1.53 189.21960605809545 -49.95810327083149 189.23128333333335 -49.883 M490 0.12251485 24.932505 1.053819 1.1715167 18.052458 85.754295 decam -53.510403 -7.104265 650 object "LTT4861 S5" 0 0.0 924.0 1948.0 -0.060202185 0.9998831 0.0007376522 0.044304162 -0.0007065954 1.0003302 16646510309 0.17491835
/home/declsp/obsbot/rawdata/DECam_01463267.fits.fz N4 1463267 15.0 61114.41325809 1.52 189.70078795747543 -49.79143632983654 189.712425 -49.71633305555556 M517 0.12849489 24.991009 1.0485651 1.2900339 18.169415 90.229324 decam -46.665035 -12.682577 654 object "LTT4861 N4" 0 0.0 924.0 1948.0 -0.082697906 1.0001242 0.0007644621 0.12595834 -0.0008894884 1.0002316 16577050462 0.16624308
/home/declsp/obsbot/rawdata/DECam_01463268.fits.fz N4 1463268 15.0 61114.41372472 1.54 189.21964629080875 -49.79143632983654 189.23128333333335 -49.71633305555556 M517 0.123391315 24.98551 1.0466175 1.2033595 18.022043 88.010895 decam -47.4214 -16.259598 624 object "LTT4861 N5" 0 0.0 924.0 1948.0 -0.22295476 0.9998329 0.0006923682 -0.02301637 -0.0011677241 1.0003614 16754151170 0.17043345
/home/declsp/obsbot/rawdata/DECam_01463269.fits.fz N4 1463269 15.0 61114.41419893 1.52 190.1818893914288 -49.95810327083149 190.19356666666667 -49.883 M517 0.13002166 24.996403 1.0537884 1.2508041 17.891672 109.51874 decam -50.720028 -16.305002 619 object "LTT4861 S3" 0 0.0 924.0 1948.0 -0.376152 1.0002029 0.00081846287 -0.2007193 -0.00091406394 1.0002155 16932988460 0.13696286
/home/declsp/obsbot/rawdata/DECam_01463270.fits.fz N4 1463270 15.0 61114.41466892 1.53 189.70074772476212 -49.95810327083149 189.712425 -49.883 M517 0.11683266 24.986673 1.046062 1.224344 17.7419 112.94357 decam -50.25735 -16.528072 644 object "LTT4861 S4" 0 0.0 924.0 1948.0 -0.23522456 0.9999038 0.0008054599 -0.10592185 -0.0009849248 1.0004511 17161898427 0.13280968
/home/declsp/obsbot/rawdata/DECam_01463271.fits.fz N4 1463271 15.0 61114.41515453 1.55 189.21960605809545 -49.95810327083149 189.23128333333335 -49.883 M517 0.12251485 24.987518 1.0502363 1.3115177 17.584248 154.99211 decam -43.94513 -10.824352 557 object "LTT4861 S5" 0 0.0 924.0 1948.0 0.08714704 1.000007 0.00075174676 -0.19206901 -0.0008284357 1.00042 17435147066 0.096779115
/home/declsp/obsbot/rawdata/DECam_01463272.fits.fz N4 1463272 15.0 61114.41684463 1.03 234.74177384719718 -28.584297477454864 234.7503291666667 -28.509193888888888 M490 0.11373475 25.015799 1.0391632 0.859868 17.378645 69.605705 decam -31.730537 -14.150862 413 object "LTT6248 N4" 0 0.0 924.0 1948.0 -0.37519464 1.0001729 0.00211193 0.08240388 -0.0018539117 1.0000247 17758952975 0.21549958
/home/declsp/obsbot/rawdata/DECam_01463273.fits.fz N4 1463273 15.0 61114.4173332 1.04 234.38807384719718 -28.584297477454868 234.39662916666666 -28.509193888888888 M490 0.22622195 25.037699 1.0622624 0.8226334 17.228642 149.31512 decam -32.8056 -4.721037 269 object "LTT6248 N5" 0 0.0 924.0 1948.0 -0.40136617 1.0002424 0.0020466952 0.074030735 -0.001804176 1.000203 18099039311 0.10045868
