logs/db-2024-07-06.ecsv
# %ECSV 1.0
# ---
# datatype:
# - {name: filename, datatype: string}
# - {name: extension, datatype: string}
# - {name: expnum, datatype: int64}
# - {name: exptime, datatype: float32}
# - {name: mjd_obs, datatype: float64}
# - {name: airmass, datatype: float32}
# - {name: racenter, datatype: float64}
# - {name: deccenter, datatype: float64}
# - {name: rabore, datatype: float64}
# - {name: decbore, datatype: float64}
# - {name: band, datatype: string}
# - {name: ebv, datatype: float32}
# - {name: zeropoint, datatype: float32}
# - {name: transparency, datatype: float32}
# - {name: seeing, datatype: float32}
# - {name: sky, datatype: float32}
# - {name: expfactor, datatype: float32}
# - {name: camera, datatype: string}
# - {name: dx, datatype: float32}
# - {name: dy, datatype: float32}
# - {name: nmatched, datatype: int64}
# - {name: obstype, datatype: string}
# - {name: object, datatype: string}
# - {name: tileid, datatype: int64}
# - {name: tileebv, datatype: float32}
# - {name: affine_x0, datatype: float32}
# - {name: affine_y0, datatype: float32}
# - {name: affine_dx, datatype: float32}
# - {name: affine_dxx, datatype: float32}
# - {name: affine_dxy, datatype: float32}
# - {name: affine_dy, datatype: float32}
# - {name: affine_dyx, datatype: float32}
# - {name: affine_dyy, datatype: float32}
# - {name: checksum, datatype: string}
# - {name: efftime, datatype: float32}
# schema: astropy-2.0
filename extension expnum exptime mjd_obs airmass racenter deccenter rabore decbore band ebv zeropoint transparency seeing sky expfactor camera dx dy nmatched obstype object tileid tileebv affine_x0 affine_y0 affine_dx affine_dxx affine_dxy affine_dy affine_dyx affine_dyy checksum efftime
[from data line 43]
rawdata/DECam_01309385.fits.fz N4 1309385 453.0 60498.15696845 1.4 238.42475905529864 1.7228961282652049 238.432275 1.798 M464 0.09722336 24.891216 1.0244408 1.0047541 21.965588 0.7777369 decam 2.5663257 -20.571325 320 object IBIS_wide_M464_337657 337657 0.1009 924.0 1948.0 -0.20144218 1.0001649 0.0017583981 0.13818471 -0.0015432817 1.0001564 16551686077 582.45917
rawdata/DECam_01309386.fits.fz N4 1309386 415.0 60498.16287165 1.37 243.7157503896708 2.6258961204916162 243.72327083333332 2.701 M464 0.07643386 24.903908 1.0299184 1.0700148 21.991777 0.8412123 decam -3.0585828 -11.141322 351 object IBIS_wide_M464_340328 340328 0.074811 924.0 1948.0 -0.33559173 1.0001571 0.0017093857 0.2690829 -0.0016491029 0.9999663 17448889006 493.33563
rawdata/DECam_01309387.fits.fz N4 1309387 413.0 60498.16802328 1.4 242.39576794748467 1.5748961295384758 242.40328333333332 1.65 M464 0.102769926 24.900105 1.0328614 1.1390532 21.973072 0.9760183 decam 5.723478 -15.141387 314 object IBIS_wide_M464_340316 340316 0.097053 924.0 1948.0 0.005352061 0.99989086 0.0017064298 0.071601726 -0.0013932233 1.0000616 17526854684 423.1478
rawdata/DECam_01309388.fits.fz N4 1309388 376.0 60498.17319041 1.38 246.67375058112572 2.593896120767261 246.68127083333334 2.669 M464 0.072375014 24.906616 1.0346816 1.1504511 21.970522 0.98630714 decam 8.476484 -14.093111 381 object IBIS_wide_M464_340324 340324 0.063848 924.0 1948.0 -0.51140404 1.0001736 0.0019297753 0.005660393 -0.0015635188 1.0000936 16405891875 381.22
rawdata/DECam_01309389.fits.fz N4 1309389 425.0 60498.17790039 1.37 249.29275041373148 2.6218961205260727 249.30027083333331 2.697 M464 0.06079046 24.911222 1.0368807 1.0660359 22.009954 0.81012875 decam 6.7998695 -12.837795 462 object IBIS_wide_M464_340343 340343 0.06428 924.0 1948.0 -0.20470098 1.000004 0.002004097 0.2054138 -0.0017010458 0.9999789 16424861776 524.608
rawdata/DECam_01309390.fits.fz N4 1309390 444.0 60498.18318824 1.38 250.20975936549505 2.5168961214304764 250.21727916666666 2.592 M464 0.07586501 24.907461 1.0354861 1.0391752 22.001936 0.7809055 decam 1.4821467 -14.868373 518 object IBIS_wide_M464_340340 340340 0.067599 924.0 1948.0 -0.22398452 1.0000186 0.0017391581 0.18613559 -0.0015865519 1.0001171 16575070852 568.57074
rawdata/DECam_01309391.fits.fz N4 1309391 251.0 60498.19022022 1.18 309.29765231486044 -9.932103770677735 309.30527916666665 -9.857 M464 0.050520666 24.954453 1.0364318 1.0591758 21.935911 0.79260415 decam -44.29665 -25.061668 528 object IBIS_wide_M464_349109 349109 0.052729 924.0 1948.0 0.0509698 1.0000486 0.0016790313 0.15218545 -0.0018062649 1.0000389 16088977562 316.6776
rawdata/DECam_01309392.fits.fz N4 1309392 245.0 60498.19351983 1.17 310.1726307995846 -10.649103764311102 310.18027500000005 -10.574 M464 0.05772639 24.962166 1.041612 1.0027384 21.94007 0.6979593 decam -30.580034 -43.44505 554 object IBIS_wide_M464_352009 352009 0.052869 924.0 1948.0 -0.12172926 1.0000957 0.001587988 0.035687752 -0.0017196089 1.0001844 16025684019 351.02332
rawdata/DECam_01309393.fits.fz N4 1309393 283.0 60498.19778475 1.16 310.83561852263654 -11.12710376005013 310.843275 -11.052 M464 0.048449174 24.961878 1.0391337 0.94630337 21.942444 0.62084603 decam 10.987351 -4.767422 493 object IBIS_wide_M464_352007 352007 0.054472 924.0 1948.0 0.016524578 1.0002292 0.0016073312 0.07523536 -0.001769294 1.000454 16148452139 455.8296
rawdata/DECam_01309394.fits.fz N4 1309394 273.0 60498.20144166 1.15 309.85465346684236 -9.701103772722876 309.862275 -9.626 M464 0.04964497 24.958254 1.0334783 0.98024046 21.93737 0.67373824 decam 20.613358 -17.863129 532 object IBIS_wide_M464_349110 349110 0.049465 924.0 1948.0 -0.090043634 1.0001696 0.0016453359 0.16920039 -0.0016615804 1.0000197 16220630833 405.20187
rawdata/DECam_01309395.fits.fz N4 1309395 255.0 60498.20496657 1.14 311.20361725790843 -11.016103761040828 311.21127083333334 -10.941 M464 0.059220437 24.957026 1.0301256 0.98836625 21.898127 0.7118344 decam 13.525148 -16.958963 414 object IBIS_wide_M464_349022 349022 0.05679 924.0 1948.0 -0.048539504 1.0002954 0.0015873971 -0.005823375 -0.0017048897 1.0000187 16227942468 358.2294
rawdata/DECam_01309396.fits.fz N4 1309396 271.0 60498.20827872 1.13 310.4706466018123 -10.17410376853211 310.47827916666665 -10.099 M464 0.04827659 24.964945 1.0354711 1.0406953 21.927355 0.7570241 decam 26.646818 -25.783352 543 object IBIS_wide_M464_349024 349024 0.052662 924.0 1948.0 -0.075338 1.0003179 0.0015709404 0.12372908 -0.0015945204 1.0001287 16141701952 357.98068
rawdata/DECam_01309397.fits.fz N4 1309397 291.0 60498.21178386 1.12 312.62758293085153 -12.117103751179801 312.63526666666667 -12.042 M464 0.054688577 24.964634 1.0329838 0.9853347 21.93232 0.6761854 decam 21.91979 -20.884123 479 object IBIS_wide_M464_349014 349014 0.055102 924.0 1948.0 -0.12325178 1.0000786 0.0015184957 0.09962424 -0.0016923898 1.0001826 16134699302 430.35532
rawdata/DECam_01309398.fits.fz N4 1309398 313.0 60498.21551141 1.12 312.93157987841596 -12.365103748947627 312.9392708333333 -12.29 M464 0.06252227 24.974468 1.0423833 1.0059627 21.925125 0.69666797 decam 24.523392 -23.473001 442 object IBIS_wide_M464_348992 348992 0.056636 924.0 1948.0 -0.21113972 1.0003167 0.0017006965 0.14204931 -0.0016130197 1.0000646 16177064800 449.28143
rawdata/DECam_01309399.fits.fz N4 1309399 280.0 60498.21949344 1.11 313.5565711227911 -12.796103745058183 313.564275 -12.721 M464 0.058121655 24.972624 1.0384113 1.0610594 21.920187 0.7811602 decam 29.588898 -26.084076 419 object IBIS_wide_M464_351978 351978 0.055951 924.0 1948.0 -0.35750085 1.0000509 0.0015431002 0.3414073 -0.0017085506 1.000037 16098073593 358.44122
rawdata/DECam_01309400.fits.fz N4 1309400 265.0 60498.22309154 1.1 314.06454922791863 -13.232103741110073 314.0722666666667 -13.157 M464 0.037981246 24.984446 1.0475591 1.0803951 21.93051 0.78498304 decam 27.794992 -20.311071 404 object IBIS_wide_M464_348990 348990 0.043633 924.0 1948.0 -0.26714417 0.9999542 0.0014340898 0.14457217 -0.001387386 1.0001783 16071580733 337.5869
rawdata/DECam_01309401.fits.fz N4 1309401 326.0 60498.22651173 1.1 312.22561770365456 -11.31510375837047 312.23327916666665 -11.24 M464 0.055836745 24.981157 1.0443912 1.1040436 21.921177 0.83174765 decam 31.256638 -25.915121 462 object IBIS_wide_M464_352002 352002 0.057951 924.0 1948.0 -0.038552076 1.0001669 0.001625481 0.29898277 -0.0017082897 0.9999401 16255555306 391.9458
rawdata/DECam_01309402.fits.fz N4 1309402 295.0 60498.23065377 1.09 315.1185401562831 -13.64310373737539 315.1262708333333 -13.568 M464 0.047207568 24.987633 1.0484145 1.0528747 21.896887 0.7646346 decam 24.349577 -22.688978 369 object IBIS_wide_M464_351970 351970 0.039852 924.0 1948.0 -0.19301172 1.0004162 0.0015531891 0.17145061 -0.0014528449 1.0000561 16154793201 385.80518
rawdata/DECam_01309403.fits.fz N4 1309403 352.0 60498.23442751 1.08 316.50250314845323 -14.84210372640419 316.510275 -14.767 M464 0.065775014 24.987482 1.0460517 1.0273522 21.86654 0.749037 decam 25.608145 -24.078993 334 object IBIS_wide_M464_353875 353875 0.061201 924.0 1948.0 -0.56116164 1.0002707 0.0015722476 0.31687292 -0.0015766365 1.0001429 16751853266 469.9367
rawdata/DECam_01309404.fits.fz N4 1309404 290.0 60498.23886114 1.08 314.43055638137383 -13.004103743176412 314.43826666666666 -12.929 M464 0.044948548 24.995268 1.0535792 0.9790174 21.907804 0.6456781 decam 21.14113 -26.364407 395 object IBIS_wide_M464_351976 351976 0.042032 924.0 1948.0 -0.00553926 1.0002683 0.0014283069 0.123044625 -0.0012496612 1.0001086 16236462401 449.1402
rawdata/DECam_01309405.fits.fz N4 1309405 297.0 60498.24258382 1.07 316.34854263764237 -13.56710373806696 316.3562708333333 -13.492 M464 0.053247467 24.993174 1.0493232 0.9689301 21.88774 0.6468474 decam 15.936774 -22.677282 314 object IBIS_wide_M464_352011 352011 0.047919 924.0 1948.0 0.16121218 1.0002377 0.0015214853 0.17569256 -0.0016427371 1.0001025 16230161100 459.15
rawdata/DECam_01309406.fits.fz N4 1309406 298.0 60498.2463829 1.07 318.1905090112697 -14.560103728995141 318.1982708333333 -14.485 M464 0.0919273 24.982155 1.0387285 0.96138436 21.829613 0.6856368 decam 19.223625 -22.054499 310 object IBIS_wide_M464_350894 350894 0.073849 924.0 1948.0 -0.4045959 1.0001895 0.0014153888 0.15637267 -0.0015416286 1.0001191 16247423833 434.63245
rawdata/DECam_01309407.fits.fz N4 1309407 285.0 60498.25019936 1.07 318.90652798704303 -13.885103735170318 318.91426666666666 -13.81 M464 0.06651981 24.976473 1.0333062 0.91544884 21.858767 0.61174977 decam 14.627337 -15.991958 292 object IBIS_wide_M464_350897 350897 0.064253 924.0 1948.0 0.0818575 1.0004153 0.0015678711 0.19171631 -0.0013972186 1.000273 16150239196 465.87677
rawdata/DECam_01309408.fits.fz N4 1309408 301.0 60498.25386343 1.07 319.3665418556964 -13.591103737848615 319.37427083333336 -13.516 M464 0.08363969 24.984205 1.0406923 0.9621775 21.834229 0.6812739 decam 18.950096 -22.55623 285 object IBIS_wide_M464_353906 353906 0.06412 924.0 1948.0 -0.17707294 1.0001494 0.0014244134 -0.073449776 -0.0015971398 1.0001364 16270523629 441.8194
rawdata/DECam_01309409.fits.fz N4 1309409 264.0 60498.25771511 1.08 321.34555357381606 -13.09410374236121 321.3532666666666 -13.019 M464 0.0573873 24.984762 1.0434344 0.92150277 21.825422 0.6294072 decam 11.370386 -18.85215 240 object IBIS_wide_M464_353912 353912 0.059544 924.0 1948.0 -0.16956869 0.9999879 0.0013967148 0.2169068 -0.001154048 1.0002313 16165224825 419.44226
rawdata/DECam_01309410.fits.fz N4 1309410 294.0 60498.26112041 1.07 322.11256561487795 -12.975103743438966 322.120275 -12.9 M464 0.053697295 24.988918 1.0452187 0.9167758 21.844698 0.60743505 decam 19.008045 -16.866823 265 object IBIS_wide_M464_350904 350904 0.059885 924.0 1948.0 -0.3793961 1.0002544 0.0012989446 0.21215028 -0.0013939276 1.0000068 16186200406 484.00235
rawdata/DECam_01309411.fits.fz N4 1309411 265.0 60498.26488874 1.07 323.694552036392 -13.143103741917129 323.7022666666667 -13.068 M464 0.054913204 24.982899 1.0394394 0.88923126 21.83639 0.58240324 decam 10.765896 -13.85174 210 object IBIS_wide_M464_351837 351837 0.057697 924.0 1948.0 -0.16415839 1.0000433 0.0012128319 0.11369113 -0.0010461536 1.0002315 16087024608 455.0112
rawdata/DECam_01309412.fits.fz N4 1309412 256.0 60498.26831474 1.07 322.7405764759895 -12.339103749181845 322.74826666666667 -12.264 M464 0.064619385 24.979282 1.035983 0.8689608 21.840237 0.55797344 decam 17.146645 -17.141552 226 object IBIS_wide_M464_353911 353911 0.056504 924.0 1948.0 -0.18397163 1.0002195 0.0013554096 0.055200625 -0.0013581336 0.99999917 16200433499 458.8032
rawdata/DECam_01309413.fits.fz N4 1309413 242.0 60498.27165685 1.07 323.9975539806545 -13.081103742479 324.00526666666667 -13.006 M464 0.056240514 24.978992 1.035707 0.9258264 21.834953 0.6365698 decam 14.983688 -5.1021943 227 object IBIS_wide_M464_354845 354845 0.05532 924.0 1948.0 -0.10551398 1.0001777 0.0010814879 0.054988217 -0.001428212 0.99999577 16040630421 380.16257
rawdata/DECam_01309414.fits.fz N4 1309414 214.0 60498.27481526 1.07 326.0815495615304 -13.482103738839896 326.089275 -13.407 M464 0.040376745 24.98601 1.0424229 0.8970719 21.83209 0.5916362 decam 12.963888 -2.702528 198 object IBIS_wide_M464_354841 354841 0.041681 924.0 1948.0 -0.064242356 1.0001415 0.0010893747 0.09857821 -0.0012046575 0.9999333 15957175910 361.70877
rawdata/DECam_01309415.fits.fz N4 1309415 244.0 60498.27765317 1.07 326.2295612899625 -12.84510374461516 326.23726666666664 -12.77 M464 0.04047926 24.993322 1.049467 0.87449205 21.804447 0.56910247 decam 17.50613 -3.8703687 191 object IBIS_wide_M464_357827 357827 0.041577 924.0 1948.0 0.02901874 1.0002383 0.0012847616 0.2444015 -0.001179454 0.99993676 16995755596 428.7453
rawdata/DECam_01309416.fits.fz N4 1309416 229.0 60498.28083278 1.07 326.8175644955558 -12.740103745564282 326.82526666666666 -12.665 M464 0.04285237 24.98942 1.0457025 0.8668507 21.828262 0.5510462 decam 17.308258 -5.7818837 208 object IBIS_wide_M464_354842 354842 0.043121 924.0 1948.0 -0.20191151 1.000199 0.0010798906 0.2066373 -0.0011706717 1.0001315 16055709583 415.57315
rawdata/DECam_01309417.fits.fz N4 1309417 220.0 60498.28385049 1.07 327.1765812675711 -12.45910374810046 327.184275 -12.384 M464 0.048399128 24.984734 1.041198 0.88094664 21.832518 0.5717417 decam 15.114392 0.18217023 214 object IBIS_wide_M464_357828 357828 0.043375 924.0 1948.0 -0.011951065 1.000202 0.0012888964 0.11656243 -0.0013860603 1.0000938 15984156048 384.78912
rawdata/DECam_01309418.fits.fz N4 1309418 207.0 60498.28675989 1.07 328.3605725915559 -12.610103746738291 328.3682708333333 -12.535 M464 0.035838272 24.986464 1.042858 0.86371285 21.836555 0.54587954 decam 17.83096 -0.3920598 199 object IBIS_wide_M464_354861 354861 0.038201 924.0 1948.0 0.11207565 0.9999314 0.001096134 0.04852117 -0.0010532886 1.0002007 15965651853 379.20453
rawdata/DECam_01309419.fits.fz N4 1309419 221.0 60498.2895264 1.06 330.3445553696665 -13.301103740483976 330.352275 -13.226 M464 0.041728154 24.985733 1.0399517 0.9075484 21.851252 0.5952813 decam 16.000109 1.071003 172 object IBIS_wide_M464_354854 354854 0.043217 924.0 1948.0 0.059318427 1.0000631 0.0009850115 0.26503196 -0.0009661618 1.0000814 15973198092 371.25305
rawdata/DECam_01309420.fits.fz N4 1309420 202.0 60498.29245465 1.06 331.2325413318443 -13.734103736546743 331.240275 -13.659 M464 0.037956323 24.99893 1.0526698 0.88948435 21.83417 0.5670068 decam 15.534722 -9.321755 148 object IBIS_wide_M464_357782 357782 0.037108 924.0 1948.0 -0.14512096 1.0001726 0.0010150021 0.028234147 -0.0007235915 1.0001113 16006420106 356.25674
rawdata/DECam_01309421.fits.fz N4 1309421 235.0 60498.29516844 1.06 331.04756543651496 -12.709103745844352 331.0552666666667 -12.634 M464 0.04022398 24.992723 1.0466695 0.9268979 21.859716 0.60815275 decam 27.179003 -11.310451 156 object IBIS_wide_M464_354857 354857 0.044688 924.0 1948.0 -0.26932916 1.0002426 0.0010694697 0.063168995 -0.0009297373 1.0001208 16059643510 386.41608
rawdata/DECam_01309422.fits.fz N4 1309422 218.0 60498.29825408 1.06 332.0665611235309 -13.119103742134657 332.074275 -13.044 M464 0.035149697 24.98051 1.034961 0.9648565 21.84249 0.6846025 decam 23.421392 -12.13214 145 object IBIS_wide_M464_357785 357785 0.041351 924.0 1948.0 -0.12646373 0.9999064 0.0010804689 -0.027253285 -0.0009571973 1.000241 15955087450 318.43298
rawdata/DECam_01309423.fits.fz N4 1309423 234.0 60498.30113581 1.06 333.8755489144791 -13.502103738658077 333.88327499999997 -13.427 M464 0.042566955 24.993479 1.0473974 0.99256605 21.851929 0.7011599 decam 18.323631 -17.850735 144 object IBIS_wide_M464_357778 357778 0.041437 924.0 1948.0 -0.017807191 1.0003285 0.00086639676 0.071675695 -0.0009856471 1.0001298 16016848134 333.73273
rawdata/DECam_01309424.fits.fz N4 1309424 264.0 60498.30419247 1.06 333.4595552608792 -13.0401037428504 333.46726666666666 -12.965 M464 0.043326065 24.991673 1.0456561 0.97197837 21.85079 0.6753971 decam 19.250177 -12.511746 149 object IBIS_wide_M464_357784 357784 0.042272 924.0 1948.0 -0.0060279495 1.000128 0.001014266 0.24469158 -0.0009181794 1.0000687 16155787949 390.88116
rawdata/DECam_01309425.fits.fz N4 1309425 269.0 60498.30761113 1.06 334.53855485969564 -13.317103740338743 334.546275 -13.242 M464 0.040820368 24.9877 1.0418372 0.91776115 21.833141 0.6167132 decam 17.148666 -13.307841 156 object IBIS_wide_M464_354803 354803 0.041794 924.0 1948.0 -0.017943632 1.0001847 0.0009042861 0.012487695 -0.0008977318 0.9999699 16122203920 436.18326
rawdata/DECam_01309426.fits.fz N4 1309426 259.0 60498.31107287 1.06 335.9925447801899 -13.501103738667169 336.00027083333333 -13.426 M464 0.039446358 24.991522 1.0455105 0.99792045 21.804146 0.7432882 decam 15.243799 -13.638801 135 object IBIS_wide_M464_357788 357788 0.041539 924.0 1948.0 0.11188372 1.0000137 0.000917289 -0.12781791 -0.0011074092 0.9999075 17659496423 348.45163
