logs/db-2025-10-14.ecsv
# %ECSV 1.0
# ---
# datatype:
# - {name: filename, datatype: string}
# - {name: extension, datatype: string}
# - {name: expnum, datatype: int64}
# - {name: exptime, datatype: float32}
# - {name: mjd_obs, datatype: float64}
# - {name: airmass, datatype: float32}
# - {name: racenter, datatype: float64}
# - {name: deccenter, datatype: float64}
# - {name: rabore, datatype: float64}
# - {name: decbore, datatype: float64}
# - {name: band, datatype: string}
# - {name: ebv, datatype: float32}
# - {name: zeropoint, datatype: float32}
# - {name: transparency, datatype: float32}
# - {name: seeing, datatype: float32}
# - {name: sky, datatype: float32}
# - {name: expfactor, datatype: float32}
# - {name: camera, datatype: string}
# - {name: dx, datatype: float32}
# - {name: dy, datatype: float32}
# - {name: nmatched, datatype: int64}
# - {name: obstype, datatype: string}
# - {name: object, datatype: string}
# - {name: tileid, datatype: int64}
# - {name: tileebv, datatype: float32}
# - {name: affine_x0, datatype: float32}
# - {name: affine_y0, datatype: float32}
# - {name: affine_dx, datatype: float32}
# - {name: affine_dxx, datatype: float32}
# - {name: affine_dxy, datatype: float32}
# - {name: affine_dy, datatype: float32}
# - {name: affine_dyx, datatype: float32}
# - {name: affine_dyy, datatype: float32}
# - {name: checksum, datatype: string}
# - {name: efftime, datatype: float32}
# schema: astropy-2.0
filename extension expnum exptime mjd_obs airmass racenter deccenter rabore decbore band ebv zeropoint transparency seeing sky expfactor camera dx dy nmatched obstype object tileid tileebv affine_x0 affine_y0 affine_dx affine_dxx affine_dxy affine_dy affine_dyx affine_dyy checksum efftime
rawdata/DECam_01425693.fits.fz N4 1425693 5.0 60962.98466417 1.0 305.108279378348 -29.272324691956072 305.1168916666667 -29.197221111111112 r 0.097896 26.621347 0.83433264 1.3148301 18.261375 26.926476 decam -21.09994 -57.80066 288 object pointing 0 0.0 924.0 1948.0 0.03809198 1.0001931 0.0019558459 0.19501089 -0.0020024944 0.9999732 17338778343 0.18569085
rawdata/DECam_01425694.fits.fz N4 1425694 30.0 60962.98585539 1.0 305.108279378348 -29.272324691956072 305.1168916666667 -29.197221111111112 r 0.097896 26.314445 0.62889457 1.179711 18.436405 32.482883 decam -9.456768 5.9944043 395 object pointing 0 0.0 924.0 1948.0 0.14543717 0.999908 0.0019666206 0.16830063 -0.0020949303 0.99991757 25296107710 0.9235633
rawdata/DECam_01425695.fits.fz N4 1425695 150.0 60962.99120172 1.26 346.8216451943705 -15.620103719220527 346.8294458333333 -15.545 M517 0.03503893 24.10747 0.4457426 1.8700753 19.929134 85.48348 decam -22.140625 28.751266 62 object "NGC7492 position 0" 0 0.0 924.0 1948.0 -0.029369723 1.0003484 0.00049939303 0.014614659 -0.00056462194 1.0002322 17853791908 1.754725
rawdata/DECam_01425696.fits.fz N4 1425696 150.0 60962.99325239 1.25 346.7825840049654 -15.58562983065109 346.79038333333335 -15.510526111111112 M517 0.034763694 24.165157 0.4693132 2.0951376 20.340261 66.05795 decam -27.38531 25.429012 50 object "NGC7492 position 1" 0 0.0 924.0 1948.0 -0.14326914 1.0001484 0.0002106923 0.055102795 -0.0007603455 1.0000409 17101541411 2.2707334
rawdata/DECam_01425697.fits.fz N4 1425697 150.0 60962.9953053 1.24 346.82817995074373 -15.69199566299845 346.83598333333333 -15.616891944444445 M517 0.035003427 24.42983 0.59791094 2.1317182 20.704529 30.026537 decam -25.670067 26.830397 78 object "NGC7492 position 2" 0 0.0 924.0 1948.0 -0.036420986 1.000424 0.00048197588 -0.22418426 -0.0007004601 1.0002052 16617982632 4.995581
rawdata/DECam_01425698.fits.fz N4 1425698 150.0 60962.99738527 1.23 346.8774478579032 -15.549951775426027 346.88524583333333 -15.474848055555556 M517 0.03550784 24.123049 0.45001575 2.2981677 20.880018 52.24024 decam -27.360786 34.844944 49 object "NGC7492 position 3" 0 0.0 924.0 1948.0 -0.13523832 0.99975353 0.000493031 -0.1620393 -0.00038831626 1.0000921 16400848830 2.8713498
rawdata/DECam_01425699.fits.fz N4 1425699 150.0 60962.99944895 1.22 346.7173028515118 -15.637856774611535 346.7251041666667 -15.562753055555556 M517 0.03498728 24.25153 0.50573575 2.0234601 20.967436 29.494455 decam -29.744543 30.795357 55 object "NGC7492 position 4" 0 0.0 924.0 1948.0 -0.21762376 0.99983835 0.0003264161 -0.21424724 3.184431e-05 1.0000114 16341870269 5.085702
rawdata/DECam_01425700.fits.fz N4 1425700 150.0 60963.00153994 1.21 346.92160119213435 -15.681326774208499 346.9294041666667 -15.606223055555555 M517 0.03558435 24.585667 0.68688285 2.065875 21.248991 12.8178625 decam -18.455618 31.710901 102 object "NGC7492 position 5" 0 0.0 924.0 1948.0 -0.16720499 1.0002006 0.00043531624 -0.09462322 -0.000692401 1.0000784 16123106608 11.702419
rawdata/DECam_01425701.fits.fz N4 1425701 150.0 60963.00360099 1.2 346.78797476938405 -15.49938677589423 346.79577083333334 -15.424283055555556 M517 0.03427077 24.229097 0.493809 2.0288107 21.203913 24.853481 decam -21.098272 35.020084 66 object "NGC7492 position 6" 0 0.0 924.0 1948.0 -0.14721729 0.99977046 0.00035012257 -0.04824608 -0.0005152429 0.9999899 16140391197 6.035372
rawdata/DECam_01425702.fits.fz N4 1425702 30.0 60963.0063043 1.06 325.40086374916746 -13.937047623585302 325.40860416666663 -13.86194388888889 M517 0.052883033 24.151777 0.449663 2.1665905 20.97542 40.33458 decam -10.540614 20.581085 62 object pointing 0 0.0 924.0 1948.0 0.03509073 0.9995794 0.00091408315 0.030467935 -0.0008680594 1.0001278 15587180722 0.74377865
rawdata/DECam_01425703.fits.fz N4 1425703 800.0 60963.00967618 1.06 326.74153941403245 -13.79210373601826 326.749275 -13.717 M517 0.040760167 23.98233 0.38468754 1.5962331 21.128822 25.98423 decam -10.889143 17.695255 185 object IBIS_wide_M517_554839 554839 0.04155 924.0 1948.0 -0.08847 0.99996126 0.0010477087 0.14872773 -0.0010582588 0.9998824 19713267153 30.787905
rawdata/DECam_01425704.fits.fz N4 1425704 800.0 60963.01925892 1.05 327.6805348487405 -13.929103734768901 327.688275 -13.854 M517 0.051053908 24.220364 0.47821712 1.4220682 21.18926 12.585426 decam -11.826136 25.101469 203 object IBIS_wide_M517_557819 557819 0.047136 924.0 1948.0 -0.2789617 0.9999988 0.0010480507 0.17157575 -0.001187449 0.9999684 19520234302 63.565586
rawdata/DECam_01425705.fits.fz N4 1425705 800.0 60963.02883684 1.04 328.9015133890066 -14.5541037290502 328.90927500000004 -14.479 M517 0.049619075 24.261215 0.4957587 1.4752401 21.225103 12.153309 decam -11.170122 24.474009 196 object IBIS_wide_M517_554832 554832 0.049965 924.0 1948.0 -0.31508586 0.9998053 0.0009648768 0.041382816 -0.0012683364 1.0000014 19307574521 65.82569
rawdata/DECam_01425706.fits.fz N4 1425706 800.0 60963.03843059 1.04 329.2765269360759 -14.16310373263152 329.284275 -14.088 M517 0.052726626 23.90321 0.3565067 1.3240926 21.119045 20.88119 decam -16.974102 24.754778 181 object IBIS_wide_M517_557818 557818 0.047394 924.0 1948.0 -0.30094403 1.000014 0.00093561027 0.04288766 -0.0012112799 0.9999516 19805192766 38.311993
rawdata/DECam_01425707.fits.fz N4 1425707 800.0 60963.04800945 1.04 330.86552687914633 -14.042103733737294 330.8732708333333 -13.967 M517 0.0388401 23.883947 0.35023794 1.2699205 21.141083 19.50383 decam -22.725714 28.261795 162 object IBIS_wide_M517_554796 554796 0.038054 924.0 1948.0 -0.018941604 1.0000356 0.00085436745 -0.0074228295 -0.000917439 0.9999682 19696942569 41.017586
rawdata/DECam_01425708.fits.fz N4 1425708 800.0 60963.05764993 1.04 334.2454987171481 -14.733103727406448 334.25326666666666 -14.658 M517 0.033123013 23.825796 0.331973 1.1467953 21.086107 18.629574 decam -19.614819 30.346119 143 object IBIS_wide_M517_557775 557775 0.034835 924.0 1948.0 -0.052550014 1.000141 0.000737236 0.047274616 -0.0008376282 1.0000294 19825473126 42.942474
rawdata/DECam_01425709.fits.fz N4 1425709 800.0 60963.06724178 1.04 335.91050547752377 -14.5421037291603 335.9182666666666 -14.467 M517 0.036669765 23.890545 0.3523725 1.1046125 21.17632 14.119912 decam -24.555164 33.910522 151 object IBIS_wide_M517_554779 554779 0.035757 924.0 1948.0 0.052612517 1.0000511 0.0005709173 0.101216905 -0.00089106883 0.9998861 19556758371 56.657574
rawdata/DECam_01425710.fits.fz N4 1425710 800.0 60963.07685313 1.04 338.85751394590625 -14.419103730288136 338.86527083333334 -14.344 M517 0.043299034 24.363089 0.5445268 1.0266618 21.32662 4.448898 decam -35.923145 36.116997 154 object IBIS_wide_M517_554775 554775 0.050387 924.0 1948.0 -0.14280039 1.0001807 0.00048921735 0.14207488 -0.0005122302 1.0001166 18966704989 179.81981
rawdata/DECam_01425711.fits.fz N4 1425711 800.0 60963.0864697 1.05 340.0925427124326 -13.436103739257963 340.10026666666664 -13.361 M517 0.050643872 23.879036 0.3492161 0.9936455 21.201225 11.411176 decam -20.881878 38.200676 146 object IBIS_wide_M517_555083 555083 0.055012 924.0 1948.0 -0.24885173 1.000004 0.0005631766 -0.05379896 -0.0006145065 0.9999123 19423042339 70.10671
rawdata/DECam_01425712.fits.fz N4 1425712 800.0 60963.09605038 1.05 342.4355660120042 -12.69010374601597 342.44326666666666 -12.615 M517 0.047491595 23.738886 0.30692622 0.9988867 21.163828 15.451399 decam -21.615845 44.558 136 object IBIS_wide_M517_558071 558071 0.047041 924.0 1948.0 -0.08709122 0.99997914 0.00042121508 -0.08025662 -0.0003791444 0.999913 19512197213 51.77525
rawdata/DECam_01425713.fits.fz N4 1425713 800.0 60963.10689294 1.06 346.15159975887127 -11.818103753865508 346.159275 -11.743 M517 0.038989954 24.199537 0.46988457 0.99660695 21.328955 5.654778 decam -3.6237786 9.662138 129 object IBIS_wide_M517_557996 557996 0.038626 924.0 1948.0 -0.196736 0.9998015 0.00029274065 0.057430662 -0.0001961459 0.99992615 18931167579 141.47328
rawdata/DECam_01425714.fits.fz N4 1425714 800.0 60963.11648512 1.07 347.20361725790843 -11.016103761040826 347.21127083333334 -10.941 M517 0.034248836 23.658968 0.28606156 0.99932986 21.209797 17.175035 decam -1.8341663 9.678301 131 object IBIS_wide_M517_555014 555014 0.033992 924.0 1948.0 -0.13405639 1.0000889 0.00018743885 -0.048019353 -0.00015884088 1.0000165 19339152907 46.579235
rawdata/DECam_01425715.fits.fz N4 1425715 800.0 60963.12605708 1.08 347.85463639622367 -10.252103767839852 347.86227083333335 -10.177 M517 0.03459691 24.122408 0.4390677 1.0431628 21.278788 7.4773273 decam -2.1153786 5.7174563 119 object IBIS_wide_M517_555057 555057 0.034088 924.0 1948.0 0.20167735 0.9998317 5.772835e-05 -0.05262439 4.0496372e-05 0.9998844 19167686821 106.990105
rawdata/DECam_01425716.fits.fz N4 1425716 800.0 60963.1357052 1.09 351.71565642949463 -9.382103775542506 351.72327083333334 -9.307 M517 0.033891365 23.427448 0.23186925 1.0793928 21.1878 31.311125 decam -13.735401 11.768325 92 object IBIS_wide_M517_558040 558040 0.031833 924.0 1948.0 -0.07140679 1.0000263 -5.522923e-05 -0.34021646 0.00037373995 1.0001007 19468874488 25.550024
rawdata/DECam_01425717.fits.fz N4 1425717 800.0 60963.14535986 1.09 355.61567573820645 -8.455103783707475 355.6232708333333 -8.38 M517 0.027211275 23.388092 0.22361496 1.1269364 21.195805 36.420322 decam -22.744213 12.717637 95 object IBIS_wide_M517_555046 555046 0.02936 924.0 1948.0 0.113080375 1.0003575 -0.000118760756 -0.077753164 0.00046572863 0.9999856 19390464071 21.965757
rawdata/DECam_01425718.fits.fz N4 1425718 800.0 60963.15499513 1.1 359.32969895854285 -7.177103794900727 359.3372708333333 -7.102 M517 0.041534323 23.07112 0.16726613 1.1171716 21.185154 64.809364 decam -18.562063 5.107913 92 object IBIS_wide_M517_555215 555215 0.035896 924.0 1948.0 0.17715596 1.0000474 -0.00034468307 -0.1732173 0.0008039585 0.9999183 19419491584 12.343895
rawdata/DECam_01425719.fits.fz N4 1425719 800.0 60963.16458185 1.13 357.5507070749471 -6.671103799314504 357.5582708333333 -6.596 M517 0.02733747 23.872622 0.3516388 1.0951188 21.23903 13.539539 decam -22.551718 3.8702385 94 object IBIS_wide_M517_555220 555220 0.028917 924.0 1948.0 0.0042564045 1.000263 -0.00032832465 -0.13151653 0.0006012745 0.9998885 19250834193 59.086205
rawdata/DECam_01425720.fits.fz N4 1425720 800.0 60963.17416509 1.15 359.28472627267325 -5.280103811403238 359.29227083333336 -5.205 M517 0.03168357 23.410269 0.23043437 1.0999496 21.140665 35.046787 decam -22.251202 -2.9604926 90 object IBIS_wide_M517_558210 558210 0.029925 924.0 1948.0 -0.22052066 1.0000993 -0.00025901207 -0.15207334 0.00036322072 0.9999555 19613247378 22.82663
rawdata/DECam_01425721.fits.fz N4 1425721 800.0 60963.18409475 1.05 8.83249868149524 -14.734103727397256 8.840266666666666 -14.659 M517 0.023562804 24.323872 0.52605236 1.084656 21.356544 5.191312 decam -17.631107 -18.844551 80 object IBIS_wide_M517_503846 503846 0.022735 924.0 1948.0 0.053046178 1.0000128 -0.00075679086 -0.10897504 0.0006554285 1.0000848 19244448453 154.10364
rawdata/DECam_01425722.fits.fz N4 1425722 800.0 60963.19388436 1.05 15.079510030547535 -14.531103729261213 15.087270833333333 -14.456 M517 0.022364417 24.260283 0.49612758 1.0580182 21.416218 5.256885 decam -18.103495 -5.5251427 103 object IBIS_wide_M517_503833 503833 0.02211 924.0 1948.0 0.1075353 1.000041 -0.0010208243 -0.3077834 0.0012493529 1.0000567 18690397072 152.18137
rawdata/DECam_01425723.fits.fz N4 1425723 800.0 60963.20351694 1.05 17.54051384599394 -14.541103729169471 17.548275 -14.466 M517 0.022138903 24.245253 0.48930654 1.0592963 21.38884 5.555849 decam -11.625988 -24.78255 100 object IBIS_wide_M517_501067 501067 0.022561 924.0 1948.0 0.11030563 1.0000536 -0.0010730018 -0.21723302 0.0012863952 1.0000861 18753091857 143.99239
rawdata/DECam_01425724.fits.fz N4 1425724 800.0 60963.21312817 1.05 19.532502465002267 -14.861103726229382 19.540275 -14.786 M517 0.017465083 23.445377 0.23422384 1.0284529 21.27531 25.377878 decam -15.725459 -11.219113 82 object IBIS_wide_M517_501060 501060 0.02038 924.0 1948.0 -0.32733235 0.99967057 -0.0013313548 -0.17114757 0.0006617092 1.0001224 19097425410 31.52352
rawdata/DECam_01425725.fits.fz N4 1425725 800.0 60963.22272043 1.06 21.6235006979171 -14.910103725778411 21.631275000000002 -14.835 M517 0.019029949 22.6778 0.11568988 1.0169388 21.200882 109.27837 decam -24.613543 -7.7707477 66 object IBIS_wide_M517_504047 504047 0.018352 924.0 1948.0 0.5485873 1.0000962 -0.0015063684 -0.1762303 0.0016119992 0.99978185 19357789034 7.320753
rawdata/DECam_01425726.fits.fz N4 1425726 800.0 60963.23232126 1.06 23.562518670988503 -14.161103732649805 23.57026666666667 -14.086 M517 0.01905933 22.32224 0.083382055 0.99692917 21.133327 215.17094 decam -12.082941 3.242235 55 object IBIS_wide_M517_504037 504037 0.01832 924.0 1948.0 0.7107418 0.999995 -0.0013541369 -0.25796703 0.0015464566 0.9998561 19605206355 3.717974
rawdata/DECam_01425727.fits.fz N4 1425727 800.0 60963.24190659 1.07 25.437523657953243 -14.014103733993004 25.44526666666667 -13.939 M517 0.01698216 23.61709 0.27523798 1.0955176 21.186207 22.77582 decam -11.55541 8.631271 74 object IBIS_wide_M517_501053 501053 0.017214 924.0 1948.0 0.3910376 1.0003544 -0.001434141 -0.343378 0.0015196485 1.0001405 19352951990 35.12497
rawdata/DECam_01425728.fits.fz N4 1425728 800.0 60963.25148316 1.08 26.483529284412153 -14.094103733262228 26.491274999999998 -14.019 M517 0.014722542 24.521116 0.6338914 1.1607531 21.420332 3.8971274 decam -15.003343 10.946905 93 object IBIS_wide_M517_504033 504033 0.015038 924.0 1948.0 0.39362848 1.0001419 -0.0015946373 -0.08287604 0.0012749798 1.0000248 18938164771 205.2794
rawdata/DECam_01425729.fits.fz N4 1425729 567.5773 60963.26110848 1.08 29.771504655781687 -14.800103726790498 29.779275 -14.725 M517 0.01474236 24.836674 0.8476904 1.2484572 21.554392 2.227581 decam -16.143019 15.46509 114 object IBIS_wide_M517_505966 505966 0.017025 924.0 1948.0 0.51394427 0.9999867 -0.0015942797 -0.3730199 0.0016717324 1.0000812 17463623363 254.79536
rawdata/DECam_01425730.fits.fz N4 1425730 491.1677 60963.26798801 1.09 30.702515520654504 -14.253103731808281 30.710266666666662 -14.178 M517 0.021053677 24.83916 0.8509976 1.0816128 21.557417 1.6605887 decam -17.941309 19.816172 96 object IBIS_wide_M517_505967 505967 0.02 924.0 1948.0 0.40096688 0.99993086 -0.001764487 0.067025945 0.0015483288 0.99992496 17168909600 295.77927
rawdata/DECam_01425731.fits.fz N4 1425731 560.9673 60963.27400185 1.09 33.110513353834946 -14.55510372904102 33.118275000000004 -14.48 M517 0.022119647 24.784771 0.8094166 1.1016735 21.555489 1.9075449 decam -14.458539 16.901623 90 object IBIS_wide_M517_502954 502954 0.023244 924.0 1948.0 0.3599131 0.9999785 -0.0017905041 -0.16524139 0.0018600259 1.0001227 17454371952 294.07816
rawdata/DECam_01425732.fits.fz N4 1425732 691.4867 60963.28081348 1.11 33.36554803929437 -13.529103738412575 33.373275 -13.454 M517 0.019561717 24.719902 0.76492196 1.1198287 21.482916 2.374467 decam -29.210648 22.324131 88 object IBIS_wide_M517_502967 502967 0.02144 924.0 1948.0 0.111509494 1.0000207 -0.0017352133 -0.3863178 0.0018901957 1.0000557 18061368457 291.21768
rawdata/DECam_01425733.fits.fz N4 1425733 800.0 60963.28915816 1.11 35.997553980654516 -13.081103742478998 36.005266666666664 -13.006 M517 0.017005095 24.626547 0.70189947 1.0955882 21.352386 3.0443342 decam -22.912746 28.885897 95 object IBIS_wide_M517_506909 506909 0.019278 924.0 1948.0 0.781678 0.999968 -0.0018505894 -0.62285465 0.0023115028 1.0000281 18884657994 262.78323
rawdata/DECam_01425734.fits.fz N4 1425734 800.0 60963.29874621 1.13 37.50856697648271 -12.9311037438372 37.51627499999999 -12.856 M517 0.020575462 24.041555 0.41083765 1.1525707 21.047018 13.109503 decam -10.318388 29.32048 81 object IBIS_wide_M517_506910 506910 0.019663 924.0 1948.0 0.31346405 1.0002801 -0.001950293 -0.22653945 0.0017337104 1.0001153 20327671503 61.024437
