logs/db-2026-03-17.ecsv
# %ECSV 1.0
# ---
# datatype:
# - {name: filename, datatype: string}
# - {name: extension, datatype: string}
# - {name: expnum, datatype: int64}
# - {name: exptime, datatype: float32}
# - {name: mjd_obs, datatype: float64}
# - {name: airmass, datatype: float32}
# - {name: racenter, datatype: float64}
# - {name: deccenter, datatype: float64}
# - {name: rabore, datatype: float64}
# - {name: decbore, datatype: float64}
# - {name: band, datatype: string}
# - {name: ebv, datatype: float32}
# - {name: zeropoint, datatype: float32}
# - {name: transparency, datatype: float32}
# - {name: seeing, datatype: float32}
# - {name: sky, datatype: float32}
# - {name: expfactor, datatype: float32}
# - {name: camera, datatype: string}
# - {name: dx, datatype: float32}
# - {name: dy, datatype: float32}
# - {name: nmatched, datatype: int64}
# - {name: obstype, datatype: string}
# - {name: object, datatype: string}
# - {name: tileid, datatype: int64}
# - {name: tileebv, datatype: float32}
# - {name: affine_x0, datatype: float32}
# - {name: affine_y0, datatype: float32}
# - {name: affine_dx, datatype: float32}
# - {name: affine_dxx, datatype: float32}
# - {name: affine_dxy, datatype: float32}
# - {name: affine_dy, datatype: float32}
# - {name: affine_dyx, datatype: float32}
# - {name: affine_dyy, datatype: float32}
# - {name: checksum, datatype: string}
# - {name: efftime, datatype: float32}
# schema: astropy-2.0
filename extension expnum exptime mjd_obs airmass racenter deccenter rabore decbore band ebv zeropoint transparency seeing sky expfactor camera dx dy nmatched obstype object tileid tileebv affine_x0 affine_y0 affine_dx affine_dxx affine_dxy affine_dy affine_dyx affine_dyy checksum efftime
[from data line 41]
/home/declsp/obsbot/rawdata/DECam_01464029.fits.fz N4 1464029 441.9572 61117.19142659 1.1 177.92772932797823 -5.697103807785572 177.93527916666667 -5.622 M464 0.029241921 24.905487 0.9734528 1.0017065 21.65058 1.246794 decam -8.483974 19.061705 165 object IBIS_wide_M464_325263 325263 0.031028 924.0 1948.0 0.032155603 1.0001932 -0.0002607422 0.043789946 0.00038937625 0.9999747 17048778616 354.47495
/home/declsp/obsbot/rawdata/DECam_01464030.fits.fz N4 1464030 400.7674 61117.19688345 1.1 178.98373123505235 -5.550103809061444 178.99127916666666 -5.475 M464 0.02395411 24.904236 0.9723307 1.0278555 21.675756 1.2377731 decam -0.9413268 12.8777 154 object IBIS_wide_M464_325264 325264 0.026033 924.0 1948.0 -0.27227354 0.9999978 -0.00013141688 0.24157134 0.00016588827 0.9999653 16600491011 323.781
/home/declsp/obsbot/rawdata/DECam_01464031.fits.fz N4 1464031 428.4673 61117.20185769 1.1 176.28973417865177 -5.31510381109979 176.29727916666667 -5.24 M464 0.022042634 24.919718 0.98629594 1.0361116 21.676546 1.2048645 decam -15.543622 33.696846 152 object IBIS_wide_M464_325271 325271 0.023658 924.0 1948.0 0.020601314 1.0001451 -0.0003712906 -0.019868612 0.0006120212 1.0000464 16667677474 355.6145
/home/declsp/obsbot/rawdata/DECam_01464032.fits.fz N4 1464032 484.9868 61117.20749384 1.1 184.1867242078028 -5.447103809955042 184.19427083333335 -5.372 M464 0.03911838 24.909527 0.9770809 1.0256066 21.69557 1.3355331 decam -3.414935 12.252767 165 object IBIS_wide_M464_330963 330963 0.041412 924.0 1948.0 -0.044962645 1.0000833 0.00012897386 0.035774402 -0.00010107817 0.9999824 16827464345 363.14096
/home/declsp/obsbot/rawdata/DECam_01464033.fits.fz N4 1464033 544.0265 61117.21344408 1.1 183.15573191847892 -5.157103812469374 183.163275 -5.082 M464 0.03834253 24.91359 0.9807448 1.0974481 21.67231 1.541611 decam -15.762627 28.806768 145 object IBIS_wide_M464_333948 333948 0.042165 924.0 1948.0 -0.12274021 1.0001519 8.958586e-05 0.054688916 0.0002257329 1.0000969 17052412864 352.8948
/home/declsp/obsbot/rawdata/DECam_01464034.fits.fz N4 1464034 471.0669 61117.22009473 1.11 186.2597311554283 -4.8621038150247005 186.26727083333333 -4.787 M464 0.052459355 24.903662 0.97381526 1.0070757 21.659569 1.4803303 decam -9.348094 20.69686 143 object IBIS_wide_M464_331448 331448 0.04551 924.0 1948.0 -0.18084532 1.000301 7.136741e-05 0.1116688 -1.7254404e-05 1.0000317 16821267420 318.2174
/home/declsp/obsbot/rawdata/DECam_01464035.fits.fz N4 1464035 459.047 61117.22588565 1.11 189.04773536685138 -4.858103815059333 189.055275 -4.7829999999999995 M464 0.028731337 24.908045 0.97775394 1.022684 21.67255 1.2627996 decam -13.086316 17.950722 157 object IBIS_wide_M464_331444 331444 0.034489 924.0 1948.0 -0.08165141 1.0002009 0.00022269542 0.1894901 -0.0002902 0.9999908 16752356219 363.51532
/home/declsp/obsbot/rawdata/DECam_01464036.fits.fz N4 1464036 534.5666 61117.23151856 1.11 186.7477426265263 -4.573103817525884 186.75527916666667 -4.498 M464 0.057222564 24.921442 0.9898939 1.0455 21.652483 1.6076798 decam -5.170011 30.857122 168 object IBIS_wide_M464_334434 334434 0.045424 924.0 1948.0 -0.16839042 1.0004839 0.00021080145 0.21949627 -0.00021081085 1.0001855 17118937640 332.50812
/home/declsp/obsbot/rawdata/DECam_01464037.fits.fz N4 1464037 449.8572 61117.23803379 1.11 189.65273765815402 -4.2411038203967335 189.66027083333333 -4.166 M464 0.033447444 24.909836 0.97936946 1.0438657 21.67683 1.3508002 decam -5.4491396 23.127136 156 object IBIS_wide_M464_331445 331445 0.029844 924.0 1948.0 -0.011214784 1.0003734 0.00031208305 0.14624254 -0.00040320802 1.0000136 16714517193 333.03018
/home/declsp/obsbot/rawdata/DECam_01464038.fits.fz N4 1464038 438.5573 61117.24354675 1.11 191.68674025173894 -3.96610382277282 191.69427083333335 -3.891 M464 0.025854817 24.913507 0.9826857 0.9609588 21.695724 1.058839 decam -11.376853 24.528053 167 object IBIS_wide_M464_334440 334440 0.027117 924.0 1948.0 -0.10382452 1.000306 0.00036484638 0.08343207 -0.000374212 1.0000542 16850869797 414.18698
/home/declsp/obsbot/rawdata/DECam_01464039.fits.fz N4 1464039 520.7267 61117.24894447 1.12 191.926743473237 -3.5951038259758943 191.93427083333333 -3.52 M464 0.023906568 24.888145 0.96197104 1.1806719 21.709618 1.6291673 decam -7.130946 30.160583 148 object IBIS_wide_M464_331455 331455 0.025862 924.0 1948.0 -0.14471377 1.0001866 0.0003480094 0.07189207 -0.0003519081 1.0000709 16900033055 319.6275
/home/declsp/obsbot/rawdata/DECam_01464040.fits.fz N4 1464040 455.2772 61117.25676589 1.12 198.18174757288034 -3.0581038306076054 198.18927083333332 -2.983 M464 0.028335355 24.905325 0.977314 1.0208212 21.72674 1.1995666 decam -5.446767 25.839542 174 object IBIS_wide_M464_331474 331474 0.029098 924.0 1948.0 -0.078466 1.0004293 0.0006350326 0.14931718 -0.00061675004 1.0000238 16780770162 379.53473
/home/declsp/obsbot/rawdata/DECam_01464041.fits.fz N4 1464041 410.1674 61117.26236473 1.12 196.8817557936792 -3.074103830469673 196.88927916666668 -2.999 M464 0.019552892 24.905838 0.9777753 0.9851082 21.718212 1.0565991 decam -12.558202 30.936197 159 object IBIS_wide_M464_331473 331473 0.025203 924.0 1948.0 -0.1390943 1.0003693 0.0006029613 0.059703685 -0.00062816974 1.0000597 16615878481 388.19583
/home/declsp/obsbot/rawdata/DECam_01464042.fits.fz N4 1464042 461.9172 61117.26770818 1.13 202.8457578563698 -2.7661038331241534 202.85327916666665 -2.691 M464 0.03265944 24.903269 0.97746974 1.0797201 21.749443 1.360263 decam -8.348034 26.643303 190 object IBIS_wide_M464_334214 334214 0.037351 924.0 1948.0 -0.21465293 1.0002769 0.0008961715 0.17542268 -0.0005852169 1.0001119 16926964061 339.57935
/home/declsp/obsbot/rawdata/DECam_01464043.fits.fz N4 1464043 545.9166 61117.27338035 1.12 203.8947516129042 -3.0761038304524315 203.902275 -3.001 M464 0.033623874 24.903032 0.97525203 1.0352988 21.762205 1.2453502 decam -5.4496484 26.016144 169 object IBIS_wide_M464_331229 331229 0.037423 924.0 1948.0 -0.07005744 1.0001632 0.0008494832 0.10090511 -0.0007820105 1.0000699 16941611831 438.36392
/home/declsp/obsbot/rawdata/DECam_01464044.fits.fz N4 1464044 435.5473 61117.28002877 1.13 205.74774956737693 -2.7591038331844655 205.75527083333333 -2.684 M464 0.046876807 24.900352 0.9748487 1.0057979 21.777355 1.2807435 decam -12.631036 27.39779 175 object IBIS_wide_M464_334194 334194 0.041995 924.0 1948.0 -0.2771647 1.0001719 0.0009826389 0.052433714 -0.00087943923 0.99995977 16571066301 340.0738
/home/declsp/obsbot/rawdata/DECam_01464045.fits.fz N4 1464045 477.4369 61117.2853988 1.13 206.00876381091084 -2.4681038356911347 206.01628333333335 -2.393 M464 0.053112052 24.87535 0.9526567 1.0787967 21.77729 1.6127264 decam -9.448063 33.12751 146 object IBIS_wide_M464_331303 331303 0.043613 924.0 1948.0 -0.24804857 1.0001954 0.00089717965 -0.023383044 -0.00095476565 1.0002072 16691843864 296.0433
/home/declsp/obsbot/rawdata/DECam_01464046.fits.fz N4 1464046 460.7671 61117.29131253 1.13 210.32176012769298 -2.3811038364403325 210.32927916666665 -2.306 M464 0.07079053 24.893503 0.9687172 1.009112 21.79356 1.5259446 decam -19.123354 26.449127 175 object IBIS_wide_M464_331298 331298 0.066209 924.0 1948.0 -0.19600968 1.0002888 0.0011826555 0.04611597 -0.0011267778 1.0001358 16609513728 301.95532
/home/declsp/obsbot/rawdata/DECam_01464047.fits.fz N4 1464047 431.2473 61117.29695705 1.13 208.82375547191947 -2.4691038356825232 208.83127499999998 -2.394 M464 0.048750017 24.904959 0.9789935 0.99733937 21.789778 1.2511383 decam -15.442955 27.707605 211 object IBIS_wide_M464_331299 331299 0.049047 924.0 1948.0 -0.33356127 1.0000813 0.0010929422 -0.0907092 -0.0010416494 1.0000535 16604644777 344.68396
/home/declsp/obsbot/rawdata/DECam_01464048.fits.fz N4 1464048 405.8273 61117.30230564 1.13 211.59776386172967 -2.4591038357686426 211.60528333333335 -2.384 M464 0.06602274 24.9116 0.9849993 0.93378204 21.792278 1.2233957 decam -13.3843565 26.635355 189 object IBIS_wide_M464_331284 331284 0.06496 924.0 1948.0 -0.012472711 1.0005786 0.0010949931 0.15841088 -0.0012446425 1.0001355 16555087571 331.72202
/home/declsp/obsbot/rawdata/DECam_01464049.fits.fz N4 1464049 419.0373 61117.30748867 1.12 213.35674979199183 -3.3241038283139424 213.364275 -3.249 M464 0.058133166 24.9013 0.97369856 0.9460222 21.782696 1.2201931 decam -22.1201 28.81081 207 object IBIS_wide_M464_334263 334263 0.058417 924.0 1948.0 -0.41918796 1.0001334 0.0012673133 0.015240069 -0.0011660081 1.0001086 16591621573 343.41882
/home/declsp/obsbot/rawdata/DECam_01464050.fits.fz N4 1464050 413.5674 61117.31264722 1.12 214.08374859418367 -3.965103822781458 214.09127916666665 -3.89 M464 0.043991547 24.911522 0.9829083 0.9857527 21.793709 1.1630224 decam -20.866323 29.865025 207 object IBIS_wide_M464_334261 334261 0.045448 924.0 1948.0 -0.35436535 1.000175 0.0013104174 0.0066287667 -0.0010113985 1.0000645 16516583555 355.5971
/home/declsp/obsbot/rawdata/DECam_01464051.fits.fz N4 1464051 606.1061 61117.31791244 1.11 216.63774009649023 -3.9831038226259827 216.6452708333333 -3.908 M464 0.07760729 24.90044 0.97093093 1.2175077 21.779753 2.330237 decam -20.425179 33.055016 196 object IBIS_wide_M464_339953 339953 0.070597 924.0 1948.0 0.02093825 1.0001048 0.0012967276 -0.0066275652 -0.0012824825 1.0000069 17047150461 260.10492
/home/declsp/obsbot/rawdata/DECam_01464052.fits.fz N4 1464052 575.3762 61117.32525937 1.12 215.47474539792253 -3.8571038237141715 215.482275 -3.782 M464 0.052854594 24.896729 0.96960694 1.1645216 21.781504 1.795796 decam -26.331934 29.55763 212 object IBIS_wide_M464_330975 330975 0.055365 924.0 1948.0 -0.5630083 1.0001034 0.001249076 0.054603454 -0.0012771008 1.0001081 16964981149 320.40176
/home/declsp/obsbot/rawdata/DECam_01464053.fits.fz N4 1464053 685.8656 61117.33226088 1.12 218.10174294863035 -3.658103825432166 218.1092708333333 -3.583 M464 0.089607015 24.890053 0.9636628 1.0689912 21.77231 2.0098255 decam -21.325258 40.82921 205 object IBIS_wide_M464_336965 336965 0.089487 924.0 1948.0 -0.1431605 1.0002278 0.0013982203 0.18370603 -0.0012805506 1.0000844 17301957005 341.2563
/home/declsp/obsbot/rawdata/DECam_01464054.fits.fz N4 1464054 536.8766 61117.34051194 1.11 220.1867242078028 -5.447103809955042 220.19427083333335 -5.372 M464 0.06268118 24.904867 0.9748973 1.0454823 21.767702 1.5498898 decam -19.56067 36.046127 235 object IBIS_wide_M464_336955 336955 0.067676 924.0 1948.0 -0.059023146 1.0002631 0.0014571301 0.15125297 -0.0014782212 1.0001215 16866237958 346.3966
/home/declsp/obsbot/rawdata/DECam_01464055.fits.fz N4 1464055 517.8467 61117.347044 1.1 220.21871563962029 -6.656103799445203 220.22627916666667 -6.5809999999999995 M464 0.059285037 24.911852 0.97917646 1.0414834 21.77078 1.4778085 decam -22.892298 41.010662 276 object IBIS_wide_M464_336936 336936 0.063876 924.0 1948.0 -0.105413094 1.0003984 0.0014086402 0.116513684 -0.0013339225 1.0000453 16841098194 350.41528
/home/declsp/obsbot/rawdata/DECam_01464056.fits.fz N4 1464056 800.0 61117.35340056 1.13 223.64374644448924 -3.737103824750243 223.651275 -3.662 M464 0.106060855 24.89285 0.9681354 1.2133222 21.745787 2.9675152 decam -18.893068 40.445942 226 object IBIS_wide_M464_337444 337444 0.10488 924.0 1948.0 -0.21838854 1.000362 0.0014903763 0.05253201 -0.0013297438 1.0000839 17711970444 269.58582
/home/declsp/obsbot/rawdata/DECam_01464057.fits.fz N4 1464057 800.0 61117.36299628 1.14 221.9767485941837 -3.9651038227814586 221.98427916666668 -3.89 M464 0.10227551 24.887102 0.96500427 1.1605545 21.740908 2.683124 decam -13.841776 39.50944 240 object IBIS_wide_M464_340512 340512 0.094483 924.0 1948.0 -0.2267511 1.000215 0.0013789241 -0.06313469 -0.0014291673 1.000147 17836826980 298.1599
/home/declsp/obsbot/rawdata/DECam_01464058.fits.fz N4 1464058 665.9858 61117.37261732 1.16 225.15875617209736 -2.3421038367761486 225.16627499999998 -2.267 M464 0.087609746 24.898048 0.9787935 1.0212584 21.743994 1.829377 decam -18.822533 43.70552 237 object IBIS_wide_M464_337456 337456 0.08005 924.0 1948.0 -0.13644044 0.99993265 0.0015475971 0.21437144 -0.0014121173 1.0001091 17506479467 364.05057
/home/declsp/obsbot/rawdata/DECam_01464059.fits.fz N4 1464059 744.1253 61117.38064527 1.18 223.39475365796233 -2.771103833081072 223.402275 -2.6959999999999997 M464 0.105808794 24.882145 0.9685317 1.0033462 21.703684 2.149355 decam -19.682602 45.908253 246 object IBIS_wide_M464_340516 340516 0.095456 924.0 1948.0 -0.22961067 1.0004929 0.0012637326 0.24937916 -0.0011170898 1.000222 17814549726 346.20868
/home/declsp/obsbot/rawdata/DECam_01464060.fits.fz N4 1464060 800.0 61117.38956921 1.21 224.08775712572483 -2.157103838368874 224.09527500000002 -2.082 M464 0.06465188 24.876932 0.96985006 1.1451855 21.624546 2.2645466 decam -23.468252 53.06534 240 object IBIS_wide_M464_340517 340517 0.070871 924.0 1948.0 -0.07100867 1.000178 0.0015702432 0.20892024 -0.0014203023 1.0001311 18071645941 353.2716
/home/declsp/obsbot/rawdata/DECam_01464061.fits.fz N4 1464061 150.0 61117.39968066 1.42 242.90373216468876 14.729899902484341 242.9115 14.805003888888889 M464 0.035730157 24.850786 0.98850346 1.192526 21.317652 2.7797263 decam -19.096935 42.42021 256 object "Pal14 position 18" 0 0.0 924.0 1948.0 -0.43237376 1.0004954 0.002216815 0.17904435 -0.0018700706 1.0001026 16003443985 53.962147
/home/declsp/obsbot/rawdata/DECam_01464062.fits.fz N4 1464062 150.0 61117.40176221 1.43 242.73433944296332 15.104874899032255 242.74212083333333 15.179978888888888 M464 0.0338947 24.844995 0.98526806 1.1356394 21.011011 3.3359265 decam -8.397054 41.540882 255 object "Pal14 position 19" 0 0.0 924.0 1948.0 -0.43063688 1.0003949 0.0021841843 0.14397727 -0.0020777273 1.0000101 16287703617 44.96502
/home/declsp/obsbot/rawdata/DECam_01464063.fits.fz N4 1464063 150.0 61117.40383528 1.42 242.5937746325596 14.707402124913301 242.6015416666667 14.782506111111111 M464 0.038255446 24.841558 0.9801383 1.1156843 20.628551 4.7546487 decam -9.170463 50.17331 215 object "Pal14 position 20" 0 0.0 924.0 1948.0 -0.47318628 1.0003606 0.0020919389 -0.019571042 -0.002206621 1.0001186 16538897532 31.548073
/home/declsp/obsbot/rawdata/DECam_01464064.fits.fz N4 1464064 150.0 61117.40590127 1.43 242.98492140014162 14.913732123015675 242.99269583333336 14.98883611111111 M464 0.035996806 24.84984 0.9896734 1.1816502 20.147638 8.04726 decam -9.120847 47.600967 196 object "Pal14 position 21" 0 0.0 924.0 1948.0 -0.3996584 1.0003738 0.0022237715 0.16055301 -0.0020604911 1.0000817 17193077053 18.639885
/home/declsp/obsbot/rawdata/DECam_01464065.fits.fz N4 1464065 150.0 61117.40796988 1.44 242.5414884037159 15.019287955376805 242.54926666666665 15.094391944444444 M464 0.032611217 24.845325 0.9875926 1.1639876 19.603651 12.684939 decam -5.727359 43.971516 196 object "Pal14 position 22" 0 0.0 924.0 1948.0 -0.53077483 1.0003223 0.002184558 0.16115606 -0.0020906762 1.0001087 18402278539 11.825047
/home/declsp/obsbot/rawdata/DECam_01464066.fits.fz N4 1464066 150.0 61117.41003022 1.43 242.8005352200524 14.643899069941062 242.8083 14.719003055555556 M464 0.035673056 24.840672 0.98135185 1.1803547 19.035492 22.692608 decam -12.841123 35.076035 163 object "Pal14 position 23" 0 0.0 924.0 1948.0 -0.28274223 1.0001876 0.0021297727 0.13037054 -0.0021616076 1.0001391 20449744932 6.610082
/home/declsp/obsbot/rawdata/DECam_01464067.fits.fz N4 1464067 150.0 61117.4120954 1.45 242.8737646381233 15.099549899081367 242.88154583333335 15.174653888888889 M464 0.034925405 24.847725 0.9918137 1.0754504 18.423918 32.498745 decam -11.347183 40.968086 133 object "Pal14 position 24" 0 0.0 924.0 1948.0 0.10817987 1.000208 0.0021740953 0.040102154 -0.0020434826 1.0001272 24381462545 4.615563
