logs/db-2025-12-16.ecsv
# %ECSV 1.0
# ---
# datatype:
# - {name: filename, datatype: string}
# - {name: extension, datatype: string}
# - {name: expnum, datatype: int64}
# - {name: exptime, datatype: float32}
# - {name: mjd_obs, datatype: float64}
# - {name: airmass, datatype: float32}
# - {name: racenter, datatype: float64}
# - {name: deccenter, datatype: float64}
# - {name: rabore, datatype: float64}
# - {name: decbore, datatype: float64}
# - {name: band, datatype: string}
# - {name: ebv, datatype: float32}
# - {name: zeropoint, datatype: float32}
# - {name: transparency, datatype: float32}
# - {name: seeing, datatype: float32}
# - {name: sky, datatype: float32}
# - {name: expfactor, datatype: float32}
# - {name: camera, datatype: string}
# - {name: dx, datatype: float32}
# - {name: dy, datatype: float32}
# - {name: nmatched, datatype: int64}
# - {name: obstype, datatype: string}
# - {name: object, datatype: string}
# - {name: tileid, datatype: int64}
# - {name: tileebv, datatype: float32}
# - {name: affine_x0, datatype: float32}
# - {name: affine_y0, datatype: float32}
# - {name: affine_dx, datatype: float32}
# - {name: affine_dxx, datatype: float32}
# - {name: affine_dxy, datatype: float32}
# - {name: affine_dy, datatype: float32}
# - {name: affine_dyx, datatype: float32}
# - {name: affine_dyy, datatype: float32}
# - {name: checksum, datatype: string}
# - {name: efftime, datatype: float32}
# schema: astropy-2.0
filename extension expnum exptime mjd_obs airmass racenter deccenter rabore decbore band ebv zeropoint transparency seeing sky expfactor camera dx dy nmatched obstype object tileid tileebv affine_x0 affine_y0 affine_dx affine_dxx affine_dxy affine_dy affine_dyx affine_dyy checksum efftime
rawdata/DECam_01441742.fits.fz N4 1441742 5.0 61026.02255054 1.0 22.92153947525695 -30.35843551288636 22.930245833333334 -30.283331944444445 r 0.018009735 26.834764 1.0155599 1.1159784 17.10118 27.731855 decam 11.11161 -75.98418 36 object pointing 0 0.0 924.0 1948.0 0.5183414 0.9997047 -0.0011664813 0.008579493 0.0019506012 0.9997707 20931469190 0.18029808
rawdata/DECam_01441743.fits.fz N4 1441743 10.0 61026.02370069 1.0 22.92153947525695 -30.35843551288636 22.930245833333334 -30.283331944444445 r 0.018009735 26.885784 1.0644213 1.1361549 17.40715 19.738207 decam -3.869507 12.269516 40 object pointing 0 0.0 924.0 1948.0 0.5921817 0.99958056 -0.0010846562 -0.23366638 0.0018851891 0.9997479 23763856682 0.5066316
rawdata/DECam_01441744.fits.fz N4 1441744 30.0 61026.0246729 1.0 22.92153947525695 -30.35843551288636 22.930245833333334 -30.283331944444445 r 0.018009735 26.873554 1.0524999 1.1230634 17.685902 15.259613 decam -4.502666 11.326374 54 object pointing 0 0.0 924.0 1948.0 0.5923531 0.99976695 -0.0010912782 -0.123822905 0.0016514607 0.99984396 34851734674 1.9659739
rawdata/DECam_01441745.fits.fz N4 1441745 15.0 61026.0276134 1.28 343.16323338400645 -20.585453671937714 343.1712583333333 -20.51035 M517 0.03460902 24.993666 1.0114727 1.2167662 18.281633 40.080654 decam -6.6610537 42.61392 36 object "LTT9239 N4 M517" 0 0.0 924.0 1948.0 -0.050151855 1.0001816 0.00046381322 -0.03544253 -0.0007337749 1.0000314 16450486035 0.37424538
rawdata/DECam_01441746.fits.fz N4 1441746 15.0 61026.02811269 1.28 343.16323338400645 -20.585453671937714 343.1712583333333 -20.51035 M438 0.03460902 24.735239 1.0201685 1.155498 18.217316 41.525948 decam 3.8374848 58.4205 30 object "LTT9239 N4 M438" 0 0.0 924.0 1948.0 0.25881645 0.99927837 7.001937e-05 0.18901879 -0.001394613 0.9997199 16285489327 0.36121994
rawdata/DECam_01441747.fits.fz N4 1441747 15.0 61026.02858258 1.28 343.16323338400645 -20.585453671937714 343.1712583333333 -20.51035 M490 0.03460902 24.98253 1.0545723 1.0856574 18.283068 30.146664 decam 0.18858802 53.995056 37 object "LTT9239 N4 M490" 0 0.0 924.0 1948.0 0.27121443 1.0000176 0.00045665522 -0.009897032 -0.0006793197 0.9999735 16397768628 0.4975675
rawdata/DECam_01441748.fits.fz N4 1441748 15.0 61026.02908225 1.28 343.16323338400645 -20.585453671937714 343.1712583333333 -20.51035 M464 0.03460902 24.889816 0.99564004 1.127465 18.377125 34.42465 decam 13.799301 66.225464 35 object "LTT9239 M464" 0 0.0 924.0 1948.0 -0.23588565 1.0001395 0.00049742905 -0.054652456 -0.0006730374 1.0000472 16292814084 0.4357343
rawdata/DECam_01441749.fits.fz N4 1441749 3.0 61026.02957066 1.29 343.16323338400645 -20.585453671937714 343.1712583333333 -20.51035 g 0.03460902 26.603413 1.0401243 1.2015452 18.515844 29.487375 decam 19.206427 78.030846 36 object "LTT9239 g" 0 0.0 924.0 1948.0 -0.16729197 0.99989694 0.0004262663 -0.070431314 -0.00067364884 0.9999458 16109063950 0.10173845
rawdata/DECam_01441750.fits.fz N4 1441750 15.0 61026.03007055 1.22 349.88815735313506 -17.083381761113934 349.89601666666664 -17.008278055555557 M517 0.02964856 25.01696 1.0235187 1.1736935 18.989162 18.054316 decam 22.462349 76.97497 40 object "LTT9491 N4 M517" 0 0.0 924.0 1948.0 -0.0678031 0.9999837 8.717109e-05 -0.43779767 -0.0006864099 0.9998276 15928949349 0.8308263
rawdata/DECam_01441751.fits.fz N4 1441751 15.0 61026.03055188 1.22 349.88815735313506 -17.083381761113934 349.89601666666664 -17.008278055555557 M438 0.02964856 24.75852 1.0266727 1.1717405 18.909767 20.822578 decam 12.563221 82.469765 30 object "LTT9491 N4 M438" 0 0.0 924.0 1948.0 -0.16126974 0.99939585 0.0001810486 -0.50094974 0.00011003436 0.99971443 15848427995 0.7203719
rawdata/DECam_01441752.fits.fz N4 1441752 15.0 61026.03101516 1.23 349.88815735313506 -17.083381761113934 349.89601666666664 -17.008278055555557 M490 0.02964856 25.00314 1.0650746 1.1435242 18.9803 16.384758 decam 16.726141 83.30363 38 object "LTT9491 N4 M490" 0 0.0 924.0 1948.0 -0.09703871 1.000246 0.00012718482 -0.5516512 -0.00068339537 0.99989694 15906223208 0.91548496
rawdata/DECam_01441753.fits.fz N4 1441753 15.0 61026.03150179 1.23 349.88815735313506 -17.083381761113934 349.89601666666664 -17.008278055555557 M464 0.02964856 24.903551 0.9980137 1.1263998 19.06295 17.192326 decam 2.8346279 73.87617 34 object "LTT9491 N4 N464" 0 0.0 924.0 1948.0 0.066245936 0.9998876 0.00018013068 -0.40140998 -0.00059358304 0.99986184 15857355189 0.8724823
rawdata/DECam_01441754.fits.fz N4 1441754 3.0 61026.03196578 1.23 349.88815735313506 -17.083381761113934 349.89601666666664 -17.008278055555557 g 0.02964856 26.610037 1.0367036 1.191997 19.184555 15.037678 decam 7.2375803 77.281006 37 object "LTT9491 N4 g" 0 0.0 924.0 1948.0 0.032142088 1.0003687 0.00029116395 -0.4531534 -0.0006849296 0.9999947 15765421891 0.19949889
rawdata/DECam_01441755.fits.fz N4 1441755 150.0 61026.03232605 1.29 346.7952376808197 -15.816105661846688 346.80304583333333 -15.741001944444445 M464 0.034991205 24.902195 1.0091277 1.1726694 19.311733 15.430825 decam 10.29328 74.5165 82 object "NGC7492 position 15" 0 0.0 924.0 1948.0 -0.017794859 0.99996 0.0002336181 0.046743847 -9.830073e-06 1.0000397 19316947040 9.720802
rawdata/DECam_01441756.fits.fz N4 1441756 150.0 61026.03562775 1.3 346.98354601343743 -15.488497609328359 346.99134166666664 -15.413393888888889 M464 0.035948075 24.899027 1.0082566 1.1229248 19.956148 7.916797 decam -4.921457 11.8328285 112 object "NGC7492 position 16" 0 0.0 924.0 1948.0 -0.09874378 1.0001167 0.00017255712 -0.07346336 5.829535e-06 1.000121 17557486482 18.947056
rawdata/DECam_01441757.fits.fz N4 1441757 150.0 61026.03770026 1.32 346.60344136260625 -15.611302608190982 346.6112416666667 -15.536198888888888 M464 0.034873523 24.892908 1.0067167 1.1216863 20.298443 5.784094 decam -8.550544 0.44263157 90 object "NGC7492 position 17" 0 0.0 924.0 1948.0 -0.07528071 1.0001063 0.00019146036 -0.050209206 -0.00015645313 0.999955 17053965109 25.93319
rawdata/DECam_01441758.fits.fz N4 1441758 150.0 61026.03975588 1.33 346.98104351799907 -15.772765662249046 346.98885 -15.697661944444445 M464 0.03530337 24.889889 1.0059854 1.0565664 20.611506 3.8807895 decam -12.147042 0.23419519 115 object "NGC7492 position 18" 0 0.0 924.0 1948.0 0.082965896 0.99993074 0.00022702407 -0.09095577 0.00020351485 1.0001197 16566191495 38.651928
rawdata/DECam_01441759.fits.fz N4 1441759 150.0 61026.04182936 1.35 346.8109869179663 -15.397901776833228 346.8187791666667 -15.322798055555555 M464 0.034114573 24.882437 1.0032159 1.1077092 20.850206 3.440982 decam -1.3841683 5.343422 108 object "NGC7492 position 19" 0 0.0 924.0 1948.0 -0.07283412 0.9999381 0.00028580084 -0.11021215 -0.0001360871 1.0001123 16343020063 43.592205
rawdata/DECam_01441760.fits.fz N4 1441760 150.0 61026.04392443 1.36 346.66973431775375 -15.795273717595665 346.6775416666666 -15.72017 M464 0.03547789 24.878819 1.0019343 1.064858 21.044016 2.7045155 decam -14.608608 -8.179883 108 object "NGC7492 position 20" 0 0.0 924.0 1948.0 -0.055059846 0.9999668 0.0003252304 -0.009107361 -0.00022567862 1.0000967 16165995750 55.4628
rawdata/DECam_01441761.fits.fz N4 1441761 150.0 61026.04598941 1.37 347.0621713849674 -15.588789830621815 347.06997083333334 -15.513686111111111 M464 0.036505133 24.877592 1.0028613 1.0944333 21.184711 2.53352 decam -4.7821345 -10.146763 770 object "NGC7492 position 21" 0 0.0 924.0 1948.0 0.5166475 0.9998827 0.00045191924 -0.5494611 4.6814144e-05 0.9998328 16080146796 59.206165
rawdata/DECam_01441762.fits.fz N4 1441762 35.0 61026.0490025 1.06 22.47253451356303 -13.93910373467765 22.480275 -13.864 g 0.019557927 26.6648 1.0616957 1.1862996 21.708134 1.241194 decam 2.7148957 10.663955 98 object "Pointing test" 0 0.0 924.0 1948.0 -0.08115885 1.0000997 -0.0013495093 -0.104961686 0.0010226665 1.0001113 15834810887 28.198654
rawdata/DECam_01441763.fits.fz N4 1441763 348.3579 61026.05058051 1.06 20.744523166148376 -14.273103731625252 20.752275 -14.198 M464 0.023808468 24.934732 0.9918471 1.1129718 21.884928 1.1299918 decam 7.116279 -8.080059 85 object IBIS_wide_M464_304049 304049 0.020837 924.0 1948.0 0.21563496 1.0000417 -0.0012325948 0.0076905745 0.00096523226 0.99997383 16586318147 308.28357
rawdata/DECam_01441764.fits.fz N4 1441764 431.8373 61026.05496297 1.07 22.316554476778098 -13.329103740229801 22.324275 -13.254 M464 0.02177208 24.927773 0.9875354 1.1189904 21.923925 1.1000156 decam -4.4937468 6.1422014 121 object IBIS_wide_M464_304061 304061 0.020574 924.0 1948.0 0.1227092 0.99991274 -0.0012967294 -0.104875796 0.0014672016 0.9999366 16463646762 392.5738
rawdata/DECam_01441765.fits.fz N4 1441765 366.3177 61026.06027137 1.07 22.316554476778098 -13.329103740229801 22.324275 -13.254 M464 0.02177208 24.930769 0.99026614 1.0788089 21.949697 0.9931014 decam 1.3554641 -8.00094 117 object IBIS_wide_M464_304061 304061 0.020574 924.0 1948.0 0.14879636 0.99983895 -0.0012687225 -0.15416545 0.0013640561 0.99999404 16277581536 368.8623
rawdata/DECam_01441766.fits.fz N4 1441766 285.2082 61026.06496626 1.06 27.88555300977484 -13.1121037421981 27.89326666666667 -13.037 M464 0.020074563 24.960243 1.015428 1.0222024 22.013105 0.78718024 decam 20.682428 14.119269 94 object IBIS_wide_M464_301091 301091 0.018391 924.0 1948.0 -0.19721127 1.0003031 -0.0014673435 -0.22298205 0.001527028 1.0000525 15999470465 362.31625
rawdata/DECam_01441767.fits.fz N4 1441767 254.8784 61026.068611 1.06 30.873570223716765 -12.550103747279744 30.881266666666665 -12.475 M464 0.018443286 24.945818 1.0020262 1.0222117 22.043459 0.776994 decam 33.592163 8.268285 94 object IBIS_wide_M464_302964 302964 0.01995 924.0 1948.0 0.37903503 0.99967045 -0.001624983 -0.3184499 0.0016373169 1.0000762 15924602686 328.03137
rawdata/DECam_01441768.fits.fz N4 1441768 308.688 61026.07188253 1.07 29.79858212688566 -12.430103748361887 29.806275 -12.355 M464 0.018502058 24.955667 1.0132372 1.0351038 22.023514 0.79718286 decam 19.039206 9.489078 85 object IBIS_wide_M464_304079 304079 0.019509 924.0 1948.0 -0.11748617 1.0000468 -0.001580704 -0.41750163 0.0015498773 1.0001438 16071829622 387.22357
rawdata/DECam_01441769.fits.fz N4 1441769 296.7081 61026.0758101 1.06 33.20359375940331 -12.030103751961875 33.211275 -11.955 M464 0.020291738 24.950165 1.0060456 1.0566611 22.043924 0.83409375 decam 17.28013 6.958372 93 object IBIS_wide_M464_302973 302973 0.021806 924.0 1948.0 0.2785044 0.9997067 -0.0015015643 0.0018915064 0.0016844294 1.0000434 16015373740 355.72513
rawdata/DECam_01441770.fits.fz N4 1441770 349.3778 61026.07958518 1.07 35.10063333035503 -10.71410376373248 35.10827916666667 -10.639 M464 0.02794834 24.949282 1.0072958 1.1054286 22.017578 0.9893054 decam 7.139686 1.6303586 83 object IBIS_wide_M464_305986 305986 0.024837 924.0 1948.0 -0.20538397 1.0001439 -0.0017244171 -0.5563972 0.0018346433 0.99987257 16200706849 353.15466
rawdata/DECam_01441771.fits.fz N4 1441771 292.3381 61026.08396349 1.07 34.27359252187332 -11.927103752887126 34.28127083333334 -11.852 M464 0.02224428 24.95111 1.0089937 1.0281659 22.040533 0.8020174 decam -3.0126953 -3.2853432 93 object IBIS_wide_M464_302970 302970 0.024229 924.0 1948.0 -0.098336026 1.0000399 -0.0017864854 -0.26946837 0.0018990932 0.9998863 16082085774 364.50345
rawdata/DECam_01441772.fits.fz N4 1441772 245.0784 61026.0876494 1.07 34.03856980482047 -12.564103747153432 34.04626666666667 -12.489 M464 0.021192137 24.96315 1.0202436 0.965678 22.05597 0.6773115 decam -4.2597766 -2.4002013 87 object IBIS_wide_M464_305977 305977 0.021642 924.0 1948.0 0.0978509 1.0000455 -0.0017800697 0.059111737 0.0016918164 0.9998507 15921728926 361.84003
rawdata/DECam_01441773.fits.fz N4 1441773 243.8784 61026.09084868 1.06 34.911509953249244 -14.414103730333956 34.919266666666665 -14.339 M464 0.022178236 24.953865 1.0094805 0.9638214 22.077526 0.6776222 decam -18.049042 -11.27894 84 object IBIS_wide_M464_305956 305956 0.021196 924.0 1948.0 -0.3341475 0.99994546 -0.0019442557 -0.09576946 0.0017422396 0.9998191 16215793916 359.9032
rawdata/DECam_01441774.fits.fz N4 1441774 222.8585 61026.09399448 1.06 35.64449732543829 -14.88810372598091 35.65227083333334 -14.813 M464 0.021344706 24.957325 1.012702 0.9694574 21.992302 0.7324422 decam -18.671167 -8.292929 81 object IBIS_wide_M464_300898 300898 0.021221 924.0 1948.0 0.02813409 1.0001875 -0.0019209934 0.23457386 0.0019764688 1.0000648 16450011448 304.2677
rawdata/DECam_01441775.fits.fz N4 1441775 254.0883 61026.09689752 1.07 35.997553980654516 -13.081103742478998 36.005266666666664 -13.006 M464 0.017005095 24.953661 1.0113667 0.9461379 22.071472 0.6331023 decam -26.102434 -0.8726183 83 object IBIS_wide_M464_306909 306909 0.019278 924.0 1948.0 0.44249043 1.0000346 -0.0017486735 -0.60791475 0.002007834 1.0000091 15898833247 401.33847
rawdata/DECam_01441776.fits.fz N4 1441776 230.3185 61026.10015794 1.07 37.50856697648271 -12.9311037438372 37.51627499999999 -12.856 M464 0.020575462 24.950666 1.0085802 0.94119227 22.065008 0.6501291 decam -26.568007 2.2130075 85 object IBIS_wide_M464_306910 306910 0.019663 924.0 1948.0 -0.0057786447 1.0001643 -0.001796567 0.06305601 0.001581917 1.0000244 16004224871 354.2658
rawdata/DECam_01441777.fits.fz N4 1441777 263.7883 61026.10316966 1.07 37.7035535498388 -13.35810373996649 37.711275 -13.283 M464 0.01876232 24.947008 1.0051875 0.9983833 22.077145 0.7186942 decam -20.98755 15.435245 93 object IBIS_wide_M464_309888 309888 0.019705 924.0 1948.0 0.3667452 0.9999761 -0.0019835958 -0.017138919 0.0019420877 1.0000566 15998075318 367.0383
rawdata/DECam_01441778.fits.fz N4 1441778 224.0085 61026.10658273 1.07 38.15850224165117 -14.75110372724101 38.166270833333336 -14.676 M464 0.019588554 24.957396 1.0148511 0.962942 22.047722 0.67803985 decam -37.634613 10.561552 109 object IBIS_wide_M464_306900 306900 0.022066 924.0 1948.0 0.06320836 1.000059 -0.0019177655 -0.16183619 0.0020111962 0.99982464 16028774503 330.3766
rawdata/DECam_01441779.fits.fz N4 1441779 228.8685 61026.10950782 1.09 38.22956128996251 -12.84510374461516 38.23726666666667 -12.77 M464 0.0220397 24.948761 1.0109564 0.9207269 22.038734 0.6464551 decam -33.218483 26.125446 103 object IBIS_wide_M464_309891 309891 0.021586 924.0 1948.0 0.24006203 1.0003287 -0.0017578353 0.048167005 0.0020284795 1.000115 15855849091 354.0362
rawdata/DECam_01441780.fits.fz N4 1441780 238.4084 61026.11248565 1.08 39.119547617226324 -13.542103738294351 39.127275 -13.467 M464 0.022927457 24.952566 1.0124242 0.95796454 22.073973 0.6768519 decam -24.51622 12.943856 95 object IBIS_wide_M464_309889 309889 0.022851 924.0 1948.0 -0.2645293 1.0001483 -0.0019371085 -0.13263223 0.0016660488 0.99998826 15900015240 352.23126
rawdata/DECam_01441781.fits.fz N4 1441781 225.7386 61026.11554909 1.08 38.62151507409172 -14.506103729490528 38.629275 -14.431 M464 0.019253066 24.942785 1.0033438 0.9112437 22.052301 0.6198359 decam -27.017643 9.987658 96 object IBIS_wide_M464_309886 309886 0.022271 924.0 1948.0 0.21531786 1.0001512 -0.001962555 -0.008816163 0.0019080943 0.99997044 15841578025 364.19092
rawdata/DECam_01441782.fits.fz N4 1441782 276.6982 61026.11848932 1.09 40.36057259155592 -12.610103746738297 40.36827083333334 -12.535 M464 0.0326124 24.921228 0.98564166 0.97408736 22.031923 0.82585526 decam -13.770448 20.963717 87 object IBIS_wide_M464_306925 306925 0.03005 924.0 1948.0 0.3902274 0.99973935 -0.002009361 -0.09467743 0.0019435679 1.0000409 16051745868 335.04443
rawdata/DECam_01441783.fits.fz N4 1441783 245.1483 61026.12202386 1.09 40.56653589135623 -13.646103737348083 40.57426666666666 -13.571 M464 0.027074922 24.938734 1.0016634 0.94360805 22.010607 0.7356977 decam -15.870763 11.553425 90 object IBIS_wide_M464_309884 309884 0.028486 924.0 1948.0 0.04039701 1.0000175 -0.0020179772 -0.5413467 0.0022686487 0.99999964 16062032201 333.2188
