logs/db-2026-05-22.ecsv
# %ECSV 1.0
# ---
# datatype:
# - {name: filename, datatype: string}
# - {name: extension, datatype: string}
# - {name: expnum, datatype: int64}
# - {name: exptime, datatype: float32}
# - {name: mjd_obs, datatype: float64}
# - {name: airmass, datatype: float32}
# - {name: racenter, datatype: float64}
# - {name: deccenter, datatype: float64}
# - {name: rabore, datatype: float64}
# - {name: decbore, datatype: float64}
# - {name: band, datatype: string}
# - {name: ebv, datatype: float32}
# - {name: zeropoint, datatype: float32}
# - {name: transparency, datatype: float32}
# - {name: seeing, datatype: float32}
# - {name: sky, datatype: float32}
# - {name: expfactor, datatype: float32}
# - {name: camera, datatype: string}
# - {name: dx, datatype: float32}
# - {name: dy, datatype: float32}
# - {name: nmatched, datatype: int64}
# - {name: obstype, datatype: string}
# - {name: object, datatype: string}
# - {name: tileid, datatype: int64}
# - {name: tileebv, datatype: float32}
# - {name: affine_x0, datatype: float32}
# - {name: affine_y0, datatype: float32}
# - {name: affine_dx, datatype: float32}
# - {name: affine_dxx, datatype: float32}
# - {name: affine_dxy, datatype: float32}
# - {name: affine_dy, datatype: float32}
# - {name: affine_dyx, datatype: float32}
# - {name: affine_dyy, datatype: float32}
# - {name: checksum, datatype: string}
# - {name: efftime, datatype: float32}
# schema: astropy-2.0
filename extension expnum exptime mjd_obs airmass racenter deccenter rabore decbore band ebv zeropoint transparency seeing sky expfactor camera dx dy nmatched obstype object tileid tileebv affine_x0 affine_y0 affine_dx affine_dxx affine_dxy affine_dy affine_dyx affine_dyy checksum efftime
/home/declsp/obsbot/rawdata/DECam_01482285.fits.fz N4 1482285 35.0 61183.1959204 1.18 219.84873904539626 -4.517103818010305 219.856275 -4.442 M517 0.10146154 21.961626 0.060978774 1.216099 21.494389 445.75946 decam -8.163169 39.20197 32 object "pointing test" 0 0.0 924.0 1948.0 0.16206014 1.0004877 0.0015196177 0.42523816 -0.0009355892 1.0003759 15504584924 0.07851768
/home/declsp/obsbot/rawdata/DECam_01482286.fits.fz N4 1482286 70.0 61183.19833632 1.18 219.84873904539626 -4.517103818010305 219.856275 -4.442 M517 0.10146154 21.909954 0.058144595 1.1921817 21.511215 463.96536 decam -6.6269875 38.503445 44 object "junk pointing" 0 0.0 924.0 1948.0 -0.19583361 1.0004425 0.0014843661 0.29538512 -0.0011721471 1.0003221 15632045737 0.15087333
/home/declsp/obsbot/rawdata/DECam_01482287.fits.fz N4 1482287 1223.4276 61183.20043265 1.19 219.84873904539626 -4.517103818010305 219.856275 -4.442 M517 0.10146154 19.753141 0.007988787 1.3817891 21.940825 22289.143 decam -1.2539243 -1.8234359 46 object IBIS_wide_M517_539943 539943 0.087061 924.0 1948.0 -0.25045097 1.0003244 0.001974748 0.38311225 -3.3891432e-05 1.0001054 18422213475 0.05488895
/home/declsp/obsbot/rawdata/DECam_01482288.fits.fz N4 1482288 799.9999 61183.210459 1.22 230.66675684133833 2.213896124039531 230.674275 2.289 M517 0.0398051 21.312473 0.03375216 1.5379047 21.430754 2497.5916 decam -0.28938758 16.326632 84 object IBIS_wide_M517_537520 537520 0.04415 924.0 1948.0 -0.46024916 0.9997444 0.0015601227 0.21852158 -0.001064053 1.0003275 18534221295 0.32030854
/home/declsp/obsbot/rawdata/DECam_01482289.fits.fz N4 1482289 800.0 61183.22027342 1.23 235.66575677992753 2.9308961178636386 235.67327916666667 3.006 M517 0.06601237 22.69343 0.12060901 1.4133058 21.490911 156.81654 decam -6.8322277 -6.632804 153 object IBIS_wide_M517_537686 537686 0.065998 924.0 1948.0 -0.12166469 0.9999697 0.0017566269 0.078653425 -0.0019004127 0.99996006 18413660457 5.1015024
/home/declsp/obsbot/rawdata/DECam_01482290.fits.fz N4 1482290 800.0 61183.22986286 1.24 236.78175876508627 2.618896120551915 236.7892791666667 2.694 M517 0.099492185 23.611895 0.28148913 1.3357915 21.569788 23.996061 decam -3.9485075 -17.932491 243 object IBIS_wide_M517_540650 540650 0.10546 924.0 1948.0 -0.15873583 1.0003037 0.0016933605 0.18629657 -0.0017841595 1.0000783 18215946043 33.338806
/home/declsp/obsbot/rawdata/DECam_01482291.fits.fz N4 1482291 800.0 61183.23947438 1.23 238.16576846590715 1.42389613083737 238.17328333333333 1.499 M517 0.10670359 24.087719 0.43560746 1.2249765 21.620918 8.015348 decam -10.764852 -29.690552 307 object IBIS_wide_M517_540642 540642 0.10004 924.0 1948.0 -0.16168264 1.0000211 0.0018646542 0.1628001 -0.0017599077 1.0001026 18133835246 99.80851
/home/declsp/obsbot/rawdata/DECam_01482292.fits.fz N4 1482292 800.0 61183.2491084 1.26 240.97175409838385 2.700896119845517 240.979275 2.776 M517 0.08988185 24.110674 0.44705966 1.3262211 21.6185 9.0239105 decam -10.377487 -34.293118 349 object IBIS_wide_M517_540645 540645 0.1023 924.0 1948.0 -0.336781 1.0001298 0.0019066043 0.13148125 -0.0017039073 1.0000358 18172986178 88.65336
/home/declsp/obsbot/rawdata/DECam_01482293.fits.fz N4 1482293 625.9464 61183.25880353 1.27 245.16174155932273 3.819896110195008 245.16927083333337 3.895 M517 0.05836579 23.695215 0.30540657 1.267704 21.57683 18.42009 decam -14.616652 -36.184086 364 object IBIS_wide_M517_540332 540332 0.060148 924.0 1948.0 -0.19834293 1.0000658 0.0020175 -0.008753231 -0.0019950222 1.0000198 17618407682 33.981724
/home/declsp/obsbot/rawdata/DECam_01482294.fits.fz N4 1482294 800.0 61183.26638004 1.26 247.000748209918 2.9658961175619787 247.00827083333334 3.041 M517 0.070810564 22.512573 0.10259476 1.3546902 21.423796 213.8845 decam -12.673592 -43.727486 259 object IBIS_wide_M517_537367 537367 0.065199 924.0 1948.0 -0.07852246 1.0004058 0.001975704 0.22422984 -0.0018657227 0.99996865 18652948310 3.7403364
/home/declsp/obsbot/rawdata/DECam_01482295.fits.fz N4 1482295 800.0 61183.27599628 1.28 248.6827547336829 3.22089611536358 248.69027916666664 3.2960000000000003 M517 0.060091734 24.389278 0.57969445 1.3443274 21.638649 5.4477053 decam -17.181723 -38.21262 518 object IBIS_wide_M517_540345 540345 0.065701 924.0 1948.0 -0.4038659 1.0001259 0.0019622094 0.40319234 -0.0021363294 0.99993837 18197799477 146.85083
/home/declsp/obsbot/rawdata/DECam_01482296.fits.fz N4 1482296 799.9999 61183.28730878 1.25 309.01053904128014 -13.677103737065861 309.01827083333336 -13.602 M517 0.042734645 24.537445 0.66126883 1.3055534 21.579302 4.1308007 decam -31.457657 -81.59203 688 object IBIS_wide_M517_549000 549000 0.039854 924.0 1948.0 -0.08958397 1.0002044 0.0018943385 0.03749322 -0.0018546836 1.0001184 18443909044 193.66702
/home/declsp/obsbot/rawdata/DECam_01482297.fits.fz N4 1482297 800.0 61183.29701694 1.23 309.44658615719 -12.293103749596114 309.454275 -12.218 M517 0.048696212 24.748957 0.800923 1.3563162 21.594345 2.977783 decam -19.151897 -84.914116 704 object IBIS_wide_M517_552003 552003 0.048059 924.0 1948.0 0.07990816 1.0000716 0.0019144563 0.09643689 -0.0019730036 1.0001453 18584823275 268.65625
/home/declsp/obsbot/rawdata/DECam_01482298.fits.fz N4 1482298 800.0 61183.30661946 1.19 310.3275694819072 -12.713103745808215 310.3352708333333 -12.638 M517 0.039009176 24.77225 0.8130619 1.3487471 21.65989 2.655755 decam -6.1829886 -92.26527 673 object IBIS_wide_M517_549012 549012 0.042104 924.0 1948.0 0.0027775962 1.0001585 0.0017962161 0.0694896 -0.0019220505 1.0001811 18404315653 301.2326
/home/declsp/obsbot/rawdata/DECam_01482299.fits.fz N4 1482299 625.1263 61183.31619236 1.16 310.1515997588713 -11.818103753865508 310.15927500000004 -11.743 M517 0.042859055 24.88431 0.89713943 1.1778347 21.687117 1.6074687 decam -8.649534 -89.106125 633 object IBIS_wide_M517_552004 552004 0.04545 924.0 1948.0 0.05115875 1.0002177 0.0018351589 0.21019219 -0.0021188783 1.0001494 17470998350 388.8886
/home/declsp/obsbot/rawdata/DECam_01482300.fits.fz N4 1482300 800.0 61183.32595809 1.14 312.3045364057281 -13.757103736337205 312.31227083333334 -13.682 M517 0.054882403 24.737694 0.7813073 1.2219057 21.592472 2.4725409 decam 10.675609 -8.814279 602 object IBIS_wide_M517_551974 551974 0.054389 924.0 1948.0 -0.20746794 1.0001129 0.0018626046 0.27370226 -0.0018128611 1.0001086 18447406125 323.5538
/home/declsp/obsbot/rawdata/DECam_01482301.fits.fz N4 1482301 800.0 61183.33553743 1.12 311.2445836498482 -12.092103751404585 311.2522666666667 -12.017 M517 0.04143866 24.2887 0.5150292 1.1991138 21.50912 5.8796716 decam 18.038557 -9.161051 580 object IBIS_wide_M517_549015 549015 0.042233 924.0 1948.0 -0.2863121 1.0001945 0.0018775887 0.30823627 -0.0018184979 1.000218 18562208778 136.06203
/home/declsp/obsbot/rawdata/DECam_01482302.fits.fz N4 1482302 800.0 61183.34517434 1.1 314.94649348328954 -14.879103726063743 314.9542666666667 -14.804 M517 0.04093197 23.838577 0.33914933 1.2121594 21.38484 15.436399 decam 20.299995 -12.060792 376 object IBIS_wide_M517_551967 551967 0.045511 924.0 1948.0 0.021483516 1.0001324 0.001706362 0.13941437 -0.0018316099 1.0001652 18966162610 51.825558
/home/declsp/obsbot/rawdata/DECam_01482303.fits.fz N4 1482303 800.0 61183.35476012 1.09 314.06454922791863 -13.232103741110073 314.0722666666667 -13.157 M517 0.037981246 24.324791 0.52988344 1.123154 21.481398 4.952601 decam 22.815845 -13.352173 461 object IBIS_wide_M517_548990 548990 0.043633 924.0 1948.0 -0.50620717 1.0002106 0.0016975497 0.38085383 -0.0017813131 1.0000837 18560972615 161.53128
/home/declsp/obsbot/rawdata/DECam_01482304.fits.fz N4 1482304 800.0 61183.36439678 1.08 317.77150465578165 -14.800103726790498 317.779275 -14.725 M517 0.08471394 24.63526 0.704161 1.1888821 21.513662 3.0398905 decam 23.44362 -10.538191 371 object IBIS_wide_M517_553902 553902 0.075235 924.0 1948.0 -0.20613962 1.0003083 0.0016691133 0.072443634 -0.0013568084 0.99997926 18435816957 263.16736
/home/declsp/obsbot/rawdata/DECam_01482305.fits.fz N4 1482305 690.7158 61183.37400181 1.07 320.6125008062925 -14.90710372580603 320.620275 -14.832 M517 0.07295698 24.87774 0.87895834 1.2375448 21.533705 2.0684335 decam 15.34764 -13.486567 299 object IBIS_wide_M517_553898 553898 0.068052 924.0 1948.0 -0.12215443 1.0002972 0.0015547056 0.0068404335 -0.0014499765 1.0000778 18817792460 333.93185
/home/declsp/obsbot/rawdata/DECam_01482306.fits.fz N4 1482306 565.0166 61183.38230762 1.07 322.2965113429198 -14.374103730700444 322.30426666666665 -14.299 M517 0.075330116 24.883057 0.88327247 1.0958881 21.581915 1.5371317 decam 18.496939 -13.911823 287 object IBIS_wide_M517_550883 550883 0.073556 924.0 1948.0 0.14311038 1.0003983 0.0016055041 0.16348298 -0.0014903713 1.0001926 17453868574 367.57852
/home/declsp/obsbot/rawdata/DECam_01482307.fits.fz N4 1482307 800.0 61183.38917971 1.07 324.79150105907377 -14.900103725870464 324.799275 -14.825 M517 0.054648064 24.335674 0.53350925 1.1266797 21.495817 4.82031 decam 18.117638 -11.877844 264 object IBIS_wide_M517_557812 557812 0.056137 924.0 1948.0 0.1378903 1.0002098 0.001396815 0.3299463 -0.001416816 1.0001786 18467679536 165.96443
/home/declsp/obsbot/rawdata/DECam_01482308.fits.fz N4 1482308 800.0 61183.39876237 1.06 325.3995304139531 -13.937103734695901 325.40727083333337 -13.862 M517 0.05289264 24.48753 0.6126159 1.1184685 21.316458 4.236369 decam 13.27919 -9.892826 172 object IBIS_wide_M517_554838 554838 0.048642 924.0 1948.0 -0.031524487 1.0001794 0.0015064392 -0.023870083 -0.0012145464 1.00014 19288600658 188.84096
/home/declsp/obsbot/rawdata/DECam_01482309.fits.fz N4 1482309 800.0 61183.40835881 1.06 326.74153941403245 -13.79210373601826 326.749275 -13.717 M517 0.040760167 24.73951 0.7726446 1.0786983 21.557152 1.9849546 decam 15.946048 -2.2562227 248 object IBIS_wide_M517_554839 554839 0.04155 924.0 1948.0 -0.058942944 1.0001882 0.0013868924 0.09419146 -0.0011371106 1.0002493 18370459108 403.0319
/home/declsp/obsbot/rawdata/DECam_01482311.fits.fz N4 1482311 150.0 61183.42200583 1.13 346.98104351799907 -15.772765662249046 346.98885 -15.697661944444445 M517 0.03530337 24.393574 0.5681685 1.3914336 21.342175 7.607507 decam -1.2329136 7.3420734 108 object "NGC7492 position 18" 0 0.0 924.0 1948.0 -0.0859606 0.99992394 0.0004898707 -0.2088274 -0.0001128883 1.0001256 16032839710 19.717365
/home/declsp/obsbot/rawdata/DECam_01482312.fits.fz N4 1482312 150.0 61183.42406313 1.12 346.8109869179663 -15.397901776833228 346.8187791666667 -15.322798055555555 M517 0.034114573 24.616789 0.6967348 1.3646829 21.277477 5.148836 decam 0.86915976 1.9764597 107 object "NGC7492 position 19" 0 0.0 924.0 1948.0 -0.05513521 0.9998899 0.0005575075 -0.095650196 -0.0007117833 1.0001792 16086501652 29.132797
/home/declsp/obsbot/rawdata/DECam_01482313.fits.fz N4 1482313 150.0 61183.42612772 1.11 346.66973431775375 -15.795273717595665 346.6775416666666 -15.72017 M517 0.03547789 24.542141 0.64940035 1.2363768 21.147697 5.4664493 decam 9.830207 -3.6152053 102 object "NGC7492 position 20" 0 0.0 924.0 1948.0 -0.099236675 1.0001755 0.000690286 0.17324255 -0.0008238202 1.0001851 16160853464 27.440115
/home/declsp/obsbot/rawdata/DECam_01482314.fits.fz N4 1482314 150.0 61183.42820394 1.11 347.0621713849674 -15.588789830621815 347.06997083333334 -15.513686111111111 M517 0.036505133 24.482746 0.61482966 1.3771082 20.871622 9.753185 decam 1.1224751 -6.0066714 586 object "NGC7492 position 21" 0 0.0 924.0 1948.0 0.06943912 0.99989635 0.00057759706 -0.16443783 -0.00046427216 0.99993736 16385987326 15.379591
/home/declsp/obsbot/rawdata/DECam_01482315.fits.fz N4 1482315 150.0 61183.43026606 1.1 346.61784620915404 -15.483305664931972 346.62564166666664 -15.408201944444444 M517 0.03384142 24.241917 0.49172994 1.3431937 20.536325 19.692469 decam 9.633112 -6.51087 70 object "NGC7492 position 22" 0 0.0 924.0 1948.0 -0.06767155 1.0003006 0.000423699 0.104337506 -0.0007268035 1.0003316 16870959450 7.617125
/home/declsp/obsbot/rawdata/DECam_01482316.fits.fz N4 1482316 150.0 61183.43232465 1.1 346.8774485275817 -15.858865661449537 346.88525833333335 -15.783761944444445 M517 0.034571603 24.182571 0.4655738 1.2574779 20.142687 27.672003 decam 13.838264 -5.1777415 74 object "NGC7492 position 23" 0 0.0 924.0 1948.0 0.046541132 1.0002058 0.0005008636 0.057792917 -0.00055224495 1.0001659 17345472734 5.4206414
/home/declsp/obsbot/rawdata/DECam_01482317.fits.fz N4 1482317 150.0 61183.43439494 1.1 346.9505325545067 -15.4031548323402 346.958325 -15.328051111111112 M517 0.03479696 24.19661 0.4716327 1.2359023 19.67679 40.00928 decam 14.191528 4.877765 57 object "NGC7492 position 24" 0 0.0 924.0 1948.0 -0.018012676 1.000432 0.0005353305 -0.23319747 -0.00018328962 0.99991715 18402091704 3.74913
/home/declsp/obsbot/rawdata/DECam_01482318.fits.fz N4 1482318 7.36 61183.43823396 1.09 315.3648719612577 16.112229056363546 315.37269166666664 16.187333055555555 M517 0.08162601 26.655186 4.5325046 0.33915317 20.646832 0.013576307 decam -206.5745 -180.01663 12 object "NGC7006 position 0" 0 0.0 924.0 1948.0 -0.93902105 1.0024357 -0.0010111403 -0.7732464 0.0016721479 1.0014204 15434154179 542.1209
