logs/db-2026-03-23.ecsv
# %ECSV 1.0
# ---
# datatype:
# - {name: filename, datatype: string}
# - {name: extension, datatype: string}
# - {name: expnum, datatype: int64}
# - {name: exptime, datatype: float32}
# - {name: mjd_obs, datatype: float64}
# - {name: airmass, datatype: float32}
# - {name: racenter, datatype: float64}
# - {name: deccenter, datatype: float64}
# - {name: rabore, datatype: float64}
# - {name: decbore, datatype: float64}
# - {name: band, datatype: string}
# - {name: ebv, datatype: float32}
# - {name: zeropoint, datatype: float32}
# - {name: transparency, datatype: float32}
# - {name: seeing, datatype: float32}
# - {name: sky, datatype: float32}
# - {name: expfactor, datatype: float32}
# - {name: camera, datatype: string}
# - {name: dx, datatype: float32}
# - {name: dy, datatype: float32}
# - {name: nmatched, datatype: int64}
# - {name: obstype, datatype: string}
# - {name: object, datatype: string}
# - {name: tileid, datatype: int64}
# - {name: tileebv, datatype: float32}
# - {name: affine_x0, datatype: float32}
# - {name: affine_y0, datatype: float32}
# - {name: affine_dx, datatype: float32}
# - {name: affine_dxx, datatype: float32}
# - {name: affine_dxy, datatype: float32}
# - {name: affine_dy, datatype: float32}
# - {name: affine_dyx, datatype: float32}
# - {name: affine_dyy, datatype: float32}
# - {name: checksum, datatype: string}
# - {name: efftime, datatype: float32}
# schema: astropy-2.0
filename extension expnum exptime mjd_obs airmass racenter deccenter rabore decbore band ebv zeropoint transparency seeing sky expfactor camera dx dy nmatched obstype object tileid tileebv affine_x0 affine_y0 affine_dx affine_dxx affine_dxy affine_dy affine_dyx affine_dyy checksum efftime
[from data line 41]
/home/declsp/obsbot/rawdata/DECam_01465681.fits.fz N4 1465681 545.7465 61123.22491429 1.12 192.58374754480207 -3.0621038305731223 192.59127083333334 -2.987 M490 0.020699559 24.992466 1.0338131 1.2424767 21.495398 1.594534 decam -19.627825 -0.06173271 167 object IBIS_wide_M490_431458 431458 0.023489 924.0 1948.0 0.016956113 1.0000156 0.00038589153 -0.07115162 -0.00025862682 1.0002128 17461093594 342.2608
/home/declsp/obsbot/rawdata/DECam_01465682.fits.fz N4 1465682 633.9759 61123.23157797 1.13 195.73475343416516 -2.8061038327794963 195.742275 -2.731 M490 0.022489417 24.977976 1.0219617 1.2308154 21.496132 1.6060315 decam -6.7499046 -8.42882 168 object IBIS_wide_M490_434464 434464 0.025187 924.0 1948.0 -0.12528455 1.0002003 0.00058915856 0.1477365 -0.0007038942 0.9999564 17738234961 394.74686
/home/declsp/obsbot/rawdata/DECam_01465683.fits.fz N4 1465683 528.7266 61123.23926708 1.13 193.42775550583318 -2.4631038357341954 193.435275 -2.388 M490 0.021157611 24.977531 1.0215434 1.1834447 21.490877 1.4934129 decam -21.881004 18.682178 151 object IBIS_wide_M490_431459 431459 0.021224 924.0 1948.0 -0.062883064 1.0000892 0.0004546292 0.040917117 -0.00023130413 1.000048 17346581092 354.03912
/home/declsp/obsbot/rawdata/DECam_01465684.fits.fz N4 1465684 504.0468 61123.2457389 1.14 193.6937654738746 -2.1541038383946995 193.70128333333335 -2.079 M490 0.021409342 24.999786 1.0445921 1.1472437 21.492653 1.3450284 decam -7.807877 19.246363 141 object IBIS_wide_M490_434445 434445 0.020898 924.0 1948.0 -0.21055937 1.0002433 0.0004896329 0.06619035 -0.0003174406 1.0000554 17336932992 374.74808
/home/declsp/obsbot/rawdata/DECam_01465685.fits.fz N4 1465685 597.0562 61123.25245267 1.13 202.8457578563698 -2.7661038331241534 202.85327916666665 -2.691 M490 0.03265944 24.991127 1.0344144 1.2285514 21.522383 1.5245336 decam -5.008966 17.140059 189 object IBIS_wide_M490_434214 434214 0.037351 924.0 1948.0 -0.18860441 1.000296 0.0008205978 0.08454207 -0.00054815976 1.0001655 17932381062 391.63205
/home/declsp/obsbot/rawdata/DECam_01465686.fits.fz N4 1465686 571.6663 61123.2597242 1.13 206.42476125277986 -2.1651038383000083 206.43227916666666 -2.09 M490 0.050991613 24.994719 1.0378417 1.1883771 21.531456 1.405421 decam -7.46036 11.846224 180 object IBIS_wide_M490_434289 434289 0.044727 924.0 1948.0 0.008769744 1.0004784 0.0009660429 -0.21749471 -0.00072886475 1.0000474 17400049425 406.75803
/home/declsp/obsbot/rawdata/DECam_01465687.fits.fz N4 1465687 742.7853 61123.26665123 1.13 207.89476159439823 -2.0951038389025647 207.90227916666666 -2.02 M490 0.049888138 24.981796 1.025563 1.2240355 21.537739 1.5179785 decam -7.8210335 23.88266 155 object IBIS_wide_M490_434288 434288 0.048071 924.0 1948.0 -0.25484103 1.0000405 0.00091863604 0.15586446 -0.0011582014 1.0000148 18030974838 489.32532
/home/declsp/obsbot/rawdata/DECam_01465688.fits.fz N4 1465688 791.775 61123.27557427 1.13 209.9477494148829 -2.7831038329776767 209.95527083333334 -2.708 M490 0.066084675 24.98389 1.0275426 1.2293377 21.50942 1.565546 decam -12.95641 32.884205 165 object IBIS_wide_M490_434283 434283 0.060722 924.0 1948.0 -0.02427485 1.0000672 0.0011500946 0.14464532 -0.0011018792 1.0000811 18275799266 505.75006
/home/declsp/obsbot/rawdata/DECam_01465689.fits.fz N4 1465689 616.736 61123.28505967 1.13 211.39475368335957 -2.7671038331155375 211.402275 -2.692 M490 0.065273516 25.002388 1.0452001 1.0715207 21.53677 1.1215385 decam -9.210771 25.137964 166 object IBIS_wide_M490_434260 434260 0.066176 924.0 1948.0 -0.11436213 1.0002586 0.0010912676 0.05108248 -0.0008976378 1.0001281 17560277932 549.90173
/home/declsp/obsbot/rawdata/DECam_01465690.fits.fz N4 1465690 554.7465 61123.29251818 1.13 212.1357570214308 -2.178103838188099 212.143275 -2.103 M490 0.05895682 25.005396 1.048099 1.069046 21.543318 1.1035328 decam -17.72382 27.541945 175 object IBIS_wide_M490_434270 434270 0.060691 924.0 1948.0 -0.36181054 1.0001526 0.0011697353 0.13521975 -0.0011840726 1.0000898 17442614874 502.70053
/home/declsp/obsbot/rawdata/DECam_01465691.fits.fz N4 1465691 528.1766 61123.29926668 1.13 213.68274722637975 -3.1071038301851766 213.69027083333333 -3.032 M490 0.06883932 25.001505 1.0443506 1.0748162 21.552446 1.114067 decam -19.143782 34.275967 174 object IBIS_wide_M490_431278 431278 0.059391 924.0 1948.0 -0.25633585 1.0001161 0.0012214391 0.0984626 -0.0011045942 1.0000618 17679294516 474.09772
/home/declsp/obsbot/rawdata/DECam_01465692.fits.fz N4 1465692 492.6469 61123.30570726 1.12 215.70675457643253 -3.2421038290211386 215.71427916666667 -3.167 M490 0.0618586 25.001535 1.042486 1.0474672 21.581362 1.0303462 decam -19.04642 27.866594 187 object IBIS_wide_M490_430977 430977 0.060696 924.0 1948.0 0.21454139 1.0002316 0.0012699419 0.070409164 -0.0011439468 1.0000674 17277520139 478.13727
/home/declsp/obsbot/rawdata/DECam_01465693.fits.fz N4 1465693 454.7771 61123.31171531 1.1 217.2477260887398 -5.62610380840189 217.25527499999998 -5.551 M490 0.050454468 25.00724 1.044182 1.0066589 21.568546 0.9530404 decam -17.582922 24.80631 210 object IBIS_wide_M490_436959 436959 0.054035 924.0 1948.0 -0.088242255 1.0002679 0.0013678732 -0.03641152 -0.0012817549 1.0001457 17046468193 477.18552
/home/declsp/obsbot/rawdata/DECam_01465694.fits.fz N4 1465694 506.4667 61123.31730088 1.11 218.80273436215447 -5.300103811229842 218.81027916666667 -5.225 M490 0.068429984 25.002558 1.0415761 1.0128723 21.549738 0.9901776 decam -26.083595 24.101707 223 object IBIS_wide_M490_436954 436954 0.071112 924.0 1948.0 -0.42421478 1.0002425 0.0012772133 0.17979 -0.0016099248 1.0000474 18021592944 511.49078
/home/declsp/obsbot/rawdata/DECam_01465695.fits.fz N4 1465695 559.9764 61123.3234846 1.11 220.917740738785 -4.749103816002919 220.92527916666666 -4.6739999999999995 M490 0.070495225 25.000824 1.0399138 1.0707185 21.553333 1.106093 decam -26.241512 24.138098 234 object IBIS_wide_M490_436956 436956 0.074722 924.0 1948.0 -0.2902316 1.0001783 0.0013704973 0.016802484 -0.0016275482 1.0001299 17420524123 506.26517
/home/declsp/obsbot/rawdata/DECam_01465696.fits.fz N4 1465696 681.1856 61123.33027765 1.12 219.84873904539626 -4.517103818010305 219.856275 -4.442 M490 0.10146154 24.983484 1.0252964 1.0932406 21.555515 1.188044 decam -31.144548 27.502787 232 object IBIS_wide_M490_439943 439943 0.087061 924.0 1948.0 -0.13259225 1.0001649 0.0014402735 0.05947416 -0.0014189356 1.0001539 17752193636 573.3673
/home/declsp/obsbot/rawdata/DECam_01465697.fits.fz N4 1465697 727.4653 61123.33847839 1.13 222.18274712369578 -3.657103825440798 222.190275 -3.582 M490 0.10061068 24.994005 1.0371603 1.0351219 21.545101 1.0549664 decam -36.72428 23.25677 244 object IBIS_wide_M490_437527 437527 0.094692 924.0 1948.0 -0.1727452 1.0001242 0.0014517925 0.0824084 -0.0011643319 1.0001028 17995665321 689.5625
/home/declsp/obsbot/rawdata/DECam_01465698.fits.fz N4 1465698 556.5364 61123.3472118 1.15 220.21673733513975 -4.27410382011149 220.22427083333332 -4.199 M490 0.09130145 24.997814 1.0445887 0.973612 21.538378 0.93282896 decam -37.84046 26.880781 245 object IBIS_wide_M490_436958 436958 0.094489 924.0 1948.0 -0.0898627 1.0002894 0.0013596197 0.1393316 -0.0013558818 1.000016 17462347528 596.6114
/home/declsp/obsbot/rawdata/DECam_01465699.fits.fz N4 1465699 522.8466 61123.35402249 1.17 224.08775712572483 -2.157103838368874 224.09527500000002 -2.082 M490 0.06465188 24.993322 1.0440588 1.0045168 21.54903 0.99130416 decam -34.724407 31.4252 247 object IBIS_wide_M490_440517 440517 0.070871 924.0 1948.0 -0.071391225 1.0001414 0.0015503725 0.25873625 -0.0013572646 1.0000486 17316053266 527.43304
/home/declsp/obsbot/rawdata/DECam_01465700.fits.fz N4 1465700 478.3868 61123.36038377 1.18 221.63175548116655 -3.1181038300903405 221.63927916666665 -3.043 M490 0.08513505 24.988989 1.0417881 0.9108181 21.53049 0.83612686 decam -37.863712 26.53873 213 object IBIS_wide_M490_437529 437529 0.08925 924.0 1948.0 0.019423353 1.0002218 0.0014775736 0.058801826 -0.0011286221 1.0001146 17092860384 572.1462
/home/declsp/obsbot/rawdata/DECam_01465701.fits.fz N4 1465701 494.4269 61123.36657833 1.19 232.8107674787773 1.6998961284630905 232.81828333333334 1.775 M490 0.04288019 24.99797 1.0523502 1.0244625 21.583542 0.9901929 decam -33.90778 31.93422 297 object IBIS_wide_M490_437513 437513 0.047912 924.0 1948.0 0.026817817 1.0002254 0.0017283811 0.28210562 -0.002014896 1.0000722 17237358921 499.32382
/home/declsp/obsbot/rawdata/DECam_01465702.fits.fz N4 1465702 667.9158 61123.37264036 1.19 235.75976744364755 1.7088961283856574 235.76728333333332 1.784 M490 0.082289144 24.982424 1.0373886 1.0483763 21.580706 1.0697626 decam -36.907486 13.773636 296 object IBIS_wide_M490_437493 437493 0.085712 924.0 1948.0 -0.050989345 1.0001105 0.0017366598 0.08082688 -0.0019394945 0.9999759 17795092926 624.3589
/home/declsp/obsbot/rawdata/DECam_01465703.fits.fz N4 1465703 683.5057 61123.38068233 1.19 236.33276970100127 0.9738961347073083 236.34028333333333 1.049 M490 0.093977004 24.987022 1.0417914 1.0707611 21.560385 1.1273186 decam -33.583397 15.24809 316 object IBIS_wide_M490_437491 437491 0.094705 924.0 1948.0 -0.4032571 1.0003008 0.0018263814 0.04751021 -0.0016780067 1.0001 18060384884 606.31104
/home/declsp/obsbot/rawdata/DECam_01465704.fits.fz N4 1465704 711.8456 61123.38891887 1.21 238.42475905529864 1.7228961282652049 238.432275 1.798 M490 0.09722336 24.980019 1.0388567 1.0584378 21.568556 1.1075113 decam -29.708092 18.266325 353 object IBIS_wide_M490_437657 437657 0.1009 924.0 1948.0 -0.27416793 1.0002223 0.0019322436 0.024714343 -0.0018145298 1.0001285 18010686509 642.74347
/home/declsp/obsbot/rawdata/DECam_01465705.fits.fz N4 1465705 150.0 61123.39829935 1.15 220.09403589600333 -26.653360554156233 220.10244166666666 -26.578256944444444 M490 0.10238541 24.996553 1.0433781 0.98474205 21.429808 1.0570232 decam -52.372856 24.687521 475 object "NGC5694 position 13" 0 0.0 924.0 1948.0 -0.14510533 1.0001695 0.0016791202 -0.013999989 -0.0016189823 1.000272 16124949152 141.90796
/home/declsp/obsbot/rawdata/DECam_01465706.fits.fz N4 1465706 150.0 61123.40039326 1.16 219.7705293941152 -26.457739722924515 219.77892083333336 -26.38263611111111 M490 0.09634623 24.999636 1.0482438 0.9619665 21.368624 1.0612606 decam -38.5024 17.049372 580 object "NGC5694 position 14" 0 0.0 924.0 1948.0 -0.8686894 1.0000296 0.0015239863 0.3337868 -0.0017264822 1.0001051 16024133053 141.34134
/home/declsp/obsbot/rawdata/DECam_01465707.fits.fz N4 1465707 150.0 61123.4024824 1.17 219.8646409812602 -26.809994719134938 219.87305833333332 -26.73489111111111 M490 0.100006975 24.99857 1.0491158 0.92983633 21.20084 1.1597519 decam -36.239655 25.568665 501 object "NGC5694 position 15" 0 0.0 924.0 1948.0 -0.28422746 1.0001544 0.001640157 0.14410932 -0.001756638 1.000193 16123697887 129.33801
/home/declsp/obsbot/rawdata/DECam_01465708.fits.fz N4 1465708 150.0 61123.40455384 1.18 220.0673775998881 -26.482340555993943 220.07577083333334 -26.407236944444445 M490 0.102787875 24.995832 1.0483754 0.99768454 20.995016 1.6214067 decam -36.931335 25.25977 583 object "NGC5694 position 16" 0 0.0 924.0 1948.0 0.56677824 1.0003223 0.0013708257 0.46711287 -0.0015565074 1.0001625 16593534616 92.51226
/home/declsp/obsbot/rawdata/DECam_01465709.fits.fz N4 1465709 150.0 61123.40661053 1.19 219.6581227780694 -26.605107499119736 219.666525 -26.53000388888889 M490 0.09661263 24.999277 1.0536171 0.96611756 20.66699 2.0440514 decam -33.05062 24.467201 528 object "NGC5694 position 17" 0 0.0 924.0 1948.0 -0.17685284 1.0001163 0.001581414 0.0066371807 -0.0015213435 1.0001779 16562115946 73.383675
/home/declsp/obsbot/rawdata/DECam_01465710.fits.fz N4 1465710 150.0 61123.40867486 1.19 220.06485253193938 -26.766609719602936 220.07326666666665 -26.69150611111111 M490 0.10152473 24.991226 1.0458332 0.94255805 20.242594 2.9194875 decam -39.071404 19.052713 433 object "NGC5694 position 18" 0 0.0 924.0 1948.0 -0.026584713 1.0003489 0.0015037925 -0.008969107 -0.0016601315 1.0001999 17631985849 51.378883
/home/declsp/obsbot/rawdata/DECam_01465711.fits.fz N4 1465711 150.0 61123.41074109 1.21 219.88165502587017 -26.39179166807585 219.89004166666666 -26.316688055555556 M490 0.09455698 25.001884 1.0599893 0.9091058 19.72799 4.2788515 decam -40.578384 27.156239 440 object "NGC5694 position 19" 0 0.0 924.0 1948.0 -0.43113178 1.0001191 0.0015753108 0.14405465 -0.0015833112 1.0001197 18129810972 35.056137
/home/declsp/obsbot/rawdata/DECam_01465712.fits.fz N4 1465712 15.0 61123.41403092 1.74 189.70078795747543 -49.79143632983654 189.712425 -49.71633305555556 M490 0.12849489 24.907406 1.0697311 1.2022352 18.700487 22.91372 decam -41.308 16.135445 725 object "LTT4861 N4" 0 0.0 924.0 1948.0 -0.07610928 1.0001178 0.00086664106 0.2698338 -0.0009954587 1.0002133 16080705869 0.65462965
/home/declsp/obsbot/rawdata/DECam_01465713.fits.fz N4 1465713 15.0 61123.41452019 1.75 189.21964629080875 -49.79143632983654 189.23128333333335 -49.71633305555556 M490 0.123391315 24.906519 1.0707989 1.0597796 18.552347 20.451687 decam -46.522068 3.6281993 724 object "LTT4861 N5" 0 0.0 924.0 1948.0 -0.30977657 1.000082 0.0007614562 0.0033303355 -0.0012066449 1.0004678 16184614177 0.7334358
/home/declsp/obsbot/rawdata/DECam_01465714.fits.fz N4 1465714 15.0 61123.41499677 1.73 190.1818893914288 -49.95810327083149 190.19356666666667 -49.883 M490 0.13002166 24.90989 1.0702368 1.0017447 18.423065 20.461855 decam -55.35585 -4.033443 741 object "LTT4861 S3" 0 0.0 924.0 1948.0 -0.2609198 0.9999646 0.0009574345 0.11542294 -0.001070251 1.0005044 16287014195 0.7330714
/home/declsp/obsbot/rawdata/DECam_01465715.fits.fz N4 1465715 15.0 61123.41547291 1.75 189.70074772476212 -49.95810327083149 189.712425 -49.883 M490 0.11683266 24.906137 1.0704222 0.94918096 18.27284 21.249262 decam -48.071476 2.2421052 790 object "LTT4861 S4" 0 0.0 924.0 1948.0 0.009102969 0.9998507 0.0008361923 0.02412741 -0.0012424404 1.0003877 16422435055 0.70590687
/home/declsp/obsbot/rawdata/DECam_01465716.fits.fz N4 1465716 15.0 61123.41596168 1.77 189.21960605809545 -49.95810327083149 189.23128333333335 -49.883 M490 0.12251485 24.905018 1.073206 0.97942483 18.115313 26.207268 decam -48.724693 -14.541143 699 object "LTT4861 S5" 0 0.0 924.0 1948.0 -0.10474214 1.000024 0.00085950375 0.2320077 -0.0008387144 1.0004951 16580516986 0.57236034
/home/declsp/obsbot/rawdata/DECam_01465717.fits.fz N4 1465717 15.0 61123.41761681 1.09 234.74177384719718 -28.584297477454864 234.7503291666667 -28.509193888888888 M490 0.11373475 25.008352 1.0433569 0.9458599 18.204802 18.610226 decam -59.916504 15.134336 477 object "LTT6248 N4" 0 0.0 924.0 1948.0 -0.40326932 1.0003146 0.0019862992 0.3119636 -0.0016751977 1.0000111 16493508932 0.80600846
/home/declsp/obsbot/rawdata/DECam_01465718.fits.fz N4 1465718 15.0 61123.41809799 1.09 234.38807384719718 -28.584297477454868 234.39662916666666 -28.509193888888888 M490 0.22622195 25.042103 1.0762991 0.81235087 18.055038 14.822544 decam -61.542072 8.383719 333 object "LTT6248 N5" 0 0.0 924.0 1948.0 -0.43085644 0.9999684 0.0020477409 -0.01918553 -0.0019985395 1.0002754 16645482754 1.0119721
/home/declsp/obsbot/rawdata/DECam_01465719.fits.fz N4 1465719 15.0 61123.41857774 1.08 235.09544772966674 -28.750964697816126 235.10401666666667 -28.67586111111111 M490 0.13145722 25.010345 1.0433791 0.82747626 17.922794 18.415804 decam -62.65722 19.013632 452 object "LTT6248 S3" 0 0.0 924.0 1948.0 -0.110776454 1.0001254 0.0021175349 -0.061051324 -0.002254556 0.9999814 16816432726 0.8145178
/home/declsp/obsbot/rawdata/DECam_01465720.fits.fz N4 1465720 15.0 61123.4190749 1.09 234.74176022966677 -28.750964697816126 234.7503291666667 -28.67586111111111 M490 0.12067507 25.011156 1.0460541 0.80727035 17.766954 20.206268 decam -54.044952 28.3892 386 object "LTT6248 S4" 0 0.0 924.0 1948.0 -0.13773972 1.0001755 0.002157373 -0.13121846 -0.0018887373 1.0001657 17037229160 0.7423439
