logs/db-2026-05-13.ecsv
# %ECSV 1.0
# ---
# datatype:
# - {name: filename, datatype: string}
# - {name: extension, datatype: string}
# - {name: expnum, datatype: int64}
# - {name: exptime, datatype: float32}
# - {name: mjd_obs, datatype: float64}
# - {name: airmass, datatype: float32}
# - {name: racenter, datatype: float64}
# - {name: deccenter, datatype: float64}
# - {name: rabore, datatype: float64}
# - {name: decbore, datatype: float64}
# - {name: band, datatype: string}
# - {name: ebv, datatype: float32}
# - {name: zeropoint, datatype: float32}
# - {name: transparency, datatype: float32}
# - {name: seeing, datatype: float32}
# - {name: sky, datatype: float32}
# - {name: expfactor, datatype: float32}
# - {name: camera, datatype: string}
# - {name: dx, datatype: float32}
# - {name: dy, datatype: float32}
# - {name: nmatched, datatype: int64}
# - {name: obstype, datatype: string}
# - {name: object, datatype: string}
# - {name: tileid, datatype: int64}
# - {name: tileebv, datatype: float32}
# - {name: affine_x0, datatype: float32}
# - {name: affine_y0, datatype: float32}
# - {name: affine_dx, datatype: float32}
# - {name: affine_dxx, datatype: float32}
# - {name: affine_dxy, datatype: float32}
# - {name: affine_dy, datatype: float32}
# - {name: affine_dyx, datatype: float32}
# - {name: affine_dyy, datatype: float32}
# - {name: checksum, datatype: string}
# - {name: efftime, datatype: float32}
# schema: astropy-2.0
filename extension expnum exptime mjd_obs airmass racenter deccenter rabore decbore band ebv zeropoint transparency seeing sky expfactor camera dx dy nmatched obstype object tileid tileebv affine_x0 affine_y0 affine_dx affine_dxx affine_dxy affine_dy affine_dyx affine_dyy checksum efftime
/home/declsp/obsbot/rawdata/DECam_01479655.fits.fz N4 1479655 10.0 61173.94796323 1.0 141.67791354339974 -28.862602474344058 141.68649166666665 -28.787498888888887 r 0.1205616 26.198732 0.5653181 7.507805 17.729473 2109.367 decam 30.694038 -2.0665715 213 object focus 0 0.0 924.0 1948.0 0.18509024 0.9999983 -0.0009715116 -1.0689113 0.0016272356 1.0003146 21644524510 0.004740759
/home/declsp/obsbot/rawdata/DECam_01479656.fits.fz N4 1479656 10.0 61173.94839455 1.0 141.67791354339974 -28.862602474344058 141.68649166666665 -28.787498888888887 r 0.1205616 26.417353 0.69141835 3.7137744 17.845705 310.04727 decam 27.951012 -3.7763135 221 object focus 0 0.0 924.0 1948.0 0.17907825 1.000161 -0.0015977422 -0.31782207 0.0018002808 0.99986225 21009352361 0.032253146
/home/declsp/obsbot/rawdata/DECam_01479657.fits.fz N4 1479657 10.0 61173.9490554 1.0 141.67791354339974 -28.862602474344058 141.68649166666665 -28.787498888888887 r 0.1205616 26.406584 0.6845946 2.6586592 18.034443 136.24403 decam 38.080276 10.425862 261 object focus 0 0.0 924.0 1948.0 0.34975478 1.0000873 -0.001704241 -0.23660807 0.0016579102 0.9998703 20113185078 0.07339771
/home/declsp/obsbot/rawdata/DECam_01479658.fits.fz N4 1479658 10.0 61173.94947862 1.0 141.67791354339974 -28.862602474344058 141.68649166666665 -28.787498888888887 r 0.1205616 26.42628 0.697127 1.7852566 18.199263 50.92098 decam 41.981956 8.361327 343 object focus 0 0.0 924.0 1948.0 0.45990282 1.000311 -0.001629371 -0.27847996 0.001805062 0.9999902 19448106517 0.19638272
/home/declsp/obsbot/rawdata/DECam_01479659.fits.fz N4 1479659 10.0 61173.94992163 1.0 141.67791354339974 -28.862602474344058 141.68649166666665 -28.787498888888887 r 0.1205616 26.44244 0.7075803 1.1035444 18.368862 16.175604 decam 41.6952 24.74127 424 object focus 0 0.0 924.0 1948.0 0.4757604 1.000123 -0.0017295753 -0.3935346 0.0016828966 0.99987084 18865442415 0.61821496
/home/declsp/obsbot/rawdata/DECam_01479660.fits.fz N4 1479660 10.0 61173.95035095 1.0 141.67791354339974 -28.862602474344058 141.68649166666665 -28.787498888888887 r 0.1205616 26.419632 0.69287103 0.8902066 18.492044 9.811063 decam 34.888565 33.244267 455 object focus 0 0.0 924.0 1948.0 0.5465961 1.0002459 -0.0016843836 -0.29169086 0.0017611805 0.999962 18491814518 1.0192575
/home/declsp/obsbot/rawdata/DECam_01479661.fits.fz N4 1479661 30.0 61173.95296119 1.0 141.67791354339974 -28.862602474344058 141.68649166666665 -28.787498888888887 r 0.1205616 26.269115 0.6031793 0.97239816 19.058023 9.166873 decam 5.5826764 2.8269813 566 object pointing 0 0.0 924.0 1948.0 0.47216713 1.0001758 -0.0017437973 -0.28003326 0.0017509238 0.9998986 20982974469 3.2726536
/home/declsp/obsbot/rawdata/DECam_01479662.fits.fz N4 1479662 10.0 61173.95597706 1.02 130.3761489802335 -32.93424242676747 130.3851 -32.859138888888886 M464 0.33464447 24.172928 0.48770273 1.0225348 19.661707 25.377928 decam -8.915179 37.02313 528 object "LTT3218 N4" 0 0.0 924.0 1948.0 -0.0034197087 0.9999825 -0.0022369479 -0.32211632 0.0020827993 1.0000098 15559860411 0.3940432
/home/declsp/obsbot/rawdata/DECam_01479663.fits.fz N4 1479663 10.0 61173.95640703 1.03 130.00609898023347 -32.93424242676747 130.01505 -32.859138888888886 M464 0.29259276 24.203836 0.50281775 1.0202672 19.770693 21.587915 decam -11.721641 21.044312 722 object "LTT3218 N5" 0 0.0 924.0 1948.0 0.1776362 1.0000272 -0.0021433525 -0.17621592 0.0024958528 0.9998856 15537404803 0.46322212
/home/declsp/obsbot/rawdata/DECam_01479664.fits.fz N4 1479664 10.0 61173.95681306 1.02 130.74619871054136 -33.10090964695198 130.75516666666667 -33.02580611111111 M464 0.41609186 24.138304 0.4723951 1.0940113 19.60518 32.607788 decam -10.459388 21.915052 467 object "LTT3218 S3" 0 0.0 924.0 1948.0 -0.07759993 1.0003562 -0.0020483525 -0.027231349 0.00199248 1.0001338 15570628587 0.3066752
/home/declsp/obsbot/rawdata/DECam_01479665.fits.fz N4 1479665 10.0 61173.95724974 1.03 130.37613204387472 -33.100909646952 130.3851 -33.02580611111111 M464 0.3320199 24.14149 0.47475845 1.1400019 19.91787 26.387037 decam 1.9210372 30.798855 525 object "LTT3218 S4" 0 0.0 924.0 1948.0 -0.23185736 0.99991715 -0.0019146338 0.09546583 0.0023131014 0.99988717 15513956054 0.37897396
/home/declsp/obsbot/rawdata/DECam_01479666.fits.fz N4 1479666 10.0 61173.95767364 1.03 130.00608204387473 -33.10090964695198 130.01505 -33.02580611111111 M464 0.27418688 24.125431 0.46778744 1.2325597 20.003738 29.347782 decam 5.6665826 24.212318 632 object "LTT3218 S5" 0 0.0 924.0 1948.0 0.41663557 0.9998095 -0.002212509 -0.3200543 0.002132063 1.0001285 15502611787 0.34074125
/home/declsp/obsbot/rawdata/DECam_01479667.fits.fz N4 1479667 15.0 61173.9592189 1.02 158.0489082850337 -35.62021461516044 158.05815 -35.54511111111111 M464 0.09512646 24.255972 0.5264685 1.212755 20.573112 13.2235365 decam 7.948366 -6.845356 194 object "LTT3864 N4" 0 0.0 924.0 1948.0 0.11234084 1.0002537 -0.0012138451 0.038680326 0.0010312878 0.99999344 15489855436 1.134341
/home/declsp/obsbot/rawdata/DECam_01479668.fits.fz N4 1479668 15.0 61173.95970106 1.02 157.66682911836705 -35.62021461516044 157.67607083333334 -35.54511111111111 M464 0.097239666 24.227829 0.5129976 1.0557185 20.652853 9.811895 decam 3.2865472 -14.771587 159 object "LTT3864 N5" 0 0.0 924.0 1948.0 0.14176896 1.0002847 -0.0012188802 0.004253144 0.0011663397 1.000199 15479203631 1.5287566
/home/declsp/obsbot/rawdata/DECam_01479669.fits.fz N4 1479669 15.0 61173.96016643 1.02 158.43095561147695 -35.78688155743227 158.44021666666666 -35.711778055555556 M464 0.09434271 24.203972 0.50184864 0.98136836 20.725437 8.289447 decam 3.9323604 -15.991271 199 object "LTT3864 S3" 0 0.0 924.0 1948.0 -0.14446992 1.0000042 -0.001063708 0.023147633 0.00074875646 0.99997944 15471168944 1.8095297
/home/declsp/obsbot/rawdata/DECam_01479670.fits.fz N4 1479670 15.0 61173.96064251 1.02 158.0488889448103 -35.78688155743227 158.05815 -35.711778055555556 M464 0.10869775 24.262873 0.5298254 0.96818924 20.806776 6.7167196 decam -2.8302767 -6.2228785 249 object "LTT3864 S4" 0 0.0 924.0 1948.0 0.1909521 0.9999156 -0.0010921872 -0.13517271 0.0009095489 1.000038 15463653639 2.233233
/home/declsp/obsbot/rawdata/DECam_01479671.fits.fz N4 1479671 15.0 61173.9611305 1.02 157.66680977814363 -35.78688155743227 157.67607083333334 -35.711778055555556 M464 0.09514436 24.26307 0.52992153 0.99733925 20.88869 6.605909 decam 12.491551 -17.274126 223 object "LTT3864 S5" 0 0.0 924.0 1948.0 -0.22932334 1.000088 -0.0011193637 -0.048673503 0.0010046803 1.0001122 15456007164 2.2706943
/home/declsp/obsbot/rawdata/DECam_01479672.fits.fz N4 1479672 150.0 61173.9626829 1.16 151.375683286387 -0.0034338568907039085 151.38319583333333 0.07167 M464 0.043227434 24.028847 0.43955237 1.138788 20.991177 12.057604 decam 18.091562 4.126849 88 object "Pal3 position 0" 0 0.0 924.0 1948.0 -0.03035116 0.9998625 -0.0012199243 -0.07088275 0.0013385639 0.99984485 16204241691 12.440283
/home/declsp/obsbot/rawdata/DECam_01479673.fits.fz N4 1479673 150.0 61173.96476706 1.16 151.33804578529828 0.031037253924091672 151.34555833333334 0.1061411111111111 M464 0.043352466 24.291645 0.55992514 1.1954987 21.298136 6.1712513 decam 7.546149 5.583031 170 object "Pal3 position 1" 0 0.0 924.0 1948.0 0.5145394 1.0000259 -0.0015060233 0.5248715 0.001341132 0.99999774 15998957542 24.306253
/home/declsp/obsbot/rawdata/DECam_01479674.fits.fz N4 1479674 150.0 61173.96681884 1.16 151.38199577990818 -0.07532580071716091 151.38950833333334 -0.00022194444444444445 M464 0.043507293 24.403322 0.62058437 1.15394 21.485502 3.9392073 decam 3.8390112 9.380087 106 object "Pal3 position 2" 0 0.0 924.0 1948.0 0.13441813 1.0001585 -0.0013052133 -0.3303714 0.0011138101 0.9999762 15906710575 38.078728
/home/declsp/obsbot/rawdata/DECam_01479675.fits.fz N4 1479675 150.0 61173.96888617 1.16 151.42945828130826 0.06671114250632566 151.43697083333333 0.141815 M464 0.040160254 24.60034 0.7440598 1.1960362 21.626097 2.5859666 decam 5.7253127 12.602181 203 object "Pal3 position 3" 0 0.0 924.0 1948.0 -0.6467183 1.0000297 -0.0015465823 -0.06393611 0.0013800936 1.0000719 15830667297 58.00539
/home/declsp/obsbot/rawdata/DECam_01479676.fits.fz N4 1479676 150.0 61173.97096527 1.16 151.2751832858857 -0.021210801182336734 151.28269583333332 0.053893055555555555 M464 0.04265157 24.792603 0.8882053 1.065922 21.74983 1.2867001 decam -3.2333536 26.655476 125 object "Pal3 position 4" 0 0.0 924.0 1948.0 -0.06849784 1.0000494 -0.0014145889 -0.22134086 0.001322241 0.99992734 15779630049 116.57728
/home/declsp/obsbot/rawdata/DECam_01479677.fits.fz N4 1479677 35.0 61173.97333484 1.11 157.00273581124517 -5.180103812270047 157.0102791666667 -5.105 M464 0.037761856 24.733677 0.83268887 1.0134933 21.859558 1.1722505 decam -0.115514494 -0.38372943 91 object "pointing test" 0 0.0 924.0 1948.0 0.055130687 0.9998799 -0.0011916467 0.021458816 0.0009718525 0.9999555 15459370396 29.8571
/home/declsp/obsbot/rawdata/DECam_01479678.fits.fz N4 1479678 111.4593 61173.97493654 1.12 160.4977426791028 -4.568103817569139 160.50527916666667 -4.493 M464 0.050817143 24.822607 0.9056211 0.9495758 21.894062 0.8465261 decam -17.645266 -2.6514263 114 object IBIS_wide_M464_328421 328421 0.049446 924.0 1948.0 0.18596777 0.9999359 -0.00089886185 -0.07580639 0.0012541369 0.99994624 15641041157 131.6667
/home/declsp/obsbot/rawdata/DECam_01479679.fits.fz N4 1479679 318.2379 61173.97657992 1.12 161.61873528850327 -4.865103814998726 161.62627500000002 -4.79 M464 0.038355473 24.84954 0.92836845 0.95171195 21.933891 0.7800234 decam -10.194724 4.2168746 138 object IBIS_wide_M464_325227 325227 0.041599 924.0 1948.0 0.12155276 0.99998623 -0.00084749126 0.06576006 0.0009449854 0.9998682 16168603762 407.98508
/home/declsp/obsbot/rawdata/DECam_01479680.fits.fz N4 1479680 333.8478 61173.98059241 1.12 163.32473546723702 -4.4601038185033 163.33227083333333 -4.385 M464 0.031935737 24.889206 0.9629113 0.9963797 21.955482 0.77888346 decam -8.527211 -8.433022 133 object IBIS_wide_M464_328212 328212 0.03192 924.0 1948.0 0.1565958 0.99975437 -0.000845027 0.02534209 0.00069746433 1.0000496 16161419482 428.62357
/home/declsp/obsbot/rawdata/DECam_01479681.fits.fz N4 1479681 440.5471 61173.9847887 1.12 165.8757351988227 -4.873103814929458 165.883275 -4.798 M464 0.04082999 24.76584 0.8594889 0.96197766 21.93577 0.9281308 decam -18.030584 -11.689646 127 object IBIS_wide_M464_325222 325222 0.046791 924.0 1948.0 -0.04177586 1.0002218 -0.00078673806 -0.11294112 0.0008100668 0.9998613 16400352051 474.66055
/home/declsp/obsbot/rawdata/DECam_01479682.fits.fz N4 1479682 239.6684 61173.99063384 1.13 173.03970872501236 -6.832103797911142 173.047275 -6.757 M464 0.03274551 24.6949 0.8067822 0.91857624 21.92174 0.9772096 decam -10.922049 -10.682269 139 object IBIS_wide_M464_328097 328097 0.035956 924.0 1948.0 0.09405419 1.0003016 -0.0003303153 -0.0013971896 0.00017549879 0.9999356 16007522632 245.25792
/home/declsp/obsbot/rawdata/DECam_01479683.fits.fz N4 1479683 800.0 61173.99390534 1.12 167.200731211368 -4.857103815067992 167.20827083333333 -4.782 M464 0.058186706 24.57345 0.71992016 1.0179464 21.883547 1.5538342 decam 1.4150597 -21.636656 158 object IBIS_wide_M464_325211 325211 0.054288 924.0 1948.0 0.20680304 0.9998373 -0.00069130363 0.014246317 0.00041223448 0.999907 17448201192 514.85547
/home/declsp/obsbot/rawdata/DECam_01479684.fits.fz N4 1479684 690.5955 61174.00357795 1.11 171.68172930168228 -5.699103807768207 171.68927916666667 -5.624 M464 0.051709875 24.656921 0.77585506 1.0219933 21.933327 1.2827858 decam -7.3276944 -19.383406 152 object IBIS_wide_M464_328105 328105 0.04279 924.0 1948.0 0.026072172 1.000008 -0.0003815109 -0.08765859 0.00032730808 0.9998852 17144714088 538.3561
/home/declsp/obsbot/rawdata/DECam_01479685.fits.fz N4 1479685 667.8256 61174.01189348 1.11 169.63972770426614 -5.161103812434709 169.64727083333332 -5.086 M464 0.040948983 24.470192 0.65326446 0.94410795 21.820532 1.7138832 decam 2.7528777 -20.024136 130 object IBIS_wide_M464_328190 328190 0.041351 924.0 1948.0 -0.14302713 0.9998921 -0.00057486526 -0.007755374 0.00014633262 0.9998673 17176625767 389.65643
/home/declsp/obsbot/rawdata/DECam_01479686.fits.fz N4 1479686 558.9463 61174.01995213 1.1 172.22872468338724 -5.409103810284639 172.23627083333332 -5.334 M464 0.042618796 24.663933 0.7792798 0.96973175 21.949818 1.1232345 decam 4.5466933 -6.999462 141 object IBIS_wide_M464_325120 325120 0.047441 924.0 1948.0 0.0014788798 0.9999786 -0.00053556805 -0.059262022 0.0007424119 1.0000123 16689934642 497.62207
/home/declsp/obsbot/rawdata/DECam_01479687.fits.fz N4 1479687 580.7562 61174.02676639 1.1 174.93373241542062 -5.4571038098683 174.94127916666667 -5.382 M464 0.043759946 24.64572 0.76631606 0.9791121 21.944345 1.1900629 decam -2.7903082 -15.838806 159 object IBIS_wide_M464_325270 325270 0.045884 924.0 1948.0 0.018973384 1.0002918 -0.00031140444 -0.074529365 0.0005501563 1.0000427 16764624744 488.00467
/home/declsp/obsbot/rawdata/DECam_01479688.fits.fz N4 1479688 800.0 61174.03383069 1.1 175.2817359304841 -5.170103812356712 175.28927916666666 -5.095 M464 0.047406245 24.426016 0.62593126 1.0871559 21.849083 2.3996172 decam 3.2821615 -0.37664762 134 object IBIS_wide_M464_328256 328256 0.035629 924.0 1948.0 0.018199617 1.0001806 -0.00032397345 -0.13581386 0.00014987496 0.9999288 17903324917 333.3865
/home/declsp/obsbot/rawdata/DECam_01479689.fits.fz N4 1479689 244.7685 61174.04409464 1.1 183.0847199634485 -6.369103801944428 183.09227916666666 -6.294 M464 0.05514307 24.725475 0.8247275 1.0160322 21.965363 1.084994 decam -2.303603 -11.769097 130 object IBIS_wide_M464_333945 333945 0.045203 924.0 1948.0 -0.00036143768 1.0000784 -1.0652911e-05 0.06413371 -3.3861725e-05 0.99993926 15979989767 225.59435
/home/declsp/obsbot/rawdata/DECam_01479690.fits.fz N4 1479690 279.8583 61174.04738131 1.1 178.14573188282287 -5.160103812443375 178.153275 -5.085 M464 0.032420337 24.876932 0.94818395 1.0081317 22.034332 0.7584229 decam -1.2760642 13.510454 145 object IBIS_wide_M464_328249 328249 0.028216 924.0 1948.0 0.13196889 1.0000781 -0.00030622026 0.13099831 0.00029145647 0.99998575 15983215667 369.00034
/home/declsp/obsbot/rawdata/DECam_01479691.fits.fz N4 1479691 236.7685 61174.05095436 1.11 180.65973526609704 -4.867103814981409 180.667275 -4.792 M464 0.026463708 24.895018 0.9660929 0.9670836 22.058203 0.6605122 decam 2.4891965 10.395761 150 object IBIS_wide_M464_330969 330969 0.027572 924.0 1948.0 -0.02166438 1.0000684 -0.0001551235 0.053179134 0.00017151679 0.99989754 15858523706 358.46194
/home/declsp/obsbot/rawdata/DECam_01479692.fits.fz N4 1479692 245.5685 61174.05452413 1.11 190.19671535392112 -6.399103801683318 190.204275 -6.324 M464 0.022469632 24.902826 0.9730658 1.00461 22.02359 0.7252054 decam -1.9759545 -11.43526 162 object IBIS_wide_M464_334403 334403 0.024328 924.0 1948.0 -0.14420526 1.000049 0.00037019962 0.07206902 -0.00041902173 0.9999791 15973526594 338.61923
/home/declsp/obsbot/rawdata/DECam_01479693.fits.fz N4 1479693 312.6581 61174.05781768 1.11 184.91774073878503 -4.74910381600292 184.92527916666666 -4.6739999999999995 M464 0.03665572 24.887856 0.9597406 1.0006266 22.032658 0.73344564 decam -0.96583 -3.9866865 148 object IBIS_wide_M464_330964 330964 0.039671 924.0 1948.0 -0.023831544 0.9999051 7.320172e-05 0.026356664 0.0001744142 1.0000557 16071773926 426.28668
/home/declsp/obsbot/rawdata/DECam_01479694.fits.fz N4 1479694 250.2087 61174.06193313 1.1 191.2447156704254 -6.654103799462632 191.25227916666668 -6.579 M464 0.026280183 24.899658 0.9682407 0.95808834 22.029175 0.6602133 decam -14.080375 -5.912365 143 object IBIS_wide_M464_331418 331418 0.026141 924.0 1948.0 0.03854147 0.9999166 0.0004819509 -0.036143143 -0.00024498464 0.9998143 15950661703 378.9816
