logs/db-2024-11-05.ecsv
# %ECSV 1.0
# ---
# datatype:
# - {name: filename, datatype: string}
# - {name: extension, datatype: string}
# - {name: expnum, datatype: int64}
# - {name: exptime, datatype: float32}
# - {name: mjd_obs, datatype: float64}
# - {name: airmass, datatype: float32}
# - {name: racenter, datatype: float64}
# - {name: deccenter, datatype: float64}
# - {name: rabore, datatype: float64}
# - {name: decbore, datatype: float64}
# - {name: band, datatype: string}
# - {name: ebv, datatype: float32}
# - {name: zeropoint, datatype: float32}
# - {name: transparency, datatype: float32}
# - {name: seeing, datatype: float32}
# - {name: sky, datatype: float32}
# - {name: expfactor, datatype: float32}
# - {name: camera, datatype: string}
# - {name: dx, datatype: float32}
# - {name: dy, datatype: float32}
# - {name: nmatched, datatype: int64}
# - {name: obstype, datatype: string}
# - {name: object, datatype: string}
# - {name: tileid, datatype: int64}
# - {name: tileebv, datatype: float32}
# - {name: affine_x0, datatype: float32}
# - {name: affine_y0, datatype: float32}
# - {name: affine_dx, datatype: float32}
# - {name: affine_dxx, datatype: float32}
# - {name: affine_dxy, datatype: float32}
# - {name: affine_dy, datatype: float32}
# - {name: affine_dyx, datatype: float32}
# - {name: affine_dyy, datatype: float32}
# - {name: checksum, datatype: string}
# - {name: efftime, datatype: float32}
# schema: astropy-2.0
filename extension expnum exptime mjd_obs airmass racenter deccenter rabore decbore band ebv zeropoint transparency seeing sky expfactor camera dx dy nmatched obstype object tileid tileebv affine_x0 affine_y0 affine_dx affine_dxx affine_dxy affine_dy affine_dyx affine_dyy checksum efftime
[from data line 45]
rawdata/DECam_01338571.fits.fz N4 1338571 322.0 60620.18234001 1.11 37.47273223843806 -5.130103812703347 37.480275 -5.055 M517 0.029684784 24.771751 1.0194277 0.9306861 21.276232 1.1180296 decam 1.5919319 20.250912 63 object IBIS_deep_xmm_M517_92 0 0.0 924.0 1948.0 0.6259141 1.0001684 -0.0017629139 -0.38175854 0.0017022537 0.9999561 16553468066 288.00668
rawdata/DECam_01338572.fits.fz N4 1338572 5.0 60620.18674994 1.07 27.735511551001444 -14.368103730755408 27.743266666666667 -14.293 g 0.016671434 26.691648 1.0899816 1.0230792 21.645836 0.91528165 decam 3.3368456 23.783482 28 object pointing 0 0.0 924.0 1948.0 0.35692236 0.999857 -0.0013235243 -0.27087423 0.0013315296 1.0000937 15454583030 5.4627995
rawdata/DECam_01338573.fits.fz N4 1338573 276.0 60620.18777846 1.07 27.735511551001444 -14.368103730755408 27.743266666666667 -14.293 M490 0.016671434 24.979408 1.0122297 0.9829975 21.656689 0.88209087 decam 0.35079694 24.101019 52 object IBIS_wide_M490_404032 404032 0.014799 924.0 1948.0 -0.06448913 1.0002117 -0.0014193899 -0.24755964 0.0015029402 1.0001161 16403260225 312.8929
rawdata/DECam_01338574.fits.fz N4 1338574 277.0 60620.19136546 1.07 29.02950974959279 -14.539103729187822 29.037270833333334 -14.464 M490 0.014821835 24.96976 1.0032758 0.98936903 21.675514 0.89391845 decam 12.166735 11.039161 65 object IBIS_wide_M490_402959 402959 0.015554 924.0 1948.0 0.14706135 1.000274 -0.0014472393 -0.39220682 0.0013675418 1.0003238 16278921091 309.87167
rawdata/DECam_01338575.fits.fz N4 1338575 300.0 60620.19492476 1.08 29.32953362022404 -13.841103735571577 29.337270833333335 -13.766 M490 0.016283987 24.96359 0.99940246 0.9709795 21.657701 0.8853303 decam 5.2588387 10.035262 73 object IBIS_wide_M490_404076 404076 0.016963 924.0 1948.0 -0.3008 0.99995196 -0.0014470133 0.030958952 0.0010143903 1.0000645 16313843919 338.8566
rawdata/DECam_01338576.fits.fz N4 1338576 309.0 60620.19877906 1.08 30.702515520654504 -14.253103731808281 30.710266666666662 -14.178 M490 0.021053677 24.965963 1.0015882 0.93921673 21.66615 0.81850106 decam 11.952024 5.4126163 78 object IBIS_wide_M490_405967 405967 0.02 924.0 1948.0 0.34271017 0.99991524 -0.0011212077 -0.1787436 0.0018671888 1.0000098 16343296339 377.51938
rawdata/DECam_01338577.fits.fz N4 1338577 308.0 60620.20273294 1.08 31.943523303801594 -14.269103731661858 31.951274999999995 -14.194 M490 0.02247318 24.9508 0.98769724 0.89582455 21.642641 0.7826897 decam 14.53452 4.766668 53 object IBIS_wide_M490_405964 405964 0.022561 924.0 1948.0 -0.5615019 1.000051 -0.001784213 -0.2548458 0.0017119803 1.0000334 16630079248 393.51483
rawdata/DECam_01338578.fits.fz N4 1338578 288.0 60620.20666027 1.08 31.36249395165135 -14.866103726183368 31.370266666666666 -14.791 M490 0.023582345 24.972181 1.0073406 0.93944925 21.686703 0.7943984 decam 9.744315 2.074319 56 object IBIS_wide_M490_405961 405961 0.023144 924.0 1948.0 0.6744632 1.0000323 -0.0018826345 -0.4624422 0.0018420673 1.0003009 16269520419 362.53848
rawdata/DECam_01338579.fits.fz N4 1338579 277.0 60620.21035667 1.09 31.607518981952623 -14.394103730517218 31.615275 -14.319 M490 0.022757435 24.97209 1.0090847 0.96924543 21.671684 0.85736316 decam 10.335186 0.7320469 69 object IBIS_wide_M490_402955 402955 0.022293 924.0 1948.0 -0.23161964 1.0001572 -0.0015438913 -0.23051816 0.0018975808 0.9997606 16625752117 323.08362
rawdata/DECam_01338580.fits.fz N4 1338580 286.0 60620.21392707 1.09 32.6125008062925 -14.907103725806026 32.62027500000001 -14.832 M490 0.024979867 24.965664 1.0031306 1.035091 21.66797 0.9925158 decam 11.698106 7.266742 70 object IBIS_wide_M490_405962 405962 0.024774 924.0 1948.0 0.26052317 0.99982625 -0.001588868 -0.3473669 0.0018259034 0.9999054 16252390277 288.15662
rawdata/DECam_01338581.fits.fz N4 1338581 304.0 60620.21760494 1.1 33.110513353834946 -14.55510372904102 33.118275000000004 -14.48 M490 0.022119647 24.963556 1.003004 0.94937414 21.695206 0.81778425 decam 16.91268 9.899643 64 object IBIS_wide_M490_402954 402954 0.023244 924.0 1948.0 0.23429142 0.9998669 -0.0015557462 0.033583142 0.0014248987 1.000267 16312989065 371.73618
rawdata/DECam_01338582.fits.fz N4 1338582 301.0 60620.2214784 1.1 34.81756431047284 -13.0171037430587 34.825275 -12.942 M490 0.022207255 24.96634 1.0055777 0.95480794 21.696075 0.82225853 decam 13.199317 9.711805 63 object IBIS_wide_M490_402966 402966 0.020275 924.0 1948.0 0.6105418 1.0002934 -0.0016682809 -0.35951233 0.0016521342 1.0001045 16276476958 366.0649
rawdata/DECam_01338583.fits.fz N4 1338583 290.0 60620.22533194 1.1 34.65549779892428 -14.990103725041697 34.663275 -14.915 M490 0.028335774 24.96614 1.0053948 0.9619369 21.721857 0.81526226 decam 16.040262 12.452951 67 object IBIS_wide_M490_402946 402946 0.024156 924.0 1948.0 0.7310328 1.0003128 -0.0017264785 -0.31361637 0.0016223328 0.99982864 16223145457 355.71375
rawdata/DECam_01338584.fits.fz N4 1338584 284.0 60620.22908603 1.11 36.66555524223656 -13.305103740447672 36.673275000000004 -13.23 M490 0.020030621 24.964388 1.0055947 1.0242027 21.694763 0.95033747 decam 23.99789 4.657533 66 object IBIS_wide_M490_406908 406908 0.019251 924.0 1948.0 -0.29614833 1.0000737 -0.0018011614 -0.30301145 0.0016776039 0.999477 16265634975 298.84122
rawdata/DECam_01338585.fits.fz N4 1338585 288.0 60620.23273735 1.11 35.64449732543829 -14.88810372598091 35.65227083333334 -14.813 M490 0.021344706 24.966352 1.0074155 0.94949114 21.631721 0.8627859 decam 23.526903 -0.7043097 53 object IBIS_wide_M490_400898 400898 0.021221 924.0 1948.0 0.5501248 1.0001501 -0.001948944 0.20567973 0.0017640409 1.0000314 17036378429 333.8024
rawdata/DECam_01338586.fits.fz N4 1338586 333.0 60620.23643281 1.11 36.791501059073774 -14.900103725870464 36.799275 -14.825 M490 0.021740386 24.963644 1.0049069 0.9890445 21.697641 0.88522965 decam 26.237745 3.6060953 68 object IBIS_wide_M490_409876 409876 0.021501 924.0 1948.0 -0.10137583 1.0005585 -0.001717844 -0.36832237 0.0019871464 1.0000091 16421712537 376.17358
rawdata/DECam_01338587.fits.fz N4 1338587 304.0 60620.24065242 1.12 37.73950160030191 -14.885103726008522 37.747274999999995 -14.81 M490 0.025268616 24.955408 0.9991236 0.994352 21.665373 0.93581337 decam 34.25751 8.076811 68 object IBIS_wide_M490_409885 409885 0.02208 924.0 1948.0 -0.17931174 1.0003256 -0.001946259 -0.106906764 0.0017925034 1.0000261 16384611322 324.8511
rawdata/DECam_01338588.fits.fz N4 1338588 315.0 60620.24457533 1.13 38.62151507409172 -14.506103729490528 38.629275 -14.431 M490 0.019253066 24.95235 0.99812376 1.025336 21.681934 0.985365 decam 21.255844 20.576614 83 object IBIS_wide_M490_409886 409886 0.022271 924.0 1948.0 -0.11231471 1.0004117 -0.001953536 -0.38665113 0.0015506912 0.9999369 16332960655 319.6785
rawdata/DECam_01338589.fits.fz N4 1338589 335.0 60620.24859761 1.13 39.487515301408585 -14.380103730645478 39.495270833333336 -14.305 M490 0.021255814 24.95782 1.0031654 0.9596236 21.68073 0.85569394 decam 17.950342 7.6238046 67 object IBIS_wide_M490_406897 406897 0.023843 924.0 1948.0 0.22281253 1.0002652 -0.0022040373 -0.22377053 0.0019030437 1.0002725 16426895668 391.49512
rawdata/DECam_01338590.fits.fz N4 1338590 354.0 60620.25286485 1.13 41.27652693607594 -14.16310373263152 41.284275 -14.088 M490 0.028352866 24.964476 1.0093317 0.93911856 21.659117 0.82590884 decam 12.0317335 22.404316 63 object IBIS_wide_M490_409882 409882 0.026111 924.0 1948.0 -0.15321314 1.0006384 -0.0014585763 -0.42922178 0.0014331677 0.99968 16454412126 428.61874
rawdata/DECam_01338592.fits.fz N4 1338592 303.0 60620.26111175 1.14 42.520517793195395 -14.308103731304866 42.52827083333333 -14.233 M490 0.02797012 24.962845 1.0096487 0.91808516 20.96907 1.4949831 decam 7.7057166 10.95906 78 object IBIS_wide_M490_409845 409845 0.02722 924.0 1948.0 0.9258624 1.000206 -0.0020038085 -0.032916956 0.0014302649 0.99995095 17182224040 202.67789
rawdata/DECam_01338593.fits.fz N4 1338593 381.0 60620.26503492 1.13 45.875548914479126 -13.502103738658075 45.883275 -13.427 M490 0.06360843 24.973381 1.0176448 0.89994645 21.725918 0.70176095 decam 5.263485 30.213337 88 object IBIS_wide_M490_409842 409842 0.063343 924.0 1948.0 -0.5646784 1.0002435 -0.0020758857 -0.29752624 0.002187135 0.99989635 16498199636 542.9199
rawdata/DECam_01338594.fits.fz N4 1338594 500.0 60620.2698455 1.15 45.143513494505456 -14.551103729077726 45.151275 -14.475999999999999 M490 0.055500515 24.956795 1.0058616 0.9144927 21.71273 0.7561665 decam 9.311378 26.310163 68 object IBIS_wide_M490_406855 406855 0.046087 924.0 1948.0 0.31645888 1.0004022 -0.0019844747 -0.0059029926 0.0022182385 1.0003359 16900247821 661.23004
rawdata/DECam_01338595.fits.fz N4 1338595 291.0 60620.2760236 1.14 48.52753481523465 -13.930103734759776 48.535275 -13.855 M490 0.040901713 24.959814 1.0068343 0.89048475 21.715652 0.71120834 decam -3.3545322 27.746265 67 object IBIS_wide_M490_406844 406844 0.047022 924.0 1948.0 0.3127225 0.9998292 -0.002309721 -0.516615 0.0024060723 1.0001885 16243205991 409.1628
rawdata/DECam_01338596.fits.fz N4 1338596 308.0 60620.27979105 1.14 48.89749574878932 -14.81610372664335 48.90526666666666 -14.741 M490 0.05156887 24.969671 1.0160161 0.9198328 21.699903 0.7559441 decam 9.224181 24.570566 73 object IBIS_wide_M490_409827 409827 0.046552 924.0 1948.0 0.38038456 0.99938905 -0.0021949739 -0.36666417 0.002056155 1.0002096 16826760083 407.43756
rawdata/DECam_01338597.fits.fz N4 1338597 302.0 60620.28375014 1.15 50.04051037059964 -14.402103730443917 50.04826666666666 -14.327 M490 0.05007923 24.955353 1.0045251 0.9788949 21.757366 0.83342016 decam 2.0110607 19.255676 80 object IBIS_wide_M490_409828 409828 0.050025 924.0 1948.0 0.5663462 1.0003562 -0.0022583832 -0.34120196 0.0026845632 1.0001165 16258696118 362.36224
rawdata/DECam_01338598.fits.fz N4 1338598 350.0 60620.28765144 1.14 51.781497289367195 -14.889103725971703 51.78927083333333 -14.814 M490 0.06702934 24.958395 1.0055178 1.1750208 21.745783 1.2059634 decam 4.3424706 16.88737 65 object IBIS_wide_M490_409823 409823 0.063886 924.0 1948.0 0.16837579 0.9999549 -0.0021966966 0.048683736 0.0025671055 0.9998721 16406278998 290.2244
rawdata/DECam_01338599.fits.fz N4 1338599 356.0 60620.29212971 1.12 55.53250246500226 -14.861103726229382 55.540274999999994 -14.786 M490 0.0545706 24.974236 1.0166 1.0884205 21.754295 0.9974465 decam 1.2926224 24.248425 105 object IBIS_wide_M490_407052 407052 0.056881 924.0 1948.0 0.12195216 0.9998022 -0.0020454593 -0.29155472 0.0021875128 1.0001762 16499710431 356.91138
rawdata/DECam_01338600.fits.fz N4 1338600 500.0 60620.29662811 1.13 56.95949162914557 -15.045103724534885 56.96727083333334 -14.97 M490 0.040333975 24.963106 1.0080606 1.0309225 21.766169 0.9036636 decam 5.224718 19.694439 88 object IBIS_wide_M490_407053 407053 0.050016 924.0 1948.0 0.51430535 0.9998522 -0.002268929 -0.27324608 0.0026026717 1.0001869 17749368602 553.3032
rawdata/DECam_01338601.fits.fz N4 1338601 489.0 60620.30280504 1.15 56.74452316614838 -14.27310373162525 56.752275 -14.198 M490 0.064737834 24.95455 1.0037825 0.9751431 21.76501 0.82247347 decam 4.228955 17.359457 82 object IBIS_wide_M490_410041 410041 0.065498 924.0 1948.0 0.4914203 1.0002075 -0.0021446561 -0.15582217 0.0023320073 1.0002881 16891147000 594.54803
rawdata/DECam_01338602.fits.fz N4 1338602 419.0 60620.30886057 1.17 56.28150533736033 -14.664103728040391 56.28927083333333 -14.589 M490 0.054502755 24.954084 1.0070001 1.0099722 21.735008 0.90761006 decam 18.533148 13.1780405 68 object IBIS_wide_M490_407055 407055 0.057519 924.0 1948.0 0.313852 1.0003432 -0.0024115006 -0.2956564 0.002499671 1.0001886 16672312991 461.652
rawdata/DECam_01338603.fits.fz N4 1338603 404.0 60620.31410422 1.2 55.73952313172839 -14.274103731616098 55.747275 -14.199 M490 0.07852052 24.938814 0.9983561 0.96091264 21.707253 0.8671178 decam 17.849985 12.837386 90 object IBIS_wide_M490_407061 407061 0.060858 924.0 1948.0 -0.6317705 1.0001204 -0.002685601 -0.6669517 0.0023145885 1.0002713 16598393991 465.91132
rawdata/DECam_01338604.fits.fz N4 1338604 469.0 60620.3191769 1.22 56.290550342035615 -13.328103740238879 56.29827083333333 -13.253 M490 0.07872839 24.942522 1.0054132 1.0436318 21.693449 1.0284443 decam 15.04722 9.87038 92 object IBIS_wide_M490_407062 407062 0.071093 924.0 1948.0 0.10490446 0.9999773 -0.0025253012 -0.40152076 0.0025938433 1.0000911 17222580688 456.02856
rawdata/DECam_01338605.fits.fz N4 1338605 412.0 60620.32499568 1.26 54.965507762973026 -14.713103727590244 54.973275 -14.638 M490 0.050524663 24.944052 1.0141648 1.019463 21.72014 0.95494086 decam 18.454239 3.3279226 100 object IBIS_wide_M490_407058 407058 0.057919 924.0 1948.0 0.33337933 1.0002455 -0.002417136 0.076834425 0.0024390076 0.9999828 16614311691 431.44034
rawdata/DECam_01338606.fits.fz N4 1338606 500.0 60620.3301556 1.28 55.34653581925794 -13.900103735033484 55.354274999999994 -13.825 M490 0.06693765 24.945206 1.0189339 0.9292455 21.652716 0.84285885 decam 27.37615 2.3352966 78 object IBIS_wide_M490_410044 410044 0.060994 924.0 1948.0 -0.039554663 0.9998281 -0.0024070216 -0.38377395 0.0024034188 1.0001066 17049524398 593.2191
rawdata/DECam_01338607.fits.fz N4 1338607 455.0 60620.33633262 1.34 54.63854923813597 -13.49210373874899 54.646275 -13.417 M490 0.054424066 24.928045 1.0139358 1.0429275 21.65602 1.0918119 decam 27.642313 1.9639001 88 object IBIS_wide_M490_410046 410046 0.0557 924.0 1948.0 0.1509624 1.0001457 -0.0025070894 0.01896559 0.002042112 0.9999924 16809631143 416.73846
rawdata/DECam_01338608.fits.fz N4 1338608 419.0 60620.34200293 1.38 53.81052309730576 -14.275103731606942 53.818275 -14.2 M490 0.045433108 24.914587 1.0087395 1.1315119 21.620628 1.3606004 decam 22.552546 -5.362625 84 object IBIS_wide_M490_410045 410045 0.051731 924.0 1948.0 0.5388317 1.000344 -0.00239263 -0.07242523 0.002409946 0.99996203 16725138210 307.9523
rawdata/DECam_01338609.fits.fz N4 1338609 5.0 60620.34925622 1.27 131.57372439491954 -5.755103807281987 131.581275 -5.68 g 0.020721816 26.662413 1.094776 1.2133771 21.398584 1.7463436 decam -13.475454 -5.2404237 153 object pointing 0 0.0 924.0 1948.0 0.18541919 0.9996751 -0.0018750866 -0.14166732 0.0016843593 1.0001577 15460000509 2.863125
rawdata/DECam_01338610.fits.fz N4 1338610 393.0 60620.35032463 1.26 131.57372439491954 -5.755103807281987 131.581275 -5.68 M490 0.020721816 24.951992 1.0216098 1.0534698 21.313906 1.4606696 decam 2.125952 -13.194897 276 object IBIS_wide_M490_422192 422192 0.02091 924.0 1948.0 -0.031472687 1.0000539 -0.0020246613 -0.1473236 0.001821712 1.0001088 17242285380 269.0547
rawdata/DECam_01338611.fits.fz N4 1338611 441.0 60620.35525873 1.25 133.33770874083302 -6.831103797919862 133.34527500000002 -6.756 M490 0.027133858 24.96267 1.0298355 1.0509788 20.758286 2.3779757 decam 6.5073195 -7.1188087 267 object IBIS_wide_M490_419209 419209 0.027687 924.0 1948.0 -0.06870917 1.0001968 -0.0017952878 -0.3583128 0.0016724832 1.0001495 18614946101 185.45186
