logs/db-2025-04-29.ecsv
# %ECSV 1.0
# ---
# datatype:
# - {name: filename, datatype: string}
# - {name: extension, datatype: string}
# - {name: expnum, datatype: int64}
# - {name: exptime, datatype: float32}
# - {name: mjd_obs, datatype: float64}
# - {name: airmass, datatype: float32}
# - {name: racenter, datatype: float64}
# - {name: deccenter, datatype: float64}
# - {name: rabore, datatype: float64}
# - {name: decbore, datatype: float64}
# - {name: band, datatype: string}
# - {name: ebv, datatype: float32}
# - {name: zeropoint, datatype: float32}
# - {name: transparency, datatype: float32}
# - {name: seeing, datatype: float32}
# - {name: sky, datatype: float32}
# - {name: expfactor, datatype: float32}
# - {name: camera, datatype: string}
# - {name: dx, datatype: float32}
# - {name: dy, datatype: float32}
# - {name: nmatched, datatype: int64}
# - {name: obstype, datatype: string}
# - {name: object, datatype: string}
# - {name: tileid, datatype: int64}
# - {name: tileebv, datatype: float32}
# - {name: affine_x0, datatype: float32}
# - {name: affine_y0, datatype: float32}
# - {name: affine_dx, datatype: float32}
# - {name: affine_dxx, datatype: float32}
# - {name: affine_dxy, datatype: float32}
# - {name: affine_dy, datatype: float32}
# - {name: affine_dyx, datatype: float32}
# - {name: affine_dyy, datatype: float32}
# - {name: checksum, datatype: string}
# - {name: efftime, datatype: float32}
# schema: astropy-2.0
filename extension expnum exptime mjd_obs airmass racenter deccenter rabore decbore band ebv zeropoint transparency seeing sky expfactor camera dx dy nmatched obstype object tileid tileebv affine_x0 affine_y0 affine_dx affine_dxx affine_dxy affine_dy affine_dyx affine_dyy checksum efftime
[from data line 44]
rawdata/DECam_01382967.fits.fz N4 1382967 364.8784 60795.12249843 1.11 185.6377327543153 -5.4301038101025005 185.64527916666665 -5.355 M517 0.038037535 25.067127 1.0531896 1.2189898 21.776567 1.1321077 decam 8.823209 9.309328 148 object IBIS_wide_M517_530948 530948 0.037795 924.0 1948.0 -0.00801645 1.0000751 -0.00013547107 0.011680756 2.5266045e-05 0.9998772 16527113645 322.30008
rawdata/DECam_01382968.fits.fz N4 1382968 329.5484 60795.12706995 1.11 187.41472789422644 -5.145103812573365 187.42227083333333 -5.07 M517 0.044895183 25.067616 1.0536637 1.1578894 21.769016 1.0278535 decam -0.8713485 11.345805 170 object IBIS_wide_M517_534432 534432 0.04177 924.0 1948.0 -0.12838395 1.0002545 -0.0001664446 0.12453781 0.00020907045 1.0000302 16354654363 320.61807
rawdata/DECam_01382969.fits.fz N4 1382969 365.4289 60795.13124603 1.11 185.99872758523736 -5.171103812348045 186.00627083333333 -5.096 M517 0.04727838 25.06681 1.0528824 1.216932 21.786596 1.118575 decam 7.0059342 3.8659933 167 object IBIS_wide_M517_533934 533934 0.04269 924.0 1948.0 -0.098163344 1.0000813 -0.00017496191 0.08788468 0.0003495469 1.0000098 16465407591 326.69147
rawdata/DECam_01382970.fits.fz N4 1382970 332.7487 60795.13582022 1.11 188.80173179954355 -5.167103812382711 188.80927499999999 -5.092 M517 0.038000368 25.052076 1.0386912 1.1882209 21.77699 1.1055835 decam 3.3214676 10.654661 157 object IBIS_wide_M517_534427 534427 0.037315 924.0 1948.0 0.00953929 0.9999775 -3.902697e-05 -0.023777317 0.00016750157 0.9999868 16929805178 300.9711
rawdata/DECam_01382971.fits.fz N4 1382971 500.0 60795.14001255 1.12 189.47873277574607 -4.715103816297188 189.48627083333335 -4.64 M517 0.024735304 25.070969 1.0586182 1.1316682 21.78436 0.9621719 decam 2.3213682 3.4014456 160 object IBIS_wide_M517_534430 534430 0.029325 924.0 1948.0 0.020061666 1.0000017 -8.33644e-05 0.02138227 0.00010687662 0.9998921 16808365646 519.65765
rawdata/DECam_01382972.fits.fz N4 1382972 315.7584 60795.14616578 1.13 189.65273765815402 -4.2411038203967335 189.66027083333333 -4.166 M517 0.033447444 25.070068 1.0594367 1.1838489 21.780575 1.0582013 decam 3.3553987 12.839495 160 object IBIS_wide_M517_531445 531445 0.029844 924.0 1948.0 0.12784718 0.99999076 -5.211848e-07 0.056927763 4.336546e-05 0.99995804 16272623216 298.3916
rawdata/DECam_01382973.fits.fz N4 1382973 284.6086 60795.15019526 1.12 191.07273875353923 -4.545103817768103 191.080275 -4.47 M517 0.029403815 25.062445 1.0503393 1.1357002 21.7902 0.9790844 decam -7.44127 2.2096531 157 object IBIS_wide_M517_534429 534429 0.027293 924.0 1948.0 -0.1333329 1.0001065 4.6048204e-05 -0.006693417 7.179861e-05 1.0000628 16189049231 290.68854
rawdata/DECam_01382974.fits.fz N4 1382974 333.1583 60795.15383342 1.13 192.29873438778876 -4.564103817603741 192.30627083333331 -4.489 M517 0.038583227 25.056583 1.0463597 1.1765556 21.78639 1.0657933 decam -4.85139 4.6452684 161 object IBIS_wide_M517_534418 534418 0.027464 924.0 1948.0 -0.035465404 1.0002146 -9.59924e-06 -0.048993126 -0.000114377865 0.99990517 16317166901 312.5919
rawdata/DECam_01382975.fits.fz N4 1382975 344.1782 60795.15804202 1.12 193.37073469159057 -4.918103814539799 193.378275 -4.843 M517 0.023612455 25.047869 1.0363336 1.2128079 21.775581 1.1621963 decam -7.749335 2.7290072 171 object IBIS_wide_M517_531431 531431 0.025411 924.0 1948.0 -0.06004577 1.0000656 -3.6022357e-05 0.060304858 1.3551963e-05 1.0000215 16429662142 296.14462
rawdata/DECam_01382976.fits.fz N4 1382976 304.1584 60795.16236085 1.12 194.43772782306138 -5.151103812521369 194.44527083333332 -5.076 M517 0.026399348 25.079899 1.0673614 1.1373302 21.769083 0.96949655 decam -6.0242586 3.0619476 181 object IBIS_wide_M517_534411 534411 0.027355 924.0 1948.0 -0.04550896 1.0001084 0.00015703191 0.038732234 -0.00030302757 0.99995875 16257765826 313.72818
rawdata/DECam_01382977.fits.fz N4 1382977 333.9784 60795.16623428 1.12 195.28472821099362 -5.460103809842274 195.292275 -5.385 M517 0.031936254 25.067627 1.0553652 1.223247 21.765081 1.1510783 decam -10.596674 5.518819 170 object IBIS_wide_M517_531426 531426 0.032526 924.0 1948.0 -0.041530795 1.0002007 0.0001705713 0.066371985 -7.823187e-05 0.99996054 16350736134 290.14392
rawdata/DECam_01382978.fits.fz N4 1382978 347.4883 60795.17045617 1.13 195.72772757332163 -5.172103812339381 195.73527083333332 -5.097 M517 0.03779706 25.070648 1.060004 1.191568 21.759918 1.0914444 decam -1.9796047 7.4681716 161 object IBIS_wide_M517_534412 534412 0.033036 924.0 1948.0 -0.13626353 1.0001336 0.00014798132 0.022460943 -7.6477605e-05 0.99994266 16449763387 318.37473
rawdata/DECam_01382979.fits.fz N4 1382979 311.1184 60795.17481879 1.14 196.49774267910277 -4.568103817569139 196.50527916666667 -4.493 M517 0.03210813 25.06687 1.0580155 1.1527538 21.753807 1.0345627 decam -3.548734 2.964843 193 object IBIS_wide_M517_534413 534413 0.032554 924.0 1948.0 0.03595166 1.0001419 0.00021568795 0.052200314 -6.7411843e-06 1.000047 16299768809 300.72452
rawdata/DECam_01382980.fits.fz N4 1382980 377.488 60795.17876993 1.12 198.2877136817968 -6.511103800708237 198.295275 -6.436 M517 0.05621425 25.076578 1.0641024 1.1179674 21.749353 0.9598608 decam -3.8340366 1.9684496 191 object IBIS_wide_M517_531168 531168 0.044258 924.0 1948.0 -0.027621191 1.000393 0.00034563598 0.18645275 -0.0003578664 1.0000799 16563745311 393.27368
rawdata/DECam_01382981.fits.fz N4 1382981 328.7484 60795.18349312 1.14 199.04573107701492 -4.869103814964093 199.05327083333336 -4.7940000000000005 M517 0.03421007 25.057512 1.0489355 1.2033672 21.745745 1.1553771 decam -6.79899 0.701986 149 object IBIS_wide_M517_531218 531218 0.036212 924.0 1948.0 -0.23918837 1.000234 0.00014034196 0.13448456 -0.00015868261 1.0000296 16405154634 284.53772
rawdata/DECam_01382982.fits.fz N4 1382982 387.8982 60795.1876552 1.14 200.21773943276372 -4.867103814981409 200.22527916666667 -4.792 M517 0.037620317 25.05567 1.0471576 1.2167369 21.73756 1.1941296 decam -3.7004287 -0.78337026 174 object IBIS_wide_M517_531215 531215 0.03778 924.0 1948.0 -0.0053437604 1.0001286 0.00035217297 0.12178126 -0.000572014 0.99991757 16541443615 324.83762
rawdata/DECam_01382983.fits.fz N4 1382983 234.4589 60795.19248439 1.15 199.80472393091966 -5.469103809764204 199.81227083333334 -5.394 M517 0.037929203 25.061544 1.0545267 0.9824115 21.742846 0.7670524 decam -7.868887 2.1091478 168 object IBIS_wide_M517_531212 531212 0.037674 924.0 1948.0 -0.013284424 1.0001385 0.000361798 0.10234935 -0.00027774554 0.999999 16117933633 305.66214
rawdata/DECam_01382984.fits.fz N4 1382984 241.8688 60795.19554151 1.15 202.48373748227766 -4.259103820241151 202.49127083333332 -4.184 M517 0.034417782 25.064041 1.0569546 0.9893059 21.714777 0.79453665 decam -10.753817 0.7698172 165 object IBIS_wide_M517_531225 531225 0.034923 924.0 1948.0 -0.09201429 1.0003328 0.0005973744 0.09518753 -0.00032769403 1.000035 16260527976 304.41492
rawdata/DECam_01382985.fits.fz N4 1382985 267.0086 60795.19870377 1.14 201.3637202281454 -6.351103802101081 201.37127916666668 -6.276 M517 0.038001493 25.068306 1.0594155 0.96861774 21.716413 0.75463784 decam 0.6893769 -3.9235415 179 object IBIS_wide_M517_534174 534174 0.034897 924.0 1948.0 -0.16695906 1.0001541 0.00037385285 0.03626208 -0.00022809589 1.0000336 16212042709 353.82352
rawdata/DECam_01382986.fits.fz N4 1382986 300.2185 60795.20213604 1.15 202.4357220128697 -5.619103808462645 202.44327083333334 -5.5440000000000005 M517 0.028407313 25.063545 1.0564731 1.0597143 21.70427 0.9210563 decam -0.7119317 1.7602088 192 object IBIS_wide_M517_531192 531192 0.032014 924.0 1948.0 -0.01492703 1.0000526 0.0007005813 0.16915412 -0.0005473163 1.0000539 16299512913 325.95023
rawdata/DECam_01382987.fits.fz N4 1382987 254.2787 60795.20597077 1.16 202.15072175314626 -5.639103808289053 202.15827083333332 -5.564 M517 0.031756908 25.046562 1.0417432 0.99086064 21.697594 0.83623904 decam -1.4143288 3.2496607 143 object IBIS_wide_M517_534177 534177 0.032587 924.0 1948.0 -0.022192767 1.0002003 0.00041516678 0.093731925 -0.00045905393 0.99991196 16211211605 304.07416
rawdata/DECam_01382988.fits.fz N4 1382988 293.1385 60795.20927663 1.16 204.60173122254892 -4.856103815076649 204.6092708333333 -4.781 M517 0.029714664 25.037357 1.0329486 1.0469778 21.700375 0.9469268 decam -6.547161 5.668412 190 object IBIS_wide_M517_531202 531202 0.028921 924.0 1948.0 -0.17312637 1.0001348 0.00049676583 0.040939935 -0.00045948307 1.0000293 16311066751 309.5683
rawdata/DECam_01382989.fits.fz N4 1382989 332.5983 60795.2130036 1.15 204.81672392410815 -6.094103804336536 204.82427916666668 -6.019 M517 0.02881494 25.053747 1.046982 1.0899218 21.683393 1.0111942 decam -5.1343894 10.9941635 196 object IBIS_wide_M517_531195 531195 0.028142 924.0 1948.0 -0.2312268 1.0000116 0.00064127386 0.12770869 -0.0008392016 1.000001 16505390717 328.91635
rawdata/DECam_01382990.fits.fz N4 1382990 316.6784 60795.21719705 1.16 207.02373377818896 -4.998103813846939 207.031275 -4.923 M517 0.033264995 25.068201 1.0627146 1.0520887 21.69384 0.9088121 decam -9.222324 13.515196 182 object IBIS_wide_M517_534183 534183 0.028034 924.0 1948.0 -0.20837028 1.000075 0.00066514895 0.07890698 -0.0004886103 0.99997336 16360277437 348.4531
rawdata/DECam_01382991.fits.fz N4 1382991 287.4185 60795.22120924 1.18 205.63972770426614 -5.1611038124347095 205.64727083333332 -5.086 M517 0.027897105 25.058693 1.0568304 1.0325987 21.672266 0.90888023 decam -6.930696 12.07948 175 object IBIS_wide_M517_534182 534182 0.027938 924.0 1948.0 -0.11828908 1.0000037 0.0005776746 0.044825803 -0.00053001055 0.9999964 16296325688 316.23364
rawdata/DECam_01382992.fits.fz N4 1382992 396.708 60795.22488966 1.18 208.80774344846375 -3.5981038259500036 208.81527083333333 -3.523 M517 0.03919427 25.051414 1.0497693 1.149303 21.666012 1.1472033 decam -18.049305 18.68258 199 object IBIS_wide_M517_531294 531294 0.04101 924.0 1948.0 -0.1410397 1.0000362 0.00068762637 -0.030987976 -0.00055465585 1.0000699 16670962931 345.80444
rawdata/DECam_01382993.fits.fz N4 1382993 436.7678 60795.22983845 1.17 210.1697310433742 -4.872103814938115 210.17727083333332 -4.797 M517 0.029979276 25.046623 1.043473 1.2475958 21.647236 1.3871967 decam -13.093163 17.485413 159 object IBIS_wide_M517_531268 531268 0.029481 924.0 1948.0 0.04159978 1.0001316 0.00074349664 0.04436218 -0.0008572648 1.0000509 17029354239 314.85645
rawdata/DECam_01382994.fits.fz N4 1382994 363.4281 60795.23524874 1.2 208.47472765668266 -5.1651038124000435 208.48227083333333 -5.09 M517 0.025859574 25.05488 1.0565056 1.145153 21.63308 1.1665554 decam -3.7227662 10.994325 169 object IBIS_wide_M517_534098 534098 0.02785 924.0 1948.0 -0.08018583 1.0002158 0.0007343612 0.06727845 -0.0005985043 1.0000478 16672545745 311.53952
rawdata/DECam_01382995.fits.fz N4 1382995 284.7285 60795.23982281 1.19 211.2817359304841 -5.170103812356712 211.28927916666666 -5.095 M517 0.024189368 25.061577 1.0613408 1.0317478 21.625988 0.9418813 decam -13.530745 19.195923 203 object IBIS_wide_M517_534248 534248 0.027633 924.0 1948.0 0.15055038 1.0001013 0.00077451527 0.034625307 -0.0008510412 1.0000395 16330469278 302.29764
rawdata/DECam_01382996.fits.fz N4 1382996 318.6384 60795.24348052 1.2 210.3107149690438 -6.138103803953966 210.31827083333334 -6.063 M517 0.035819422 25.05146 1.0531845 1.046426 21.59977 1.011156 decam -10.951074 9.090539 231 object IBIS_wide_M517_531261 531261 0.029156 924.0 1948.0 -0.18130058 1.0001564 0.0007315907 0.024743713 -0.00057199236 1.0000939 16493238959 315.1229
rawdata/DECam_01382997.fits.fz N4 1382997 354.3682 60795.24752846 1.2 212.00372423537013 -5.767103807177786 212.011275 -5.692 M517 0.027071357 25.054562 1.0561956 1.0964035 21.593512 1.1098821 decam -12.543536 13.527254 217 object IBIS_wide_M517_534246 534246 0.027457 924.0 1948.0 -0.09764348 1.0001498 0.000831006 0.11961286 -0.0008231434 1.0000325 16692018793 319.28455
rawdata/DECam_01382999.fits.fz N4 1382999 500.0 60795.25814233 1.22 213.9277293279782 -5.697103807785572 213.93527916666667 -5.622 M517 0.03454715 25.051662 1.0567615 1.0934563 21.533936 1.1724443 decam -10.322628 10.441482 224 object IBIS_wide_M517_531255 531255 0.036821 924.0 1948.0 -0.16300717 1.0002029 0.0009227919 0.087093234 -0.0009393652 0.999992 17366125717 426.45947
rawdata/DECam_01383000.fits.fz N4 1383000 500.0 60795.26428294 1.23 214.44771577359586 -6.081103804449555 214.45527083333334 -6.006 M517 0.04753947 25.04643 1.0533677 1.0248107 21.533009 1.0410213 decam -4.8659663 13.271775 250 object IBIS_wide_M517_531253 531253 0.04116 924.0 1948.0 0.015713528 1.0000134 0.00084783457 0.20176572 -0.0010629463 1.0001997 17224566240 480.29758
rawdata/DECam_01382998.fits.fz N4 1382998 500.0 60795.2519874 1.21 213.40373441927883 -4.561103817629695 213.41127083333333 -4.486 M517 0.03551814 25.05163 1.0550377 1.1371286 21.591017 1.2029114 decam -10.840138 19.3153 196 object IBIS_wide_M517_534250 534250 0.037387 924.0 1948.0 -0.38099614 0.99994284 0.0007992347 0.023441194 -0.00085230224 1.0000579 17135422420 415.65823
rawdata/DECam_01383001.fits.fz N4 1383001 500.0 60795.27367507 1.21 220.917740738785 -4.749103816002919 220.92527916666666 -4.6739999999999995 M517 0.070495225 25.052227 1.0556177 1.149626 21.557077 1.2670914 decam -11.956578 21.024076 239 object IBIS_wide_M517_536956 536956 0.074722 924.0 1948.0 -0.30144846 1.0000517 0.0012123733 0.072605036 -0.0011196242 1.0000632 17274338970 394.60452
rawdata/DECam_01383002.fits.fz N4 1383002 500.0 60795.27981639 1.22 219.85571104038897 -6.94810379689944 219.86327916666667 -6.873 M517 0.058862973 25.062765 1.0676234 1.18837 21.532907 1.3576336 decam -11.293339 11.087423 250 object IBIS_wide_M517_539921 539921 0.064041 924.0 1948.0 -0.22886382 0.9998243 0.0010721706 0.12095335 -0.001090157 1.000111 17307243961 368.2879
rawdata/DECam_01383003.fits.fz N4 1383003 500.0 60795.28597131 1.24 222.25973115542828 -4.8621038150247005 222.26727083333333 -4.787 M517 0.075398654 25.048475 1.0570475 1.2211981 21.56098 1.4342089 decam -3.431238 14.91796 250 object IBIS_wide_M517_537440 537440 0.076227 924.0 1948.0 -0.2756215 1.0001533 0.0012347207 0.18027599 -0.0010660186 1.0001036 17190052053 348.62424
rawdata/DECam_01383004.fits.fz N4 1383004 500.0 60795.29211367 1.25 222.6487270051145 -5.87110380627451 222.65627916666665 -5.796 M517 0.07140772 25.052828 1.0629948 1.2270296 21.557308 1.4412206 decam 3.528163 9.879225 242 object IBIS_wide_M517_539924 539924 0.069839 924.0 1948.0 -0.18826954 1.0001684 0.0012156437 0.023776565 -0.0011446136 0.99998695 17193968636 346.92816
rawdata/DECam_01383005.fits.fz N4 1383005 500.0 60795.29826911 1.28 224.8277403063728 -3.9601038228246455 224.83527083333334 -3.885 M517 0.13631244 25.060333 1.0755271 1.1429676 21.534748 1.2595587 decam -1.7386267 3.9924042 217 object IBIS_wide_M517_540428 540428 0.1249 924.0 1948.0 -0.33365032 1.0000042 0.0011768872 -0.00023843152 -0.0012297638 1.0000951 17281744428 396.96445
rawdata/DECam_01383006.fits.fz N4 1383006 500.0 60795.30442691 1.3 225.12574711529697 -3.658103825432166 225.133275 -3.583 M517 0.14105535 25.045889 1.0647209 1.4386016 21.531279 2.0543149 decam 9.017856 -0.82423216 204 object IBIS_wide_M517_537443 537443 0.136 924.0 1948.0 -0.48751494 0.9996712 0.0011227229 0.023260923 -0.0011403324 1.0001686 17284763703 243.39015
rawdata/DECam_01383007.fits.fz N4 1383007 500.0 60795.31058038 1.33 226.58975540384372 -2.481103835579178 226.597275 -2.406 M517 0.08610814 25.034048 1.0582472 1.3039204 21.549782 1.6961899 decam 12.376449 -10.026712 239 object IBIS_wide_M517_537455 537455 0.085104 924.0 1948.0 -0.22864302 1.0002795 0.001254734 0.04798959 -0.001086916 1.0000831 17194660858 294.77832
