logs/db-2024-06-05.ecsv
# %ECSV 1.0
# ---
# datatype:
# - {name: filename, datatype: string}
# - {name: extension, datatype: string}
# - {name: expnum, datatype: int64}
# - {name: exptime, datatype: float32}
# - {name: mjd_obs, datatype: float64}
# - {name: airmass, datatype: float32}
# - {name: racenter, datatype: float64}
# - {name: deccenter, datatype: float64}
# - {name: rabore, datatype: float64}
# - {name: decbore, datatype: float64}
# - {name: band, datatype: string}
# - {name: ebv, datatype: float32}
# - {name: zeropoint, datatype: float32}
# - {name: transparency, datatype: float32}
# - {name: seeing, datatype: float32}
# - {name: sky, datatype: float32}
# - {name: expfactor, datatype: float32}
# - {name: camera, datatype: string}
# - {name: dx, datatype: float32}
# - {name: dy, datatype: float32}
# - {name: nmatched, datatype: int64}
# - {name: obstype, datatype: string}
# - {name: object, datatype: string}
# - {name: tileid, datatype: int64}
# - {name: tileebv, datatype: float32}
# - {name: affine_x0, datatype: float32}
# - {name: affine_y0, datatype: float32}
# - {name: affine_dx, datatype: float32}
# - {name: affine_dxx, datatype: float32}
# - {name: affine_dxy, datatype: float32}
# - {name: affine_dy, datatype: float32}
# - {name: affine_dyx, datatype: float32}
# - {name: affine_dyy, datatype: float32}
# - {name: checksum, datatype: string}
# - {name: efftime, datatype: float32}
# schema: astropy-2.0
filename extension expnum exptime mjd_obs airmass racenter deccenter rabore decbore band ebv zeropoint transparency seeing sky expfactor camera dx dy nmatched obstype object tileid tileebv affine_x0 affine_y0 affine_dx affine_dxx affine_dxy affine_dy affine_dyx affine_dyy checksum efftime
[from data line 47]
rawdata/DECam_01302999.fits.fz N4 1302999 300.0 60467.37878831 1.04 319.35550228498465 -14.866103726183372 319.363275 -14.791 M464 0.051491063 23.633799 0.29812548 1.3087958 21.51649 20.305056 decam 19.3089 12.451572 180 object IBIS_wide_M464_353897 0 0.0 924.0 1948.0 0.08015949 0.9996283 0.0015333557 0.32600564 -0.0015377996 1.0001731 16429520073 14.774645
rawdata/DECam_01303000.fits.fz N4 1303000 300.0 60467.38263166 1.04 320.64250073404486 -14.909103725787611 320.65027499999997 -14.834 M464 0.07387075 23.702059 0.31747064 1.5300997 21.499573 24.847755 decam 20.4221 19.581146 150 object IBIS_wide_M464_353898 0 0.0 924.0 1948.0 -0.3116204 1.0001262 0.0015899185 -0.14968409 -0.0013284597 1.0000217 16574693548 12.073525
rawdata/DECam_01303001.fits.fz N4 1303001 300.0 60467.38648749 1.04 322.1944927618412 -14.899103725879668 322.2022666666667 -14.824 M464 0.06563822 23.903812 0.3823003 1.6332563 21.54881 18.655327 decam 9.851225 17.74116 155 object IBIS_wide_M464_353890 0 0.0 924.0 1948.0 0.065855466 1.0002007 0.001453534 0.06708 -0.0015118795 1.0001289 16396467909 16.081198
rawdata/DECam_01303002.fits.fz N4 1303002 300.0 60467.39032445 1.04 323.7454931587716 -14.888103725980914 323.75326666666666 -14.813 M464 0.059353575 24.063562 0.44289905 1.4044361 21.593601 9.865636 decam 9.634938 17.30021 176 object IBIS_wide_M464_348834 0 0.0 924.0 1948.0 -0.15659046 1.0001149 0.0013400253 0.11017751 -0.0015354664 1.0001636 16359121792 30.408583
rawdata/DECam_01303003.fits.fz N4 1303003 300.0 60467.39416922 1.04 325.279495663371 -14.93410372555745 325.2872708333333 -14.859 M464 0.053117916 23.738083 0.32818106 1.4262642 21.460867 20.94017 decam 3.1764276 19.311419 110 object IBIS_wide_M464_354835 0 0.0 924.0 1948.0 -0.16194412 1.0001621 0.0014115467 -0.027036136 -0.0015267306 1.0000464 16485069521 14.32653
rawdata/DECam_01303004.fits.fz N4 1303004 300.0 60467.39800241 1.04 325.7335015642389 -14.886103725999318 325.741275 -14.811 M464 0.052675884 23.706573 0.3187936 1.2836107 21.446472 18.219572 decam 1.5475863 14.154589 119 object IBIS_wide_M464_357821 0 0.0 924.0 1948.0 0.16821536 1.0000111 0.0014617053 0.17103738 -0.0013953476 1.0001398 16513682593 16.465809
rawdata/DECam_01303005.fits.fz N4 1303005 300.0 60467.40187039 1.04 328.444495518573 -14.938103725520621 328.45227083333333 -14.863 M464 0.048538286 23.700235 0.31693804 1.2963061 21.511024 17.714289 decam -1.3225127 27.43084 117 object IBIS_wide_M464_357817 0 0.0 924.0 1948.0 -0.15786643 1.000084 0.0011031526 0.24752772 -0.001553752 1.0003 16428277937 16.935482
rawdata/DECam_01303006.fits.fz N4 1303006 300.0 60467.40569906 1.04 329.95249319484 -14.887103725990114 329.96026666666666 -14.812 M464 0.042574678 23.76517 0.33647108 1.4057128 21.503012 18.61501 decam 5.342959 28.204721 112 object IBIS_wide_M464_357738 0 0.0 924.0 1948.0 -0.2125677 0.99999875 0.0013732038 0.17292246 -0.0012302632 1.0002434 16448038961 16.116028
rawdata/DECam_01303007.fits.fz N4 1303007 300.0 60467.40952482 1.04 331.21149968523974 -14.938103725520621 331.21927500000004 -14.863 M464 0.035244413 23.883026 0.37505096 1.5960026 21.518864 19.027756 decam 10.1554575 31.586706 101 object IBIS_wide_M464_357779 0 0.0 924.0 1948.0 -0.087899074 1.0001224 0.0011702414 -0.110470586 -0.00077144173 1.0002067 16439593563 15.766441
rawdata/DECam_01303008.fits.fz N4 1303008 300.0 60467.41334503 1.04 331.709507727374 -14.714103727581053 331.717275 -14.639 M464 0.029855393 23.704409 0.31815863 1.4164256 21.462198 21.947388 decam 7.9018703 32.93032 90 object IBIS_wide_M464_354794 0 0.0 924.0 1948.0 0.11699108 1.0002904 0.001059555 0.3012119 -0.0010695644 1.0001361 16499143334 13.669053
rawdata/DECam_01303009.fits.fz N4 1303009 300.0 60467.41717755 1.04 331.709507727374 -14.714103727581053 331.717275 -14.639 M464 0.029855393 23.564629 0.279725 1.3995373 21.444483 28.176575 decam 11.60781 20.580978 85 object IBIS_wide_M464_354794 0 0.0 924.0 1948.0 0.18141758 1.0003302 0.0011826182 0.22967955 -0.0013298454 1.000115 16511434717 10.647142
rawdata/DECam_01303010.fits.fz N4 1303010 300.0 60467.42100722 1.04 332.8185028125064 -14.735103727388069 332.82627083333335 -14.66 M464 0.034744866 23.359571 0.23158401 1.3684081 21.428236 39.89515 decam 18.53473 35.24084 74 object IBIS_wide_M464_357774 0 0.0 924.0 1948.0 -0.15946288 1.0000875 0.0011504566 0.17549261 -0.0013544746 1.0001667 16500149973 7.519711
rawdata/DECam_01303011.fits.fz N4 1303011 300.0 60467.42484651 1.04 334.3015070861316 -14.732103727415643 334.309275 -14.657 M464 0.031894587 23.426405 0.24628718 1.442826 21.332245 42.83396 decam 17.063961 37.019882 84 object IBIS_wide_M464_357775 0 0.0 924.0 1948.0 -0.033601727 1.0000999 0.0008909278 0.086712115 -0.0010692615 1.0001537 16636610289 7.0037885
rawdata/DECam_01303012.fits.fz N4 1303012 300.0 60467.42868743 1.04 336.8995041179965 -14.815103726652545 336.90727499999997 -14.74 M464 0.039484877 23.375242 0.23495077 1.3463279 21.251516 44.15309 decam 19.612917 28.738623 74 object IBIS_wide_M464_357763 0 0.0 924.0 1948.0 -0.5100562 1.000201 0.0005781236 0.11707356 -0.00079155446 1.0000927 16706458508 6.7945414
rawdata/DECam_01303013.fits.fz N4 1303013 300.0 60467.4325386 1.04 338.4154905547432 -14.960103725318026 338.4232666666667 -14.885 M464 0.053782832 23.846535 0.36265498 1.4006747 21.005226 25.163485 decam 23.281364 34.762703 70 object IBIS_wide_M464_357758 0 0.0 924.0 1948.0 -0.05926456 1.0004817 0.0008496087 -0.029047037 -0.00068340683 0.99996215 17041830626 11.922037
rawdata/DECam_01303014.fits.fz N4 1303014 300.0 60467.4363656 1.04 338.4154905547432 -14.960103725318026 338.4232666666667 -14.885 M464 0.053782832 24.130707 0.47115365 1.3157594 20.457642 21.78809 decam 24.067505 23.89992 75 object IBIS_wide_M464_357758 0 0.0 924.0 1948.0 -0.24335884 1.0007977 0.0009010147 0.062286206 -0.00079070433 1.0000986 18131771831 13.7689905
