logs/db-2025-10-16.ecsv
# %ECSV 1.0
# ---
# datatype:
# - {name: filename, datatype: string}
# - {name: extension, datatype: string}
# - {name: expnum, datatype: int64}
# - {name: exptime, datatype: float32}
# - {name: mjd_obs, datatype: float64}
# - {name: airmass, datatype: float32}
# - {name: racenter, datatype: float64}
# - {name: deccenter, datatype: float64}
# - {name: rabore, datatype: float64}
# - {name: decbore, datatype: float64}
# - {name: band, datatype: string}
# - {name: ebv, datatype: float32}
# - {name: zeropoint, datatype: float32}
# - {name: transparency, datatype: float32}
# - {name: seeing, datatype: float32}
# - {name: sky, datatype: float32}
# - {name: expfactor, datatype: float32}
# - {name: camera, datatype: string}
# - {name: dx, datatype: float32}
# - {name: dy, datatype: float32}
# - {name: nmatched, datatype: int64}
# - {name: obstype, datatype: string}
# - {name: object, datatype: string}
# - {name: tileid, datatype: int64}
# - {name: tileebv, datatype: float32}
# - {name: affine_x0, datatype: float32}
# - {name: affine_y0, datatype: float32}
# - {name: affine_dx, datatype: float32}
# - {name: affine_dxx, datatype: float32}
# - {name: affine_dxy, datatype: float32}
# - {name: affine_dy, datatype: float32}
# - {name: affine_dyx, datatype: float32}
# - {name: affine_dyy, datatype: float32}
# - {name: checksum, datatype: string}
# - {name: efftime, datatype: float32}
# schema: astropy-2.0
filename extension expnum exptime mjd_obs airmass racenter deccenter rabore decbore band ebv zeropoint transparency seeing sky expfactor camera dx dy nmatched obstype object tileid tileebv affine_x0 affine_y0 affine_dx affine_dxx affine_dxy affine_dy affine_dyx affine_dyy checksum efftime
rawdata/DECam_01426243.fits.fz N4 1426243 15.0 60964.99084488 1.14 279.0992446105669 -44.30093643183224 279.10974166666665 -44.225833055555555 M490 0.050970625 25.01553 1.059848 1.2067231 18.811378 17.07936 decam -51.277893 48.78996 1308 object "LTT7379 N4" 0 0.0 924.0 1948.0 -0.39363313 0.9999467 0.0026453345 -0.24296927 -0.0028519207 1.0000765 16048831335 0.87825304
rawdata/DECam_01426244.fits.fz N4 1426244 15.0 60964.9913214 1.15 278.66524877723356 -44.30093643183225 278.67574583333334 -44.225833055555555 M490 0.07475387 25.022488 1.068599 1.1446099 18.92526 13.662683 decam -42.69641 53.32003 1431 object "LTT7379 N5" 0 0.0 924.0 1948.0 -0.4843372 1.0001218 0.0026590615 0.10993021 -0.0025977178 1.0000087 15976697017 1.0978811
rawdata/DECam_01426242.fits.fz N4 1426242 30.0 60964.98779615 1.0 313.34522947453183 -30.79371356339402 313.353975 -30.718609999999998 r 0.094289176 26.856617 1.0362084 1.0403131 18.361967 9.827546 decam -13.573941 2.986171 321 object pointing 0 0.0 924.0 1948.0 -0.110572256 1.0000339 0.0020042036 0.3139692 -0.0020320609 0.9999714 25889288724 3.052644
rawdata/DECam_01426245.fits.fz N4 1426245 15.0 60964.99180768 1.14 279.53320634919174 -44.467603373471604 279.54373333333336 -44.3925 M490 0.06628882 25.02054 1.0647504 1.106457 19.061745 11.300869 decam -53.286526 41.00165 1305 object "LTT7379 S3" 0 0.0 924.0 1948.0 -0.079267815 0.99989796 0.00266928 0.20184791 -0.0027553134 1.000046 15915510803 1.3273315
rawdata/DECam_01426241.fits.fz N4 1426241 5.0 60964.98627072 1.0 313.34522947453183 -30.79371356339402 313.353975 -30.718609999999998 r 0.094289176 26.845812 1.0259472 1.2327251 17.852356 22.493046 decam -9.69864 -71.25728 182 object pointing 0 0.0 924.0 1948.0 0.12322514 0.9996946 0.0018201855 0.30846652 -0.002070041 1.0000405 18182120948 0.22229093
rawdata/DECam_01426246.fits.fz N4 1426246 15.0 60964.99230566 1.15 279.09921468252503 -44.467603373471604 279.10974166666665 -44.3925 M490 0.06489883 25.01763 1.0638298 1.0881038 19.175097 9.899208 decam -38.981316 51.335564 1475 object "LTT7379 S4" 0 0.0 924.0 1948.0 -0.09818409 1.000043 0.002658891 0.34813184 -0.0026466832 0.9999704 15882405622 1.5152726
rawdata/DECam_01426247.fits.fz N4 1426247 15.0 60964.99279884 1.15 278.6652188491917 -44.467603373471604 278.67574583333334 -44.3925 M490 0.057193663 25.023325 1.0694244 1.1542969 19.280176 10.004723 decam -28.011189 59.29564 1551 object "LTT7379 S5" 0 0.0 924.0 1948.0 -0.1295277 0.9999223 0.0024974279 -0.13111663 -0.0028509614 0.99998367 15841759352 1.4992919
rawdata/DECam_01426254.fits.fz N4 1426254 150.0 60965.00016102 1.19 346.8216451943705 -15.620103719220527 346.8294458333333 -15.545 M490 0.03503893 25.018148 1.0720912 1.3022968 21.134235 2.329869 decam 8.460365 50.42351 111 object "NGC7492 position 0" 0 0.0 924.0 1948.0 -0.087219775 1.0002619 0.000494288 0.0014144729 -0.00048408526 1.000076 16272482255 64.3813
rawdata/DECam_01426255.fits.fz N4 1426255 150.0 60965.00226352 1.18 346.7825840049654 -15.58562983065109 346.79038333333335 -15.510526111111112 M490 0.034763694 25.018051 1.0700518 1.1722715 21.367332 1.523902 decam -3.5763338 34.386322 113 object "NGC7492 position 1" 0 0.0 924.0 1948.0 -0.17543495 0.9999796 0.00019383154 0.0062963506 -0.0005461815 1.0000372 16122059919 98.431526
rawdata/DECam_01426256.fits.fz N4 1426256 150.0 60965.00434454 1.18 346.82817995074373 -15.69199566299845 346.83598333333333 -15.616891944444445 M490 0.035003427 25.016066 1.0680962 1.1706176 21.534885 1.3070774 decam -8.507135 32.92446 117 object "NGC7492 position 2" 0 0.0 924.0 1948.0 -0.12404847 1.0002663 0.00048510826 -0.045075987 -0.0005168083 1.0000335 15994881654 114.75984
rawdata/DECam_01426257.fits.fz N4 1426257 150.0 60965.00641722 1.17 346.8774478579032 -15.549951775426027 346.88524583333333 -15.474848055555556 M490 0.03550784 25.027044 1.0769949 1.1029651 21.615814 1.0557016 decam -13.187177 29.741358 132 object "NGC7492 position 3" 0 0.0 924.0 1948.0 0.01926896 0.99984026 0.00045131007 -0.09524995 -0.00040582687 1.0000292 15895488557 142.0856
rawdata/DECam_01426258.fits.fz N4 1426258 150.0 60965.00849053 1.16 346.7173028515118 -15.637856774611535 346.7251041666667 -15.562753055555556 M490 0.03498728 25.029495 1.0774726 1.0734208 21.619375 0.9922522 decam -13.594747 38.976727 110 object "NGC7492 position 4" 0 0.0 924.0 1948.0 -0.16859356 0.9997617 0.00019594989 -0.061079696 -0.00024331374 0.9999854 16004740356 151.17125
rawdata/DECam_01426259.fits.fz N4 1426259 30.0 60965.01112266 1.05 326.74170608255866 -13.792047624907662 326.74944166666666 -13.716943888888888 M490 0.040757563 25.045105 1.0714751 1.1069065 21.627022 1.01789 decam -6.551001 40.0738 120 object pointing 0 0.0 924.0 1948.0 -0.06516624 0.999979 0.0011048138 0.09140198 -0.00095575594 0.9999916 15500373013 29.472733
rawdata/DECam_01426260.fits.fz N4 1426260 519.0865 60965.01317834 1.05 326.74153941403245 -13.79210373601826 326.749275 -13.717 M490 0.040760167 25.027868 1.0545981 1.1437417 21.659376 1.0887469 decam 2.2955656 -2.9357953 241 object IBIS_wide_M490_454839 454839 0.04155 924.0 1948.0 -0.01076749 1.0000343 0.0011307964 0.13852975 -0.001059589 0.9999859 17109610176 476.7743
rawdata/DECam_01426261.fits.fz N4 1426261 468.7169 60965.01952826 1.05 328.9015133890066 -14.5541037290502 328.90927500000004 -14.479 M490 0.049619075 25.04715 1.0734937 1.0939826 21.675661 0.9471752 decam -3.0975163 -6.140409 224 object IBIS_wide_M490_454832 454832 0.049965 924.0 1948.0 -0.23609678 0.9999538 0.0009392926 0.06859115 -0.0010450056 0.99994445 16879184429 494.85767
rawdata/DECam_01426262.fits.fz N4 1426262 477.5968 60965.02527982 1.04 327.6805348487405 -13.929103734768901 327.688275 -13.854 M490 0.051053908 25.039454 1.0639791 1.1517102 21.673643 1.0665246 decam -2.9339182 -8.474944 223 object IBIS_wide_M490_457819 457819 0.047136 924.0 1948.0 0.09956524 0.99985373 0.0009969851 0.15416713 -0.0011137559 0.99993074 16992829289 447.8066
rawdata/DECam_01426263.fits.fz N4 1426263 503.4167 60965.03113147 1.04 330.15650646033987 -14.514103729417148 330.16426666666666 -14.439 M490 0.040774062 25.033833 1.0584852 1.1860336 21.68856 1.1270972 decam -14.19097 -6.5496073 210 object IBIS_wide_M490_454795 454795 0.040115 924.0 1948.0 0.019906068 0.999944 0.0009630216 0.12162293 -0.000905221 1.0000539 16934413420 446.64886
rawdata/DECam_01426264.fits.fz N4 1426264 381.8975 60965.03726713 1.04 331.66350263418826 -14.740103727342118 331.6712708333334 -14.665 M490 0.03073593 25.038965 1.0635018 1.0582886 21.659462 0.9134954 decam -12.422022 -8.476411 203 object IBIS_wide_M490_454794 454794 0.035641 924.0 1948.0 0.119527005 0.9998474 0.000824281 0.15718924 -0.00087023474 0.9999165 16689645280 418.06177
rawdata/DECam_01426265.fits.fz N4 1426265 437.6971 60965.04200797 1.04 331.9015234070134 -14.266103731689315 331.909275 -14.191 M490 0.03454198 25.038143 1.0626966 1.0713289 21.654335 0.9419517 decam -16.627022 -3.5740373 192 object IBIS_wide_M490_457780 457780 0.037017 924.0 1948.0 -0.16384372 0.9999075 0.00079761166 0.16514614 -0.00088897184 1.000001 16835565435 464.6704
rawdata/DECam_01426266.fits.fz N4 1426266 377.6574 60965.04739551 1.04 334.5495065770164 -14.629103728361805 334.55727083333335 -14.554 M490 0.029914826 25.037874 1.0624334 1.0542607 21.6915 0.88198256 decam -11.341974 -4.8785872 204 object IBIS_wide_M490_454790 454790 0.034301 924.0 1948.0 0.026615353 1.000163 0.0007473872 0.09518677 -0.0009237677 1.0000229 16804671776 428.19144
rawdata/DECam_01426267.fits.fz N4 1426267 346.3677 60965.05207958 1.04 335.91050547752377 -14.5421037291603 335.9182666666666 -14.467 M490 0.036669765 25.032944 1.0576197 0.99778426 21.691956 0.7971009 decam -15.68487 -11.175079 190 object IBIS_wide_M490_454779 454779 0.035757 924.0 1948.0 -0.07705861 0.9999529 0.00065520813 0.13227084 -0.00091157504 0.9999676 16559655327 434.53433
rawdata/DECam_01426268.fits.fz N4 1426268 431.2772 60965.05640526 1.04 337.42850530179965 -14.547103729114426 337.43626666666665 -14.472 M490 0.04765479 25.035309 1.0599262 0.99423355 21.678854 0.79757726 decam -21.113003 2.1282504 159 object IBIS_wide_M490_454778 454778 0.045742 924.0 1948.0 0.03677032 0.9999568 0.0006207168 -0.09410768 -0.0006303054 0.99987096 19091895234 540.7341
rawdata/DECam_01426269.fits.fz N4 1426269 389.3575 60965.06171612 1.04 338.0405103705997 -14.402103730443914 338.0482666666667 -14.327 M490 0.06552047 25.037739 1.0623012 1.04104 21.704174 0.8502805 decam -31.490574 12.74856 149 object IBIS_wide_M490_457764 457764 0.053088 924.0 1948.0 -0.14979513 0.9998672 0.0006027065 0.026403846 -0.00071970944 0.9999655 16579194914 457.9165
rawdata/DECam_01426270.fits.fz N4 1426270 518.5266 60965.0665515 1.04 338.0515345470927 -13.938103734686774 338.059275 -13.863 M490 0.060273014 25.021776 1.0467976 1.1522346 21.698164 1.0781974 decam -23.064081 10.6381855 149 object IBIS_wide_M490_454781 454781 0.055268 924.0 1948.0 -0.13890162 1.0000466 0.0006388494 0.028799059 -0.00072426954 1.0000367 17130413584 480.91992
rawdata/DECam_01426271.fits.fz N4 1426271 411.7574 60965.07286024 1.04 339.37053739603755 -13.727103736610509 339.3782708333334 -13.652 M490 0.050235018 25.039412 1.0639385 1.034941 21.713736 0.8304395 decam -24.52822 14.075466 153 object IBIS_wide_M490_454776 454776 0.051166 924.0 1948.0 -0.09272962 1.0000339 0.0005463704 -0.09798494 -0.0007201135 1.0000923 17013310480 495.83072
rawdata/DECam_01426272.fits.fz N4 1426272 440.9471 60965.07795096 1.05 341.1415647147072 -13.004103743176412 341.149275 -12.929 M490 0.056748345 25.032784 1.0593843 1.0235689 21.70283 0.8306108 decam -13.920952 16.864473 160 object IBIS_wide_M490_455085 455085 0.055278 924.0 1948.0 -0.1546407 1.0000923 0.0005445764 -0.021250922 -0.00059453334 1.0000259 16864408931 530.87085
rawdata/DECam_01426273.fits.fz N4 1426273 365.6677 60965.08335537 1.05 343.1395684253736 -12.884103744262433 343.147275 -12.809 M490 0.041371375 25.036804 1.063314 1.0036585 21.721413 0.77934223 decam -15.034327 20.494144 130 object IBIS_wide_M490_457985 457985 0.041875 924.0 1948.0 -0.07900162 1.0000634 0.00043808162 0.008513693 -0.00032447674 0.99994516 16615490102 469.2004
rawdata/DECam_01426274.fits.fz N4 1426274 364.1777 60965.08790782 1.05 344.42059221292305 -12.084103751476512 344.428275 -12.009 M490 0.037024576 25.039883 1.0663337 1.0523949 21.719732 0.8531486 decam -7.908321 18.628162 133 object IBIS_wide_M490_455011 455011 0.039773 924.0 1948.0 0.069937244 1.0001603 0.000108400905 0.0025121493 -0.00022158393 0.99991417 16564307913 426.86316
rawdata/DECam_01426275.fits.fz N4 1426275 369.4777 60965.09244332 1.06 346.15159975887127 -11.818103753865508 346.159275 -11.743 M490 0.038989954 25.044197 1.0725235 1.0113103 21.72886 0.7752025 decam -13.4158945 19.589293 139 object IBIS_wide_M490_457996 457996 0.038626 924.0 1948.0 -0.13893062 0.9996619 0.00019917304 0.032233566 -0.00024208993 0.9999646 16471350851 476.62088
rawdata/DECam_01426276.fits.fz N4 1426276 330.1879 60965.09705216 1.06 345.23760010168195 -11.504103756679642 345.2452666666666 -11.429 M490 0.042560257 25.044739 1.0730596 0.98740584 21.724857 0.74106574 decam -4.406788 20.49061 162 object IBIS_wide_M490_455012 455012 0.041362 924.0 1948.0 -0.08491708 1.0001684 0.00027336864 -0.041842002 -0.00037921325 1.0001168 16400594094 445.55817
rawdata/DECam_01426277.fits.fz N4 1426277 355.4677 60965.10121996 1.06 347.20361725790843 -11.016103761040826 347.21127083333334 -10.941 M490 0.034248836 25.05307 1.0813246 1.0215583 21.727232 0.77929854 decam -17.746346 33.507957 155 object IBIS_wide_M490_455014 455014 0.033992 924.0 1948.0 -0.11878429 1.0000675 0.00020465066 -0.05080367 -0.00017821537 1.0000064 16439971524 456.13803
rawdata/DECam_01426278.fits.fz N4 1426278 300.488 60965.10567518 1.06 348.88163165108745 -10.615103764613668 348.889275 -10.54 M490 0.032943293 25.045847 1.0741554 1.0075797 21.717022 0.7755823 decam -26.707355 19.35259 145 object IBIS_wide_M490_458037 458037 0.032548 924.0 1948.0 -0.11096762 1.0000643 0.00016718652 -0.04863698 -0.00021231496 0.9998749 16323348514 387.43533
rawdata/DECam_01426279.fits.fz N4 1426279 349.4678 60965.10947501 1.07 347.49563344476286 -10.543103765254175 347.50327500000003 -10.468 M490 0.030634586 25.045168 1.075433 1.0227239 21.658953 0.8439661 decam -28.735071 29.909344 138 object IBIS_wide_M490_458000 458000 0.033989 924.0 1948.0 -0.048940845 0.99988 0.00016464687 -0.009689109 0.000185037 0.9999781 16824645466 414.078
rawdata/DECam_01426280.fits.fz N4 1426280 478.777 60965.11386037 1.07 349.6456440980409 -9.927103770722034 349.65327083333335 -9.852 M490 0.031495154 25.04025 1.0705733 1.183724 21.660196 1.1388894 decam -40.241554 25.144903 137 object IBIS_wide_M490_458038 458038 0.030408 924.0 1948.0 -0.06981058 1.0000222 5.6622754e-05 0.061324872 -0.00011728404 0.99982375 16907936950 420.38934
rawdata/DECam_01426281.fits.fz N4 1426281 405.6475 60965.11973367 1.07 352.7006585434644 -9.475103774721024 352.70827499999996 -9.4 M490 0.029624907 25.041683 1.0719855 1.0941197 21.684956 0.9488441 decam -45.11171 25.96045 141 object IBIS_wide_M490_455043 455043 0.029954 924.0 1948.0 -0.10619275 1.0000142 -0.00010762809 -0.16234347 0.00010094249 0.99994594 16642474412 427.51758
rawdata/DECam_01426282.fits.fz N4 1426282 393.0974 60965.12601202 1.08 353.8776766150776 -8.825103780453487 353.8852791666667 -8.75 M490 0.02680384 25.036074 1.0683984 1.0913601 21.653238 0.9821543 decam 10.202956 6.7867427 121 object IBIS_wide_M490_458030 458030 0.028647 924.0 1948.0 -0.02587823 1.0000885 -0.00010105954 -0.116504386 0.0002216283 1.0000213 17713023413 400.23996
rawdata/DECam_01426283.fits.fz N4 1426283 428.7973 60965.13089188 1.08 353.54566258837446 -9.097103778057216 353.5532708333334 -9.022 M490 0.031917386 25.037045 1.0693556 1.1155484 21.661444 1.0165331 decam -0.5658244 6.5286913 125 object IBIS_wide_M490_455044 455044 0.028396 924.0 1948.0 -0.080503985 1.0000026 3.001958e-06 -0.015590362 0.0004382111 0.9999453 16741921379 421.82327
rawdata/DECam_01426284.fits.fz N4 1426284 435.0573 60965.13620568 1.09 356.01768072268516 -8.198103785963987 356.02527083333337 -8.123 M490 0.027873622 25.048775 1.0829338 1.1345581 21.634392 1.0548877 decam 10.291508 1.017447 109 object IBIS_wide_M490_458032 458032 0.028763 924.0 1948.0 -0.044563364 1.000153 -0.00025325804 -0.014080998 7.2401395e-05 0.9999331 17054118130 412.4205
rawdata/DECam_01426285.fits.fz N4 1426285 407.6574 60965.14154717 1.09 358.0876923399059 -7.56410379151837 358.0952708333333 -7.489 M490 0.046411388 25.030872 1.0652239 1.0277596 21.626415 0.90164095 decam 8.496898 5.339748 125 object IBIS_wide_M490_458198 458198 0.038071 924.0 1948.0 -0.17262751 1.0002192 -0.00032338884 -0.03395837 0.00076384743 0.9998841 16727814667 452.1283
rawdata/DECam_01426286.fits.fz N4 1426286 443.7072 60965.14659493 1.1 359.32969895854285 -7.177103794900727 359.3372708333333 -7.102 M490 0.041534323 25.027658 1.0640048 1.028518 21.612007 0.92046267 decam 17.380396 1.5908967 130 object IBIS_wide_M490_455215 455215 0.035896 924.0 1948.0 0.20029056 1.0001917 -0.00034239478 -0.08827012 0.0005944861 0.99998313 16843210260 482.048
rawdata/DECam_01426287.fits.fz N4 1426287 453.9671 60965.1520555 1.11 358.19870003520145 -7.112103795468247 358.20627083333335 -7.037 M490 0.033315714 25.026073 1.0643817 1.1144612 21.596645 1.0989381 decam 24.894505 -2.2795267 114 object IBIS_wide_M490_458203 458203 0.033451 924.0 1948.0 -0.00881834 0.9998548 -0.00034168706 0.004973709 0.00010906016 0.9999612 16922934331 413.09616
rawdata/DECam_01426288.fits.fz N4 1426288 441.4972 60965.15765193 1.13 358.98373123505235 -5.550103809061444 358.9912791666667 -5.475 M490 0.030048918 25.02275 1.0649867 1.0515783 21.548538 1.029284 decam 11.806813 12.42851 116 object IBIS_wide_M490_455224 455224 0.029939 924.0 1948.0 0.07251537 1.000161 -0.0003909574 -0.28460714 6.00839e-05 1.0000252 17056486345 428.93625
