logs/db-2025-05-29.ecsv
# %ECSV 1.0
# ---
# datatype:
# - {name: filename, datatype: string}
# - {name: extension, datatype: string}
# - {name: expnum, datatype: int64}
# - {name: exptime, datatype: float32}
# - {name: mjd_obs, datatype: float64}
# - {name: airmass, datatype: float32}
# - {name: racenter, datatype: float64}
# - {name: deccenter, datatype: float64}
# - {name: rabore, datatype: float64}
# - {name: decbore, datatype: float64}
# - {name: band, datatype: string}
# - {name: ebv, datatype: float32}
# - {name: zeropoint, datatype: float32}
# - {name: transparency, datatype: float32}
# - {name: seeing, datatype: float32}
# - {name: sky, datatype: float32}
# - {name: expfactor, datatype: float32}
# - {name: camera, datatype: string}
# - {name: dx, datatype: float32}
# - {name: dy, datatype: float32}
# - {name: nmatched, datatype: int64}
# - {name: obstype, datatype: string}
# - {name: object, datatype: string}
# - {name: tileid, datatype: int64}
# - {name: tileebv, datatype: float32}
# - {name: affine_x0, datatype: float32}
# - {name: affine_y0, datatype: float32}
# - {name: affine_dx, datatype: float32}
# - {name: affine_dxx, datatype: float32}
# - {name: affine_dxy, datatype: float32}
# - {name: affine_dy, datatype: float32}
# - {name: affine_dyx, datatype: float32}
# - {name: affine_dyy, datatype: float32}
# - {name: checksum, datatype: string}
# - {name: efftime, datatype: float32}
# schema: astropy-2.0
filename extension expnum exptime mjd_obs airmass racenter deccenter rabore decbore band ebv zeropoint transparency seeing sky expfactor camera dx dy nmatched obstype object tileid tileebv affine_x0 affine_y0 affine_dx affine_dxx affine_dxy affine_dy affine_dyx affine_dyy checksum efftime
rawdata/DECam_01391587.fits.fz N4 1391587 5.0 60824.94593178 1.0 157.36200211447724 -29.738714686663016 157.37065416666667 -29.663611111111113 r 0.049197465 26.855953 1.0355747 1.4426047 17.899446 24.175142 decam -20.589155 -25.152332 184 object pointing 0 0.0 924.0 1948.0 0.4729157 0.9998907 -0.0013459409 -0.066134535 0.0012312791 0.9999105 18054105137 0.20682402
rawdata/DECam_01391588.fits.fz N4 1391588 30.0 60824.94749041 1.0 157.36200211447724 -29.738714686663016 157.37065416666667 -29.663611111111113 r 0.049197465 26.86973 1.0487992 1.1284473 18.411343 9.007184 decam 6.5540695 12.737182 323 object pointing 0 0.0 924.0 1948.0 0.38462344 1.0000657 -0.0012863618 -0.0583765 0.001245779 0.99999285 25470929280 3.3306746
rawdata/DECam_01391623.fits.fz N4 1391623 60.0 60824.97799359 1.12 136.9978458367654 -37.37982542508124 137.0073 -37.304721944444445 r 0.3276871 26.556198 0.7944732 2.6883945 20.445976 42.386166 decam -18.617744 18.107113 1391 object "" 0 0.0 924.0 1948.0 0.31719235 0.9998928 -0.002163017 -0.17941555 0.002250461 1.0000124 19810513098 1.4155562
rawdata/DECam_01391624.fits.fz N4 1391624 500.0 60824.98078743 1.09 173.03970872501236 -6.832103797911142 173.047275 -6.757 M464 0.03274551 24.78058 0.8658846 1.4806168 21.552822 3.841619 decam 25.677387 16.048466 136 object IBIS_wide_M464_328097 328097 0.035956 924.0 1948.0 0.093331605 1.0001285 -0.00054758566 -0.06706453 0.00058832974 0.99993205 17206422593 130.15346
rawdata/DECam_01391625.fits.fz N4 1391625 500.0 60824.98787998 1.09 174.60371157029837 -6.915103797187302 174.61127916666666 -6.84 M464 0.037037067 24.768858 0.856586 1.1148267 21.592873 2.2136166 decam 12.564678 31.651382 140 object IBIS_wide_M464_328096 328096 0.037086 924.0 1948.0 0.06449039 0.9999495 -0.0004980615 -0.013154096 0.00032577035 0.9999064 17004057066 225.87471
rawdata/DECam_01391626.fits.fz N4 1391626 500.0 60824.994062 1.09 176.12171084705378 -6.960103796794752 176.12927916666666 -6.885 M464 0.05492459 24.761507 0.85080695 1.0505311 21.609861 2.229582 decam 22.718706 41.166004 153 object IBIS_wide_M464_328244 328244 0.040435 924.0 1948.0 -0.054006994 1.0000764 -0.00045416644 -0.08663873 0.00019518014 1.0000352 16975777500 224.25728
rawdata/DECam_01391627.fits.fz N4 1391627 500.0 60825.0014803 1.09 175.0997061442609 -6.731103798791621 175.10727083333333 -6.656 M464 0.034104317 24.625181 0.75041306 1.1440526 21.58056 3.0081387 decam 11.526094 17.276299 122 object IBIS_wide_M464_325267 325267 0.040667 924.0 1948.0 -0.013677089 0.9998757 -0.0005692113 -0.08918934 0.0005390812 0.9999508 17052469980 166.21574
rawdata/DECam_01391628.fits.fz N4 1391628 500.0 60825.0076656 1.09 178.77470238464034 -6.968103796724958 178.7822708333333 -6.893 M464 0.03284274 24.33075 0.5721736 1.2677441 21.509691 6.7187996 decam 19.24699 4.2341146 130 object IBIS_wide_M464_328240 328240 0.034384 924.0 1948.0 0.18458472 0.9997465 -0.0002760462 -0.016812757 0.0005835578 0.9998172 17108601744 74.41805
rawdata/DECam_01391629.fits.fz N4 1391629 500.0 60825.01383248 1.09 177.5507070749471 -6.671103799314504 177.55827083333332 -6.596 M464 0.034655523 24.84593 0.91960174 1.1501665 21.679224 1.8559475 decam 6.1095376 8.1572695 145 object IBIS_wide_M464_325260 325260 0.0345 924.0 1948.0 -0.04435802 1.0000981 -0.00043402633 -0.089715496 0.00030185742 0.9999236 16891813713 269.40417
rawdata/DECam_01391630.fits.fz N4 1391630 500.0 60825.0200114 1.09 181.442708835707 -6.825103797972179 181.450275 -6.75 M464 0.032310568 24.951376 1.0133951 1.1576968 21.759832 1.413653 decam 0.83758587 16.380947 188 object IBIS_wide_M464_330955 330955 0.029983 924.0 1948.0 0.02685259 0.99996585 -0.00028088008 0.11747607 0.0003321423 0.9999491 16786464360 353.69357
rawdata/DECam_01391631.fits.fz N4 1391631 500.0 60825.02617791 1.09 181.87671134988338 -6.388103801779064 181.88427083333335 -6.313 M464 0.09940789 24.952776 1.0147018 1.1567491 21.763092 2.2671468 decam 5.121212 3.814314 148 object IBIS_wide_M464_333941 333941 0.038882 924.0 1948.0 -0.055297226 1.0001367 -0.00031865278 0.04445415 0.0002280134 0.9999983 16852731004 220.54152
rawdata/DECam_01391632.fits.fz N4 1391632 459.0 60825.03232553 1.09 183.85571104038894 -6.94810379689944 183.86327916666664 -6.873 M464 0.04037035 24.945107 1.0075595 1.1160027 21.773764 1.3899733 decam 5.9652815 -5.7677307 163 object IBIS_wide_M464_333929 333929 0.043215 924.0 1948.0 -0.06785261 1.0000615 -0.0002010996 0.0043863445 0.00031221364 0.9997895 16678721282 330.22217
rawdata/DECam_01391633.fits.fz N4 1391633 413.0 60825.03801108 1.09 185.23670105280587 -7.050103796009429 185.24427083333333 -6.975 M464 0.035431266 24.950085 1.0121899 1.0605347 21.790691 1.1823206 decam -6.979536 -0.41750464 156 object IBIS_wide_M464_333928 333928 0.028931 924.0 1948.0 -0.03677448 1.0000633 -0.0001577125 0.029179083 0.0002450699 0.99993426 16493467170 349.31305
rawdata/DECam_01391634.fits.fz N4 1391634 383.0 60825.04315356 1.1 185.59770946601972 -6.7851037983209155 185.605275 -6.71 M464 0.027972193 24.944542 1.0091062 1.077869 21.790386 1.1700103 decam -16.248003 -4.1331496 148 object IBIS_wide_M464_330945 330945 0.027302 924.0 1948.0 0.05850534 1.0001138 -6.183042e-05 0.19713987 -1.8335426e-05 1.000027 16400340191 327.34753
rawdata/DECam_01391635.fits.fz N4 1391635 329.0 60825.04799448 1.1 186.66570650286278 -6.971103796698784 186.673275 -6.896 M464 0.022120109 24.96132 1.0248225 0.98440856 21.808609 0.8927254 decam -4.8967333 8.038109 147 object IBIS_wide_M464_333925 333925 0.023867 924.0 1948.0 -0.007330357 0.99986106 3.0049448e-05 0.06578518 0.00011851478 0.99997544 16236330311 368.53436
rawdata/DECam_01391636.fits.fz N4 1391636 353.0 60825.05217044 1.1 187.35971977180301 -6.382103801831287 187.36727916666666 -6.307 M464 0.024044694 24.954622 1.0185192 1.0500404 21.797478 1.0529985 decam -5.05587 15.89557 154 object IBIS_wide_M464_333926 333926 0.028053 924.0 1948.0 -0.08071937 1.0000687 -5.7837617e-05 0.0853356 3.2280022e-05 1.0000381 16404515132 335.23312
rawdata/DECam_01391637.fits.fz N4 1391637 276.0 60825.05663187 1.1 188.49470487430798 -6.812103798085526 188.50227083333334 -6.737 M464 0.033497144 24.957808 1.0215111 1.2318699 21.751081 1.60778 decam -1.1717845 26.659426 127 object IBIS_wide_M464_331438 331438 0.026029 924.0 1948.0 -0.11457438 1.0001864 2.3431141e-05 0.14487715 0.00012239069 1.000043 16469631999 171.66528
rawdata/DECam_01391638.fits.fz N4 1391638 335.0 60825.06019516 1.11 188.7457210030915 -6.298103802562267 188.75327916666666 -6.223 M464 0.028127935 24.95928 1.025 1.1600969 21.77253 1.3420053 decam -6.2499475 21.193464 142 object IBIS_wide_M464_334424 334424 0.030523 924.0 1948.0 -0.035143774 1.0000808 2.9308447e-05 0.1072831 -0.00024373212 0.99981093 16301967412 249.62645
rawdata/DECam_01391639.fits.fz N4 1391639 460.0 60825.06444306 1.11 190.88272005539244 -5.768103807169101 190.89027083333335 -5.693 M464 0.024009762 24.965382 1.0307764 1.0592093 21.765842 1.0811905 decam -10.683029 31.993727 189 object IBIS_wide_M464_334406 334406 0.024952 924.0 1948.0 -0.05133943 1.0001268 0.00010739287 0.07512455 1.239597e-05 0.9999955 16764902473 425.45694
rawdata/DECam_01391640.fits.fz N4 1391640 408.0 60825.07013591 1.12 189.49372016181502 -5.760103807238571 189.50127083333334 -5.6850000000000005 M464 0.046582036 24.97247 1.0396612 1.1267686 21.736652 1.4573516 decam -18.071108 35.41333 145 object IBIS_wide_M464_334425 334425 0.027008 924.0 1948.0 -0.06151701 1.000064 9.859581e-05 0.04850461 4.8392958e-05 0.9999894 16559272575 279.9599
rawdata/DECam_01391641.fits.fz N4 1391641 328.0 60825.07525828 1.12 193.70774287836326 -4.549103817733502 193.71527916666668 -4.474 M464 0.021930167 24.961088 1.028819 1.0781673 21.742346 1.1367244 decam -20.705223 36.410778 138 object IBIS_wide_M464_334417 334417 0.022967 924.0 1948.0 -0.033244394 1.0000257 0.00016612328 0.15687057 -0.00032610405 1.0000266 16937972849 288.5484
rawdata/DECam_01391642.fits.fz N4 1391642 390.0 60825.07944199 1.14 192.29873438778876 -4.564103817603741 192.30627083333331 -4.489 M464 0.038583227 24.937027 1.0104125 1.0625898 21.724518 1.3216386 decam -8.485309 29.19226 157 object IBIS_wide_M464_334418 334418 0.027464 924.0 1948.0 -0.020076564 1.0002166 5.4704273e-05 0.011540703 -4.175331e-05 0.99997306 16470539615 295.08823
rawdata/DECam_01391643.fits.fz N4 1391643 348.0 60825.08432931 1.14 193.94674182482072 -4.2411038203967335 193.954275 -4.166 M464 0.020000186 24.956846 1.0290259 1.006866 21.735527 0.9919594 decam -8.647608 21.396082 177 object IBIS_wide_M464_331434 331434 0.021507 924.0 1948.0 0.04338788 0.9999889 0.00027535312 0.22541568 -0.00034713466 0.99987143 16360054154 350.8208
rawdata/DECam_01391644.fits.fz N4 1391644 371.0 60825.08870828 1.14 195.65474975014362 -3.836103823895505 195.66227916666665 -3.761 M464 0.02773336 24.959253 1.0313097 0.99799556 21.741001 1.0202715 decam -12.570675 20.160381 171 object IBIS_wide_M464_334415 334415 0.028648 924.0 1948.0 -0.034037624 0.9999795 0.00034821735 0.06439312 -0.00022885883 0.9999808 16452749959 363.6287
rawdata/DECam_01391645.fits.fz N4 1391645 319.0 60825.09337822 1.15 196.47375365167474 -3.3641038279689264 196.48127916666667 -3.289 M464 0.02188386 24.963118 1.0371153 1.0592787 21.75324 1.081961 decam -2.0877295 12.651442 154 object IBIS_wide_M464_334458 334458 0.026412 924.0 1948.0 -0.013966301 0.9999674 0.00031860443 0.16234311 -0.00037413416 1.0000583 16297514358 294.83502
rawdata/DECam_01391646.fits.fz N4 1391646 311.0 60825.09744874 1.15 197.4577513323215 -3.652103825483954 197.46527916666668 -3.577 M464 0.020350205 24.945868 1.0207677 1.0226781 21.76281 1.020825 decam -15.349313 15.810883 151 object IBIS_wide_M464_331471 331471 0.027824 924.0 1948.0 -0.07097755 1.0000145 0.00038386113 0.14052849 -0.00028030016 1.0000604 16229469295 304.65555
rawdata/DECam_01391647.fits.fz N4 1391647 353.0 60825.10142207 1.15 197.61873528850322 -4.865103814998726 197.626275 -4.79 M464 0.033697464 24.956692 1.0309954 0.98864 21.746367 1.0446496 decam -10.004479 10.843587 161 object IBIS_wide_M464_331219 331219 0.033902 924.0 1948.0 -0.16822676 1.0000596 0.00027397988 0.073928185 -0.0003331526 0.9999847 17067548542 337.91235
rawdata/DECam_01391648.fits.fz N4 1391648 344.0 60825.10587771 1.15 199.77473774581034 -4.2321038204745225 199.7822708333333 -4.157 M464 0.036587887 24.942986 1.0180614 0.99491626 21.79205 1.0619826 decam -8.528881 16.161901 162 object IBIS_wide_M464_331221 331221 0.036528 924.0 1948.0 -0.07113861 1.0001022 0.0005347106 0.030890036 -0.00037164026 1.0000104 16281306984 323.92242
rawdata/DECam_01391649.fits.fz N4 1391649 313.0 60825.11022672 1.14 201.42573163264169 -5.181103812261379 201.43327499999998 -5.106 M464 0.035259545 24.958855 1.0309314 0.99606764 21.781015 1.0344617 decam -10.057409 14.603222 156 object IBIS_wide_M464_334199 334199 0.035102 924.0 1948.0 -0.16796406 1.0003556 0.0005934363 0.051633924 -0.00059099577 0.99991214 16212499185 302.5728
rawdata/DECam_01391650.fits.fz N4 1391650 318.0 60825.11422313 1.15 202.85674439105745 -3.969103822746909 202.86427500000002 -3.894 M464 0.03664665 24.937649 1.0130708 1.0333133 21.78404 1.1656884 decam -9.746022 9.449926 176 object IBIS_wide_M464_334211 334211 0.035791 924.0 1948.0 -0.20234448 1.0001122 0.00061547675 0.051102016 -0.0005791492 0.9999902 16383173698 272.80017
rawdata/DECam_01391651.fits.fz N4 1391651 296.0 60825.11826415 1.14 204.11973204903813 -5.146103812564698 204.127275 -5.071 M464 0.028891226 24.944803 1.0176752 1.0228738 21.775051 1.0754344 decam -4.7535167 7.2216806 177 object IBIS_wide_M464_334187 334187 0.028045 924.0 1948.0 -0.06268347 1.0001327 0.00061527675 0.19312805 -0.00058586925 0.99991745 16159470586 275.2376
rawdata/DECam_01391652.fits.fz N4 1391652 345.0 60825.12206398 1.16 203.53673563107512 -4.444103818641671 203.54427083333331 -4.369 M464 0.037469298 24.947424 1.0243344 0.9804505 21.78202 1.0390218 decam -3.9053833 -0.57495105 176 object IBIS_wide_M464_334189 334189 0.032954 924.0 1948.0 -0.060717132 1.0000185 0.0004934794 -0.018501416 -0.0002916938 1.0000603 16328610792 332.04306
rawdata/DECam_01391653.fits.fz N4 1391653 335.0 60825.12642189 1.16 204.92273434576944 -4.568103817569139 204.93027083333334 -4.493 M464 0.028888457 24.934244 1.0119745 1.0150311 21.793854 1.0612856 decam -8.48525 -3.6700926 190 object IBIS_wide_M464_334188 334188 0.030553 924.0 1948.0 -0.33874124 1.0001142 0.0006213262 0.1332419 -0.00047446162 0.9999609 16273346617 315.6549
rawdata/DECam_01391654.fits.fz N4 1391654 307.0 60825.13066623 1.16 207.04874831065231 -3.996103822513689 207.05627916666666 -3.921 M464 0.038125116 24.94987 1.0266434 1.0309337 21.78797 1.142423 decam -9.339237 8.221004 175 object IBIS_wide_M464_334186 334186 0.034855 924.0 1948.0 -0.15177612 1.0001093 0.000691466 0.034511264 -0.0005354046 0.9999303 16328093563 268.72708
rawdata/DECam_01391655.fits.fz N4 1391655 354.0 60825.13459937 1.17 207.44475220011378 -3.5471038263901113 207.45227916666667 -3.472 M464 0.04526136 24.950272 1.0291357 1.0592766 21.801119 1.2528502 decam -4.4890027 -0.6205452 168 object IBIS_wide_M464_331295 331295 0.041245 924.0 1948.0 -0.17646442 1.0001317 0.00077168294 0.021541514 -0.00063404726 0.99996823 16374831948 282.55573
rawdata/DECam_01391656.fits.fz N4 1391656 356.0 60825.13906172 1.17 208.80774344846375 -3.5981038259500036 208.81527083333333 -3.523 M464 0.03919427 24.961626 1.0399538 1.0212588 21.800947 1.0923936 decam -8.163713 1.5261638 196 object IBIS_wide_M464_331294 331294 0.04101 924.0 1948.0 -0.04894702 0.99996126 0.0007843289 0.086735874 -0.000924692 1.0000298 16318655256 325.88986
rawdata/DECam_01391657.fits.fz N4 1391657 430.0 60825.14354505 1.17 210.54474583045175 -3.297103828546813 210.55227083333332 -3.222 M464 0.058302727 24.948635 1.027585 1.0819465 21.806545 1.4317633 decam -8.004412 8.613088 173 object IBIS_wide_M464_334259 334259 0.062826 924.0 1948.0 0.04869462 1.0002824 0.0008582819 -0.06015355 -0.00082403497 0.9999504 16500618792 300.32898
rawdata/DECam_01391658.fits.fz N4 1391658 335.0 60825.14889664 1.18 209.8857442265305 -3.987103822591431 209.893275 -3.912 M464 0.040128946 24.943272 1.0246242 1.0498873 21.792068 1.2119142 decam 1.1625963 7.1311574 167 object IBIS_wide_M464_334256 334256 0.039515 924.0 1948.0 0.12412641 0.9998577 0.0007436127 0.08706495 -0.000637693 0.99999315 16253054682 276.4222
rawdata/DECam_01391659.fits.fz N4 1391659 391.0 60825.15313416 1.18 211.29574311993994 -4.10610382156338 211.303275 -4.031 M464 0.04238578 24.951725 1.0326335 1.0883589 21.787579 1.308279 decam 9.518724 12.834203 185 object IBIS_wide_M464_334257 334257 0.042063 924.0 1948.0 -0.13311006 1.0001907 0.0008987709 0.10582558 -0.0007889797 1.0000218 16427983818 298.8659
rawdata/DECam_01391660.fits.fz N4 1391660 404.0 60825.15804319 1.2 211.66774720755612 -3.647103825527109 211.675275 -3.572 M464 0.046953566 24.926184 1.012776 1.1213776 21.76953 1.5291092 decam -0.9992105 19.057823 177 object IBIS_wide_M464_331272 331272 0.051047 924.0 1948.0 -0.11423976 1.0001129 0.00083696196 0.004575014 -0.00073990383 1.0000975 16480216500 264.20612
rawdata/DECam_01391661.fits.fz N4 1391661 465.0 60825.16309115 1.21 214.01576527964832 -2.1931038380589696 214.02328333333332 -2.118 M464 0.0584403 24.935097 1.0232245 1.0977355 21.75555 1.5851973 decam 3.4572887 21.663559 167 object IBIS_wide_M464_331286 331286 0.060041 924.0 1948.0 -0.12764087 1.000066 0.0009985531 0.12636822 -0.0009687862 1.0000131 16691715618 293.33887
rawdata/DECam_01391662.fits.fz N4 1391662 471.0 60825.16886333 1.22 212.6787444639396 -3.961103822816007 212.68627500000002 -3.886 M464 0.049618285 24.926575 1.0173111 1.0568981 21.735708 1.4275666 decam -4.014303 29.43492 207 object IBIS_wide_M464_334252 334252 0.046327 924.0 1948.0 -0.11543424 1.0001202 0.0009945898 0.08527192 -0.00073836354 0.99984986 16774024219 329.93207
