logs/db-2026-05-18.ecsv
# %ECSV 1.0
# ---
# datatype:
# - {name: filename, datatype: string}
# - {name: extension, datatype: string}
# - {name: expnum, datatype: int64}
# - {name: exptime, datatype: float32}
# - {name: mjd_obs, datatype: float64}
# - {name: airmass, datatype: float32}
# - {name: racenter, datatype: float64}
# - {name: deccenter, datatype: float64}
# - {name: rabore, datatype: float64}
# - {name: decbore, datatype: float64}
# - {name: band, datatype: string}
# - {name: ebv, datatype: float32}
# - {name: zeropoint, datatype: float32}
# - {name: transparency, datatype: float32}
# - {name: seeing, datatype: float32}
# - {name: sky, datatype: float32}
# - {name: expfactor, datatype: float32}
# - {name: camera, datatype: string}
# - {name: dx, datatype: float32}
# - {name: dy, datatype: float32}
# - {name: nmatched, datatype: int64}
# - {name: obstype, datatype: string}
# - {name: object, datatype: string}
# - {name: tileid, datatype: int64}
# - {name: tileebv, datatype: float32}
# - {name: affine_x0, datatype: float32}
# - {name: affine_y0, datatype: float32}
# - {name: affine_dx, datatype: float32}
# - {name: affine_dxx, datatype: float32}
# - {name: affine_dxy, datatype: float32}
# - {name: affine_dy, datatype: float32}
# - {name: affine_dyx, datatype: float32}
# - {name: affine_dyy, datatype: float32}
# - {name: checksum, datatype: string}
# - {name: efftime, datatype: float32}
# schema: astropy-2.0
filename extension expnum exptime mjd_obs airmass racenter deccenter rabore decbore band ebv zeropoint transparency seeing sky expfactor camera dx dy nmatched obstype object tileid tileebv affine_x0 affine_y0 affine_dx affine_dxx affine_dxy affine_dy affine_dyx affine_dyy checksum efftime
[from data line 81]
/home/declsp/obsbot/rawdata/DECam_01481295.fits.fz N4 1481295 15.0 61179.43979903 1.06 343.1625585441163 -20.582409783078678 343.1705833333333 -20.50730611111111 M464 0.034743898 24.908726 0.9683723 1.3063661 18.148733 42.9909 decam -36.86879 25.523079 33 object "LTT9239 N4" 0 0.0 924.0 1948.0 0.47902405 1.000431 0.00048532782 0.31494218 -3.2242453e-05 1.0006639 16523112897 0.34891108
/home/declsp/obsbot/rawdata/DECam_01481296.fits.fz N4 1481296 15.0 61179.44026402 1.06 342.8308210441164 -20.582409783078678 342.8388458333334 -20.50730611111111 M464 0.033281427 24.91742 0.9761573 1.2841623 18.027006 45.7346 decam -36.40293 22.149826 42 object "LTT9239 N5" 0 0.0 924.0 1948.0 -0.4267674 1.0001316 0.0008655124 -0.14290865 -0.00078048295 1.0002105 16658141846 0.32797927
/home/declsp/obsbot/rawdata/DECam_01481297.fits.fz N4 1481297 15.0 61179.4407461 1.06 343.4943080679536 -20.74907561477552 343.50234166666667 -20.673971944444446 M464 0.030958695 24.92955 0.9871248 1.2159171 17.884136 45.7439 decam -21.911463 23.396685 43 object "LTT9239 S3" 0 0.0 924.0 1948.0 -0.8177371 1.0001314 0.0010950823 -0.019092536 -0.00082035654 0.99998915 16840963537 0.32791257
/home/declsp/obsbot/rawdata/DECam_01481298.fits.fz N4 1481298 15.0 61179.44123334 1.06 343.16254973462026 -20.74907561477552 343.1705833333333 -20.673971944444446 M464 0.030681815 24.914696 0.9737112 1.3247476 17.752148 63.002014 decam -13.168829 37.554897 41 object "LTT9239 S4" 0 0.0 924.0 1948.0 -0.09169775 1.0003116 0.0008186568 0.05262095 -0.00094802043 0.9999042 17028134242 0.23808762
/home/declsp/obsbot/rawdata/DECam_01481299.fits.fz N4 1481299 15.0 61179.44169789 1.06 342.83081223462034 -20.74907561477552 342.8388458333334 -20.673971944444446 M464 0.034396928 24.936974 0.993898 1.2675226 17.626432 62.16127 decam -11.914857 35.96436 32 object "LTT9239 S5" 0 0.0 924.0 1948.0 0.07917578 1.0003241 0.00074408774 0.102570616 -0.0010148751 1.0001774 17231511182 0.24130781
/home/declsp/obsbot/rawdata/DECam_01481300.fits.fz N4 1481300 15.0 61179.4421615 1.06 343.1625585441163 -20.582409783078678 343.1705833333333 -20.50730611111111 M490 0.034743898 25.004192 1.0337241 1.1644952 17.490242 54.841785 decam -10.935757 35.759285 33 object "LTT9239 N4" 0 0.0 924.0 1948.0 -0.11585637 1.0004958 0.00082895654 0.24709286 -0.001091811 1.0001769 17519191960 0.27351406
/home/declsp/obsbot/rawdata/DECam_01481301.fits.fz N4 1481301 15.0 61179.44264328 1.06 342.8308210441164 -20.582409783078678 342.8388458333334 -20.50730611111111 M490 0.033281427 25.009724 1.0390046 1.3200457 17.356611 78.86096 decam -5.114541 22.239792 42 object "LTT9239 N5" 0 0.0 924.0 1948.0 -0.5232212 1.0001239 0.00084091496 -0.11661469 -0.0006577432 1.0003052 17803541628 0.19020818
/home/declsp/obsbot/rawdata/DECam_01481302.fits.fz N4 1481302 15.0 61179.44310792 1.06 343.4943080679536 -20.74907561477552 343.50234166666667 -20.673971944444446 M490 0.030958695 25.018534 1.04747 1.1885254 17.213991 71.754196 decam -0.8318869 20.013454 42 object "LTT9239 S3" 0 0.0 924.0 1948.0 -0.7600199 1.0003067 0.0010688787 0.08200506 -0.00097562105 0.9999321 18145607676 0.209047
