logs/db-2026-02-20.ecsv
# %ECSV 1.0
# ---
# datatype:
# - {name: filename, datatype: string}
# - {name: extension, datatype: string}
# - {name: expnum, datatype: int64}
# - {name: exptime, datatype: float32}
# - {name: mjd_obs, datatype: float64}
# - {name: airmass, datatype: float32}
# - {name: racenter, datatype: float64}
# - {name: deccenter, datatype: float64}
# - {name: rabore, datatype: float64}
# - {name: decbore, datatype: float64}
# - {name: band, datatype: string}
# - {name: ebv, datatype: float32}
# - {name: zeropoint, datatype: float32}
# - {name: transparency, datatype: float32}
# - {name: seeing, datatype: float32}
# - {name: sky, datatype: float32}
# - {name: expfactor, datatype: float32}
# - {name: camera, datatype: string}
# - {name: dx, datatype: float32}
# - {name: dy, datatype: float32}
# - {name: nmatched, datatype: int64}
# - {name: obstype, datatype: string}
# - {name: object, datatype: string}
# - {name: tileid, datatype: int64}
# - {name: tileebv, datatype: float32}
# - {name: affine_x0, datatype: float32}
# - {name: affine_y0, datatype: float32}
# - {name: affine_dx, datatype: float32}
# - {name: affine_dxx, datatype: float32}
# - {name: affine_dxy, datatype: float32}
# - {name: affine_dy, datatype: float32}
# - {name: affine_dyx, datatype: float32}
# - {name: affine_dyy, datatype: float32}
# - {name: checksum, datatype: string}
# - {name: efftime, datatype: float32}
# schema: astropy-2.0
filename extension expnum exptime mjd_obs airmass racenter deccenter rabore decbore band ebv zeropoint transparency seeing sky expfactor camera dx dy nmatched obstype object tileid tileebv affine_x0 affine_y0 affine_dx affine_dxx affine_dxy affine_dy affine_dyx affine_dyy checksum efftime
[from data line 41]
/home/declsp/obsbot/rawdata/DECam_01458427.fits.fz N4 1458427 429.5671 61092.18865742 1.12 159.1887244612987 -5.750103807325404 159.19627499999999 -5.675 M490 0.049823366 24.995481 1.0366896 1.0996847 21.785475 1.3283446 decam -12.91116 9.911652 166 object IBIS_wide_M490_428417 428417 0.047334 924.0 1948.0 -0.036916148 1.0002519 -0.0008893518 -0.06613479 0.0009585276 1.000205 16633969491 323.38528
/home/declsp/obsbot/rawdata/DECam_01458428.fits.fz N4 1458428 348.7577 61092.19398028 1.12 162.5667133649741 -6.532103800525359 162.574275 -6.457 M490 0.02396943 24.989893 1.0313677 1.0683092 21.793081 1.0578523 decam -6.088989 3.432129 150 object IBIS_wide_M490_428162 428162 0.028719 924.0 1948.0 0.24024613 1.0002567 -0.00075153244 -0.12909748 0.0006683584 1.000088 16315149415 329.6847
/home/declsp/obsbot/rawdata/DECam_01458429.fits.fz N4 1458429 465.9171 61092.19833627 1.11 160.9437263737136 -5.604103808592831 160.951275 -5.529 M490 0.047023367 24.990282 1.0298666 1.0750427 21.771097 1.2747688 decam 1.8997052 11.772438 145 object IBIS_wide_M490_425184 425184 0.044553 924.0 1948.0 0.03918525 1.0001731 -0.00080288557 -0.12588261 0.0009198828 0.9999864 16939179427 365.49146
/home/declsp/obsbot/rawdata/DECam_01458430.fits.fz N4 1458430 345.7578 61092.20403905 1.11 162.94272417713904 -6.076103804493021 162.95027916666666 -6.001 M490 0.029075887 24.999533 1.038678 1.0663512 21.76024 1.1043807 decam 4.267866 11.783571 153 object IBIS_wide_M490_425219 425219 0.028541 924.0 1948.0 0.16821821 1.0000402 -0.0007783112 -0.09596435 0.00088765734 1.0000703 16334725696 313.07846
/home/declsp/obsbot/rawdata/DECam_01458431.fits.fz N4 1458431 358.3277 61092.20835951 1.11 163.38972620133526 -5.930103805761926 163.39727916666666 -5.855 M490 0.027993027 25.002176 1.04121 1.0679543 21.746603 1.1081783 decam 6.9366436 14.409927 166 object IBIS_wide_M490_428205 428205 0.028438 924.0 1948.0 -0.11487988 1.0002025 -0.0007402147 -0.07440385 0.0006190133 1.000043 16391380943 323.34842
/home/declsp/obsbot/rawdata/DECam_01458432.fits.fz N4 1458432 330.9478 61092.21283411 1.11 163.8047239309197 -5.469103809764204 163.81227083333334 -5.394 M490 0.02757876 25.00433 1.043277 0.98453164 21.727 0.95289767 decam 11.30579 14.147719 128 object IBIS_wide_M490_425220 425220 0.028683 924.0 1948.0 0.18480672 1.00001 -0.000764761 -0.11020862 0.0005708676 1.0001085 16687676360 347.30676
/home/declsp/obsbot/rawdata/DECam_01458433.fits.fz N4 1458433 448.0471 61092.21712684 1.11 168.81672392410815 -6.094103804336536 168.82427916666666 -6.019 M490 0.034062598 24.982107 1.0221417 1.025085 21.725298 1.1254926 decam 6.3668184 11.744002 139 object IBIS_wide_M490_425203 425203 0.038966 924.0 1948.0 -0.034388535 1.000181 -0.0005118049 0.012402037 0.00038687323 1.0001256 16964887409 398.08978
/home/declsp/obsbot/rawdata/DECam_01458434.fits.fz N4 1458434 327.4079 61092.22261973 1.11 169.6227183521354 -6.193103803475665 169.630275 -6.118 M490 0.04687738 24.994099 1.0334936 0.9459555 21.715202 1.0315151 decam 7.336481 11.319105 127 object IBIS_wide_M490_428187 428187 0.040337 924.0 1948.0 -0.00587833 1.0000767 -0.00051857176 0.023150366 0.00044204426 1.0000893 16320731973 317.40485
/home/declsp/obsbot/rawdata/DECam_01458435.fits.fz N4 1458435 441.1671 61092.22671159 1.11 167.92972260667548 -5.57310380886186 167.93727083333334 -5.498 M490 0.048739202 24.990908 1.0304589 1.0930152 21.72583 1.3880388 decam 13.048619 13.608125 162 object IBIS_wide_M490_425209 425209 0.042668 924.0 1948.0 -0.1417925 1.0001062 -0.00068412983 0.011402906 0.00055641384 1.000118 16660138417 317.83487
/home/declsp/obsbot/rawdata/DECam_01458436.fits.fz N4 1458436 467.8969 61092.23230079 1.11 173.8857158703855 -6.3641038019879455 173.89327500000002 -6.289 M490 0.041469138 24.995193 1.0345349 1.212454 21.725119 1.614401 decam 1.1070455 13.498042 127 object IBIS_wide_M490_428098 428098 0.036116 924.0 1948.0 0.04499283 1.0001782 -0.00033653778 0.03901099 0.00030712318 1.0000038 16780530043 289.82693
/home/declsp/obsbot/rawdata/DECam_01458437.fits.fz N4 1458437 449.967 61092.2380633 1.1 170.7957285375497 -5.434103810067805 170.80327499999999 -5.359 M490 0.04191551 24.996933 1.0343155 1.1526008 21.694841 1.5001528 decam 10.857638 10.331949 139 object IBIS_wide_M490_425205 425205 0.041247 924.0 1948.0 -0.04056826 1.0000641 -0.00031442608 0.08062165 0.00029669373 1.0001718 16852718700 299.94745
/home/declsp/obsbot/rawdata/DECam_01458438.fits.fz N4 1458438 362.7176 61092.24366159 1.1 175.51872452730586 -6.051103804710349 175.52627916666665 -5.976 M490 0.03773162 24.99696 1.0343413 1.0562621 21.713337 1.2047133 decam 0.811974 11.481096 127 object IBIS_wide_M490_425268 425268 0.036887 924.0 1948.0 -0.12739547 1.0003706 -0.00020170437 0.03628806 0.00030214325 1.0001225 16557311648 301.08206
/home/declsp/obsbot/rawdata/DECam_01458439.fits.fz N4 1458439 290.8981 61092.24817944 1.1 176.00372423537016 -5.767103807177786 176.011275 -5.692 M490 0.02833221 25.027996 1.0643351 1.0145348 21.718727 0.9808951 decam 2.3786414 5.636193 174 object IBIS_wide_M490_428254 428254 0.029457 924.0 1948.0 -0.024143305 0.999991 -0.00021944626 0.04140603 1.3262936e-05 1.000112 16213360419 296.56393
/home/declsp/obsbot/rawdata/DECam_01458440.fits.fz N4 1458440 418.0473 61092.25186888 1.1 174.93373241542062 -5.4571038098683 174.94127916666667 -5.382 M490 0.043759946 24.993599 1.0311439 1.0932335 21.729872 1.3314245 decam 3.4315662 19.090649 166 object IBIS_wide_M490_425270 425270 0.045884 924.0 1948.0 -0.033539012 1.0003177 -0.00030594793 -0.015738782 0.0002873019 1.00013 16600233384 313.985
/home/declsp/obsbot/rawdata/DECam_01458441.fits.fz N4 1458441 331.6478 61092.25701179 1.1 176.28973417865177 -5.31510381109979 176.29727916666667 -5.24 M490 0.022042634 24.996147 1.0335684 1.048482 21.73111 1.0528562 decam 0.7965266 18.517181 153 object IBIS_wide_M490_425271 425271 0.023658 924.0 1948.0 0.041834388 1.0000398 -0.0002865839 -0.047547854 0.0004205131 1.0001115 16321111347 314.9982
/home/declsp/obsbot/rawdata/DECam_01458442.fits.fz N4 1458442 277.2982 61092.26118805 1.11 179.28472627267323 -5.280103811403238 179.29227083333333 -5.205 M490 0.026997723 24.990732 1.0302942 0.98664314 21.732435 0.9725549 decam 2.406806 20.702442 152 object IBIS_wide_M490_428250 428250 0.025335 924.0 1948.0 -0.13922906 1.0002545 -9.496114e-05 -0.10090618 0.00041876914 1.0000876 16287353473 285.1234
/home/declsp/obsbot/rawdata/DECam_01458443.fits.fz N4 1458443 276.4182 61092.26470014 1.1 178.14573188282287 -5.160103812443375 178.153275 -5.085 M490 0.032420337 25.00227 1.0394117 0.92528105 21.732145 0.86887914 decam 5.022682 29.682981 146 object IBIS_wide_M490_428249 428249 0.028216 924.0 1948.0 0.15057191 1.0001194 -0.00012855743 0.026911492 0.00024903924 1.0000591 16161610309 318.13196
/home/declsp/obsbot/rawdata/DECam_01458444.fits.fz N4 1458444 277.8182 61092.26830871 1.11 182.80273436215444 -5.300103811229842 182.81027916666665 -5.225 M490 0.044755854 24.991312 1.030844 0.87990355 21.74984 0.8570286 decam -0.8809877 21.631155 150 object IBIS_wide_M490_430962 430962 0.040754 924.0 1948.0 -0.13450472 1.0003583 6.551194e-05 0.08904049 -0.00020737025 1.0001658 16149711582 324.16446
/home/declsp/obsbot/rawdata/DECam_01458445.fits.fz N4 1458445 256.4583 61092.27184345 1.1 181.7607316684449 -5.178103812287381 181.768275 -5.103 M490 0.03574683 24.992653 1.0302461 0.9272046 21.765509 0.8806121 decam 1.7743874 27.815807 143 object IBIS_wide_M490_433953 433953 0.031633 924.0 1948.0 -0.012386095 0.99993604 0.00010777995 0.058109347 0.000112610614 0.99998176 16065589988 291.22736
/home/declsp/obsbot/rawdata/DECam_01458446.fits.fz N4 1458446 306.8581 61092.27520775 1.11 186.2597311554283 -4.8621038150247005 186.26727083333333 -4.787 M490 0.052459355 24.985155 1.0250154 0.9321476 21.735836 1.0372473 decam 1.2342275 20.52028 144 object IBIS_wide_M490_431448 431448 0.04551 924.0 1948.0 -0.15503463 1.000286 0.0001581132 0.07760213 -0.00015287672 1.0000523 16244345434 295.8389
/home/declsp/obsbot/rawdata/DECam_01458447.fits.fz N4 1458447 312.728 61092.27938316 1.11 180.65973526609704 -4.867103814981409 180.667275 -4.792 M490 0.026463708 24.98534 1.02519 1.0377333 21.77894 1.0370892 decam 6.274201 39.00903 156 object IBIS_wide_M490_430969 430969 0.027572 924.0 1948.0 0.016821602 1.0002084 -2.2409802e-05 -0.12618487 0.00010988878 0.99999064 16208388233 301.54398
/home/declsp/obsbot/rawdata/DECam_01458448.fits.fz N4 1458448 342.3878 61092.2833977 1.11 185.28573876399406 -4.5441038177767545 185.293275 -4.469 M490 0.060012057 24.99504 1.0343895 1.0155002 21.739845 1.2663095 decam 1.6501981 25.974262 144 object IBIS_wide_M490_433950 433950 0.041733 924.0 1948.0 -0.035579205 1.0000876 0.0002549325 0.00437255 -0.00011466417 1.000134 16377319502 270.3824
/home/declsp/obsbot/rawdata/DECam_01458449.fits.fz N4 1458449 348.0178 61092.28768517 1.11 183.8487390453963 -4.517103818010305 183.856275 -4.442 M490 0.03879339 24.990862 1.0304161 1.0090737 21.76456 1.0684592 decam 3.1942775 30.121796 161 object IBIS_wide_M490_433951 433951 0.038798 924.0 1948.0 -0.29984817 1.0001949 3.7367e-05 0.06041814 -8.3803185e-05 1.0000131 16324988891 325.71933
/home/declsp/obsbot/rawdata/DECam_01458450.fits.fz N4 1458450 371.8677 61092.2920199 1.11 185.54774604020852 -4.236103820439948 185.55527916666665 -4.161 M490 0.05582921 24.987524 1.0272541 1.0438476 21.75023 1.3064283 decam 4.0786843 26.911741 148 object IBIS_wide_M490_431534 431534 0.043047 924.0 1948.0 -0.1659429 1.0002007 6.46761e-05 0.07649293 -0.00046536323 1.0000442 16421044759 284.64456
/home/declsp/obsbot/rawdata/DECam_01458451.fits.fz N4 1458451 377.5577 61092.29671947 1.12 190.19974460925928 -3.945103822954201 190.20727499999998 -3.87 M490 0.03179405 24.996452 1.0376164 1.0497211 21.740635 1.1161228 decam 3.8785043 19.03767 144 object IBIS_wide_M490_434431 434431 0.029469 924.0 1948.0 0.014971785 0.9999651 0.00029582798 0.053629804 -0.00033795164 1.0000193 16706171578 338.27612
/home/declsp/obsbot/rawdata/DECam_01458452.fits.fz N4 1458452 426.7374 61092.30138963 1.11 188.8277403063728 -3.9601038228246455 188.83527083333334 -3.885 M490 0.033088636 24.98909 1.0287354 1.0933447 21.758837 1.2172413 decam 5.4235926 30.992119 125 object IBIS_wide_M490_434436 434436 0.036695 924.0 1948.0 -0.019072374 1.0007448 0.0005080797 0.011891026 -0.00027069208 1.0001037 16549320454 350.57748
/home/declsp/obsbot/rawdata/DECam_01458453.fits.fz N4 1458453 341.2679 61092.3068403 1.12 195.65474975014362 -3.836103823895505 195.66227916666665 -3.761 M490 0.02773336 24.988214 1.0297738 1.0886626 21.738728 1.1880059 decam 0.5379135 11.706644 177 object IBIS_wide_M490_434415 434415 0.028648 924.0 1948.0 0.018192206 1.0001466 0.00063547166 0.03481449 -0.00066655374 1.000099 16378908221 287.2611
/home/declsp/obsbot/rawdata/DECam_01458454.fits.fz N4 1458454 348.4478 61092.31111021 1.12 194.76874718242226 -3.650103825501217 194.776275 -3.575 M490 0.025317445 24.993963 1.03524 1.0721506 21.720867 1.1404837 decam 7.648079 11.124328 146 object IBIS_wide_M490_431435 431435 0.024918 924.0 1948.0 -0.22258358 1.0004135 0.00047506875 0.09108285 -0.0005764424 1.0000795 16537925035 305.52634
/home/declsp/obsbot/rawdata/DECam_01458455.fits.fz N4 1458455 386.5076 61092.31548369 1.12 197.4577513323215 -3.652103825483954 197.46527916666668 -3.577 M490 0.020350205 24.988417 1.0299652 1.0837545 21.760574 1.0977931 decam -0.6666439 14.926175 165 object IBIS_wide_M490_431471 431471 0.027824 924.0 1948.0 -0.2201108 1.0003841 0.0007107548 0.034490272 -0.0006743355 1.0001162 16458618052 352.0769
/home/declsp/obsbot/rawdata/DECam_01458456.fits.fz N4 1458456 420.0974 61092.32029496 1.1 198.60472753756042 -5.17510381231338 198.61227083333333 -5.1 M490 0.040282875 24.986786 1.0246941 1.1048155 21.75885 1.309765 decam 8.87142 7.6581593 158 object IBIS_wide_M490_434203 434203 0.036429 924.0 1948.0 0.058503192 1.0000502 0.00073764136 0.18515913 -0.0006645878 1.0000575 16605560289 320.74258
/home/declsp/obsbot/rawdata/DECam_01458457.fits.fz N4 1458457 445.4672 61092.32547527 1.12 199.3417530976824 -3.435103827356453 199.34927916666666 -3.36 M490 0.042291112 24.979622 1.021656 1.1759253 21.75568 1.5279564 decam 7.151983 21.394228 159 object IBIS_wide_M490_434209 434209 0.034311 924.0 1948.0 -0.011893539 1.0000777 0.0007696345 0.16624783 -0.00053550856 1.0000174 16627466682 291.54443
/home/declsp/obsbot/rawdata/DECam_01458458.fits.fz N4 1458458 423.2376 61092.33095926 1.12 201.77775125675353 -3.6611038254062738 201.78527916666667 -3.586 M490 0.049182367 24.988552 1.0300938 1.1023033 21.755629 1.3835338 decam 2.5742817 19.118315 157 object IBIS_wide_M490_431227 431227 0.038572 924.0 1948.0 0.003035447 1.0000606 0.0007804577 0.06108349 -0.0007357544 1.0001885 16568143958 305.91055
/home/declsp/obsbot/rawdata/DECam_01458459.fits.fz N4 1458459 432.7176 61092.33616703 1.12 203.39574530289528 -3.3661038279516755 203.40327083333332 -3.291 M490 0.03545771 24.991707 1.0330907 1.0932714 21.763645 1.2251655 decam 6.431684 12.951965 161 object IBIS_wide_M490_434212 434212 0.035795 924.0 1948.0 -0.14941725 1.0001894 0.00093237776 0.126283 -0.0010807693 1.0001295 16589296735 353.19113
/home/declsp/obsbot/rawdata/DECam_01458460.fits.fz N4 1458460 382.8977 61092.34148699 1.12 203.8947516129042 -3.0761038304524315 203.902275 -3.001 M490 0.033623874 24.98676 1.0283941 1.119688 21.77279 1.2701491 decam 1.6433439 23.133778 168 object IBIS_wide_M490_431229 431229 0.037423 924.0 1948.0 -0.068827644 1.0001764 0.00088617747 0.10274324 -0.0008712247 1.0001006 16470797994 301.45886
/home/declsp/obsbot/rawdata/DECam_01458461.fits.fz N4 1458461 373.1578 61092.34625185 1.12 206.3887537364634 -3.353103828063809 206.39627916666666 -3.278 M490 0.03939021 24.986355 1.0280107 1.0732833 21.778236 1.2080613 decam 3.6072838 17.667038 185 object IBIS_wide_M490_434192 434192 0.040352 924.0 1948.0 0.033501826 1.0001447 0.0010689822 0.16300382 -0.0011353694 1.0001006 16876909373 308.88977
/home/declsp/obsbot/rawdata/DECam_01458462.fits.fz N4 1458462 369.9178 61092.35088144 1.12 207.44475220011378 -3.5471038263901113 207.45227916666667 -3.472 M490 0.04526136 24.992321 1.0336751 1.064804 21.775402 1.2264733 decam 5.797867 18.79658 174 object IBIS_wide_M490_431295 431295 0.041245 924.0 1948.0 -0.13287897 1.0002167 0.0010934933 0.0046849605 -0.0009720404 1.0000623 16462895004 301.61096
/home/declsp/obsbot/rawdata/DECam_01458463.fits.fz N4 1458463 355.3878 61092.35547466 1.11 209.4767371183931 -4.296103819921318 209.48427083333334 -4.221 M490 0.038348567 24.9911 1.0306423 1.0408531 21.778337 1.1184874 decam 0.049672488 21.977722 180 object IBIS_wide_M490_431270 431270 0.034261 924.0 1948.0 -0.24223201 1.0002106 0.0012351135 0.27954224 -0.001221205 1.0000817 16334918714 317.73965
/home/declsp/obsbot/rawdata/DECam_01458464.fits.fz N4 1458464 348.4179 61092.35989332 1.1 209.18272224581904 -5.601103808618868 209.19027083333333 -5.526 M490 0.028395623 25.001617 1.0387888 1.1301792 21.78158 1.2059351 decam 3.5507722 25.67796 186 object IBIS_wide_M490_434096 434096 0.028353 924.0 1948.0 -0.08561437 1.0003207 0.001150612 0.3791168 -0.0013027976 0.99998236 16378260673 288.91928
/home/declsp/obsbot/rawdata/DECam_01458465.fits.fz N4 1458465 344.1778 61092.36424349 1.11 211.29574311993994 -4.10610382156338 211.303275 -4.031 M490 0.04238578 24.998577 1.0377655 1.0545228 21.798824 1.141585 decam -2.7488348 31.234077 191 object IBIS_wide_M490_434257 434257 0.042063 924.0 1948.0 -0.20687513 1.0003296 0.0012550943 0.038862024 -0.0010745052 1.0001266 16299028631 301.49118
/home/declsp/obsbot/rawdata/DECam_01458466.fits.fz N4 1458466 347.8279 61092.36855041 1.11 209.8857442265305 -3.987103822591431 209.893275 -3.912 M490 0.040128946 24.988855 1.0285136 1.0782949 21.79738 1.1984437 decam -4.7688913 33.5307 166 object IBIS_wide_M490_434256 434256 0.039515 924.0 1948.0 0.07252099 0.99996805 0.0010490317 0.18739374 -0.0010961818 1.0000997 16290211308 290.233
