logs/db-2024-07-09.ecsv
# %ECSV 1.0
# ---
# datatype:
# - {name: filename, datatype: string}
# - {name: extension, datatype: string}
# - {name: expnum, datatype: int64}
# - {name: exptime, datatype: float32}
# - {name: mjd_obs, datatype: float64}
# - {name: airmass, datatype: float32}
# - {name: racenter, datatype: float64}
# - {name: deccenter, datatype: float64}
# - {name: rabore, datatype: float64}
# - {name: decbore, datatype: float64}
# - {name: band, datatype: string}
# - {name: ebv, datatype: float32}
# - {name: zeropoint, datatype: float32}
# - {name: transparency, datatype: float32}
# - {name: seeing, datatype: float32}
# - {name: sky, datatype: float32}
# - {name: expfactor, datatype: float32}
# - {name: camera, datatype: string}
# - {name: dx, datatype: float32}
# - {name: dy, datatype: float32}
# - {name: nmatched, datatype: int64}
# - {name: obstype, datatype: string}
# - {name: object, datatype: string}
# - {name: tileid, datatype: int64}
# - {name: tileebv, datatype: float32}
# - {name: affine_x0, datatype: float32}
# - {name: affine_y0, datatype: float32}
# - {name: affine_dx, datatype: float32}
# - {name: affine_dxx, datatype: float32}
# - {name: affine_dxy, datatype: float32}
# - {name: affine_dy, datatype: float32}
# - {name: affine_dyx, datatype: float32}
# - {name: affine_dyy, datatype: float32}
# - {name: checksum, datatype: string}
# - {name: efftime, datatype: float32}
# schema: astropy-2.0
filename extension expnum exptime mjd_obs airmass racenter deccenter rabore decbore band ebv zeropoint transparency seeing sky expfactor camera dx dy nmatched obstype object tileid tileebv affine_x0 affine_y0 affine_dx affine_dxx affine_dxy affine_dy affine_dyx affine_dyy checksum efftime
rawdata/DECam_01310196.fits.fz N4 1310196 5.0 60500.94881268 1.0 199.2126605483738 -31.581492443029504 199.22147916666665 -31.50638888888889 r 0.06382839 0.0 0.0 0.0 17.318127 0.0 decam 0.0 0.0 0 object pointing 0 0.0 0.0 0.0 0.0 0.0 0.0 0.0 0.0 0.0 19957362898 0.0
rawdata/DECam_01310197.fits.fz N4 1310197 30.0 60500.95141673 1.0 199.2126605483738 -31.581492443029504 199.22147916666665 -31.50638888888889 r 0.06382839 0.0 0.0 0.0 18.087938 0.0 decam 0.0 0.0 0 object pointing 0 0.0 0.0 0.0 0.0 0.0 0.0 0.0 0.0 0.0 28890023836 0.0
rawdata/DECam_01310198.fits.fz N4 1310198 50.0 60500.95923387 1.12 0.0 0.0 194.40527916666665 -3.94 solid 0.0 0.0 0.0 0.0 0.0 0.0 decam 0.0 0.0 -1 object "" 0 0.0 0.0 0.0 0.0 0.0 0.0 0.0 0.0 0.0 "" 0.0
rawdata/DECam_01310199.fits.fz N4 1310199 50.0 60500.96142284 1.13 194.39774813577475 -4.015103822349564 194.40527916666665 -3.94 g 0.02143784 26.666254 1.0748336 1.6451817 20.645914 6.398313 decam -2.0446556 40.692608 81 object coord_check 0 0.0 924.0 1948.0 -0.20272882 1.000046 0.00058961555 0.20497048 -8.91651e-05 0.9996665 17181627999 7.81456
rawdata/DECam_01310200.fits.fz N4 1310200 500.0 60500.9637814 1.13 194.39774813577475 -4.015103822349564 194.40527916666665 -3.94 M464 0.02143784 24.942034 1.0138499 1.5973448 21.135162 3.8537784 decam 9.385461 -32.00424 94 object IBIS_wide_M464_334420 334420 0.021871 924.0 1948.0 -0.2539247 1.0003406 0.00047006167 0.09961338 0.00019595804 1.0000184 17912127079 129.7428
rawdata/DECam_01310201.fits.fz N4 1310201 500.0 60500.9699287 1.13 196.1437498996069 -3.8191038240422914 196.15127916666665 -3.7439999999999998 M464 0.031857368 24.952234 1.0234197 1.5141551 21.35301 2.78086 decam 7.9309916 -25.566555 109 object IBIS_wide_M464_331472 331472 0.028791 924.0 1948.0 -0.12552586 1.0002235 0.00021359143 0.07104939 -0.00019921902 0.99991155 17471717918 179.80049
rawdata/DECam_01310202.fits.fz N4 1310202 500.0 60500.97607859 1.13 196.49774267910277 -4.568103817569139 196.50527916666667 -4.493 M464 0.03210813 24.93509 1.0073851 1.4458058 21.395706 2.5161839 decam 12.291174 -17.300097 129 object IBIS_wide_M464_334413 334413 0.032554 924.0 1948.0 -0.015947774 1.000039 0.00036932703 0.059870895 -0.00034866203 1.0002557 17361804845 198.71362
rawdata/DECam_01310203.fits.fz N4 1310203 500.0 60500.98223579 1.14 197.2177486123996 -3.963103822798733 197.22527916666667 -3.888 M464 0.025917087 24.942474 1.0164112 1.3946748 21.42094 2.2565758 decam 10.215633 -26.02582 122 object IBIS_wide_M464_334456 334456 0.028705 924.0 1948.0 -0.097724214 1.0000855 0.00029051615 0.1359316 -5.9338658e-05 1.0001457 17367942666 221.57466
rawdata/DECam_01310204.fits.fz N4 1310204 500.0 60500.98838889 1.14 199.32473546723702 -4.460103818503299 199.33227083333333 -4.385 M464 0.032632995 24.933605 1.0081434 1.5287824 21.469547 2.6348274 decam -0.7881521 -26.211185 112 object IBIS_wide_M464_334204 334204 0.035792 924.0 1948.0 -0.0642315 0.9997743 0.00061692094 0.23926313 -0.00016942578 0.9999969 17282787865 189.76576
rawdata/DECam_01310205.fits.fz N4 1310205 500.0 60500.99454095 1.15 198.02372476588724 -5.727103807525109 198.031275 -5.652 M464 0.03526221 24.936985 1.0134311 1.4752456 21.43798 2.5101013 decam 7.730899 -35.31019 111 object IBIS_wide_M464_334160 334160 0.038591 924.0 1948.0 -0.08268082 1.0002998 0.00027852482 0.07305254 7.1652306e-05 1.0001967 17432081465 199.19514
rawdata/DECam_01310206.fits.fz N4 1310206 500.0 60501.00067382 1.16 199.04573107701492 -4.869103814964093 199.05327083333336 -4.7940000000000005 M464 0.03421007 24.928476 1.0076524 1.3263026 21.467808 2.0053346 decam 5.153763 -29.989834 103 object IBIS_wide_M464_331218 331218 0.036212 924.0 1948.0 0.036920674 0.9999815 0.00020538052 -0.09961319 0.00014548766 1.0000125 17287603183 249.33495
rawdata/DECam_01310207.fits.fz N4 1310207 500.0 60501.00685572 1.16 203.39574530289528 -3.3661038279516755 203.40327083333332 -3.291 M464 0.03545771 24.939564 1.0179951 1.3028842 21.55777 1.7453445 decam 9.761074 -33.020218 129 object IBIS_wide_M464_334212 334212 0.035795 924.0 1948.0 -0.107071325 1.0002584 0.0006208156 0.018617576 -0.0002234658 0.999854 17092778842 286.4764
rawdata/DECam_01310208.fits.fz N4 1310208 500.0 60501.01299295 1.16 203.20073121136798 -4.857103815067992 203.20827083333333 -4.782 M464 0.033408735 24.940786 1.0191424 1.2044214 21.563133 1.4811924 decam 7.921302 -32.79144 141 object IBIS_wide_M464_331203 331203 0.031599 924.0 1948.0 -0.15639105 0.9999068 0.00050498755 0.04312129 -0.00052884 1.0001923 17098337306 337.56586
rawdata/DECam_01310209.fits.fz N4 1310209 500.0 60501.01912979 1.18 203.91473624017195 -4.384103819160506 203.92227083333333 -4.309 M464 0.029549988 24.934258 1.0173318 1.1195043 21.577219 1.2785063 decam 8.087372 -37.15269 124 object IBIS_wide_M464_331204 331204 0.032147 924.0 1948.0 -0.0106995655 1.0000072 0.0005120743 0.061734524 -0.0005530422 0.9999685 17261229844 391.08136
rawdata/DECam_01310210.fits.fz N4 1310210 500.0 60501.0252717 1.17 205.63972770426614 -5.1611038124347095 205.64727083333332 -5.086 M464 0.027897105 24.955719 1.035446 1.0698909 21.629341 1.070164 decam 7.227234 -45.659718 139 object IBIS_wide_M464_334182 334182 0.027938 924.0 1948.0 -0.112386376 0.9998834 0.00044162382 0.15462522 -0.0007045757 1.0001551 16992636976 467.2181
rawdata/DECam_01310211.fits.fz N4 1310211 500.0 60501.03141307 1.19 207.78675362077328 -3.3681038279344233 207.79427916666668 -3.293 M464 0.038532957 24.932219 1.0175775 1.1771444 21.664278 1.3091174 decam 7.510771 -39.664455 153 object IBIS_wide_M464_334281 334281 0.043655 924.0 1948.0 -0.266648 0.99992245 0.00066460925 0.2085864 -0.00074268726 0.9998708 17162901869 381.93668
rawdata/DECam_01310212.fits.fz N4 1310212 500.0 60501.03869595 1.21 208.36974135507225 -3.843103823835061 208.37727083333334 -3.768 M464 0.037430815 24.927046 1.0170408 1.1683362 21.704378 1.2544463 decam 4.1233106 -1.3998314 128 object IBIS_wide_M464_334279 334279 0.038166 924.0 1948.0 -0.29030317 1.0001427 0.00035296817 0.08926063 -0.00041198469 0.99979675 16917853501 398.5822
rawdata/DECam_01310213.fits.fz N4 1310213 480.0 60501.04483632 1.2 209.18272224581904 -5.601103808618868 209.19027083333333 -5.526 M464 0.028395623 24.93384 1.0212595 1.2838943 21.747202 1.4379004 decam 7.445745 -4.1934304 151 object IBIS_wide_M464_334096 334096 0.028353 924.0 1948.0 -0.15628903 0.9999565 0.00060083036 0.46301648 -0.0011507581 1.0001801 16834737190 333.82004
rawdata/DECam_01310214.fits.fz N4 1310214 486.0 60501.05074963 1.22 210.9067458938711 -4.251103820310299 210.91427916666666 -4.176 M464 0.042461418 24.922968 1.0153757 1.192974 21.812803 1.1922942 decam 9.911264 -5.1928716 153 object IBIS_wide_M464_331271 331271 0.038187 924.0 1948.0 -0.0785599 1.0000694 0.0004519304 -0.04136866 -0.00033921312 1.0001514 16804763049 407.6175
rawdata/DECam_01310215.fits.fz N4 1310215 500.0 60501.05674699 1.22 212.58874173697646 -4.250103820318943 212.596275 -4.175 M464 0.04367633 24.911688 1.0048827 1.2361313 21.883726 1.2241976 decam 10.469003 7.4506054 170 object IBIS_wide_M464_331266 331266 0.039319 924.0 1948.0 -0.22143295 1.0001254 0.00090906525 0.12974444 -0.00075077073 0.99984276 16717340611 408.4308
rawdata/DECam_01310216.fits.fz N4 1310216 493.0 60501.06291212 1.23 214.58674662421353 -3.7161038249315252 214.594275 -3.641 M464 0.05081214 24.906685 1.0023828 1.3066595 21.945604 1.3036726 decam 4.42056 -7.781116 163 object IBIS_wide_M464_331276 331276 0.048756 924.0 1948.0 -0.058641303 1.0002446 0.0006901973 0.20953634 -0.0006059506 1.0001599 16569207838 378.16245
rawdata/DECam_01310217.fits.fz N4 1310217 490.0 60501.06898592 1.24 214.65374011195937 -4.806103815509522 214.66127916666667 -4.731 M464 0.048752777 24.924063 1.0207162 1.354792 21.963749 1.334529 decam 11.411794 -3.0950305 163 object IBIS_wide_M464_331257 331257 0.044534 924.0 1948.0 -0.0034673386 1.0000719 0.0009872459 0.1097001 -0.0008932332 1.0001435 16570797697 367.17072
rawdata/DECam_01310218.fits.fz N4 1310218 500.0 60501.07503917 1.24 217.3987458351899 -4.257103820258437 217.40627916666665 -4.182 M464 0.09427031 24.910099 1.0076737 1.2718633 21.956018 1.2156415 decam 5.551867 -14.543224 151 object IBIS_wide_M464_336962 336962 0.080209 924.0 1948.0 -0.17716679 0.9997398 0.0010400013 0.077467136 -0.0010089037 0.9998589 18000037278 411.30545
rawdata/DECam_01310219.fits.fz N4 1310219 500.0 60501.08118344 1.26 217.0407386278997 -4.557103817664297 217.048275 -4.482 M464 0.07650239 24.893677 0.99676096 1.3602003 21.973768 1.4091969 decam 9.515911 -15.346145 183 object IBIS_wide_M464_339947 339947 0.071288 924.0 1948.0 -0.10328098 0.9999063 0.0009991121 0.020272754 -0.0007400614 1.0000328 16574808542 354.812
rawdata/DECam_01310220.fits.fz N4 1310220 500.0 60501.0873538 1.26 218.80273436215447 -5.300103811229842 218.81027916666667 -5.225 M464 0.068429984 24.890242 0.99361104 1.505395 21.980124 1.7264967 decam 12.877231 -32.237198 170 object IBIS_wide_M464_336954 336954 0.071112 924.0 1948.0 -0.15619464 1.0002972 0.0009481979 0.25789437 -0.0010781292 1.0002522 17270757367 289.6038
rawdata/DECam_01310221.fits.fz N4 1310221 500.0 60501.0935169 1.27 219.08471996344852 -6.369103801944429 219.09227916666669 -6.294 M464 0.06403735 24.887074 0.99281675 1.6243479 21.973747 2.0332198 decam 11.977446 -24.570953 174 object IBIS_wide_M464_339937 339937 0.065608 924.0 1948.0 -0.10097934 1.0001086 0.0011572073 0.2473869 -0.0011942107 0.9999721 16560809527 245.91536
rawdata/DECam_01310222.fits.fz N4 1310222 500.0 60501.09965799 1.28 221.26672157078198 -5.653103808167534 221.27427083333333 -5.578 M464 0.055215523 24.881958 0.9902459 1.6985841 21.94497 2.3041577 decam 12.650517 -25.994719 157 object IBIS_wide_M464_339925 339925 0.064252 924.0 1948.0 -0.2278712 0.9999181 0.0012173704 0.036473896 -0.0011256805 0.99990743 16655570205 216.99902
rawdata/DECam_01310223.fits.fz N4 1310223 500.0 60501.10582173 1.3 223.40374404284273 -4.007103822418671 223.41127500000002 -3.932 M464 0.08808268 24.860806 0.9752633 1.6589731 21.954485 2.2648506 decam 10.177899 -41.482822 197 object IBIS_wide_M464_340427 340427 0.099106 924.0 1948.0 -0.62882257 1.0003479 0.0013259763 0.11345364 -0.00091222365 0.9999588 16575690957 220.7651
rawdata/DECam_01310224.fits.fz N4 1310224 500.0 60501.11197823 1.33 225.74776219448216 -1.9661038400128497 225.75527916666664 -1.891 M464 0.0722444 24.869417 0.98929787 1.6215366 21.963882 2.110647 decam 16.406967 -29.892332 195 object IBIS_wide_M464_337457 337457 0.07281 924.0 1948.0 0.0342808 0.9997114 0.0012581256 0.32760826 -0.0011340214 0.99981487 16645139204 236.89418
rawdata/DECam_01310225.fits.fz N4 1310225 500.0 60501.1182438 1.36 227.95377078364154 -0.04910385649812198 227.96128333333334 0.026000000000000002 M464 0.053992607 24.852365 0.98009044 1.6667197 21.97622 2.2740684 decam 8.015323 -1.9754192 160 object IBIS_wide_M464_337504 337504 0.0544 924.0 1948.0 0.1596576 1.0002384 0.0012778796 0.25205815 -0.0012862035 1.000135 16686624118 219.87027
rawdata/DECam_01310226.fits.fz N4 1310226 500.0 60501.12439116 1.39 228.64977047592367 0.5208961386020037 228.65728333333334 0.596 M464 0.05401119 24.839142 0.9743995 1.5749149 21.93475 2.160916 decam 6.7205586 -3.2837865 187 object IBIS_wide_M464_337505 337505 0.05065 924.0 1948.0 -0.26033863 1.0003129 0.0014356073 0.0909264 -0.0011276716 1.000095 16625902158 231.38335
rawdata/DECam_01310227.fits.fz N4 1310227 500.0 60501.13059353 1.37 233.53276476248777 1.2738961321274935 233.54027916666666 1.349 M464 0.050477993 24.843035 0.97376424 1.585565 21.957989 2.129063 decam 5.7301083 -12.355038 204 object IBIS_wide_M464_337511 337511 0.054714 924.0 1948.0 -0.19555609 1.0002323 0.0016349215 0.20227419 -0.001678556 1.0000976 16615729241 234.84511
rawdata/DECam_01310228.fits.fz N4 1310228 500.0 60501.13674006 1.38 236.04676196276543 2.0168961257352658 236.05427916666665 2.092 M464 0.08355496 24.84119 0.97417384 1.3838142 21.930412 1.6694018 decam -0.9451499 -5.0759535 254 object IBIS_wide_M464_340479 340479 0.086938 924.0 1948.0 0.16378522 1.0001833 0.0016641855 0.21281637 -0.0014852263 1.0001898 16674672372 299.50848
rawdata/DECam_01310229.fits.fz N4 1310229 500.0 60501.14288476 1.39 236.86176006029478 1.4458961306481382 236.86927500000002 1.521 M464 0.112801485 24.838762 0.9740579 1.3062947 21.893126 1.5465348 decam 2.5874362 -9.757837 258 object IBIS_wide_M464_340477 340477 0.10154 924.0 1948.0 0.08585386 1.0000925 0.0015820812 0.2554578 -0.0012890806 0.9999748 16682672410 323.3034
rawdata/DECam_01310230.fits.fz N4 1310230 500.0 60501.14905817 1.4 239.90075277392233 2.906896118070481 239.908275 2.982 M464 0.15961075 24.826824 0.96544975 1.4470863 21.901703 1.9240261 decam -7.9109836 1.8105072 246 object IBIS_wide_M464_337661 337661 0.12395 924.0 1948.0 -0.46377912 1.0000812 0.0018966753 0.22782674 -0.0017526918 1.0001434 16708763949 259.87173
rawdata/DECam_01310231.fits.fz N4 1310231 500.0 60501.15521174 1.39 241.30175916488028 1.6948961285061084 241.309275 1.77 M464 0.12140863 24.818663 0.9561914 1.5307434 21.8883 2.2126787 decam -3.02124 8.334424 285 object IBIS_wide_M464_337332 337332 0.11052 924.0 1948.0 -0.07751114 1.0003757 0.0016569569 0.08940845 -0.0014308004 1.0000697 16711378215 225.97046
rawdata/DECam_01310232.fits.fz N4 1310232 500.0 60501.16137411 1.4 244.1297484331458 2.932896117846402 244.1372708333333 3.008 M464 0.0629212 24.84235 0.9793544 1.5473224 21.916721 2.1080997 decam -5.222952 21.152012 317 object IBIS_wide_M464_337345 337345 0.064283 924.0 1948.0 0.011135901 1.0001898 0.0016696207 0.25026113 -0.0015137892 1.0000106 16805311823 237.18045
rawdata/DECam_01310233.fits.fz N4 1310233 500.0 60501.16752635 1.39 245.92976589554544 2.066896125304917 245.93728333333334 2.142 M464 0.068334654 24.854263 0.9880646 1.4491549 21.895222 1.8456433 decam -2.2866387 14.160014 409 object IBIS_wide_M464_340323 340323 0.065286 924.0 1948.0 -0.040089592 1.0000784 0.0017489811 0.20358405 -0.0015741731 1.0000311 16708285544 270.90826
rawdata/DECam_01310234.fits.fz N4 1310234 500.0 60501.17367378 1.39 247.9527602037434 1.401896131026598 247.96027499999997 1.477 M464 0.06455564 24.854462 0.9882446 1.3591104 21.849667 1.6926304 decam -3.9593222 10.237735 408 object IBIS_wide_M464_340300 340300 0.069849 924.0 1948.0 -0.116929956 1.0001829 0.0018361764 0.12887117 -0.0014903308 1.0000907 16895451229 295.3982
rawdata/DECam_01310235.fits.fz N4 1310235 500.0 60501.1814263 1.15 307.87057796021895 -12.430103748361887 307.8782708333333 -12.355 M464 0.045344483 24.917015 0.99496126 1.4290761 21.860176 1.6565483 decam -68.65731 25.139385 587 object IBIS_wide_M464_351994 351994 0.048053 924.0 1948.0 0.0004122028 1.0000671 0.001646165 0.097878546 -0.0017820238 1.0000796 16912855568 301.83243
rawdata/DECam_01310236.fits.fz N4 1310236 498.0 60501.18758766 1.13 308.71756346950514 -13.04410374281417 308.725275 -12.969 M464 0.043898277 24.920454 0.9938983 1.479103 21.849558 1.7809939 decam -64.030945 5.3676157 472 object IBIS_wide_M464_351992 351992 0.044381 924.0 1948.0 -0.21930006 1.0000836 0.001541134 0.08628197 -0.0015008146 1.0000124 16963360271 279.61914
rawdata/DECam_01310237.fits.fz N4 1310237 500.0 60501.19376595 1.12 307.82661302816695 -11.334103758200591 307.834275 -11.259 M464 0.053734824 24.906244 0.9788994 1.5394465 21.847975 1.9834126 decam 23.051891 -29.103085 566 object IBIS_wide_M464_349105 349105 0.053636 924.0 1948.0 -0.33759522 1.0002006 0.0015487672 0.24343453 -0.0017583612 0.9999797 17019423077 252.09076
rawdata/DECam_01310238.fits.fz N4 1310238 500.0 60501.19991401 1.11 311.30750248108774 -14.627103728380169 311.3152666666666 -14.552 M464 0.03995803 24.911299 0.9813859 1.5486935 21.833961 2.0147777 decam 27.992085 -39.68591 416 object IBIS_wide_M464_348987 348987 0.047446 924.0 1948.0 -0.32178292 1.000102 0.0014825824 0.26787624 -0.001481029 1.0000491 16848557173 248.16635
