logs/db-2026-03-19.ecsv
# %ECSV 1.0
# ---
# datatype:
# - {name: filename, datatype: string}
# - {name: extension, datatype: string}
# - {name: expnum, datatype: int64}
# - {name: exptime, datatype: float32}
# - {name: mjd_obs, datatype: float64}
# - {name: airmass, datatype: float32}
# - {name: racenter, datatype: float64}
# - {name: deccenter, datatype: float64}
# - {name: rabore, datatype: float64}
# - {name: decbore, datatype: float64}
# - {name: band, datatype: string}
# - {name: ebv, datatype: float32}
# - {name: zeropoint, datatype: float32}
# - {name: transparency, datatype: float32}
# - {name: seeing, datatype: float32}
# - {name: sky, datatype: float32}
# - {name: expfactor, datatype: float32}
# - {name: camera, datatype: string}
# - {name: dx, datatype: float32}
# - {name: dy, datatype: float32}
# - {name: nmatched, datatype: int64}
# - {name: obstype, datatype: string}
# - {name: object, datatype: string}
# - {name: tileid, datatype: int64}
# - {name: tileebv, datatype: float32}
# - {name: affine_x0, datatype: float32}
# - {name: affine_y0, datatype: float32}
# - {name: affine_dx, datatype: float32}
# - {name: affine_dxx, datatype: float32}
# - {name: affine_dxy, datatype: float32}
# - {name: affine_dy, datatype: float32}
# - {name: affine_dyx, datatype: float32}
# - {name: affine_dyy, datatype: float32}
# - {name: checksum, datatype: string}
# - {name: efftime, datatype: float32}
# schema: astropy-2.0
filename extension expnum exptime mjd_obs airmass racenter deccenter rabore decbore band ebv zeropoint transparency seeing sky expfactor camera dx dy nmatched obstype object tileid tileebv affine_x0 affine_y0 affine_dx affine_dxx affine_dxy affine_dy affine_dyx affine_dyy checksum efftime
[from data line 41]
/home/declsp/obsbot/rawdata/DECam_01464740.fits.fz N4 1464740 450.8673 61119.13800312 1.11 162.012742773594 -4.559103817646996 162.02027916666668 -4.484 M490 0.040184088 24.984253 1.0241625 1.2673591 21.873371 1.1890768 decam -7.541705 1.0843357 152 object IBIS_wide_M490_428213 428213 0.040616 924.0 1948.0 0.07871788 1.000041 -0.0009178009 0.011771692 0.000965497 1.0000222 16525497222 379.1743
/home/declsp/obsbot/rawdata/DECam_01464741.fits.fz N4 1464741 472.3272 61119.14353801 1.11 163.32473546723702 -4.4601038185033 163.33227083333333 -4.385 M490 0.031935737 24.988764 1.0284263 1.3239334 21.861637 1.3006829 decam -10.728271 2.3041306 137 object IBIS_wide_M490_428212 428212 0.03192 924.0 1948.0 0.06919791 1.0000278 -0.00093029445 -0.011995424 0.000842132 1.0000707 16612235599 363.13788
/home/declsp/obsbot/rawdata/DECam_01464742.fits.fz N4 1464742 430.6673 61119.14932282 1.11 164.7327378670314 -4.629103817041387 164.740275 -4.554 M490 0.031733934 24.988487 1.0281647 1.3377427 21.85345 1.3386486 decam -13.186197 -3.5957298 122 object IBIS_wide_M490_428209 428209 0.032845 924.0 1948.0 0.13871089 1.0000306 -0.0007477543 -0.07871959 0.00076191843 1.0000296 16944102825 321.718
/home/declsp/obsbot/rawdata/DECam_01464743.fits.fz N4 1464743 500.747 61119.15464877 1.11 167.53673563107517 -4.444103818641669 167.54427083333334 -4.369 M490 0.052982986 24.987396 1.0271322 1.3400092 21.846405 1.3546485 decam -16.69286 9.98585 125 object IBIS_wide_M490_428197 428197 0.053879 924.0 1948.0 -0.15499575 1.0001903 -0.0006487377 -0.0032222972 0.0005717835 0.9999944 16703132128 369.65088
/home/declsp/obsbot/rawdata/DECam_01464744.fits.fz N4 1464744 640.1763 61119.1607653 1.11 168.92273434576947 -4.568103817569138 168.93027083333334 -4.493 M490 0.041979253 24.976374 1.0167586 1.3471968 21.813763 1.4399266 decam -4.7433023 7.864956 142 object IBIS_wide_M490_428196 428196 0.042669 924.0 1948.0 0.1838636 1.0000931 -0.00055085827 -0.07620499 0.00083050574 1.0000509 17607171364 444.58954
/home/declsp/obsbot/rawdata/DECam_01464745.fits.fz N4 1464745 575.2766 61119.16849284 1.11 171.40673186705797 -4.798103815578777 171.41427083333332 -4.723 M490 0.048452955 24.982677 1.0226779 1.3293155 21.820042 1.3778337 decam -2.358518 6.395762 137 object IBIS_wide_M490_425206 425206 0.046253 924.0 1948.0 0.058036856 1.0001472 -0.00053865975 0.013157853 0.0006943073 1.0001432 16919047514 417.52252
/home/declsp/obsbot/rawdata/DECam_01464746.fits.fz N4 1464746 546.6768 61119.17563409 1.11 175.57573948876168 -4.8621038150247005 175.58327916666667 -4.787 M490 0.021772115 24.985533 1.0253719 1.3623598 21.783749 1.488425 decam -1.8918916 -0.9227855 127 object IBIS_wide_M490_425273 425273 0.025699 924.0 1948.0 -0.045867424 1.000105 -0.00034655855 -0.011173514 0.0003144203 0.9999081 16880586414 367.28543
/home/declsp/obsbot/rawdata/DECam_01464747.fits.fz N4 1464747 583.0266 61119.1822899 1.11 173.47673711839312 -4.296103819921318 173.48427083333334 -4.221 M490 0.050466247 24.980772 1.0208856 1.3265369 21.782372 1.4255213 decam 7.9903984 13.256086 142 object IBIS_wide_M490_425278 425278 0.046576 924.0 1948.0 0.073766455 1.000223 -0.000365411 0.037527084 0.00027345642 1.0000117 17024778547 408.99188
/home/declsp/obsbot/rawdata/DECam_01464748.fits.fz N4 1464748 458.1675 61119.18934391 1.11 174.90674589387115 -4.2511038203103 174.9142791666667 -4.176 M490 0.04321673 24.990194 1.0297824 1.2978942 21.768406 1.3585967 decam 7.190187 11.6183195 159 object IBIS_wide_M490_425279 425279 0.033711 924.0 1948.0 -0.08701269 0.99982315 -0.00051217794 -0.08787074 0.00065880833 1.0000616 16687618311 337.23584
/home/declsp/obsbot/rawdata/DECam_01464749.fits.fz N4 1464749 728.9561 61119.19499184 1.11 177.79973810420108 -4.195103820794304 177.80727083333332 -4.12 M490 0.030406421 24.974108 1.0146376 1.4999077 21.74502 1.9089814 decam 12.06825 9.194097 146 object IBIS_wide_M490_425283 425283 0.026267 924.0 1948.0 0.0603812 1.0000807 -0.00020009225 0.037312444 5.5897628e-05 1.0000618 17536694123 381.85605
/home/declsp/obsbot/rawdata/DECam_01464750.fits.fz N4 1464750 617.7267 61119.20375748 1.11 180.63774009649023 -3.9831038226259823 180.6452708333333 -3.908 M490 0.027852457 24.977213 1.0175447 1.5473713 21.731102 2.0460443 decam 2.739548 20.172607 139 object IBIS_wide_M490_433961 433961 0.028683 924.0 1948.0 0.039359502 1.0002844 -0.00010620464 0.12475445 0.00051567313 0.99998766 17198109247 301.91266
/home/declsp/obsbot/rawdata/DECam_01464751.fits.fz N4 1464751 778.5858 61119.21126459 1.12 183.52074292342022 -3.6611038254062733 183.52827083333335 -3.586 M490 0.034096558 24.97316 1.0155939 1.5174972 21.716303 2.009842 decam -6.2040744 19.967827 150 object IBIS_wide_M490_430972 430972 0.032851 924.0 1948.0 -0.18022013 1.0003674 -6.628579e-05 0.16383384 -0.00013142457 0.9999959 17734211259 387.38657
/home/declsp/obsbot/rawdata/DECam_01464752.fits.fz N4 1464752 772.8365 61119.22057874 1.12 182.10174294863035 -3.658103825432166 182.1092708333333 -3.583 M490 0.031064382 24.96791 1.0106962 1.5650953 21.705597 2.1799212 decam -7.2704067 30.069788 170 object IBIS_wide_M490_430973 430973 0.029538 924.0 1948.0 -0.034825034 0.9998843 -1.3981531e-05 0.08394849 -2.8335513e-05 1.0000634 17728891243 354.525
/home/declsp/obsbot/rawdata/DECam_01464753.fits.fz N4 1464753 687.5872 61119.23001036 1.12 188.07675358983482 -3.37210382789992 188.08427916666668 -3.297 M490 0.035960183 24.97595 1.0182065 1.4382964 21.714203 1.7999691 decam -6.407279 22.528639 143 object IBIS_wide_M490_434438 434438 0.035878 924.0 1948.0 -0.15006033 1.0001507 0.00021364678 0.03555974 -0.00015414199 1.0000366 17431674262 381.99945
/home/declsp/obsbot/rawdata/DECam_01464754.fits.fz N4 1464754 558.5679 61119.23832265 1.12 191.25474742505781 -3.0791038304265688 191.26227083333333 -3.004 M490 0.026374295 24.984804 1.0265436 1.3787743 21.71535 1.6257712 decam -3.1130419 17.145926 158 object IBIS_wide_M490_431457 431457 0.026907 924.0 1948.0 -0.015697682 1.000076 0.00027554555 -0.11151868 -7.6657016e-05 1.0000948 17066443034 343.57104
/home/declsp/obsbot/rawdata/DECam_01464755.fits.fz N4 1464755 518.0479 61119.2451575 1.12 195.12975459130635 -3.2401038290383855 195.13727916666664 -3.165 M490 0.028940849 24.963202 1.006321 1.364068 21.719019 1.6503328 decam -4.8867764 1.3461869 151 object IBIS_wide_M490_434421 434421 0.026163 924.0 1948.0 -0.075856045 1.000104 0.00047464113 0.124767065 -0.0005924211 1.0001004 16929915402 313.90512
/home/declsp/obsbot/rawdata/DECam_01464756.fits.fz N4 1464756 454.2182 61119.25147371 1.13 197.13474952303648 -2.766103833124153 197.14227083333333 -2.691 M490 0.027068233 24.97596 1.020066 1.2688909 21.728333 1.383267 decam -10.895947 6.2311535 168 object IBIS_wide_M490_434459 434459 0.025486 924.0 1948.0 -0.09209719 1.0002317 0.00064865313 0.03844727 -0.0005461931 0.9998501 17084201165 328.36624
/home/declsp/obsbot/rawdata/DECam_01464757.fits.fz N4 1464757 489.4888 61119.2570742 1.13 200.37875548888667 -2.4661038357083593 200.386275 -2.391 M490 0.0290009 24.970274 1.0147367 1.3088714 21.765322 1.4373579 decam -12.616539 -5.1078067 174 object IBIS_wide_M490_431235 431235 0.031446 924.0 1948.0 -0.068903826 1.0001235 0.0008103713 0.042648945 -0.0007096732 0.99996805 16774684038 340.5476
/home/declsp/obsbot/rawdata/DECam_01464758.fits.fz N4 1464758 562.6182 61119.26309367 1.13 201.8447640797928 -2.4201038361044973 201.85228333333333 -2.3449999999999998 M490 0.03847438 24.974174 1.0183892 1.3172485 21.77803 1.4285452 decam -7.9883847 -7.4062567 154 object IBIS_wide_M490_431234 431234 0.037456 924.0 1948.0 -0.09643735 1.0000889 0.00075506547 0.10959051 -0.000579971 1.0000651 17099026791 393.83997
/home/declsp/obsbot/rawdata/DECam_01464759.fits.fz N4 1464759 536.7879 61119.26992028 1.13 203.79176559654135 -2.129103838609901 203.79928333333334 -2.054 M490 0.04913359 24.968063 1.0126739 1.3095402 21.770388 1.4379685 decam -13.647193 -4.1244936 152 object IBIS_wide_M490_434217 434217 0.036848 924.0 1948.0 -0.13121052 1.0000244 0.0008689251 0.05790366 -0.0008833342 1.0000353 16896342404 373.296
/home/declsp/obsbot/rawdata/DECam_01464760.fits.fz N4 1464760 552.2576 61119.27647658 1.14 200.73076128744805 -2.158103838360266 200.73827916666664 -2.083 M490 0.034394797 24.96668 1.0132216 1.3669624 21.778917 1.5583568 decam -5.2354035 10.6680765 154 object IBIS_wide_M490_434221 434221 0.031968 924.0 1948.0 -0.11077821 1.0004172 0.0006274094 -0.014532381 -0.00077071605 1.0000262 17043359943 354.38458
/home/declsp/obsbot/rawdata/DECam_01464761.fits.fz N4 1464761 555.3475 61119.28332544 1.13 206.00876381091084 -2.4681038356911347 206.01628333333335 -2.393 M490 0.053112052 24.952156 0.99794525 1.4154539 21.81248 1.6637958 decam -17.216618 13.336348 144 object IBIS_wide_M490_431303 431303 0.043613 924.0 1948.0 -0.21425742 0.9999956 0.0009135836 0.008454769 -0.0010320573 1.0000433 16903710677 333.78345
/home/declsp/obsbot/rawdata/DECam_01464762.fits.fz N4 1464762 716.877 61119.29011003 1.13 208.82375547191947 -2.4691038356825232 208.83127499999998 -2.394 M490 0.048750017 24.976954 1.0209991 1.4862051 21.81918 1.7413998 decam -1.1437252 20.929136 213 object IBIS_wide_M490_431299 431299 0.049047 924.0 1948.0 -0.39194652 1.0000756 0.0010227673 -0.004836855 -0.00095277483 1.0001155 17442475322 411.66708
/home/declsp/obsbot/rawdata/DECam_01464763.fits.fz N4 1464763 800.0 61119.29873671 1.12 210.920750461784 -3.235103829081504 210.928275 -3.16 M490 0.07643816 24.96019 1.0035338 1.545602 21.816175 1.9476548 decam -17.59853 21.969784 180 object IBIS_wide_M490_431274 431274 0.065176 924.0 1948.0 -0.08412083 1.0001369 0.0010728027 0.16555664 -0.0009731732 0.99992746 17564236128 410.7504
/home/declsp/obsbot/rawdata/DECam_01464764.fits.fz N4 1464764 800.0 61119.30832616 1.13 212.54475791335827 -2.7571038332016973 212.55227916666666 -2.682 M490 0.062948026 24.954016 0.9996561 1.6909156 21.8091 2.372765 decam -14.80976 24.43919 181 object IBIS_wide_M490_434268 434268 0.06247 924.0 1948.0 0.040194947 1.0002537 0.0010452666 0.25102112 -0.0012281463 1.0001174 17569869698 337.15936
/home/declsp/obsbot/rawdata/DECam_01464765.fits.fz N4 1464765 746.2368 61119.31792453 1.12 214.58674662421353 -3.7161038249315252 214.594275 -3.641 M490 0.05081214 24.966606 1.0094814 1.6347857 21.818815 2.1478348 decam -19.095192 19.07086 183 object IBIS_wide_M490_431276 431276 0.048756 924.0 1948.0 -0.01332892 1.0000818 0.0011694111 0.076909155 -0.0010791856 1.0000464 17406977140 347.43677
/home/declsp/obsbot/rawdata/DECam_01464766.fits.fz N4 1464766 800.0 61119.32690525 1.12 217.3987458351899 -4.257103820258437 217.40627916666665 -4.182 M490 0.09427031 24.957705 1.0012397 1.8465356 21.781696 2.881871 decam -21.16007 16.942839 178 object IBIS_wide_M490_436962 436962 0.080209 924.0 1948.0 -0.19772728 1.0001308 0.0012543539 0.13288732 -0.0013551641 1.0001163 20072567438 277.59744
/home/declsp/obsbot/rawdata/DECam_01464767.fits.fz N4 1464767 800.0 61119.3365095 1.13 216.65973526609707 -4.86710381498141 216.66727500000002 -4.792 M490 0.06201976 24.959005 1.0042605 1.8239392 21.810043 2.7328012 decam -26.80644 15.07711 194 object IBIS_wide_M490_436961 436961 0.061045 924.0 1948.0 0.0080028055 1.000091 0.0012558032 0.10801948 -0.001223022 1.0000223 17628482616 292.7399
/home/declsp/obsbot/rawdata/DECam_01464768.fits.fz N4 1464768 800.0 61119.34612744 1.11 220.21871563962029 -6.656103799445203 220.22627916666667 -6.5809999999999995 M490 0.059285037 24.969322 1.0101757 1.8772979 21.802753 2.8595564 decam -23.686228 12.466703 265 object IBIS_wide_M490_436936 436936 0.063876 924.0 1948.0 -0.075774275 1.0003338 0.001390222 0.10808695 -0.0012905108 0.9999851 17650746338 279.76367
/home/declsp/obsbot/rawdata/DECam_01464769.fits.fz N4 1464769 800.0 61119.35572903 1.14 222.97774317652002 -4.100103821615222 222.985275 -4.025 M490 0.08283133 24.95458 1.0019921 1.97119 21.790964 3.2746835 decam -35.97377 10.111552 242 object IBIS_wide_M490_437441 437441 0.093837 924.0 1948.0 -0.38859105 1.0001357 0.0014171596 -0.041872762 -0.0014637428 1.0001496 18257367253 244.29842
/home/declsp/obsbot/rawdata/DECam_01464770.fits.fz N4 1464770 800.0 61119.36532309 1.15 224.0767535898348 -3.37210382789992 224.08427916666665 -3.297 M490 0.123775415 24.94351 0.99362814 1.8519895 21.791916 2.9478333 decam -35.106174 20.364447 213 object IBIS_wide_M490_440430 440430 0.115 924.0 1948.0 -0.5199871 1.0002513 0.0015834933 0.10049297 -0.0015398237 1.0000426 17629378075 271.38577
/home/declsp/obsbot/rawdata/DECam_01464771.fits.fz N4 1464771 800.0 61119.37491149 1.18 225.45275663551962 -2.2541038375338194 225.460275 -2.179 M490 0.07615749 24.952417 1.007282 1.7346076 21.806452 2.5103357 decam -32.820896 16.805178 221 object IBIS_wide_M490_440442 440442 0.076755 924.0 1948.0 0.14595051 1.0001678 0.0014898754 0.018291362 -0.0012849731 1.0000788 17675673588 318.6825
/home/declsp/obsbot/rawdata/DECam_01464772.fits.fz N4 1464772 800.0 61119.38455804 1.21 221.5477460402085 -4.236103820439948 221.55527916666665 -4.161 M490 0.099107206 24.944624 1.0055351 1.8130951 21.759876 2.9040604 decam -32.895733 13.189339 205 object IBIS_wide_M490_437526 437526 0.092701 924.0 1948.0 -0.0629422 1.0000968 0.0015068048 0.100771844 -0.0016740446 1.0000876 17718508335 275.47638
/home/declsp/obsbot/rawdata/DECam_01464773.fits.fz N4 1464773 150.0 61119.39589558 1.43 242.98492140014162 14.913732123015675 242.99269583333336 14.98883611111111 M517 0.035996806 24.939133 0.98532933 1.8914728 21.721052 3.6279316 decam -15.8713 27.06465 220 object "Pal14 position 21" 0 0.0 924.0 1948.0 -0.48005778 1.0001276 0.0020972413 0.13763678 -0.001999443 1.0000918 15852131879 41.345875
/home/declsp/obsbot/rawdata/DECam_01464774.fits.fz N4 1464774 150.0 61119.39799014 1.43 242.5414884037159 15.019287955376805 242.54926666666665 15.094391944444444 M517 0.032611217 24.939854 0.98598355 1.7607139 21.618546 3.45072 decam -28.533878 34.428696 258 object "Pal14 position 22" 0 0.0 924.0 1948.0 -0.36418527 1.0002033 0.0021367793 0.16044302 -0.002061034 1.0001643 15908915046 43.46919
/home/declsp/obsbot/rawdata/DECam_01464775.fits.fz N4 1464775 150.0 61119.40005742 1.42 242.8005352200524 14.643899069941062 242.8083 14.719003055555556 M517 0.035673056 24.929327 0.9749059 1.9617608 21.4803 4.9599347 decam -32.02889 44.29585 213 object "Pal14 position 23" 0 0.0 924.0 1948.0 -0.05735458 1.000322 0.0021055483 -0.10872786 -0.0020783031 1.000159 15950811583 30.242332
/home/declsp/obsbot/rawdata/DECam_01464776.fits.fz N4 1464776 150.0 61119.40213005 1.44 242.8737646381233 15.099549899081367 242.88154583333335 15.174653888888889 M517 0.034925405 24.935705 0.9837984 1.8802648 21.226484 5.6894565 decam -31.435099 34.379154 185 object "Pal14 position 24" 0 0.0 924.0 1948.0 0.2797652 1.000137 0.0021112878 0.07421933 -0.0020504112 1.000098 16215196890 26.364555
/home/declsp/obsbot/rawdata/DECam_01464777.fits.fz N4 1464777 15.0 61119.40595017 1.57 189.70078795747543 -49.79143632983654 189.712425 -49.71633305555556 M490 0.12849489 24.86871 1.0009204 1.9178984 20.449242 12.495856 decam -81.97946 33.59516 656 object "LTT4861 N4" 0 0.0 924.0 1948.0 -0.05776741 1.0001334 0.00083241134 -0.0743802 -0.000835819 1.0001866 15521581490 1.2003978
/home/declsp/obsbot/rawdata/DECam_01464778.fits.fz N4 1464778 15.0 61119.40642766 1.58 189.21964629080875 -49.79143632983654 189.23128333333335 -49.71633305555556 M490 0.123391315 24.873392 1.007073 1.7103506 20.295692 11.351001 decam -72.48707 27.814604 681 object "LTT4861 N5" 0 0.0 924.0 1948.0 -0.26859725 1.0000036 0.0007924457 0.048203606 -0.0012804802 1.000503 15535237010 1.3214693
