logs/db-2024-10-30.ecsv
# %ECSV 1.0
# ---
# datatype:
# - {name: filename, datatype: string}
# - {name: extension, datatype: string}
# - {name: expnum, datatype: int64}
# - {name: exptime, datatype: float32}
# - {name: mjd_obs, datatype: float64}
# - {name: airmass, datatype: float32}
# - {name: racenter, datatype: float64}
# - {name: deccenter, datatype: float64}
# - {name: rabore, datatype: float64}
# - {name: decbore, datatype: float64}
# - {name: band, datatype: string}
# - {name: ebv, datatype: float32}
# - {name: zeropoint, datatype: float32}
# - {name: transparency, datatype: float32}
# - {name: seeing, datatype: float32}
# - {name: sky, datatype: float32}
# - {name: expfactor, datatype: float32}
# - {name: camera, datatype: string}
# - {name: dx, datatype: float32}
# - {name: dy, datatype: float32}
# - {name: nmatched, datatype: int64}
# - {name: obstype, datatype: string}
# - {name: object, datatype: string}
# - {name: tileid, datatype: int64}
# - {name: tileebv, datatype: float32}
# - {name: affine_x0, datatype: float32}
# - {name: affine_y0, datatype: float32}
# - {name: affine_dx, datatype: float32}
# - {name: affine_dxx, datatype: float32}
# - {name: affine_dxy, datatype: float32}
# - {name: affine_dy, datatype: float32}
# - {name: affine_dyx, datatype: float32}
# - {name: affine_dyy, datatype: float32}
# - {name: checksum, datatype: string}
# - {name: efftime, datatype: float32}
# schema: astropy-2.0
filename extension expnum exptime mjd_obs airmass racenter deccenter rabore decbore band ebv zeropoint transparency seeing sky expfactor camera dx dy nmatched obstype object tileid tileebv affine_x0 affine_y0 affine_dx affine_dxx affine_dxy affine_dy affine_dyx affine_dyy checksum efftime
[from data line 44]
rawdata/DECam_01336983.fits.fz N4 1336983 399.0 60614.14748229 1.14 37.14573258020209 -5.101103812954631 37.153275 -5.026 M438 0.03374427 24.750114 0.99846697 1.2735457 21.840164 1.3428468 decam 12.714385 -10.353318 60 object IBIS_deep_xmm_M438_15 0 0.0 924.0 1948.0 -0.056490336 1.0011587 -0.0013813606 -0.25777674 0.0017693924 1.0002255 16239674573 297.12997
rawdata/DECam_01336984.fits.fz N4 1336984 500.0 60614.15245298 1.14 37.14573258020209 -5.101103812954631 37.153275 -5.026 M517 0.03374427 24.74216 0.9968005 1.3530538 21.316345 2.40127 decam 16.412594 -17.587746 79 object IBIS_deep_xmm_M517_15 0 0.0 924.0 1948.0 0.38294142 0.99998796 -0.0013259643 -0.19377275 0.0013775885 1.0002496 17111766680 208.22316
rawdata/DECam_01336985.fits.fz N4 1336985 496.0 60614.15862274 1.13 37.216731944313665 -4.791103815639372 37.224270833333335 -4.716 M517 0.039982494 24.758768 1.0105436 1.2419616 21.287874 2.0148447 decam 19.544254 -19.724092 78 object IBIS_deep_xmm_M517_16 0 0.0 924.0 1948.0 -0.016018221 1.0000954 -0.0017248022 -0.40810737 0.0020422032 1.0000302 17152322478 246.17284
rawdata/DECam_01336986.fits.fz N4 1336986 500.0 60614.1647202 1.12 37.21874365672412 -4.474103818382221 37.226279166666664 -4.399 M438 0.02655103 24.751883 0.9950771 1.6833303 21.829035 2.3609462 decam 22.566168 -9.385109 54 object IBIS_deep_xmm_M438_17 0 0.0 924.0 1948.0 0.75446695 1.0000931 -0.0016313074 -0.2558113 0.0018194682 0.99994236 16563084141 211.77951
rawdata/DECam_01336987.fits.fz N4 1336987 500.0 60614.17088402 1.12 37.15373841160015 -4.1631038210708455 37.16127083333333 -4.088 M438 0.02583526 24.756327 0.99915874 1.6347259 21.81282 2.2417696 decam 24.290123 -10.388274 48 object IBIS_deep_xmm_M438_18 0 0.0 924.0 1948.0 0.084850036 1.000243 -0.0015560694 -0.24271823 0.0018053092 1.000225 16535268837 223.03809
rawdata/DECam_01336988.fits.fz N4 1336988 500.0 60614.1770334 1.12 37.15373841160015 -4.1631038210708455 37.16127083333333 -4.088 M490 0.02583526 24.945103 0.98968536 1.4834702 21.577248 2.2990787 decam 22.420275 -23.713121 58 object IBIS_deep_xmm_M490_18 0 0.0 924.0 1948.0 0.08381754 1.0000455 -0.0014263468 -0.32537025 0.0014667434 1.0003016 17100804255 217.47842
rawdata/DECam_01336989.fits.fz N4 1336989 500.0 60614.18318738 1.12 37.02574526475878 -3.8721038235846432 37.033275 -3.797 M490 0.03033163 24.96273 1.0058843 1.3958647 21.570478 1.9831381 decam 25.819511 3.2977846 78 object IBIS_deep_xmm_M490_19 0 0.0 924.0 1948.0 0.35113254 0.9998077 -0.0016936156 0.023273759 0.001983973 0.9998541 17122033041 252.12567
rawdata/DECam_01336990.fits.fz N4 1336990 500.0 60614.18934825 1.12 36.84274749924693 -3.612103825829181 36.850275 -3.537 M438 0.029627463 24.788124 1.028854 1.3589451 21.778967 1.5079622 decam 30.355457 9.041724 61 object IBIS_deep_xmm_M438_20 0 0.0 924.0 1948.0 -0.20093265 1.0001545 -0.0018275414 -0.49540547 0.0017739681 1.0000894 16557839133 331.5733
rawdata/DECam_01336991.fits.fz N4 1336991 500.0 60614.1954987 1.12 36.61275342680218 -3.3931038277187717 36.62027916666667 -3.318 M438 0.024852965 24.772305 1.0139713 1.4000392 21.788342 1.6335745 decam 23.08198 11.663194 52 object IBIS_deep_xmm_M438_21 0 0.0 924.0 1948.0 -0.36016905 1.0005238 -0.00161118 -0.35035256 0.0018805255 1.0001323 16575472393 306.07727
rawdata/DECam_01336992.fits.fz N4 1336992 500.0 60614.20165478 1.13 36.61275342680218 -3.3931038277187717 36.62027916666667 -3.318 M490 0.024852965 24.946526 0.992782 1.2746905 21.590494 1.6731902 decam 25.129515 -2.5432372 66 object IBIS_deep_xmm_M490_21 0 0.0 924.0 1948.0 -0.3681351 1.0003372 -0.0016219189 -0.28817847 0.0019262389 1.0000614 17137808951 298.83032
rawdata/DECam_01336993.fits.fz N4 1336993 500.0 60614.2078157 1.13 36.34475056548122 -3.221103829202231 36.352275 -3.146 M490 0.024632111 24.957308 1.0026908 1.1592238 21.554245 1.4030843 decam 26.106787 12.570968 84 object IBIS_deep_xmm_M490_22 0 0.0 924.0 1948.0 0.18349746 0.9998616 -0.0018899166 -0.148834 0.0016836774 1.0001475 17541763544 356.3578
rawdata/DECam_01336994.fits.fz N4 1336994 500.0 60614.21398373 1.14 36.049747261990554 -3.1021038302282835 36.057270833333334 -3.027 M490 0.02720582 24.95294 1.0004781 1.3025196 21.495626 1.8840473 decam 22.668478 17.406872 79 object IBIS_deep_xmm_M490_23 0 0.0 924.0 1948.0 0.33717895 1.0001365 -0.0019574414 0.2052457 0.0021765812 0.9999411 18511247253 265.3861
rawdata/DECam_01336995.fits.fz N4 1336995 500.0 60614.22013335 1.15 36.049747261990554 -3.1021038302282835 36.057270833333334 -3.027 M517 0.02720582 24.757996 1.0130671 1.2722534 21.195766 2.3046231 decam 21.152328 9.253634 82 object IBIS_deep_xmm_M517_23 0 0.0 924.0 1948.0 0.7322225 1.0003432 -0.0017964914 0.060527787 0.0018623575 0.9996977 18753587906 216.95522
rawdata/DECam_01336996.fits.fz N4 1336996 500.0 60614.22628546 1.15 35.24073574577581 -4.824103815353696 35.248275 -4.749 M490 0.022416845 24.943462 0.99358535 1.3881001 21.61068 1.9581575 decam 22.641994 18.181961 74 object IBIS_deep_xmm_M490_24 0 0.0 924.0 1948.0 -0.27075922 1.0003077 -0.0019165959 -0.49617487 0.0017912087 1.0001122 17192979729 255.34207
rawdata/DECam_01336997.fits.fz N4 1336997 500.0 60614.23245313 1.15 35.21572800081647 -5.136103812651355 35.22327083333333 -5.061 M438 0.0217977 24.770582 1.0200295 1.3226671 21.831663 1.4056463 decam 20.681725 31.216496 66 object IBIS_deep_xmm_M438_25 0 0.0 924.0 1948.0 1.0523 1.0003262 -0.0018474259 -0.37545776 0.0019375067 1.000036 16521347752 355.70825
rawdata/DECam_01336998.fits.fz N4 1336998 500.0 60614.23861122 1.16 35.358732916878374 -5.417103810215255 35.366279166666665 -5.342 M438 0.022672184 24.75123 1.0045335 1.3628592 21.828579 1.5507977 decam 19.281641 28.287676 68 object IBIS_deep_xmm_M438_26 0 0.0 924.0 1948.0 0.2833481 1.000256 -0.0016976553 -0.178943 0.0019699316 1.0000113 16488168464 322.4147
rawdata/DECam_01336999.fits.fz N4 1336999 500.0 60614.24474787 1.18 35.6147222199733 -5.60310380860151 35.62227083333333 -5.5280000000000005 M438 0.025249422 24.756557 1.0145626 1.2559333 21.8298 1.3029897 decam 18.536503 33.08434 63 object IBIS_deep_xmm_M438_27 0 0.0 924.0 1948.0 -0.21973912 1.000319 -0.0019389285 -0.37032947 0.0020594152 1.000153 16601471780 383.73288
rawdata/DECam_01337000.fits.fz N4 1337000 500.0 60614.25091272 1.19 35.6147222199733 -5.60310380860151 35.62227083333333 -5.5280000000000005 M490 0.025249422 24.932243 0.9905346 1.2841238 21.607075 1.7168474 decam 19.213007 20.31078 74 object IBIS_deep_xmm_M490_27 0 0.0 924.0 1948.0 0.33626127 1.0003375 -0.001919977 -0.39864278 0.0018791996 0.99985087 17175956857 291.23148
rawdata/DECam_01337001.fits.fz N4 1337001 498.0 60614.25707617 1.21 35.92472550230495 -5.671103808011282 35.932275 -5.596 M438 0.025048792 24.751257 1.0172663 1.2813998 21.827238 1.3728236 decam 12.764787 27.346376 67 object IBIS_deep_xmm_M438_28 0 0.0 924.0 1948.0 0.20702189 1.0002108 -0.0020559009 -0.2872094 0.0018519551 1.0001892 16502310164 362.756
rawdata/DECam_01337002.fits.fz N4 1337002 500.0 60614.26319705 1.23 35.92472550230495 -5.671103808011282 35.932275 -5.596 M490 0.025048792 24.935278 1.0005418 1.2634622 21.589108 1.6804445 decam 17.260632 22.406008 80 object IBIS_deep_xmm_M490_28 0 0.0 924.0 1948.0 0.26973248 1.0001222 -0.0020907796 -0.4732565 0.0019216393 1.0001198 17075303950 297.54034
rawdata/DECam_01337003.fits.fz N4 1337003 500.0 60614.26934588 1.26 36.23872201286969 -5.619103808462646 36.246270833333334 -5.5440000000000005 M438 0.026346546 24.745096 1.0243077 1.3560358 21.806425 1.584786 decam 18.05406 20.27763 68 object IBIS_deep_xmm_M438_29 0 0.0 924.0 1948.0 -0.11235295 1.0010115 -0.0015708177 -0.34389508 0.0017885725 0.99982464 16540891057 315.5
rawdata/DECam_01337004.fits.fz N4 1337004 500.0 60614.2755296 1.28 36.515728148013 -5.465103809798902 36.523275 -5.39 M517 0.025040146 24.748878 1.0257444 1.1275077 21.250736 1.7505815 decam 12.498705 28.573484 81 object IBIS_deep_xmm_M517_30 0 0.0 924.0 1948.0 -0.55333173 1.0000242 -0.0019379935 -0.32937574 0.001589672 0.9999876 17413657603 285.6194
rawdata/DECam_01337005.fits.fz N4 1337005 500.0 60614.28168666 1.31 36.72973521154652 -5.230103811836678 36.73727916666667 -5.155 M438 0.027766388 24.730873 1.0237677 1.2090499 21.79026 1.3131472 decam 18.443274 14.293177 57 object IBIS_deep_xmm_M438_31 0 0.0 924.0 1948.0 0.720748 0.9998785 -0.001940891 -0.23442103 0.0018958352 1.0000656 16631213986 380.76462
rawdata/DECam_01337006.fits.fz N4 1337006 500.0 60614.28784957 1.35 36.86273025247022 -4.942103814331957 36.870270833333336 -4.867 M438 0.027454946 24.712559 1.0168185 1.1819489 21.758862 1.33619 decam 12.7745 11.632964 46 object IBIS_deep_xmm_M438_32 0 0.0 924.0 1948.0 0.41464156 1.0002587 -0.0018155054 -0.20899804 0.0022614854 1.0000341 16704571054 374.19827
rawdata/DECam_01337007.fits.fz N4 1337007 478.0 60614.2940109 1.38 36.86273025247022 -4.942103814331957 36.870270833333336 -4.867 M517 0.027454946 24.720633 1.015549 1.1659545 21.188892 2.0872996 decam 19.972961 3.6573682 59 object IBIS_deep_xmm_M517_32 0 0.0 924.0 1948.0 0.41619465 1.0002944 -0.0019984366 -0.046018086 0.002186178 1.0002122 17577420518 229.00401
rawdata/DECam_01337008.fits.fz N4 1337008 496.0 60614.29991968 1.43 36.907733711014906 -4.628103817050039 36.91527083333333 -4.553 M517 0.027006736 24.71304 1.0165852 1.2265912 21.190699 2.3382761 decam 22.015469 8.79944 75 object IBIS_deep_xmm_M517_33 0 0.0 924.0 1948.0 0.24028479 0.9999401 -0.00183145 -0.6561054 0.0024259025 1.0002376 17601598938 212.12207
rawdata/DECam_01337009.fits.fz N4 1337009 500.0 60614.30604999 1.48 36.865736950137666 -4.313103819774356 36.873270833333336 -4.2379999999999995 M438 0.025757896 24.672827 1.0128542 1.4457914 21.735554 2.1965027 decam 24.511395 -5.4648356 49 object IBIS_deep_xmm_M438_34 0 0.0 924.0 1948.0 0.2828226 1.0001271 -0.0019397798 -0.18474814 0.00067094754 0.99987274 16611323754 227.63461
rawdata/DECam_01337010.fits.fz N4 1337010 500.0 60614.31220831 1.54 36.74374392294873 -4.020103822306372 36.751275 -3.9450000000000003 M438 0.028929804 24.667362 1.023088 1.5539229 21.726873 2.5831728 decam 19.410395 -15.903647 67 object IBIS_deep_xmm_M438_35 0 0.0 924.0 1948.0 -0.47715655 1.0002873 -0.0015915097 -0.06102183 0.0018495232 1.0003625 16601795071 193.56042
rawdata/DECam_01337011.fits.fz N4 1337011 500.0 60614.3183412 1.61 36.55275035263756 -3.767103824491252 36.56027916666667 -3.692 M438 0.02655536 24.662949 1.0370307 1.3947662 21.700075 2.151077 decam 25.962729 -17.225948 73 object IBIS_deep_xmm_M438_36 0 0.0 924.0 1948.0 -0.15017073 1.0000093 -0.0016181447 -0.39346737 0.0021068128 1.0002774 16628210773 232.44171
rawdata/DECam_01337012.fits.fz N4 1337012 500.0 60614.32448695 1.67 36.55275035263756 -3.767103824491252 36.56027916666667 -3.692 M490 0.02655536 24.85322 1.0048094 1.3378263 21.464565 2.4574769 decam 29.527248 -21.565176 82 object IBIS_deep_xmm_M490_36 0 0.0 924.0 1948.0 -0.12329666 1.000027 -0.0014292594 -0.47830465 0.0019279026 1.0003097 17258970693 203.46071
rawdata/DECam_01337013.fits.fz N4 1337013 500.0 60614.33064027 1.76 36.30574787830614 -3.566103826226155 36.313275000000004 -3.491 M490 0.02591724 24.800903 0.9733053 1.305519 21.432926 2.6533563 decam 29.668137 -22.563519 91 object IBIS_deep_xmm_M490_37 0 0.0 924.0 1948.0 0.46720156 0.9999474 -0.0017237406 -0.5396863 0.0020700835 1.0002464 17283894885 188.44058
rawdata/DECam_01337014.fits.fz N4 1337014 500.0 60614.33744103 1.26 54.4355660120042 -12.69010374601597 54.443266666666666 -12.615 M438 0.06091182 24.733076 1.0130295 1.3124837 21.9174 1.3705107 decam 11.815137 3.3195271 87 object IBIS_wide_M438_210135 210135 0.058991 924.0 1948.0 0.56505144 1.000281 -0.002270694 -0.56788474 0.0021874793 1.0000938 16391732171 364.82748
rawdata/DECam_01337015.fits.fz N4 1337015 500.0 60614.34360992 1.3 54.046559489884025 -13.038103742868516 54.054270833333334 -12.963 M438 0.05455411 24.112337 0.57768995 1.186245 21.77447 4.0081925 decam 19.926807 -0.38238582 66 object IBIS_wide_M438_210132 210132 0.054434 924.0 1948.0 0.69174695 1.0002265 -0.0024013682 -0.28913367 0.002673372 1.0004776 16537945048 124.74451
rawdata/DECam_01337016.fits.fz N4 1337016 500.0 60614.34976968 1.33 54.96760100967038 -11.623103755613888 54.97527083333333 -11.548 M438 0.06257371 24.353628 0.7269212 1.2009642 21.69935 2.8226411 decam 26.889732 -6.3393936 79 object IBIS_wide_M438_207163 207163 0.071603 924.0 1948.0 0.829647 0.99981296 -0.0022770232 -0.57819444 0.003233 0.99999565 16752624580 177.13905
rawdata/DECam_01337017.fits.fz N4 1337017 500.0 60614.35793904 1.3 130.85272764478097 -5.16610381239138 130.86027083333335 -5.091 M438 0.021161413 24.48935 0.817523 1.3615884 20.882763 5.992065 decam -13.535691 -20.348776 195 object IBIS_wide_M438_222194 222194 0.021636 924.0 1948.0 0.036980383 1.0004439 -0.0019415643 -0.26113302 0.0019251119 1.0003357 18147508136 83.44369
rawdata/DECam_01337018.fits.fz N4 1337018 3.0 60614.3651566 1.02 89.0930033306711 -27.849770541142576 89.1015 -27.774666944444444 g 0.038579706 26.672028 1.0621132 1.6615872 20.609503 7.390895 decam 14.112772 -17.591707 117 object "LTT2415 N4 g" 0 0.0 924.0 1948.0 -0.055885263 1.0002844 -0.0029874637 -0.521817 0.0028711774 1.000255 15481693632 0.40590483
rawdata/DECam_01337019.fits.fz N4 1337019 15.0 60614.36553656 1.02 89.0930033306711 -27.849770541142576 89.1015 -27.774666944444444 M438 0.038579706 24.76433 0.9815579 1.646063 20.478067 7.6574907 decam 3.6573718 -9.292222 97 object "LTT2415 N4 M438" 0 0.0 924.0 1948.0 0.08908114 1.0003523 -0.0029910589 -0.39641544 0.0029493978 1.0000815 15484650723 1.9588662
rawdata/DECam_01337020.fits.fz N4 1337020 15.0 60614.3660434 1.02 89.0930033306711 -27.849770541142576 89.1015 -27.774666944444444 M490 0.038579706 24.905457 0.93704045 1.551033 20.40907 7.928393 decam 4.035092 -5.435881 123 object "LTT2415 N4 M490" 0 0.0 924.0 1948.0 0.2101077 1.000266 -0.002851224 -0.14156958 0.0029001986 0.9999948 15516416272 1.8919345
rawdata/DECam_01337021.fits.fz N4 1337021 15.0 60614.36657687 1.02 89.0930033306711 -27.849770541142576 89.1015 -27.774666944444444 M517 0.038579706 24.321356 0.6636431 1.4078861 20.016932 18.6771 decam 10.993274 8.547578 113 object "LTT2415 N4 N517" 0 0.0 924.0 1948.0 0.06108783 1.0002786 -0.0029035371 -0.4863562 0.002951719 1.0000819 15540917094 0.8031226
rawdata/DECam_01337022.fits.fz N4 1337022 3.0 60614.3670844 1.02 89.0930033306711 -27.849770541142576 89.1015 -27.774666944444444 g 0.038579706 26.347189 0.7874725 1.5751548 20.011393 20.963146 decam 8.043874 13.490419 97 object "LTT2415 N4 g" 0 0.0 924.0 1948.0 0.037493713 1.0003848 -0.002845672 -0.57635117 0.0029422094 1.000014 15554982042 0.1431083
