logs/db-2025-04-25.ecsv
# %ECSV 1.0
# ---
# datatype:
# - {name: filename, datatype: string}
# - {name: extension, datatype: string}
# - {name: expnum, datatype: int64}
# - {name: exptime, datatype: float32}
# - {name: mjd_obs, datatype: float64}
# - {name: airmass, datatype: float32}
# - {name: racenter, datatype: float64}
# - {name: deccenter, datatype: float64}
# - {name: rabore, datatype: float64}
# - {name: decbore, datatype: float64}
# - {name: band, datatype: string}
# - {name: ebv, datatype: float32}
# - {name: zeropoint, datatype: float32}
# - {name: transparency, datatype: float32}
# - {name: seeing, datatype: float32}
# - {name: sky, datatype: float32}
# - {name: expfactor, datatype: float32}
# - {name: camera, datatype: string}
# - {name: dx, datatype: float32}
# - {name: dy, datatype: float32}
# - {name: nmatched, datatype: int64}
# - {name: obstype, datatype: string}
# - {name: object, datatype: string}
# - {name: tileid, datatype: int64}
# - {name: tileebv, datatype: float32}
# - {name: affine_x0, datatype: float32}
# - {name: affine_y0, datatype: float32}
# - {name: affine_dx, datatype: float32}
# - {name: affine_dxx, datatype: float32}
# - {name: affine_dxy, datatype: float32}
# - {name: affine_dy, datatype: float32}
# - {name: affine_dyx, datatype: float32}
# - {name: affine_dyy, datatype: float32}
# - {name: checksum, datatype: string}
# - {name: efftime, datatype: float32}
# schema: astropy-2.0
filename extension expnum exptime mjd_obs airmass racenter deccenter rabore decbore band ebv zeropoint transparency seeing sky expfactor camera dx dy nmatched obstype object tileid tileebv affine_x0 affine_y0 affine_dx affine_dxx affine_dxy affine_dy affine_dyx affine_dyy checksum efftime
[from data line 43]
rawdata/DECam_01381918.fits.fz N4 1381918 328.5183 60791.13908403 1.1 188.41672256810014 -5.576103808835827 188.42427083333334 -5.501 M490 0.05848242 25.067663 1.1039399 0.9405712 21.697498 0.97842616 decam -4.587632 7.9914837 159 object IBIS_wide_M490_434426 434426 0.036778 924.0 1948.0 -0.017981092 1.0002337 2.8772944e-05 0.0762468 8.002288e-05 1.0000201 16427020864 335.762
rawdata/DECam_01381919.fits.fz N4 1381919 500.0 60791.14323441 1.11 188.80173179954355 -5.167103812382711 188.80927499999999 -5.092 M490 0.038000368 25.06851 1.1068077 0.860924 21.674528 0.7291691 decam 3.3201292 0.40005076 162 object IBIS_wide_M490_434427 434427 0.037315 924.0 1948.0 -0.13542826 1.0003663 0.00020855009 0.102392614 0.00042131628 1.0001508 17709551109 685.71204
rawdata/DECam_01381920.fits.fz N4 1381920 258.5886 60791.14938331 1.11 190.23172783492805 -5.150103812530036 190.23927083333334 -5.075 M490 0.023845643 25.060783 1.0989593 0.86820924 21.687532 0.67595524 decam -3.546171 0.26402467 163 object IBIS_wide_M490_434428 434428 0.025313 924.0 1948.0 -0.117919266 1.0001094 7.1560986e-05 0.084434375 3.120549e-05 0.9999773 16200144465 382.55283
rawdata/DECam_01381921.fits.fz N4 1381921 261.4886 60791.15273498 1.11 191.486730948386 -5.238103811767332 191.494275 -5.163 M490 0.026829775 25.072933 1.1113249 0.8616015 21.68166 0.6677547 decam -2.7382212 -2.580121 215 object IBIS_wide_M490_434407 434407 0.027942 924.0 1948.0 -0.12251562 1.0002441 0.00016531828 0.11001719 -0.00023350358 1.0000024 16161493901 391.59378
rawdata/DECam_01381922.fits.fz N4 1381922 261.9886 60791.15611462 1.11 193.70774287836326 -4.549103817733502 193.71527916666668 -4.474 M490 0.021930167 25.07603 1.1145005 0.84081745 21.656183 0.62652284 decam -6.116326 3.0735838 147 object IBIS_wide_M490_434417 434417 0.022967 924.0 1948.0 -0.12620567 0.99998605 0.0002863787 0.11448172 -0.00013194018 1.0000448 16774885842 418.16287
rawdata/DECam_01381923.fits.fz N4 1381923 276.9085 60791.15948771 1.11 192.63172519272834 -5.368103810640217 192.6392708333333 -5.293 M490 0.035339616 25.06431 1.1025343 0.84294975 21.664667 0.69843835 decam -4.4306717 -4.613566 150 object IBIS_wide_M490_431430 431430 0.030118 924.0 1948.0 0.055987146 1.0000216 0.0001352532 0.09724734 -0.0002466583 1.0000502 16224053421 396.46808
rawdata/DECam_01381924.fits.fz N4 1381924 256.7186 60791.1630613 1.11 194.43772782306138 -5.151103812521369 194.44527083333332 -5.076 M490 0.026399348 25.063194 1.101402 0.83119565 21.663717 0.64155567 decam -5.6231275 4.1628532 178 object IBIS_wide_M490_434411 434411 0.027355 924.0 1948.0 -0.0844551 1.0002683 0.0002944782 -0.03561056 -0.00046156673 0.99983954 16170633991 400.15015
rawdata/DECam_01381925.fits.fz N4 1381925 239.8187 60791.1663913 1.11 195.28472821099362 -5.460103809842274 195.292275 -5.385 M490 0.031936254 25.073355 1.1117576 0.8347094 21.663765 0.65894336 decam -3.1971464 0.30453503 167 object IBIS_wide_M490_431426 431426 0.032526 924.0 1948.0 0.06594024 1.0001686 0.00020669622 0.17953295 -0.00015507972 0.9998979 16114837582 363.94434
rawdata/DECam_01381926.fits.fz N4 1381926 239.6787 60791.16950868 1.11 195.72772757332163 -5.172103812339381 195.73527083333332 -5.097 M490 0.03779706 25.06954 1.1078583 0.85352165 21.653728 0.7282109 decam -3.9470289 2.4258173 159 object IBIS_wide_M490_434412 434412 0.033036 924.0 1948.0 -0.00433806 1.0000702 0.00024011711 0.027824331 -0.00016541324 0.9999614 16155174954 329.1336
rawdata/DECam_01381927.fits.fz N4 1381927 311.5385 60791.17262146 1.12 196.10773933182065 -4.876103814903483 196.11527916666665 -4.801 M490 0.039735418 25.062815 1.1030171 0.90963435 21.652405 0.84904903 decam -4.8187356 5.4002676 163 object IBIS_wide_M490_431427 431427 0.03311 924.0 1948.0 0.047935247 1.0001695 0.00024032284 0.21211305 -0.00021489963 1.0000707 16378242923 366.92642
rawdata/DECam_01381928.fits.fz N4 1381928 304.9185 60791.17657665 1.11 196.81571585505705 -6.642103799567185 196.82327916666668 -6.567 M490 0.03989313 25.063227 1.1014336 0.8907609 21.638374 0.82512623 decam -8.868565 9.222078 178 object IBIS_wide_M490_431173 431173 0.040312 924.0 1948.0 -0.048368104 1.0001186 0.00042005212 -0.016916057 -0.000580492 0.99987453 16347285046 369.54163
rawdata/DECam_01381929.fits.fz N4 1381929 341.3883 60791.18045914 1.11 197.53572558278356 -5.975103805370897 197.54327916666668 -5.9 M490 0.033421554 25.077168 1.1156684 0.923213 21.598097 0.85829204 decam -9.4141 6.3109074 190 object IBIS_wide_M490_431174 431174 0.039124 924.0 1948.0 -0.008465313 0.9999441 0.00036073508 0.27059463 -0.0004263221 0.9999543 16536064114 397.75308
rawdata/DECam_01381930.fits.fz N4 1381930 379.7181 60791.18476632 1.11 199.38972620133524 -5.9301038057619255 199.39727916666666 -5.855 M490 0.037821397 25.061878 1.1000674 1.0061367 21.637947 1.0404872 decam -5.608452 5.1652713 199 object IBIS_wide_M490_434197 434197 0.039737 924.0 1948.0 -0.12406117 1.000088 0.00049137784 0.16120137 -0.00039042163 1.0000193 16595430535 364.94263
rawdata/DECam_01381931.fits.fz N4 1381931 319.8185 60791.18953722 1.12 198.942724177139 -6.076103804493021 198.95027916666666 -6.001 M490 0.037907198 25.069696 1.1100292 0.91554475 21.627935 0.858036 decam -15.667057 -1.6868905 173 object IBIS_wide_M490_431211 431211 0.041492 924.0 1948.0 -0.021104299 1.0001583 0.00051594403 0.07723662 -0.00033412938 1.0000247 16404063423 372.73322
rawdata/DECam_01381932.fits.fz N4 1381932 378.7181 60791.19361217 1.13 201.87573519882267 -4.873103814929458 201.883275 -4.798 M490 0.031663433 25.068674 1.1109989 0.9291191 21.601831 0.8696474 decam -12.437723 11.576008 177 object IBIS_wide_M490_431214 431214 0.03381 924.0 1948.0 -0.11637549 1.0000991 0.00053317315 0.1323106 -0.0005637949 1.000021 16670615456 435.48468
rawdata/DECam_01381933.fits.fz N4 1381933 331.9987 60791.19835506 1.12 201.3637202281454 -6.351103802101081 201.37127916666668 -6.276 M490 0.038001493 25.06636 1.1066238 0.9364404 21.601538 0.92587346 decam -11.821275 6.401722 177 object IBIS_wide_M490_434174 434174 0.034897 924.0 1948.0 -0.19768654 1.0004642 0.00041416383 0.10757332 -0.00038183847 0.99996006 16490680107 358.5789
rawdata/DECam_01381934.fits.fz N4 1381934 290.1087 60791.20253758 1.12 203.92972260667548 -5.57310380886186 203.93727083333334 -5.498 M490 0.026010333 25.055973 1.0960879 0.8745567 21.583643 0.77254945 decam -14.993791 8.6150255 157 object IBIS_wide_M490_431201 431201 0.028347 924.0 1948.0 -0.17909767 1.0003057 0.0005787967 0.0020085 -0.0005038873 0.99994224 16353640847 375.5212
rawdata/DECam_01381935.fits.fz N4 1381935 334.1086 60791.20623724 1.13 204.11973204903813 -5.146103812564698 204.127275 -5.071 M490 0.028891226 25.057003 1.0991203 0.96761763 21.564516 0.97882986 decam -10.699476 12.14235 187 object IBIS_wide_M490_434187 434187 0.028045 924.0 1948.0 -0.15321326 1.0000236 0.00069227355 0.033788815 -0.0006504817 1.0000454 16490107330 341.33472
rawdata/DECam_01381936.fits.fz N4 1381936 311.9487 60791.2104633 1.13 204.80172816207903 -5.785103807021472 204.80927916666667 -5.71 M490 0.025303017 25.053738 1.0958186 0.91315365 21.5894 0.83704644 decam -10.425136 6.048323 221 object IBIS_wide_M490_434181 434181 0.027609 924.0 1948.0 0.037352115 1.0000315 0.00061466877 -0.03197524 -0.0006189016 0.9999865 16419958556 372.6779
rawdata/DECam_01381937.fits.fz N4 1381937 298.7187 60791.21441599 1.14 205.63972770426614 -5.1611038124347095 205.64727083333332 -5.086 M490 0.027897105 25.061108 1.1052864 0.89564747 21.605013 0.7968805 decam -10.457036 14.355572 174 object IBIS_wide_M490_434182 434182 0.027938 924.0 1948.0 -0.30759126 1.0001798 0.00078604446 -0.05933429 -0.00054809486 1.0001096 16356950006 374.86008
rawdata/DECam_01381938.fits.fz N4 1381938 300.0788 60791.21821241 1.14 207.02373377818896 -4.998103813846939 207.031275 -4.923 M490 0.033264995 25.071484 1.1159006 0.86993957 21.58951 0.7757054 decam -10.120383 12.53488 181 object IBIS_wide_M490_434183 434183 0.028034 924.0 1948.0 -0.22361428 1.0000161 0.0007735383 0.10349451 -0.0005585016 0.99996275 16363919905 386.84634
rawdata/DECam_01381939.fits.fz N4 1381939 312.4287 60791.22202766 1.15 208.2487456193111 -4.27910382006827 208.25627916666667 -4.204 M490 0.028054979 25.057293 1.1034113 0.88783026 21.600521 0.79270214 decam -7.764451 10.133104 188 object IBIS_wide_M490_431293 431293 0.030763 924.0 1948.0 -0.051814128 1.0004495 0.00081225496 0.15966338 -0.00074152485 1.0000329 16399771090 394.1313
rawdata/DECam_01381940.fits.fz N4 1381940 343.0687 60791.2259973 1.14 206.98471473034652 -6.441103801317714 206.992275 -6.366 M490 0.027438913 25.051638 1.0956883 0.91917497 21.560785 0.88670766 decam -8.83828 12.399091 183 object IBIS_wide_M490_434094 434094 0.02732 924.0 1948.0 -0.14588301 1.0002111 0.0007447013 0.1769993 -0.0005460539 1.0000418 16546186158 386.9017
rawdata/DECam_01381941.fits.fz N4 1381941 386.2285 60791.23034107 1.15 208.22872468338724 -5.409103810284642 208.23627083333335 -5.334 M490 0.03260009 25.0617 1.1079001 0.96296185 21.564363 0.98542255 decam -0.88371557 21.230556 175 object IBIS_wide_M490_431112 431112 0.027725 924.0 1948.0 0.027593883 1.0000781 0.0006391679 0.1160129 -0.00062650564 0.99995595 16714493667 391.942
rawdata/DECam_01381942.fits.fz N4 1381942 336.7486 60791.23518387 1.15 208.11770843977152 -6.582103800089879 208.12527083333333 -6.507 M490 0.024916114 25.0601 1.106267 0.95680034 21.551466 0.93787473 decam -2.3284724 9.737605 181 object IBIS_wide_M490_431109 431109 0.028444 924.0 1948.0 -0.16887507 0.9999345 0.0007655107 -0.115816444 -0.00052232936 0.9999489 16526312797 359.055
rawdata/DECam_01381943.fits.fz N4 1381943 332.3487 60791.23946785 1.16 211.2817359304841 -5.170103812356712 211.28927916666666 -5.095 M490 0.024189368 25.056564 1.1046739 0.913751 21.573606 0.8397103 decam -9.592327 29.640696 201 object IBIS_wide_M490_434248 434248 0.027633 924.0 1948.0 0.1394208 1.0002302 0.0008071271 -0.049361248 -0.0008145027 1.0000129 16504779949 395.7897
rawdata/DECam_01381944.fits.fz N4 1381944 331.6486 60791.24368354 1.17 212.1747386802902 -4.55210381770755 212.182275 -4.477 M490 0.03172825 25.064665 1.1149673 0.8927245 21.568354 0.83469343 decam 0.93375397 15.048777 214 object IBIS_wide_M490_434251 434251 0.035247 924.0 1948.0 -0.33715844 1.0002435 0.00093637285 0.13640493 -0.00072133343 1.0001392 16619692153 397.32983
rawdata/DECam_01381945.fits.fz N4 1381945 355.8685 60791.24789236 1.17 210.60371157029837 -6.915103797187301 210.61127916666666 -6.84 M490 0.030146178 25.054533 1.1046106 0.91744626 21.497845 0.94817185 decam -7.6493387 10.096061 197 object IBIS_wide_M490_434088 434088 0.028468 924.0 1948.0 0.0091243815 1.0000621 0.0008550656 0.022629855 -0.0009103397 0.9999976 16680162340 375.32068
rawdata/DECam_01381946.fits.fz N4 1381946 500.0 60791.25237384 1.18 211.5187245273058 -6.051103804710349 211.52627916666665 -5.976 M490 0.022022488 25.046354 1.0983115 0.96324134 21.497519 1.004877 decam -12.630051 16.215467 204 object IBIS_wide_M490_431260 431260 0.026742 924.0 1948.0 -0.1304582 1.0002239 0.0009010897 0.052496776 -0.00060888 1.0000228 17398986586 497.57336
rawdata/DECam_01381947.fits.fz N4 1381947 451.7585 60791.25851651 1.19 212.40271153455433 -6.652103799480058 212.410275 -6.577 M490 0.033610657 25.05103 1.1050538 0.9736421 21.466347 1.1320429 decam -7.927559 21.124254 236 object IBIS_wide_M490_431251 431251 0.029577 924.0 1948.0 0.054372 1.0000875 0.0010222729 0.10276726 -0.00081125874 1.000053 17108815135 399.06485
rawdata/DECam_01381948.fits.fz N4 1381948 500.0 60791.26410355 1.19 214.98373123505232 -5.550103809061444 214.99127916666666 -5.475 M490 0.03830933 25.046476 1.1004303 1.0129441 21.461542 1.2805079 decam -9.953046 22.73484 223 object IBIS_wide_M490_431256 431256 0.043621 924.0 1948.0 -0.085076414 1.0001589 0.0009802866 0.14429264 -0.00085912156 1.0000662 17281932721 390.47006
rawdata/DECam_01381949.fits.fz N4 1381949 462.3783 60791.27024324 1.21 214.90071903688468 -5.844103806509046 214.90827083333332 -5.769 M490 0.04372916 25.052673 1.1107521 0.94538575 21.438795 1.1681484 decam -6.7537084 23.987392 205 object IBIS_wide_M490_434239 434239 0.042415 924.0 1948.0 -0.11650875 1.0001345 0.0010418539 0.03357629 -0.00079705904 1.0000083 17249091831 395.82153
rawdata/DECam_01381950.fits.fz N4 1381950 469.2382 60791.27595543 1.21 215.96870742945046 -6.648103799514909 215.97627083333333 -6.573 M490 0.057059184 25.043999 1.1019136 0.9207145 21.425138 1.2467602 decam 0.8741865 25.751923 236 object IBIS_wide_M490_430956 430956 0.04527 924.0 1948.0 -0.45569748 1.0001708 0.0011541985 0.04506005 -0.0009187804 1.000116 17385052243 376.36603
rawdata/DECam_01381951.fits.fz N4 1381951 500.0 60791.2817402 1.23 216.5747163615302 -6.039103804814658 216.58227083333335 -5.964 M490 0.046442285 25.046669 1.1086435 0.93534255 21.403236 1.2166559 decam 4.0667715 25.959368 233 object IBIS_wide_M490_436949 436949 0.047986 924.0 1948.0 -0.07925098 1.00005 0.0011303255 0.065404184 -0.0009909242 1.0001534 17468532902 410.96255
rawdata/DECam_01381952.fits.fz N4 1381952 500.0 60791.28788074 1.24 217.44270883570698 -6.825103797972178 217.45027499999998 -6.75 M490 0.06231538 25.04454 1.1084803 0.9419592 21.396248 1.3866163 decam 2.1358955 22.939932 208 object IBIS_wide_M490_436947 436947 0.05579 924.0 1948.0 -0.3321425 0.99994135 0.0011207823 0.033326797 -0.0010016843 1.000105 17374578527 360.59
rawdata/DECam_01381953.fits.fz N4 1381953 500.0 60791.29403962 1.26 220.9587469552815 -3.67710382526817 220.966275 -3.602 M490 0.10475247 25.038795 1.1066403 0.96804905 21.421429 1.9214061 decam 3.2692277 17.10727 212 object IBIS_wide_M490_437528 437528 0.094997 924.0 1948.0 -0.2742777 1.0001222 0.0013494522 0.18666327 -0.0011608358 0.9999918 17320026218 260.22607
rawdata/DECam_01381954.fits.fz N4 1381954 500.0 60791.30020241 1.26 220.5937201546952 -6.356103802057566 220.60127916666667 -6.281 M490 0.063182764 25.043621 1.1115693 0.9461782 21.395481 1.4105641 decam -1.5321126 20.499182 234 object IBIS_wide_M490_439922 439922 0.064019 924.0 1948.0 -0.032596916 0.9999757 0.0011318392 0.2550018 -0.0013037835 1.0000871 17356758431 354.46814
rawdata/DECam_01381955.fits.fz N4 1381955 500.0 60791.30635513 1.28 221.6377327543153 -5.4301038101025005 221.64527916666665 -5.355 M490 0.059823077 25.033653 1.1054158 0.9362962 21.405977 1.3623819 decam 0.6204502 7.1934247 278 object IBIS_wide_M490_436940 436940 0.065667 924.0 1948.0 -0.15809265 1.000032 0.0012038209 0.18861039 -0.0011456314 1.0000991 17397626597 367.00427
rawdata/DECam_01381956.fits.fz N4 1381956 500.0 60791.31252857 1.29 224.0797420017336 -4.63210381701543 224.0872791666667 -4.557 M490 0.09411035 25.034529 1.1083155 0.9184374 21.335579 1.757287 decam -8.055199 2.4027822 249 object IBIS_wide_M490_440425 440425 0.092976 924.0 1948.0 -0.2008293 1.0000588 0.0013815918 0.18608917 -0.000868606 1.0000631 18317478632 284.5295
rawdata/DECam_01381957.fits.fz N4 1381957 500.0 60791.31868474 1.32 225.12574711529697 -3.658103825432166 225.133275 -3.583 M490 0.14105535 25.015757 1.0952636 0.8708705 21.40327 2.1053631 decam -7.465815 5.7606378 204 object IBIS_wide_M490_437443 437443 0.136 924.0 1948.0 -0.5830399 1.00006 0.0014409887 0.037532415 -0.0012133823 1.0002418 17413851755 237.48872
rawdata/DECam_01381958.fits.fz N4 1381958 490.3976 60791.3249569 1.35 230.76876103057694 1.1148961334948613 230.776275 1.19 M490 0.05378144 25.018894 1.1044288 0.93553704 21.467983 1.2677187 decam -1.3297831 7.1983037 267 object IBIS_wide_M490_437507 437507 0.054341 924.0 1948.0 -0.41712716 1.0001283 0.0014986792 0.19577879 -0.0013208052 1.0000572 17269997646 386.83475
rawdata/DECam_01381959.fits.fz N4 1381959 473.7777 60791.33096949 1.36 232.07476517932216 1.121896133434666 232.08227916666667 1.197 M490 0.046073653 25.01976 1.1073167 0.92804646 21.441328 1.2122822 decam -4.204715 8.112599 298 object IBIS_wide_M490_437512 437512 0.052778 924.0 1948.0 0.05823631 1.0002089 0.0015986378 0.18874516 -0.0013468786 0.9999813 17221678392 390.8147
