logs/db-2026-03-26.ecsv
# %ECSV 1.0
# ---
# datatype:
# - {name: filename, datatype: string}
# - {name: extension, datatype: string}
# - {name: expnum, datatype: int64}
# - {name: exptime, datatype: float32}
# - {name: mjd_obs, datatype: float64}
# - {name: airmass, datatype: float32}
# - {name: racenter, datatype: float64}
# - {name: deccenter, datatype: float64}
# - {name: rabore, datatype: float64}
# - {name: decbore, datatype: float64}
# - {name: band, datatype: string}
# - {name: ebv, datatype: float32}
# - {name: zeropoint, datatype: float32}
# - {name: transparency, datatype: float32}
# - {name: seeing, datatype: float32}
# - {name: sky, datatype: float32}
# - {name: expfactor, datatype: float32}
# - {name: camera, datatype: string}
# - {name: dx, datatype: float32}
# - {name: dy, datatype: float32}
# - {name: nmatched, datatype: int64}
# - {name: obstype, datatype: string}
# - {name: object, datatype: string}
# - {name: tileid, datatype: int64}
# - {name: tileebv, datatype: float32}
# - {name: affine_x0, datatype: float32}
# - {name: affine_y0, datatype: float32}
# - {name: affine_dx, datatype: float32}
# - {name: affine_dxx, datatype: float32}
# - {name: affine_dxy, datatype: float32}
# - {name: affine_dy, datatype: float32}
# - {name: affine_dyx, datatype: float32}
# - {name: affine_dyy, datatype: float32}
# - {name: checksum, datatype: string}
# - {name: efftime, datatype: float32}
# schema: astropy-2.0
filename extension expnum exptime mjd_obs airmass racenter deccenter rabore decbore band ebv zeropoint transparency seeing sky expfactor camera dx dy nmatched obstype object tileid tileebv affine_x0 affine_y0 affine_dx affine_dxx affine_dxy affine_dy affine_dyx affine_dyy checksum efftime
/home/declsp/obsbot/rawdata/DECam_01466669.fits.fz N4 1466669 35.0 61126.19824902 1.09 186.66570650286278 -6.971103796698784 186.673275 -6.896 M517 0.022120109 25.0305 1.0149962 0.8913864 20.752266 1.6660124 decam 13.989125 32.22276 97 object "pointing test" 0 0.0 924.0 1948.0 -0.08981431 1.0001131 0.00013499995 0.040090155 -0.00010424205 1.0000272 15618333142 21.008247
/home/declsp/obsbot/rawdata/DECam_01466670.fits.fz N4 1466670 561.8865 61126.20028812 1.09 186.66570650286278 -6.971103796698784 186.673275 -6.896 M517 0.022120109 25.025858 1.0106654 0.97678304 20.89362 1.7704606 decam -2.9944496 3.82637 156 object IBIS_wide_M517_533925 533925 0.023867 924.0 1948.0 -0.018238658 0.9999543 0.0002154172 0.0524484 -0.00018783902 1.0000488 19072470782 317.3674
/home/declsp/obsbot/rawdata/DECam_01466671.fits.fz N4 1466671 219.9586 61126.20712451 1.09 189.13572454128192 -6.050103804719041 189.14327916666667 -5.975 M517 0.03475987 25.02404 1.0089738 0.9132246 20.998262 1.4106121 decam -9.4665365 -2.4878943 140 object IBIS_wide_M517_531439 531439 0.031326 924.0 1948.0 0.022468453 1.00016 0.000178855 0.021021249 -0.0003377313 1.0000554 16977692754 155.93132
/home/declsp/obsbot/rawdata/DECam_01466672.fits.fz N4 1466672 418.6174 61126.20998872 1.11 188.8277403063728 -3.9601038228246455 188.83527083333334 -3.885 M517 0.033088636 25.02187 1.0101917 0.9021422 21.146742 1.2055315 decam -12.698828 4.414666 123 object IBIS_wide_M517_534436 534436 0.036695 924.0 1948.0 -0.08348015 1.0003563 0.0002561597 0.08717099 -0.0002193099 1.0000763 17545856131 347.24716
/home/declsp/obsbot/rawdata/DECam_01466673.fits.fz N4 1466673 315.228 61126.2153537 1.1 196.256720903963 -6.012103805049338 196.264275 -5.937 M517 0.036834344 25.021078 1.0078397 0.89910126 21.387983 0.9602652 decam -10.232396 -22.123596 183 object IBIS_wide_M517_531175 531175 0.035659 924.0 1948.0 0.039309904 1.0000256 0.00053998875 0.07990896 -0.0005000018 1.0000554 16727625208 328.27182
/home/declsp/obsbot/rawdata/DECam_01466674.fits.fz N4 1466674 280.2081 61126.21933952 1.12 197.4577513323215 -3.652103825483954 197.46527916666668 -3.577 M517 0.020350205 25.015085 1.0055089 0.93113935 21.501898 0.93743545 decam -9.593264 -15.869377 166 object IBIS_wide_M517_531471 531471 0.027824 924.0 1948.0 -0.06168974 1.0002092 0.00061601406 0.10806435 -0.00056516874 0.9999748 16436077545 298.9092
/home/declsp/obsbot/rawdata/DECam_01466675.fits.fz N4 1466675 123.0092 61126.22291715 1.1 199.38972620133524 -5.9301038057619255 199.39727916666666 -5.855 M517 0.037821397 25.015682 1.0028431 0.92214596 21.57003 0.86259055 decam -14.062055 -17.585932 184 object IBIS_wide_M517_534197 534197 0.039737 924.0 1948.0 -0.11531816 1.0001415 0.0007357251 0.06663209 -0.00075190805 1.000111 15801561020 142.60439
/home/declsp/obsbot/rawdata/DECam_01466676.fits.fz N4 1466676 251.2784 61126.22484213 1.12 195.12975459130635 -3.2401038290383855 195.13727916666664 -3.165 M517 0.028940849 25.019772 1.0098588 0.9357752 21.561798 0.888246 decam -10.597273 6.735716 154 object IBIS_wide_M517_534421 534421 0.026163 924.0 1948.0 -0.035804514 1.000181 0.0004529851 0.08245521 -0.0006081422 1.0000482 16275670124 282.8928
/home/declsp/obsbot/rawdata/DECam_01466677.fits.fz N4 1466677 227.5885 61126.22806058 1.12 196.8817557936792 -3.074103830469673 196.88927916666668 -2.999 M517 0.019552892 25.026182 1.015839 0.8494735 21.619537 0.6863273 decam -15.579168 2.8684604 160 object IBIS_wide_M517_531473 531473 0.025203 924.0 1948.0 -0.20981854 1.0004944 0.00052362506 0.07219273 -0.0005139106 1.0000043 16181213454 331.60345
/home/declsp/obsbot/rawdata/DECam_01466678.fits.fz N4 1466678 253.0883 61126.23106759 1.12 200.47474696372416 -3.676103825276803 200.482275 -3.601 M517 0.03230747 25.02174 1.0116909 0.86608577 21.641449 0.7048318 decam -16.47242 -9.137589 193 object IBIS_wide_M517_531222 531222 0.036753 924.0 1948.0 -0.051778365 1.0001631 0.0008107597 0.093151614 -0.00059232325 1.0000526 16224731799 359.07617
/home/declsp/obsbot/rawdata/DECam_01466679.fits.fz N4 1466679 114.0893 61126.23431063 1.1 201.42573163264169 -5.181103812261379 201.43327499999998 -5.106 M517 0.035259545 25.029863 1.0160276 0.86020523 21.643568 0.683661 decam -15.918499 -6.16444 153 object IBIS_wide_M517_534199 534199 0.035102 924.0 1948.0 -0.28008425 1.0005338 0.0007522994 -0.026732994 -0.00079354754 0.99990416 15740753192 166.87994
/home/declsp/obsbot/rawdata/DECam_01466680.fits.fz N4 1466680 215.2986 61126.23594554 1.12 203.39574530289528 -3.3661038279516755 203.40327083333332 -3.291 M517 0.03545771 25.021503 1.0114704 0.8596891 21.6753 0.673468 decam -15.28584 -13.881055 163 object IBIS_wide_M517_534212 534212 0.035795 924.0 1948.0 -0.09565335 1.0001602 0.00083793164 0.07663362 -0.0008377967 1.0000954 16068673955 319.68646
/home/declsp/obsbot/rawdata/DECam_01466681.fits.fz N4 1466681 224.1685 61126.23875705 1.12 201.2637517255125 -3.0601038305903634 201.271275 -2.985 M517 0.034808382 25.02033 1.0103786 0.8306466 21.672037 0.632142 decam -12.355789 1.3574265 178 object IBIS_wide_M517_531233 531233 0.037483 924.0 1948.0 -0.3951323 1.0002515 0.0007481629 0.13917923 -0.0008348007 0.99998486 16086176348 354.6173
/home/declsp/obsbot/rawdata/DECam_01466682.fits.fz N4 1466682 142.6791 61126.24173351 1.1 205.56673225164045 -5.470103809755528 205.57427916666666 -5.395 M517 0.026246222 25.024515 1.0110347 0.88620037 21.668095 0.7162818 decam -9.195873 -14.15354 175 object IBIS_wide_M517_531196 531196 0.027443 924.0 1948.0 0.004621529 1.0001959 0.0009505623 0.2476606 -0.0010343265 1.0001009 15849686192 199.19409
/home/declsp/obsbot/rawdata/DECam_01466683.fits.fz N4 1466683 110.6093 61126.24370218 1.1 204.11973204903813 -5.146103812564698 204.127275 -5.071 M517 0.028891226 25.025742 1.012177 0.9063846 21.661915 0.7517521 decam -7.111174 -4.420582 170 object IBIS_wide_M517_534187 534187 0.028045 924.0 1948.0 -0.14196834 0.999983 0.00081759837 0.14303024 -0.00081807055 0.99998885 15716706705 147.13535
/home/declsp/obsbot/rawdata/DECam_01466684.fits.fz N4 1466684 215.7486 61126.24529889 1.12 205.05774526423954 -3.371103827908546 205.06527083333333 -3.2960000000000003 M517 0.03969131 25.018297 1.0084876 0.87164485 21.676235 0.6957685 decam -13.950346 -10.24996 177 object IBIS_wide_M517_534193 534193 0.037658 924.0 1948.0 0.18504654 1.0000879 0.00083247304 0.24495563 -0.00081971864 1.0000285 16072378695 310.08676
/home/declsp/obsbot/rawdata/DECam_01466685.fits.fz N4 1466685 207.9887 61126.24810701 1.11 206.33474118498245 -4.70810381635777 206.34227916666666 -4.633 M517 0.02551937 25.02107 1.0094477 0.8978873 21.675951 0.73458356 decam -7.199688 -12.504774 177 object IBIS_wide_M517_534185 534185 0.030164 924.0 1948.0 -0.22805531 1.0002174 0.0009194132 0.22929353 -0.0011957325 1.0001092 16131612348 283.13824
/home/declsp/obsbot/rawdata/DECam_01466686.fits.fz N4 1466686 204.3487 61126.25083558 1.11 205.96673306788665 -4.688103816530851 205.97427083333335 -4.6129999999999995 M517 0.02631857 24.999475 0.98957 0.9252582 21.682062 0.8070033 decam -19.139172 -0.406277 163 object IBIS_wide_M517_531199 531199 0.030021 924.0 1948.0 -0.114185184 1.0001769 0.00085176557 0.050437815 -0.00090978487 1.0001754 16027818041 253.21915
/home/declsp/obsbot/rawdata/DECam_01466687.fits.fz N4 1466687 238.2684 61126.25351654 1.12 208.36974135507225 -3.843103823835061 208.37727083333334 -3.768 M517 0.037430815 25.023481 1.0133147 0.9314245 21.68494 0.78031963 decam -15.9704485 -10.974919 175 object IBIS_wide_M517_534279 534279 0.038166 924.0 1948.0 -0.02781976 1.000281 0.0010588517 0.036853064 -0.0010021097 1.0001343 16155251986 305.3472
/home/declsp/obsbot/rawdata/DECam_01466688.fits.fz N4 1466688 320.3279 61126.25658898 1.12 209.51475603210974 -3.0401038307627726 209.52227916666666 -2.965 M517 0.06578794 25.028364 1.0178816 0.9946681 21.692066 0.8758363 decam -22.376167 -11.403618 146 object IBIS_wide_M517_531297 531297 0.052131 924.0 1948.0 -0.4498728 1.0003301 0.0008985945 0.089417115 -0.0012046709 0.99998295 16421363343 365.73947
/home/declsp/obsbot/rawdata/DECam_01466689.fits.fz N4 1466689 261.1883 61126.26060996 1.11 209.21273345476862 -4.652103816842374 209.22027083333333 -4.577 M517 0.029582944 25.017368 1.0060128 0.96266073 21.697435 0.8331746 decam -18.60658 -2.4495895 183 object IBIS_wide_M517_534255 534255 0.028945 924.0 1948.0 -0.15292938 1.0002916 0.001072644 0.14223029 -0.0010226313 1.0001194 16200021987 313.48566
/home/declsp/obsbot/rawdata/DECam_01466690.fits.fz N4 1466690 269.4482 61126.26395304 1.11 211.29574311993994 -4.10610382156338 211.303275 -4.031 M517 0.04238578 25.018501 1.0070626 0.98568165 21.707157 0.86380035 decam -22.599953 -14.8528185 188 object IBIS_wide_M517_534257 534257 0.042063 924.0 1948.0 -0.16898665 1.0004119 0.0011035168 -0.015001028 -0.0011749298 1.0001122 16215256973 311.93344
/home/declsp/obsbot/rawdata/DECam_01466691.fits.fz N4 1466691 127.6692 61126.26740565 1.09 209.88571587038547 -6.3641038019879455 209.893275 -6.289 M517 0.0373841 25.022076 1.0071502 0.99203444 21.69224 0.8812247 decam -25.559435 -15.225613 159 object IBIS_wide_M517_534090 534090 0.029808 924.0 1948.0 -0.25371084 1.0000883 0.001076501 0.19763209 -0.00094115746 1.0000494 15771849594 144.87701
/home/declsp/obsbot/rawdata/DECam_01466692.fits.fz N4 1466692 267.9483 61126.26918672 1.09 212.12171084705375 -6.960103796794752 212.12927916666666 -6.885 M517 0.029651966 25.027126 1.011846 1.0168755 21.698486 0.9119619 decam -22.865997 -19.096712 188 object IBIS_wide_M517_534236 534236 0.028768 924.0 1948.0 0.09918456 1.0003892 0.0012150153 0.20184445 -0.0010863954 0.9999065 16243615722 293.81525
/home/declsp/obsbot/rawdata/DECam_01466693.fits.fz N4 1466693 229.3885 61126.27263142 1.11 212.58874173697646 -4.250103820318943 212.596275 -4.175 M517 0.04367633 25.014385 1.0032526 0.948647 21.71165 0.80303407 decam -32.92858 -26.2501 204 object IBIS_wide_M517_531266 531266 0.039319 924.0 1948.0 -0.09261696 1.0001686 0.0011932227 0.16576661 -0.0013753909 1.0001576 16111199285 285.65228
/home/declsp/obsbot/rawdata/DECam_01466694.fits.fz N4 1466694 273.8284 61126.27561067 1.12 213.35674979199183 -3.3241038283139424 213.364275 -3.249 M517 0.058133166 25.016556 1.0068727 0.9704309 21.695717 0.849253 decam -33.46929 -21.367401 209 object IBIS_wide_M517_534263 534263 0.058417 924.0 1948.0 -0.25446597 1.0001687 0.0012630648 0.03811627 -0.0011767024 1.0000676 16304677257 322.43442
/home/declsp/obsbot/rawdata/DECam_01466695.fits.fz N4 1466695 278.1384 61126.27909927 1.11 214.78973732531205 -4.2751038201028475 214.79727083333336 -4.2 M517 0.046834216 25.010437 0.99960977 0.9950279 21.716085 0.88607484 decam -35.928402 -25.492731 220 object IBIS_wide_M517_531258 531258 0.047885 924.0 1948.0 0.20055515 1.0001092 0.0012431418 0.1478197 -0.0012803801 1.0000768 16245450579 313.89944
/home/declsp/obsbot/rawdata/DECam_01466696.fits.fz N4 1466696 301.5282 61126.28262038 1.11 213.79973810420108 -4.195103820794304 213.80727083333335 -4.12 M517 0.0403 25.012194 1.0012299 1.0157952 21.70772 0.92748576 decam -36.683727 -24.823895 253 object IBIS_wide_M517_531275 531275 0.043106 924.0 1948.0 -0.31780428 1.0000035 0.0011485291 -0.013458794 -0.0011238867 1.0000962 16364105048 325.10278
/home/declsp/obsbot/rawdata/DECam_01466697.fits.fz N4 1466697 317.3581 61126.28643106 1.11 214.08374859418367 -3.965103822781458 214.09127916666665 -3.89 M517 0.043991547 25.0212 1.0095689 1.0363102 21.704178 0.9524582 decam -31.45059 -17.07163 212 object IBIS_wide_M517_534261 534261 0.045448 924.0 1948.0 -0.1671074 1.000172 0.0012157464 0.105845265 -0.0010747644 1.0000504 16391704583 333.19897
/home/declsp/obsbot/rawdata/DECam_01466698.fits.fz N4 1466698 359.8379 61126.29045288 1.11 217.0407386278997 -4.557103817664297 217.048275 -4.482 M517 0.07650239 25.01079 0.9999351 1.0300398 21.700607 0.9623722 decam -21.298779 -15.805648 211 object IBIS_wide_M517_539947 539947 0.071288 924.0 1948.0 -0.05463368 1.0000818 0.0013350225 -0.014291901 -0.0011262945 0.99999714 16525243080 373.9072
/home/declsp/obsbot/rawdata/DECam_01466699.fits.fz N4 1466699 341.748 61126.29497027 1.11 216.3107371677523 -4.2911038199645395 216.31827083333334 -4.216 M517 0.06525741 25.024132 1.0122991 1.0553771 21.69797 0.98805803 decam -27.03156 -8.459727 214 object IBIS_wide_M517_536968 536968 0.062738 924.0 1948.0 -0.18725711 1.0000628 0.0013486505 0.19834183 -0.001233199 1.000085 16493811025 345.87845
/home/declsp/obsbot/rawdata/DECam_01466700.fits.fz N4 1466700 359.448 61126.2992489 1.11 218.7787472488402 -4.1101038215288215 218.78627916666667 -4.035 M517 0.11178033 25.02512 1.0132198 0.9970572 21.676233 0.8983173 decam -26.886877 1.7596351 178 object IBIS_wide_M517_536963 536963 0.092462 924.0 1948.0 0.19821592 1.000252 0.0014153821 0.01662109 -0.0013351821 1.0001385 16545027808 400.1348
/home/declsp/obsbot/rawdata/DECam_01466701.fits.fz N4 1466701 370.338 61126.30373424 1.12 217.85374250163966 -4.1711038210017115 217.86127499999998 -4.096 M517 0.121832915 25.026802 1.0164192 0.99123186 21.66789 0.89195704 decam -25.344564 2.8047545 174 object IBIS_wide_M517_539948 539948 0.087015 924.0 1948.0 -0.33054695 1.0004491 0.0012768263 0.16137992 -0.0012571446 1.0000527 16613644519 415.19714
/home/declsp/obsbot/rawdata/DECam_01466702.fits.fz N4 1466702 326.6181 61126.30833535 1.1 219.83472633814475 -5.920103805848812 219.84227916666666 -5.845 M517 0.06209751 25.023146 1.0097611 1.0189459 21.691597 0.9282788 decam -16.403854 3.0752325 265 object IBIS_wide_M517_539938 539938 0.065033 924.0 1948.0 -0.0022822686 1.0002496 0.0013794444 0.0509729 -0.0012821321 1.0001007 16471260631 351.85345
/home/declsp/obsbot/rawdata/DECam_01466703.fits.fz N4 1466703 148.2692 61126.31243335 1.11 220.58673014660513 -5.304103811195162 220.59427499999998 -5.229 M517 0.061091974 25.012869 1.0018522 1.0675188 21.678131 1.0510961 decam -20.924282 0.639096 205 object IBIS_wide_M517_539941 539941 0.066242 924.0 1948.0 -0.27650654 1.0000674 0.0014314929 0.20831905 -0.0013680643 1.0000256 15844121817 141.06151
/home/declsp/obsbot/rawdata/DECam_01466704.fits.fz N4 1466704 138.3692 61126.31447016 1.11 219.6097394551699 -4.865103814998726 219.61727916666666 -4.79 M517 0.07681918 25.02837 1.0162578 1.0360483 21.693338 0.9489134 decam -24.623823 2.7601202 210 object IBIS_wide_M517_536957 536957 0.077342 924.0 1948.0 -0.20394804 1.0001926 0.0013885031 0.20501462 -0.0014309936 1.0000446 15858794951 145.81857
/home/declsp/obsbot/rawdata/DECam_01466705.fits.fz N4 1466705 139.7292 61126.31641104 1.11 222.7477426265263 -4.573103817525885 222.75527916666667 -4.498 M517 0.084769025 25.025639 1.013704 1.044437 21.70095 0.9624006 decam -23.236506 -7.6405945 211 object IBIS_wide_M517_540426 540426 0.08663 924.0 1948.0 -0.33376175 1.0001934 0.0014906055 -0.024652498 -0.001574929 1.0001444 15807528202 145.18819
/home/declsp/obsbot/rawdata/DECam_01466706.fits.fz N4 1466706 511.5271 61126.31835359 1.12 222.18274712369578 -3.657103825440798 222.190275 -3.582 M517 0.10061068 25.026457 1.0160958 1.0806141 21.690956 1.0380286 decam -24.455864 -5.248954 243 object IBIS_wide_M517_537527 537527 0.094692 924.0 1948.0 -0.07833532 0.99999946 0.0014599004 0.047480974 -0.0012980794 1.0000583 17073382343 492.7871
/home/declsp/obsbot/rawdata/DECam_01466707.fits.fz N4 1466707 171.269 61126.32460172 1.11 224.0797420017336 -4.63210381701543 224.0872791666667 -4.557 M517 0.09411035 25.028332 1.0162218 1.2212565 21.574848 1.4696804 decam -19.165062 -1.6223879 235 object IBIS_wide_M517_540425 540425 0.092976 924.0 1948.0 -0.204249 1.0001688 0.0014997363 0.09108364 -0.0012910132 1.0000857 16280814062 116.53486
/home/declsp/obsbot/rawdata/DECam_01466708.fits.fz N4 1466708 274.9184 61126.32689449 1.12 225.12574711529697 -3.658103825432166 225.133275 -3.583 M517 0.14105535 25.024546 1.0143082 1.0618856 21.653194 1.0415763 decam -19.246632 0.5233674 195 object IBIS_wide_M517_537443 537443 0.136 924.0 1948.0 -0.58250624 1.0001189 0.0015947858 0.033940464 -0.0016167768 1.0001944 16312753462 263.94458
