logs/db-2026-03-13.ecsv
# %ECSV 1.0
# ---
# datatype:
# - {name: filename, datatype: string}
# - {name: extension, datatype: string}
# - {name: expnum, datatype: int64}
# - {name: exptime, datatype: float32}
# - {name: mjd_obs, datatype: float64}
# - {name: airmass, datatype: float32}
# - {name: racenter, datatype: float64}
# - {name: deccenter, datatype: float64}
# - {name: rabore, datatype: float64}
# - {name: decbore, datatype: float64}
# - {name: band, datatype: string}
# - {name: ebv, datatype: float32}
# - {name: zeropoint, datatype: float32}
# - {name: transparency, datatype: float32}
# - {name: seeing, datatype: float32}
# - {name: sky, datatype: float32}
# - {name: expfactor, datatype: float32}
# - {name: camera, datatype: string}
# - {name: dx, datatype: float32}
# - {name: dy, datatype: float32}
# - {name: nmatched, datatype: int64}
# - {name: obstype, datatype: string}
# - {name: object, datatype: string}
# - {name: tileid, datatype: int64}
# - {name: tileebv, datatype: float32}
# - {name: affine_x0, datatype: float32}
# - {name: affine_y0, datatype: float32}
# - {name: affine_dx, datatype: float32}
# - {name: affine_dxx, datatype: float32}
# - {name: affine_dxy, datatype: float32}
# - {name: affine_dy, datatype: float32}
# - {name: affine_dyx, datatype: float32}
# - {name: affine_dyy, datatype: float32}
# - {name: checksum, datatype: string}
# - {name: efftime, datatype: float32}
# schema: astropy-2.0
filename extension expnum exptime mjd_obs airmass racenter deccenter rabore decbore band ebv zeropoint transparency seeing sky expfactor camera dx dy nmatched obstype object tileid tileebv affine_x0 affine_y0 affine_dx affine_dxx affine_dxy affine_dy affine_dyx affine_dyy checksum efftime
[from data line 41]
/home/declsp/obsbot/rawdata/DECam_01462963.fits.fz N4 1462963 291.0182 61113.12332974 1.13 158.05273242800268 -5.456103809876974 158.06027916666665 -5.381 M517 0.040415794 25.028137 1.0193027 0.98428196 21.628693 1.1708435 decam -9.626625 22.10849 159 object IBIS_wide_M517_525433 525433 0.039782 924.0 1948.0 0.4011805 0.9998294 -0.00085053203 -0.05641834 0.00097201066 0.9999598 16378566284 248.5543
/home/declsp/obsbot/rawdata/DECam_01462964.fits.fz N4 1462964 315.238 61113.12703277 1.12 159.1887244612987 -5.750103807325404 159.19627499999999 -5.675 M517 0.049823366 25.028942 1.0184242 0.95010644 21.629063 1.1550926 decam -3.1501043 14.707648 166 object IBIS_wide_M517_528417 528417 0.047334 924.0 1948.0 0.026617112 1.0002246 -0.0009041755 -0.05365945 0.000934442 1.0001726 16500691730 272.91147
/home/declsp/obsbot/rawdata/DECam_01462965.fits.fz N4 1462965 252.6383 61113.13103823 1.12 162.28771368179682 -6.511103800708237 162.295275 -6.436 M517 0.026843313 25.030931 1.0202914 0.9255657 21.634285 0.9417401 decam -22.847616 16.730122 148 object IBIS_wide_M517_525176 525176 0.029745 924.0 1948.0 0.15957408 1.000273 -0.00072895165 -0.038368985 0.0005127412 1.0000628 16289875205 268.26755
/home/declsp/obsbot/rawdata/DECam_01462966.fits.fz N4 1462966 264.7283 61113.13428596 1.12 161.53572558278356 -5.975103805370898 161.54327916666665 -5.9 M517 0.040238526 25.033945 1.0231273 0.93108803 21.626268 1.0380484 decam -10.379391 13.894211 150 object IBIS_wide_M517_525182 525182 0.03928 924.0 1948.0 0.19262815 1.0000925 -0.0008376438 -0.026912058 0.00049111573 1.0000595 16289016201 255.02501
/home/declsp/obsbot/rawdata/DECam_01462967.fits.fz N4 1462967 242.8885 61113.1376626 1.12 163.996709740794 -6.4961038008388545 164.00427083333335 -6.421 M517 0.02758785 25.029207 1.0186725 0.897527 21.616318 0.90756553 decam -10.668952 14.878765 139 object IBIS_wide_M517_528203 528203 0.028006 924.0 1948.0 0.073378704 0.9997652 -0.0007714381 -0.07492329 0.00022549879 1.0000416 16183951242 267.6264
/home/declsp/obsbot/rawdata/DECam_01462968.fits.fz N4 1462968 241.5885 61113.14078849 1.12 162.02372476588727 -5.727103807525109 162.031275 -5.652 M517 0.034231983 25.040249 1.0290849 0.889612 21.625565 0.903027 decam -11.328812 12.538133 147 object IBIS_wide_M517_528168 528168 0.035553 924.0 1948.0 0.07510566 0.99997795 -0.00074324146 -0.135787 0.0007019038 1.0001084 16206186432 267.53186
/home/declsp/obsbot/rawdata/DECam_01462969.fits.fz N4 1462969 211.0786 61113.14389777 1.12 163.38972620133526 -5.930103805761926 163.39727916666666 -5.855 M517 0.027993027 25.032696 1.0219524 0.8504722 21.628828 0.8027124 decam -4.679636 11.479321 167 object IBIS_wide_M517_528205 528205 0.028438 924.0 1948.0 -0.015763607 1.0003353 -0.0006595752 -0.059469372 0.0005615676 1.0000056 16086154243 262.9567
/home/declsp/obsbot/rawdata/DECam_01462970.fits.fz N4 1462970 230.8685 61113.1468387 1.11 165.36372022814544 -6.351103802101081 165.37127916666668 -6.276 M517 0.035948873 25.029129 1.0169685 0.83647263 21.620567 0.8278185 decam -7.4708133 19.63324 162 object IBIS_wide_M517_528182 528182 0.03651 924.0 1948.0 0.12960406 1.0000755 -0.0006558461 -0.046839252 0.0007581957 1.0001514 16200450096 278.88782
/home/declsp/obsbot/rawdata/DECam_01462971.fits.fz N4 1462971 238.1185 61113.14984272 1.12 165.77972207573617 -5.927103805787992 165.78727500000002 -5.852 M517 0.04599427 25.023167 1.0130221 0.8352589 21.613365 0.89449835 decam 3.1419973 27.227766 137 object IBIS_wide_M517_525199 525199 0.041607 924.0 1948.0 0.09149671 1.000144 -0.0006638274 -0.08545601 0.0006331776 1.0000671 16208736358 266.2034
/home/declsp/obsbot/rawdata/DECam_01462972.fits.fz N4 1462972 244.4985 61113.1529681 1.12 169.33770874083302 -6.831103797919862 169.34527500000002 -6.756 M517 0.052718285 25.046518 1.0350448 0.8514045 21.598448 0.9411907 decam -13.047778 25.289223 134 object IBIS_wide_M517_525201 525201 0.043754 924.0 1948.0 0.11114864 1.0003066 -0.00037679297 -0.08184713 0.0005177815 1.0000597 16220724195 259.77573
/home/declsp/obsbot/rawdata/DECam_01462973.fits.fz N4 1462973 225.6686 61113.15617275 1.11 165.02972710677824 -5.547103809087475 165.037275 -5.472 M517 0.037149925 25.0409 1.0280529 0.8421432 21.62005 0.8276212 decam 1.1196043 29.926355 132 object IBIS_wide_M517_525221 525221 0.034951 924.0 1948.0 -0.030918011 1.0000165 -0.0007957421 0.009126283 0.0009269149 1.0001426 16163579892 272.67136
/home/declsp/obsbot/rawdata/DECam_01462974.fits.fz N4 1462974 249.5884 61113.1591103 1.11 166.4357220128697 -5.619103808462647 166.44327083333332 -5.5440000000000005 M517 0.06709414 25.017818 1.0064303 0.8623903 21.614199 1.0975729 decam -8.690168 32.1197 155 object IBIS_wide_M517_525200 525200 0.0517 924.0 1948.0 0.24699794 1.0002886 -0.0006111529 0.10439592 0.0006007195 1.0001231 16229276599 227.40028
/home/declsp/obsbot/rawdata/DECam_01462975.fits.fz N4 1462975 268.9583 61113.1623277 1.11 167.5737243949195 -5.755103807281987 167.58127499999998 -5.68 M517 0.045803603 25.035965 1.0233911 0.93297976 21.61487 1.086465 decam -12.008192 27.447279 143 object IBIS_wide_M517_528184 528184 0.045619 924.0 1948.0 -0.061484456 1.0004253 -0.0005388013 -0.05669103 0.0007009968 1.0001495 16516631511 247.55359
/home/declsp/obsbot/rawdata/DECam_01462976.fits.fz N4 1462976 301.0281 61113.16574669 1.11 167.92972260667548 -5.57310380886186 167.93727083333334 -5.498 M517 0.048739202 25.013699 1.002617 1.0089908 21.610466 1.3533261 decam -11.801087 32.820076 159 object IBIS_wide_M517_525209 525209 0.042668 924.0 1948.0 -0.093064904 1.0002565 -0.0006670681 0.007889961 0.0004976222 1.0000489 16420995884 222.43576
/home/declsp/obsbot/rawdata/DECam_01462977.fits.fz N4 1462977 392.8076 61113.16957046 1.11 170.29371822321784 -5.904103805987822 170.30127083333335 -5.829 M517 0.036800772 25.024073 1.012244 1.1614342 21.606543 1.637711 decam -21.623667 25.840765 145 object IBIS_wide_M517_528188 528188 0.040332 924.0 1948.0 -0.005014949 0.99997914 -0.00042465577 0.14141005 0.00030928207 0.9999821 16869516957 239.85158
/home/declsp/obsbot/rawdata/DECam_01462978.fits.fz N4 1462978 415.7274 61113.17443002 1.11 169.56673225164053 -5.470103809755528 169.57427916666668 -5.395 M517 0.035047174 25.01345 1.0023884 1.1871878 21.612577 1.7162453 decam -13.829727 25.602655 142 object IBIS_wide_M517_525204 525204 0.040431 924.0 1948.0 -0.1151042 1.0001814 -0.00059071823 0.119676985 0.00041476107 1.0001498 16802953250 242.23076
/home/declsp/obsbot/rawdata/DECam_01462979.fits.fz N4 1462979 345.7578 61113.17956132 1.1 171.68172930168228 -5.699103807768207 171.68927916666667 -5.624 M517 0.051709875 25.02509 1.0115702 1.0713826 21.60415 1.5306184 decam -8.636061 31.663982 156 object IBIS_wide_M517_528105 528105 0.04279 924.0 1948.0 -0.13779983 0.99994487 -0.00041479713 -0.052413583 0.000524403 0.99993724 16665079013 225.8942
/home/declsp/obsbot/rawdata/DECam_01462980.fits.fz N4 1462980 336.8778 61113.18387352 1.11 172.22872468338724 -5.409103810284639 172.23627083333332 -5.334 M517 0.042618796 25.030857 1.0185881 0.99934536 21.59994 1.2501434 decam -5.7796435 32.291157 145 object IBIS_wide_M517_525120 525120 0.047441 924.0 1948.0 0.089140035 1.0000687 -0.0004746317 -0.020805836 0.00053562253 1.0000154 16549654556 269.47134
/home/declsp/obsbot/rawdata/DECam_01462981.fits.fz N4 1462981 299.8382 61113.18815333 1.11 177.00972587203344 -5.954103805553385 177.01727916666667 -5.879 M517 0.027923504 25.026419 1.014433 1.009599 21.591646 1.182516 decam -18.520943 36.364227 153 object IBIS_wide_M517_525262 525262 0.029868 924.0 1948.0 0.04792484 1.0001445 -0.0001776982 -0.013952739 5.9360547e-05 1.0000007 16408534607 253.55952
/home/declsp/obsbot/rawdata/DECam_01462982.fits.fz N4 1462982 344.8679 61113.19196488 1.11 177.4107224716318 -5.898103806039951 177.418275 -5.823 M517 0.029500455 25.02629 1.0143147 1.0988876 21.587358 1.4201818 decam -5.3294125 25.40041 187 object IBIS_wide_M517_528248 528248 0.030554 924.0 1948.0 -0.12171574 1.0000532 -6.471314e-05 0.0382956 0.00022966469 0.99996066 16628741585 242.83363
/home/declsp/obsbot/rawdata/DECam_01462983.fits.fz N4 1462983 403.0074 61113.19645442 1.11 182.79071402470626 -6.76010379853885 182.79827916666667 -6.6850000000000005 M517 0.04500139 25.029764 1.0175635 1.148044 21.60315 1.6719965 decam -14.480187 18.607119 152 object IBIS_wide_M517_530959 530959 0.042962 924.0 1948.0 -0.057327036 1.0000294 0.00023218387 -0.023478689 -1.2049087e-06 1.0001849 16899227406 241.03363
/home/declsp/obsbot/rawdata/DECam_01462984.fits.fz N4 1462984 368.0777 61113.20143433 1.1 180.57471636153016 -6.039103804814658 180.58227083333333 -5.964 M517 0.021721747 25.020296 1.0071136 1.0957904 21.60212 1.3417976 decam -0.5398773 26.83412 190 object IBIS_wide_M517_530957 530957 0.024084 924.0 1948.0 -0.2296734 1.0001619 8.6276785e-05 -0.03781735 5.0651983e-05 1.0000944 16668271426 274.31686
/home/declsp/obsbot/rawdata/DECam_01462985.fits.fz N4 1462985 426.8874 61113.20601016 1.1 179.9947264337716 -5.913103805909631 180.00227916666668 -5.838 M517 0.024256436 25.004818 0.9928586 1.3076186 21.593407 2.012183 decam -4.8860865 27.132215 171 object IBIS_wide_M517_533943 533943 0.023523 924.0 1948.0 -0.117585965 1.0000155 -5.0489714e-05 0.049898203 0.00014414491 1.0001211 16874236392 212.15138
/home/declsp/obsbot/rawdata/DECam_01462986.fits.fz N4 1462986 335.1279 61113.21126913 1.1 178.98373123505235 -5.550103809061444 178.99127916666666 -5.475 M517 0.02395411 25.019089 1.0059946 1.1361206 21.575068 1.502659 decam -2.480261 32.70973 160 object IBIS_wide_M517_525264 525264 0.026033 924.0 1948.0 -0.16594061 1.0001509 -0.0001616568 0.13182786 1.6109469e-05 0.99999577 16583706135 223.02325
/home/declsp/obsbot/rawdata/DECam_01462987.fits.fz N4 1462987 373.2277 61113.21548312 1.1 181.2477260887398 -5.62610380840189 181.25527499999998 -5.551 M517 0.02884369 25.007973 0.995748 1.1474984 21.55543 1.6425194 decam -15.550497 41.019043 174 object IBIS_wide_M517_530967 530967 0.028002 924.0 1948.0 -0.13393933 1.0004706 -6.321853e-05 0.16136809 -8.001145e-05 1.0000085 16750481809 227.22879
/home/declsp/obsbot/rawdata/DECam_01462988.fits.fz N4 1462988 353.0678 61113.22014048 1.1 183.15573191847892 -5.157103812469374 183.163275 -5.082 M517 0.03834253 25.02209 1.0087793 1.0648966 21.560158 1.456595 decam -10.852488 30.153555 146 object IBIS_wide_M517_533948 533948 0.042165 924.0 1948.0 0.005546587 1.000123 1.0633059e-05 0.14651681 0.00016434047 0.9999983 16662655436 242.39258
/home/declsp/obsbot/rawdata/DECam_01462989.fits.fz N4 1462989 307.2681 61113.22455149 1.11 183.6097394551699 -4.865103814998726 183.61727916666666 -4.79 M517 0.0632103 25.030966 1.0186908 0.9643501 21.56101 1.3722209 decam -5.573994 35.62452 154 object IBIS_wide_M517_530965 530965 0.040154 924.0 1948.0 -0.19807144 1.0000963 -5.9649424e-06 0.057108555 -0.0002583975 1.0001394 16462753353 223.92029
/home/declsp/obsbot/rawdata/DECam_01462990.fits.fz N4 1462990 277.4082 61113.22876821 1.12 192.63172519272834 -5.368103810640217 192.6392708333333 -5.293 M517 0.035339616 25.023632 1.013455 0.9821537 21.546724 1.228133 decam -20.19399 18.99902 154 object IBIS_wide_M517_531430 531430 0.030118 924.0 1948.0 -0.051269617 1.000103 0.0004778292 0.07988247 -0.0006000942 1.0000873 16371041069 225.87799
/home/declsp/obsbot/rawdata/DECam_01462991.fits.fz N4 1462991 296.5181 61113.23236698 1.11 188.07974200173356 -4.63210381701543 188.08727916666666 -4.557 M517 0.051568136 25.031939 1.0196031 0.96519125 21.542677 1.2976321 decam -7.726101 18.108177 171 object IBIS_wide_M517_534433 534433 0.041699 924.0 1948.0 -0.171028 1.000183 0.00030249386 0.09298307 -0.00025633734 1.0001489 16460315090 228.50706
/home/declsp/obsbot/rawdata/DECam_01462992.fits.fz N4 1462992 356.9177 61113.23613737 1.11 185.28573876399406 -4.5441038177767545 185.293275 -4.469 M517 0.060012057 25.026064 1.0141014 1.0677226 21.530785 1.7099807 decam -7.088215 37.71235 151 object IBIS_wide_M517_533950 533950 0.041733 924.0 1948.0 -0.040871836 1.0000458 0.00022824673 0.033996914 6.3342186e-06 1.0000888 16734494539 208.72615
/home/declsp/obsbot/rawdata/DECam_01462993.fits.fz N4 1462993 378.8876 61113.24111442 1.12 195.09573798405538 -4.6181038171365625 195.103275 -4.543 M517 0.028418295 25.01443 1.0049022 1.0379428 21.55295 1.3280369 decam -9.506924 26.543497 180 object IBIS_wide_M517_534414 534414 0.028211 924.0 1948.0 -0.106867336 1.0000881 0.0006845819 0.19419388 -0.00078115356 1.0001329 16765358009 285.299
/home/declsp/obsbot/rawdata/DECam_01462994.fits.fz N4 1462994 377.6876 61113.24581809 1.11 193.94674182482072 -4.2411038203967335 193.954275 -4.166 M517 0.020000186 25.028944 1.016795 1.105707 21.533642 1.4167684 decam -11.207344 19.377726 185 object IBIS_wide_M517_531434 531434 0.021507 924.0 1948.0 -0.00073996227 1.0000639 0.0005134775 0.10939672 -0.0004996519 0.99997765 16780163405 266.58386
/home/declsp/obsbot/rawdata/DECam_01462995.fits.fz N4 1462995 307.918 61113.25053744 1.1 196.94372637371353 -5.60410380859283 196.95127499999998 -5.529 M517 0.031771205 25.008345 0.996088 1.0091413 21.510311 1.3484838 decam -23.320328 23.612093 204 object IBIS_wide_M517_531176 531176 0.035712 924.0 1948.0 -0.093455106 1.0000751 0.00058954395 0.12107171 -0.0008200226 1.0001711 16559045440 228.34386
/home/declsp/obsbot/rawdata/DECam_01462996.fits.fz N4 1462996 329.0379 61113.2544189 1.11 197.61873528850322 -4.865103814998726 197.626275 -4.79 M517 0.033697464 25.018618 1.0071707 0.98712176 21.477743 1.3205827 decam -14.299125 15.929418 164 object IBIS_wide_M517_531219 531219 0.033902 924.0 1948.0 -0.041548878 1.0001332 0.00068825344 0.095973305 -0.0007254359 1.0001029 17361055046 249.16113
/home/declsp/obsbot/rawdata/DECam_01462997.fits.fz N4 1462997 302.6081 61113.25856071 1.11 199.32473546723702 -4.460103818503299 199.33227083333333 -4.385 M517 0.032632995 25.015287 1.0040854 0.99010783 21.482908 1.3215791 decam -13.1407995 29.628569 158 object IBIS_wide_M517_534204 534204 0.035792 924.0 1948.0 -0.08107783 1.0000834 0.0007644253 0.07943886 -0.0010229085 0.9999131 16578170544 228.97464
/home/declsp/obsbot/rawdata/DECam_01462998.fits.fz N4 1462998 303.5781 61113.26237668 1.11 199.77473774581034 -4.2321038204745225 199.7822708333333 -4.157 M517 0.036587887 25.006191 0.9957086 0.9641321 21.454323 1.341226 decam -17.903568 22.348484 170 object IBIS_wide_M517_531221 531221 0.036528 924.0 1948.0 0.014259801 1.0001806 0.0008420679 -0.018079562 -0.0008354272 0.99999577 16564521632 226.34373
/home/declsp/obsbot/rawdata/DECam_01462999.fits.fz N4 1462999 305.5581 61113.26622812 1.11 196.8557373744276 -4.270103820146069 196.86327083333333 -4.195 M517 0.036382094 25.009764 0.998991 0.9298345 21.422161 1.2751924 decam -10.518301 44.94796 178 object IBIS_wide_M517_531470 531470 0.031405 924.0 1948.0 -0.30661392 1.0003377 0.000479934 -0.012703178 -0.00051918917 1.0000292 16647865266 239.61726
/home/declsp/obsbot/rawdata/DECam_01463000.fits.fz N4 1463000 337.4577 61113.27012917 1.11 200.73273786703137 -4.629103817041388 200.740275 -4.554 M517 0.045588557 25.011696 1.0007708 0.96235573 21.388304 1.4870448 decam -21.7713 33.45133 182 object IBIS_wide_M517_534201 534201 0.038213 924.0 1948.0 -0.15180153 1.0000788 0.0007732858 -0.032792438 -0.0007657798 1.0000924 16841737192 226.93176
/home/declsp/obsbot/rawdata/DECam_01463001.fits.fz N4 1463001 315.5879 61113.27437465 1.11 203.20073121136798 -4.857103815067992 203.20827083333333 -4.782 M517 0.033408735 25.011839 1.000902 0.9578259 21.373896 1.3830724 decam -20.962408 26.183708 184 object IBIS_wide_M517_531203 531203 0.031599 924.0 1948.0 -0.31868 1.0001466 0.00092567364 0.029590918 -0.0010061488 1.0001211 16725214401 228.17886
