logs/db-2026-04-17.ecsv
# %ECSV 1.0
# ---
# datatype:
# - {name: filename, datatype: string}
# - {name: extension, datatype: string}
# - {name: expnum, datatype: int64}
# - {name: exptime, datatype: float32}
# - {name: mjd_obs, datatype: float64}
# - {name: airmass, datatype: float32}
# - {name: racenter, datatype: float64}
# - {name: deccenter, datatype: float64}
# - {name: rabore, datatype: float64}
# - {name: decbore, datatype: float64}
# - {name: band, datatype: string}
# - {name: ebv, datatype: float32}
# - {name: zeropoint, datatype: float32}
# - {name: transparency, datatype: float32}
# - {name: seeing, datatype: float32}
# - {name: sky, datatype: float32}
# - {name: expfactor, datatype: float32}
# - {name: camera, datatype: string}
# - {name: dx, datatype: float32}
# - {name: dy, datatype: float32}
# - {name: nmatched, datatype: int64}
# - {name: obstype, datatype: string}
# - {name: object, datatype: string}
# - {name: tileid, datatype: int64}
# - {name: tileebv, datatype: float32}
# - {name: affine_x0, datatype: float32}
# - {name: affine_y0, datatype: float32}
# - {name: affine_dx, datatype: float32}
# - {name: affine_dxx, datatype: float32}
# - {name: affine_dxy, datatype: float32}
# - {name: affine_dy, datatype: float32}
# - {name: affine_dyx, datatype: float32}
# - {name: affine_dyy, datatype: float32}
# - {name: checksum, datatype: string}
# - {name: efftime, datatype: float32}
# schema: astropy-2.0
filename extension expnum exptime mjd_obs airmass racenter deccenter rabore decbore band ebv zeropoint transparency seeing sky expfactor camera dx dy nmatched obstype object tileid tileebv affine_x0 affine_y0 affine_dx affine_dxx affine_dxy affine_dy affine_dyx affine_dyy checksum efftime
/home/declsp/obsbot/rawdata/DECam_01476239.fits.fz N4 1476239 35.0 61148.19462931 1.1 201.0297271067782 -5.547103809087475 201.037275 -5.472 M464 0.03786733 24.903944 0.9720695 2.3084688 21.802618 4.674478 decam -2.9911973 82.846794 76 object "pointing test" 0 0.0 924.0 1948.0 -0.12128658 1.0003691 0.0006680041 0.12731808 -0.00094808475 1.000111 15453186430 7.487467
/home/declsp/obsbot/rawdata/DECam_01476240.fits.fz N4 1476240 290.3582 61148.20825152 1.11 201.0297271067782 -5.547103809087475 201.037275 -5.472 M464 0.03786733 24.904648 0.9747005 1.7001076 21.808834 2.518604 decam -2.895939 -9.800742 144 object IBIS_wide_M464_331213 331213 0.035527 924.0 1948.0 -0.13731515 1.0002298 0.00077443675 0.10873278 -0.00074066455 1.000051 16149122728 115.28536
/home/declsp/obsbot/rawdata/DECam_01476241.fits.fz N4 1476241 158.889 61148.21193118 1.12 199.80472393091966 -5.469103809764204 199.81227083333334 -5.394 M464 0.037929203 24.903913 0.97604376 1.2455142 21.829922 1.3285664 decam 1.8667872 -10.630333 146 object IBIS_wide_M464_331212 331212 0.037674 924.0 1948.0 0.09423537 1.0001063 0.0006046419 0.061050624 -0.00045992908 0.9999988 15803626009 119.59433
/home/declsp/obsbot/rawdata/DECam_01476242.fits.fz N4 1476242 244.9185 61148.21416743 1.11 204.80172816207903 -5.785103807021472 204.80927916666667 -5.71 M464 0.025303017 24.889671 0.96134716 1.0561547 21.810114 0.999384 decam -4.4654694 -25.225649 205 object IBIS_wide_M464_334181 334181 0.027609 924.0 1948.0 0.06746987 1.0002257 0.00081960857 0.03981401 -0.0007435515 1.0000256 16025140302 245.06947
/home/declsp/obsbot/rawdata/DECam_01476243.fits.fz N4 1476243 418.9274 61148.21735705 1.14 207.38075633737841 -2.3111038370430665 207.388275 -2.236 M464 0.047463592 24.889154 0.96682966 1.0531287 21.870825 0.9405325 decam -4.366267 -26.517725 184 object IBIS_wide_M464_331302 331302 0.047501 924.0 1948.0 0.09691133 1.0002862 0.0010305454 0.047988117 -0.0009625851 0.99992406 16447671763 445.41513
/home/declsp/obsbot/rawdata/DECam_01476244.fits.fz N4 1476244 600.1064 61148.22266779 1.13 213.0827643325016 -2.3741038365006086 213.09028333333333 -2.299 M464 0.075305305 24.893179 0.9684286 1.0865183 21.890512 0.97573376 decam -0.62552375 -44.729237 170 object IBIS_wide_M464_331283 331283 0.061896 924.0 1948.0 -0.21986257 1.0001355 0.0012138431 0.12615065 -0.0012006317 1.0000584 16855416997 615.0309
/home/declsp/obsbot/rawdata/DECam_01476245.fits.fz N4 1476245 538.4368 61148.22993312 1.13 214.39576056743203 -2.2991038371463866 214.40327916666666 -2.224 M464 0.06078811 24.893177 0.96842754 1.1547328 21.88421 1.108246 decam -0.39495578 -37.987988 221 object IBIS_wide_M464_331280 331280 0.058687 924.0 1948.0 -0.20778702 1.0000068 0.0011607986 0.105017915 -0.00112984 1.0000865 16747944106 485.84595
/home/declsp/obsbot/rawdata/DECam_01476246.fits.fz N4 1476246 633.1962 61148.23648444 1.13 215.63075393530667 -2.7271038334601707 215.638275 -2.652 M464 0.061916303 24.90053 0.97500783 1.1242957 21.882502 1.0382004 decam 3.5244648 -43.212772 204 object IBIS_wide_M464_331279 331279 0.058608 924.0 1948.0 -0.23854934 1.0000546 0.0011833697 0.21457334 -0.0012997944 1.0000489 16982787721 609.8979
/home/declsp/obsbot/rawdata/DECam_01476247.fits.fz N4 1476247 196.6188 61148.24415566 1.13 217.49574573189707 -3.3101038284346913 217.50327083333332 -3.235 M464 0.08128855 24.900051 0.9745784 1.0355401 21.881804 0.8824077 decam 0.38904256 -56.160522 166 object IBIS_wide_M464_336970 336970 0.077831 924.0 1948.0 -0.06040251 1.000291 0.0012264841 0.12929785 -0.0012464692 1.0000085 15848678379 222.82082
/home/declsp/obsbot/rawdata/DECam_01476248.fits.fz N4 1476248 421.6273 61148.24676786 1.11 217.2477260887398 -5.62610380840189 217.25527499999998 -5.551 M464 0.050454468 24.904654 0.9747057 0.9997117 21.86463 0.8286049 decam 5.6148295 -53.31079 208 object IBIS_wide_M464_336959 336959 0.054035 924.0 1948.0 0.15833431 1.0001645 0.0013341842 0.029527513 -0.0012855092 1.0000749 16528278635 508.83997
/home/declsp/obsbot/rawdata/DECam_01476249.fits.fz N4 1476249 531.7968 61148.25196237 1.11 218.11473436220666 -4.947103814288655 218.122275 -4.872 M464 0.066440694 24.905794 0.9757297 1.0199597 21.874334 0.8529579 decam 3.209679 -55.920956 217 object IBIS_wide_M464_336960 336960 0.072569 924.0 1948.0 -0.042733688 1.0003554 0.0012824903 -0.05335096 -0.001590232 0.99989843 16715270001 623.4737
/home/declsp/obsbot/rawdata/DECam_01476250.fits.fz N4 1476250 201.0388 61148.25962053 1.11 220.58673014660513 -5.304103811195162 220.59427499999998 -5.229 M464 0.061091974 24.901663 0.9720237 1.0086627 21.842224 0.86581755 decam -2.8606782 6.8080516 201 object IBIS_wide_M464_339941 339941 0.066242 924.0 1948.0 -0.19321105 1.000034 0.0014706623 0.18241368 -0.0014809221 1.0000547 15888075766 232.19534
/home/declsp/obsbot/rawdata/DECam_01476251.fits.fz N4 1476251 206.9387 61148.26225775 1.12 218.4537244612987 -5.750103807325404 218.461275 -5.675 M464 0.05934856 24.905111 0.97712076 0.9188081 21.860064 0.70260096 decam -11.819443 10.946372 224 object IBIS_wide_M464_339939 339939 0.063807 924.0 1948.0 0.019900886 1.0002978 0.0012644861 0.091578774 -0.0011739682 0.9999548 15890087588 294.53235
/home/declsp/obsbot/rawdata/DECam_01476252.fits.fz N4 1476252 194.9788 61148.26499704 1.12 221.5477460402085 -4.236103820439948 221.55527916666665 -4.161 M464 0.099107206 24.907688 0.97944236 0.96820486 21.864729 0.7729257 decam -11.827213 12.060348 185 object IBIS_wide_M464_337526 337526 0.092701 924.0 1948.0 -0.079137124 1.0000557 0.0015291405 0.12579477 -0.0016152681 1.0000111 15865466139 252.26074
/home/declsp/obsbot/rawdata/DECam_01476253.fits.fz N4 1476253 517.2469 61148.26757709 1.12 222.7477426265263 -4.573103817525885 222.75527916666667 -4.498 M464 0.084769025 24.893808 0.9670022 0.97128105 21.874077 0.79113317 decam -17.027119 10.739451 230 object IBIS_wide_M464_340426 340426 0.08663 924.0 1948.0 -0.40624002 1.0002286 0.0015131724 0.010553459 -0.001354142 1.0002142 16689936631 653.8051
/home/declsp/obsbot/rawdata/DECam_01476254.fits.fz N4 1476254 550.0766 61148.27388681 1.14 224.0767535898348 -3.37210382789992 224.08427916666665 -3.297 M464 0.123775415 24.893372 0.9705919 0.9062511 21.852858 0.7031792 decam -15.123582 20.369055 222 object IBIS_wide_M464_340430 340430 0.115 924.0 1948.0 -0.5076167 1.0002459 0.0015771597 0.1358177 -0.0014307055 1.0000336 16793402990 782.2709
/home/declsp/obsbot/rawdata/DECam_01476255.fits.fz N4 1476255 284.4082 61148.28058835 1.14 224.3747463618317 -3.2261038291591144 224.38227083333334 -3.151 M464 0.1298628 24.884829 0.9629843 0.9019492 21.846195 0.71194303 decam -11.464524 27.190527 203 object IBIS_wide_M464_337445 337445 0.12085 924.0 1948.0 -0.44639012 0.99995625 0.0015145773 0.20930384 -0.0014437495 1.0000503 16136176064 399.4817
/home/declsp/obsbot/rawdata/DECam_01476256.fits.fz N4 1476256 419.0275 61148.28421417 1.15 227.18276681286184 -1.863103840899233 227.19028333333335 -1.788 M464 0.06976611 24.898743 0.9774113 0.9059472 21.881882 0.67743564 decam -10.873177 26.627687 254 object IBIS_wide_M464_337458 337458 0.075369 924.0 1948.0 -0.0695178 1.0001868 0.0015448981 0.21033971 -0.0018316244 1.000135 16419397317 618.54956
/home/declsp/obsbot/rawdata/DECam_01476257.fits.fz N4 1476257 222.5987 61148.28938419 1.16 224.79675779919486 -2.775103833046608 224.80427916666665 -2.7 M464 0.11860743 24.885908 0.9679098 0.874255 21.839586 0.6717752 decam -12.740343 30.182735 204 object IBIS_wide_M464_340431 340431 0.1096 924.0 1948.0 0.039213594 1.0000658 0.0014680705 0.19202301 -0.0017958512 1.0000448 15955203897 331.3589
/home/declsp/obsbot/rawdata/DECam_01476258.fits.fz N4 1476258 243.2785 61148.2922823 1.17 225.74776219448216 -1.9661038400128497 225.75527916666664 -1.891 M464 0.0722444 24.893833 0.97700584 0.9138887 21.860231 0.7096016 decam -14.947438 34.73521 251 object IBIS_wide_M464_337457 337457 0.07281 924.0 1948.0 -0.13291235 1.0000043 0.0014581301 0.28562647 -0.001422192 1.0000598 16022409598 342.83817
/home/declsp/obsbot/rawdata/DECam_01476259.fits.fz N4 1476259 117.0593 61148.29558838 1.19 232.49076012278283 1.4268961308115662 232.498275 1.502 M464 0.04584704 24.901613 0.9880822 0.8875891 21.89971 0.63637793 decam -8.432503 19.670652 247 object IBIS_wide_M464_340498 340498 0.049558 924.0 1948.0 0.035671163 1.0001913 0.0018200792 -0.1270899 -0.0016263397 1.0000515 15673427479 183.9462
/home/declsp/obsbot/rawdata/DECam_01476260.fits.fz N4 1476260 335.258 61148.2972658 1.19 234.27275907499867 1.7178961283082241 234.280275 1.793 M464 0.055420876 24.899334 0.98601025 0.896253 21.902538 0.6498568 decam 1.0780531 27.924147 290 object IBIS_wide_M464_337514 337514 0.059351 924.0 1948.0 -0.4376923 1.000015 0.0017300063 -0.036833707 -0.0017980313 1.0000201 16268749068 515.8952
/home/declsp/obsbot/rawdata/DECam_01476261.fits.fz N4 1476261 423.2475 61148.30148437 1.18 234.98376101522257 1.1208961334432652 234.991275 1.196 M464 0.0797212 24.888111 0.97386956 0.8660329 21.890802 0.6263158 decam -7.6805563 16.703585 304 object IBIS_wide_M464_337492 337492 0.083575 924.0 1948.0 0.040206682 1.0001538 0.0018399103 0.14134744 -0.0017686251 1.00011 16433733797 675.7733
/home/declsp/obsbot/rawdata/DECam_01476262.fits.fz N4 1476262 147.859 61148.30669248 1.2 236.40976050514507 2.310896123204412 236.41727916666667 2.386 M464 0.10732447 24.886948 0.9768293 0.8441136 21.878092 0.60341907 decam -1.5234486 11.877507 285 object IBIS_wide_M464_337664 337664 0.095235 924.0 1948.0 0.09042379 1.0001007 0.0019463111 0.0003423147 -0.0016042308 1.0000302 15771555561 245.03534
/home/declsp/obsbot/rawdata/DECam_01476263.fits.fz N4 1476263 443.2573 61148.30872028 1.21 236.78175876508627 2.618896120551915 236.7892791666667 2.694 M464 0.099492185 24.876823 0.9697528 0.8634859 21.866194 0.6503074 decam -4.136463 14.586875 300 object IBIS_wide_M464_340650 340650 0.10546 924.0 1948.0 -0.2525624 1.0001655 0.0018430096 0.1614706 -0.0018905662 1.0001287 16504451068 681.61194
/home/declsp/obsbot/rawdata/DECam_01476264.fits.fz N4 1476264 243.1085 61148.31416089 1.19 237.81576096605633 1.1398961332798767 237.823275 1.215 M464 0.090149626 24.876606 0.9655843 0.9355546 21.85789 0.76917523 decam -3.2355826 11.405268 322 object IBIS_wide_M464_337656 337656 0.1001 924.0 1948.0 -0.17358032 1.0003762 0.0017981785 0.36529145 -0.0019365624 1.0000294 16041441155 316.06387
/home/declsp/obsbot/rawdata/DECam_01476265.fits.fz N4 1476265 141.6791 61148.31729277 1.2 238.16576846590715 1.42389613083737 238.17328333333333 1.499 M464 0.10670359 24.867935 0.959873 0.9152261 21.86832 0.74090856 decam -7.348981 15.403931 283 object IBIS_wide_M464_340642 340642 0.10004 924.0 1948.0 -0.23976453 1.0001005 0.0018873155 0.21493345 -0.0020177325 1.0001029 15735711900 191.22345
/home/declsp/obsbot/rawdata/DECam_01476266.fits.fz N4 1476266 580.2964 61148.3192604 1.2 240.48875630135325 2.317896123144141 240.496275 2.393 M464 0.12347852 24.880161 0.9707428 0.92466486 21.884241 0.7286196 decam -3.8271313 10.701777 363 object IBIS_wide_M464_337659 337659 0.099321 924.0 1948.0 -0.51993036 1.0001589 0.0020212946 0.33881658 -0.002020149 1.0001229 17038328336 796.4326
/home/declsp/obsbot/rawdata/DECam_01476267.fits.fz N4 1476267 521.2768 61148.32629976 1.21 240.230758569514 1.8418961272412833 240.23827500000002 1.917 M464 0.09104872 24.885748 0.9777577 0.92579764 21.873621 0.7300266 decam -11.13149 9.426767 392 object IBIS_wide_M464_340644 340644 0.095422 924.0 1948.0 -0.10578983 1.0005285 0.0018802187 0.23025365 -0.0018013332 1.0000741 16759097644 714.05176
/home/declsp/obsbot/rawdata/DECam_01476268.fits.fz N4 1476268 356.4378 61148.33263587 1.2 242.0397610382232 1.1118961335206592 242.047275 1.187 M464 0.13942845 24.857914 0.95105517 0.9455214 21.839998 0.82663393 decam -6.6135964 11.827838 374 object IBIS_wide_M464_337330 337330 0.12517 924.0 1948.0 -0.21211456 1.0002935 0.0019586757 0.12341275 -0.0017705399 1.000128 16381475573 431.19183
/home/declsp/obsbot/rawdata/DECam_01476269.fits.fz N4 1476269 508.7668 61148.33706858 1.22 243.42575630666371 2.3168961231527514 243.43327499999998 2.392 M464 0.07969658 24.86903 0.9647966 0.9597156 21.865213 0.8151574 decam -9.943687 11.758506 459 object IBIS_wide_M464_337342 337342 0.079227 924.0 1948.0 -0.5254611 1.0002543 0.0020589146 0.23289552 -0.0019407655 0.999961 16741052912 624.13324
/home/declsp/obsbot/rawdata/DECam_01476270.fits.fz N4 1476270 409.6175 61148.3432744 1.21 243.26476519979462 1.1138961335034605 243.27227916666664 1.189 M464 0.09400219 24.86834 0.96220577 0.9385667 21.842741 0.7970422 decam -3.836068 19.162346 463 object IBIS_wide_M464_337335 337335 0.098665 924.0 1948.0 -0.2888183 1.0001245 0.0019276855 0.10367682 -0.0019649807 1.0000554 16468053232 513.922
/home/declsp/obsbot/rawdata/DECam_01476271.fits.fz N4 1476271 261.7084 61148.34833337 1.22 245.19276027696208 1.378896131224424 245.200275 1.454 M464 0.077833116 24.880981 0.9754765 0.94234294 21.819403 0.80201125 decam -13.037995 15.451358 494 object IBIS_wide_M464_340320 340320 0.074928 924.0 1948.0 -0.3666729 1.0001854 0.001996901 0.25404546 -0.0021234257 1.000185 16111696062 326.31512
/home/declsp/obsbot/rawdata/DECam_01476272.fits.fz N4 1476272 489.6469 61148.35169853 1.22 246.99476790040842 1.587896129426642 247.0022833333333 1.663 M464 0.062177084 24.884825 0.97893584 1.0043715 21.80845 0.9135041 decam -11.550192 27.28838 520 object IBIS_wide_M464_337316 337316 0.064659 924.0 1948.0 -0.45220596 1.0001589 0.0019668385 0.15896024 -0.0019209415 1.0001556 17741130893 536.0095
/home/declsp/obsbot/rawdata/DECam_01476273.fits.fz N4 1476273 547.9365 61148.35767997 1.22 248.49575915322535 1.697896128480298 248.50327499999997 1.7730000000000001 M464 0.07070912 24.87515 0.9702511 1.0236278 21.808071 0.9661796 decam -10.7945 18.412167 632 object IBIS_wide_M464_337356 337356 0.067632 924.0 1948.0 -0.16081654 1.0001761 0.0020438782 0.052078605 -0.0019341012 1.0000926 16907737105 567.11664
/home/declsp/obsbot/rawdata/DECam_01476274.fits.fz N4 1476274 546.4666 61148.36435643 1.23 249.3837601358328 1.4228961308459716 249.391275 1.498 M464 0.061758135 24.868067 0.9659233 0.97882056 21.805784 0.8971371 decam -5.9503307 25.211994 682 object IBIS_wide_M464_340337 340337 0.070035 924.0 1948.0 -0.3958755 1.0002477 0.001956207 0.16716956 -0.0020643335 1.0001032 17135114302 609.12274
/home/declsp/obsbot/rawdata/DECam_01476275.fits.fz N4 1476275 714.7755 61148.37250208 1.27 306.63854923813597 -13.492103738748987 306.646275 -13.417 M464 0.05599945 24.872757 0.9781081 1.0401943 21.470234 1.3677897 decam -23.174665 -16.417528 767 object IBIS_wide_M464_351990 351990 0.050739 924.0 1948.0 -0.28142497 1.0002714 0.0019956275 0.14929564 -0.002209899 1.0001204 18617778786 522.577
/home/declsp/obsbot/rawdata/DECam_01476276.fits.fz N4 1476276 213.3886 61148.38110134 1.24 307.0925534798678 -13.097103742334026 307.10026666666664 -13.022 M464 0.051362183 24.88097 0.9794807 1.0152832 21.46839 1.2858266 decam -19.49129 -33.835926 683 object IBIS_wide_M464_349007 349007 0.047609 924.0 1948.0 -0.15459564 1.0002805 0.0019463891 0.15404214 -0.0020740472 1.000168 16497655406 165.95442
/home/declsp/obsbot/rawdata/DECam_01476277.fits.fz N4 1476277 333.0978 61148.38389718 1.24 309.62350069791705 -14.910103725778407 309.631275 -14.835 M464 0.035235163 24.887072 0.98500025 1.0036439 21.413603 1.3068508 decam -12.584184 -43.29313 585 object IBIS_wide_M464_351983 351983 0.038672 924.0 1948.0 0.045928918 1.0002743 0.0019225577 0.25436443 -0.0022013006 1.0001318 16716185481 254.88588
/home/declsp/obsbot/rawdata/DECam_01476278.fits.fz N4 1476278 196.5187 61148.38811818 1.23 307.82661302816695 -11.334103758200591 307.834275 -11.259 M464 0.053734824 24.886026 0.9820339 0.9746985 21.487947 1.153373 decam 1.7788198 -46.5588 731 object IBIS_wide_M464_349105 349105 0.053636 924.0 1948.0 -0.2738295 1.0002904 0.0018956345 0.19589782 -0.0021194357 1.0001369 16186243023 170.38608
