logs/db-2024-07-08.ecsv
# %ECSV 1.0
# ---
# datatype:
# - {name: filename, datatype: string}
# - {name: extension, datatype: string}
# - {name: expnum, datatype: int64}
# - {name: exptime, datatype: float32}
# - {name: mjd_obs, datatype: float64}
# - {name: airmass, datatype: float32}
# - {name: racenter, datatype: float64}
# - {name: deccenter, datatype: float64}
# - {name: rabore, datatype: float64}
# - {name: decbore, datatype: float64}
# - {name: band, datatype: string}
# - {name: ebv, datatype: float32}
# - {name: zeropoint, datatype: float32}
# - {name: transparency, datatype: float32}
# - {name: seeing, datatype: float32}
# - {name: sky, datatype: float32}
# - {name: expfactor, datatype: float32}
# - {name: camera, datatype: string}
# - {name: dx, datatype: float32}
# - {name: dy, datatype: float32}
# - {name: nmatched, datatype: int64}
# - {name: obstype, datatype: string}
# - {name: object, datatype: string}
# - {name: tileid, datatype: int64}
# - {name: tileebv, datatype: float32}
# - {name: affine_x0, datatype: float32}
# - {name: affine_y0, datatype: float32}
# - {name: affine_dx, datatype: float32}
# - {name: affine_dxx, datatype: float32}
# - {name: affine_dxy, datatype: float32}
# - {name: affine_dy, datatype: float32}
# - {name: affine_dyx, datatype: float32}
# - {name: affine_dyy, datatype: float32}
# - {name: checksum, datatype: string}
# - {name: efftime, datatype: float32}
# schema: astropy-2.0
filename extension expnum exptime mjd_obs airmass racenter deccenter rabore decbore band ebv zeropoint transparency seeing sky expfactor camera dx dy nmatched obstype object tileid tileebv affine_x0 affine_y0 affine_dx affine_dxx affine_dxy affine_dy affine_dyx affine_dyy checksum efftime
rawdata/DECam_01309993.fits.fz N4 1309993 5.0 60499.9481238 1.0 199.21266054845265 -31.581491609696187 199.22147916666665 -31.506388055555554 r 0.063828364 0.0 0.0 0.0 17.003561 0.0 decam 0.0 0.0 0 object pointing 0 0.0 0.0 0.0 0.0 0.0 0.0 0.0 0.0 0.0 21484960455 0.0
rawdata/DECam_01309994.fits.fz N4 1309994 30.0 60499.95007048 1.0 199.21266054845265 -31.581491609696187 199.22147916666665 -31.506388055555554 r 0.063828364 0.0 0.0 0.0 17.595402 0.0 decam 0.0 0.0 0 object pointing 0 0.0 0.0 0.0 0.0 0.0 0.0 0.0 0.0 0.0 36609400772 0.0
rawdata/DECam_01309995.fits.fz N4 1309995 50.0 60499.95654041 1.1 193.69672009531848 -5.765103807195152 193.70427083333334 -5.6899999999999995 g 0.033527233 26.711237 1.1150515 1.0350231 19.828678 5.322843 decam -6.5014267 57.313377 89 object coord_check 0 0.0 924.0 1948.0 -0.35596782 0.9997981 0.0006387994 0.2778294 -0.00046559377 0.9998522 19137833125 9.3934765
rawdata/DECam_01309996.fits.fz N4 1309996 500.0 60499.95981293 1.11 193.69672009531848 -5.765103807195152 193.70427083333334 -5.6899999999999995 M464 0.033527233 24.981344 1.0467848 1.1157612 20.846754 2.7895174 decam 17.17054 -12.917483 102 object IBIS_wide_M464_334410 334410 0.031087 924.0 1948.0 -0.24921897 0.9998034 0.00044049977 0.25208902 -0.00017411214 0.9997201 18642656647 179.24248
rawdata/DECam_01309997.fits.fz N4 1309997 500.0 60499.96597109 1.12 194.70373949995425 -4.861103815033358 194.71127916666666 -4.786 M464 0.023541933 24.955328 1.0241688 1.1122806 21.34373 1.7344735 decam 18.674906 -3.636438 129 object IBIS_wide_M464_331428 331428 0.027249 924.0 1948.0 -0.18699576 1.0003537 7.9435374e-08 0.21146111 -0.00044339173 1.0001862 17815772055 288.2719
rawdata/DECam_01309998.fits.fz N4 1309998 500.0 60499.97213061 1.13 195.46874583518996 -4.257103820258437 195.47627916666667 -4.182 M464 0.02786791 24.96882 1.0391743 1.0272782 21.463085 1.3269501 decam 15.835005 -10.429206 108 object IBIS_wide_M464_331429 331429 0.029476 924.0 1948.0 -0.08605716 0.9998743 0.00013241483 0.015487783 -0.0002458428 1.0001254 17405676816 376.80392
rawdata/DECam_01309999.fits.fz N4 1309999 500.0 60499.97827972 1.13 196.10773933182065 -4.876103814903483 196.11527916666665 -4.801 M464 0.039735418 24.963415 1.0340139 1.0888511 21.489763 1.5756805 decam 15.112536 -4.0611205 131 object IBIS_wide_M464_331427 331427 0.03311 924.0 1948.0 -0.046116702 0.99989223 8.952807e-05 0.15682207 -8.422085e-05 0.99992853 17225230319 317.3232
rawdata/DECam_01310000.fits.fz N4 1310000 413.0 60499.98442949 1.13 197.17972951936127 -5.006103813777643 197.18727083333332 -4.931 M464 0.044228792 24.967869 1.0382642 1.1045926 21.500837 1.6348222 decam 15.67604 -11.984668 103 object IBIS_wide_M464_334162 334162 0.033418 924.0 1948.0 -6.87006e-05 0.99997056 0.00028115476 0.1628644 -0.00022733923 0.9999777 16948535003 252.62685
rawdata/DECam_01310001.fits.fz N4 1310001 483.0 60499.98959478 1.12 198.2877136817968 -6.511103800708237 198.295275 -6.436 M464 0.05621425 24.9807 1.0483822 1.0967717 21.536205 1.635754 decam 25.009111 0.57849634 146 object IBIS_wide_M464_331168 331168 0.044258 924.0 1948.0 -0.019540608 1.0001755 0.0005098691 0.13700184 -0.00035043777 0.9996638 17117209087 295.27667
rawdata/DECam_01310002.fits.fz N4 1310002 484.0 60499.99555575 1.14 197.53572558278356 -5.975103805370897 197.54327916666668 -5.9 M464 0.033421554 24.963589 1.0363718 1.033447 21.493977 1.3619179 decam 16.185148 -7.7161736 130 object IBIS_wide_M464_331174 331174 0.039124 924.0 1948.0 -0.061792232 1.0001029 -9.143944e-06 0.14195289 -0.00033802242 0.9999507 17173565768 355.3812
rawdata/DECam_01310003.fits.fz N4 1310003 453.0 60500.00153674 1.14 200.43872031869677 -6.054103804684271 200.44627499999999 -5.979 M464 0.031641882 24.972427 1.0448426 1.0238413 21.584303 1.1975183 decam 21.490309 3.2384841 110 object IBIS_wide_M464_331210 331210 0.037438 924.0 1948.0 0.0396624 1.0003145 0.0005849911 0.13339217 3.47078e-05 0.9997941 16886193721 378.28232
rawdata/DECam_01310004.fits.fz N4 1310004 429.0 60500.00714604 1.16 199.87672771615615 -5.160103812443374 199.88427083333332 -5.085 M464 0.050587606 24.969213 1.0461783 0.91338426 21.591896 1.0657029 decam 19.148067 -3.7770452 149 object IBIS_wide_M464_334198 334198 0.037024 924.0 1948.0 -0.09505931 0.9999576 0.00041918742 0.07623377 -0.00011379973 0.99988055 16826887666 402.5512
rawdata/DECam_01310005.fits.fz N4 1310005 367.0 60500.01247775 1.14 202.1807062377131 -6.725103798843917 202.18827083333335 -6.65 M464 0.03393197 24.97034 1.0428362 0.9013254 21.61688 0.9170822 decam 22.927452 3.0303378 159 object IBIS_wide_M464_334172 334172 0.032631 924.0 1948.0 -0.20304708 1.0002518 0.000353842 0.06907508 -0.00070596876 1.0001575 16570937620 400.18222
rawdata/DECam_01310006.fits.fz N4 1310006 281.0 60500.01708054 1.15 203.2107183521353 -6.193103803475665 203.218275 -6.118 M464 0.03258865 24.969738 1.0444677 0.9166033 21.63403 0.927112 decam 24.482407 -2.367917 110 object IBIS_wide_M464_331190 331190 0.03035 924.0 1948.0 0.043534838 0.9997588 0.00044523767 0.031536106 -0.0006114199 0.99985325 16316084347 303.09177
rawdata/DECam_01310007.fits.fz N4 1310007 271.0 60500.02072024 1.15 207.40673186705797 -4.798103815578777 207.41427083333335 -4.723 M464 0.031560797 24.960684 1.035794 1.0159724 21.73533 1.0480264 decam 15.650635 15.127418 120 object IBIS_wide_M464_331198 331198 0.028493 924.0 1948.0 0.14294906 1.0000333 0.00074188574 0.20197843 -0.00054312067 0.9999439 16182731155 258.58127
rawdata/DECam_01310008.fits.fz N4 1310008 276.0 60500.02423496 1.16 204.81672392410815 -6.094103804336536 204.82427916666668 -6.019 M464 0.02881494 24.968683 1.0456668 1.033785 21.6951 1.0916024 decam 25.594856 -4.5561037 138 object IBIS_wide_M464_331195 331195 0.028142 924.0 1948.0 -0.042640395 0.999844 0.0005084094 0.03846507 -0.00042259682 1.0000597 16261519168 252.8393
rawdata/DECam_01310009.fits.fz N4 1310009 311.0 60500.02778974 1.16 206.29371822321778 -5.904103805987823 206.30127083333332 -5.829 M464 0.027821707 24.97336 1.0501809 0.93700033 21.713491 0.86946696 decam 26.216068 5.156478 165 object IBIS_wide_M464_334180 334180 0.026962 924.0 1948.0 -0.048070487 0.99999624 0.00062315277 0.12825195 -0.0003741403 0.999866 16301964150 357.69043
rawdata/DECam_01310010.fits.fz N4 1310010 338.0 60500.0317478 1.17 208.2487456193111 -4.27910382006827 208.25627916666667 -4.204 M464 0.028054979 24.964159 1.0435268 0.9784995 21.756357 0.9281257 decam 32.124832 -2.3984396 138 object IBIS_wide_M464_331293 331293 0.030763 924.0 1948.0 -0.19047874 1.0001621 0.0007215036 0.1563995 -0.00064689334 1.0002648 16340365006 364.1748
rawdata/DECam_01310011.fits.fz N4 1310011 264.0 60500.0360257 1.17 206.98471473034652 -6.441103801317714 206.992275 -6.366 M464 0.027438913 24.95775 1.0373862 1.0209342 21.729769 1.0436777 decam 24.10449 -8.426803 131 object IBIS_wide_M464_334094 334094 0.02732 924.0 1948.0 -0.16832523 1.0001155 0.00027581202 0.15743981 -0.0004154366 0.9996795 16154485203 252.95166
rawdata/DECam_01310012.fits.fz N4 1310012 281.0 60500.03942451 1.17 209.66072691460454 -5.562103808957315 209.668275 -5.487 M464 0.025535695 24.9554 1.0351418 1.1265293 21.762156 1.2243396 decam 25.562883 -3.5800493 150 object IBIS_wide_M464_331267 331267 0.029156 924.0 1948.0 -0.29568908 0.9999557 0.00090156513 0.04607434 -0.0004582161 1.0001665 16175064732 229.51149
rawdata/DECam_01310013.fits.fz N4 1310013 322.0 60500.04304091 1.18 209.90473688771414 -5.089103813058604 209.91227916666668 -5.014 M464 0.02799668 24.950617 1.0327777 1.1345861 21.76469 1.2682912 decam 23.597065 -7.561529 137 object IBIS_wide_M464_334253 334253 0.028856 924.0 1948.0 -0.1138391 1.0001773 0.00057249295 0.16302785 -0.00072934496 0.99973196 16327325243 253.8849
rawdata/DECam_01310014.fits.fz N4 1310014 384.0 60500.0471301 1.18 209.88571587038547 -6.3641038019879455 209.893275 -6.289 M464 0.0373841 24.964128 1.0457098 1.1817752 21.761515 1.4228071 decam 24.287638 -4.3935447 136 object IBIS_wide_M464_334090 334090 0.029808 924.0 1948.0 -0.13801333 1.0001482 0.0007132649 0.10507641 -0.00063101464 1.0001103 16486616946 269.889
rawdata/DECam_01310015.fits.fz N4 1310015 381.0 60500.05192557 1.19 211.5187245273058 -6.051103804710349 211.52627916666665 -5.976 M464 0.022022488 24.959724 1.0436851 1.1625602 21.779295 1.2469443 decam 19.867826 -0.8144809 164 object IBIS_wide_M464_331260 331260 0.026742 924.0 1948.0 -0.12867957 0.9999706 0.0007209966 0.071959436 -0.0007637404 1.0001786 16569300075 305.54694
rawdata/DECam_01310016.fits.fz N4 1310016 421.0 60500.05668962 1.2 212.28973417865174 -5.31510381109979 212.29727916666667 -5.24 M464 0.030472873 24.95219 1.0386672 1.241909 21.792486 1.4982111 decam 24.064465 2.4890718 149 object IBIS_wide_M464_331263 331263 0.030319 924.0 1948.0 -0.1334035 1.0000719 0.000759318 0.1302794 -0.00050894945 1.0000303 16550312057 281.00177
rawdata/DECam_01310017.fits.fz N4 1310017 410.0 60500.06193424 1.2 212.80171575259135 -6.3721038019183185 212.80927499999999 -6.297 M464 0.034753278 24.95101 1.0375369 1.1925042 21.781857 1.4340897 decam 18.323627 -12.333827 164 object IBIS_wide_M464_334237 334237 0.031792 924.0 1948.0 -0.008495048 0.9999424 0.00072264014 0.19709037 -0.0007525917 0.99997467 16550910265 285.89566
rawdata/DECam_01310018.fits.fz N4 1310018 481.0 60500.06705437 1.24 213.03873455553153 -4.9301038144358795 213.046275 -4.855 M464 0.039347813 24.934925 1.0309792 1.340701 21.784737 1.9128871 decam 23.016872 1.1663326 167 object IBIS_wide_M464_331264 331264 0.034476 924.0 1948.0 -0.44616833 0.9999182 0.0009712571 0.12173863 -0.0005558857 0.9998537 16729164751 251.45238
rawdata/DECam_01310019.fits.fz N4 1310019 500.0 60500.07300535 1.23 216.3107371677523 -4.2911038199645395 216.31827083333334 -4.216 M464 0.06525741 24.938852 1.0325265 1.330822 21.798916 2.1531732 decam 23.648834 -13.261347 168 object IBIS_wide_M464_336968 336968 0.062738 924.0 1948.0 -0.13889758 1.0004421 0.0010243268 0.24626765 -0.0007625538 1.0002407 16796095695 232.21541
rawdata/DECam_01310020.fits.fz N4 1310020 500.0 60500.07915002 1.23 217.76073166844492 -5.178103812287381 217.768275 -5.103 M464 0.05917167 24.930462 1.0245765 1.2938983 21.802692 1.9871484 decam 17.51882 -12.914499 184 object IBIS_wide_M464_339945 339945 0.062564 924.0 1948.0 -0.14827113 1.0000892 0.0010446236 0.1999546 -0.00084695144 1.0000129 16746628295 251.61684
rawdata/DECam_01310021.fits.fz N4 1310021 500.0 60500.08532072 1.27 215.99472643377158 -5.913103805909631 216.00227916666665 -5.838 M464 0.04497378 24.926306 1.029349 1.2871541 21.765549 1.8852687 decam 34.600224 -4.627604 190 object IBIS_wide_M464_339935 339935 0.046132 924.0 1948.0 0.043705765 0.99969286 0.0010463311 0.16018237 -0.0007329349 0.9999284 16795404764 265.21417
rawdata/DECam_01310022.fits.fz N4 1310022 500.0 60500.09147059 1.26 219.6097394551699 -4.865103814998726 219.61727916666666 -4.79 M464 0.07681918 24.921803 1.0229182 1.1880096 21.760603 1.96485 decam 22.037657 -5.405006 210 object IBIS_wide_M464_336957 336957 0.077342 924.0 1948.0 -0.1425198 0.99999404 0.0008887981 0.13737813 -0.0010343698 0.99997306 16906937812 254.47235
rawdata/DECam_01310023.fits.fz N4 1310023 500.0 60500.09762327 1.27 222.9997558921791 -3.0601038305903634 223.00727916666665 -2.985 M464 0.10160892 24.912817 1.0166385 1.0329728 21.760195 1.7506813 decam 26.376776 -16.529627 183 object IBIS_wide_M464_337530 337530 0.095946 924.0 1948.0 -0.0071343975 1.0001172 0.0010584672 0.032149088 -0.0009401159 1.0000672 16799576781 285.6031
rawdata/DECam_01310024.fits.fz N4 1310024 500.0 60500.10376656 1.29 221.6377327543153 -5.4301038101025005 221.64527916666665 -5.355 M464 0.059823077 24.930119 1.037355 0.94870317 21.724585 1.1546279 decam 26.805902 -10.778808 226 object IBIS_wide_M464_336940 336940 0.065667 924.0 1948.0 0.038682442 1.0002334 0.0008186502 0.15357007 -0.001152279 1.0001034 16883881953 433.03995
rawdata/DECam_01310025.fits.fz N4 1310025 459.0 60500.10991984 1.3 222.6487270051145 -5.87110380627451 222.65627916666665 -5.796 M464 0.07140772 24.931849 1.0412128 0.9121548 21.701653 1.1641071 decam 27.901283 -27.211178 220 object IBIS_wide_M464_339924 339924 0.069839 924.0 1948.0 0.010199003 1.0000949 0.0010283701 0.12930909 -0.0008659032 1.0000565 16771823506 394.2936
rawdata/DECam_01310026.fits.fz N4 1310026 436.0 60500.11558817 1.32 224.0797420017336 -4.63210381701543 224.0872791666667 -4.557 M464 0.09411035 24.92493 1.0389926 0.9830256 21.611809 1.7007797 decam 30.854517 -23.739155 203 object IBIS_wide_M464_340425 340425 0.092976 924.0 1948.0 -0.19230863 0.99983406 0.0013183651 0.086646736 -0.0010483466 1.0000659 17407688508 256.35303
rawdata/DECam_01310027.fits.fz N4 1310027 468.0 60500.12099763 1.35 226.18275784368035 -2.768103833106921 226.19027916666667 -2.693 M464 0.10632953 24.903423 1.0251064 1.2097732 21.672667 2.7216055 decam 31.85401 -27.108906 186 object IBIS_wide_M464_340440 340440 0.10633 924.0 1948.0 0.014138503 1.0002295 0.0012033802 0.12532394 -0.00097378786 1.0001501 16839139671 171.95732
rawdata/DECam_01310028.fits.fz N4 1310028 431.0 60500.12689178 1.37 230.76876103057694 1.1148961334948613 230.776275 1.19 M464 0.05378144 24.914118 1.0396498 1.1779696 21.723211 1.7694565 decam 31.995955 -25.581577 194 object IBIS_wide_M464_337507 337507 0.054341 924.0 1948.0 -0.13908203 1.000137 0.00136822 0.3081316 -0.0011603351 0.9997266 16692130599 243.57762
rawdata/DECam_01310029.fits.fz N4 1310029 500.0 60500.13223905 1.36 233.94876016829727 1.4128961309319845 233.956275 1.488 M464 0.052382287 24.909668 1.0332074 1.0578376 21.721626 1.4295328 decam 39.02804 -24.247828 208 object IBIS_wide_M464_340497 340497 0.058404 924.0 1948.0 -0.327784 1.0002978 0.0014709856 0.35224602 -0.0011252238 1.0000085 17217388698 349.76462
rawdata/DECam_01310030.fits.fz N4 1310030 500.0 60500.13839255 1.39 235.01176042012213 2.32689612306665 235.01927916666668 2.402 M464 0.05497671 24.900513 1.0310633 1.158778 21.76074 1.7082204 decam 39.759766 -16.668587 262 object IBIS_wide_M464_337515 337515 0.063911 924.0 1948.0 -0.31831384 1.000093 0.0015006934 0.23773205 -0.0013985519 1.000169 16870891335 292.70227
rawdata/DECam_01310031.fits.fz N4 1310031 500.0 60500.14622589 1.37 238.16576846590715 1.42389613083737 238.17328333333333 1.499 M464 0.10670359 24.893795 1.0203705 1.1892332 21.767237 2.4593062 decam -4.812028 2.9121706 302 object IBIS_wide_M464_340642 340642 0.10004 924.0 1948.0 -0.042336207 0.9999656 0.001454623 0.20353116 -0.0015683065 1.0001768 16852335715 203.30937
rawdata/DECam_01310032.fits.fz N4 1310032 500.0 60500.15238846 1.4 239.5467546344002 2.6128961206035983 239.55427500000002 2.688 M464 0.121030666 24.8943 1.0273544 1.3050889 21.784159 3.170242 decam 2.1264784 -13.646049 295 object IBIS_wide_M464_340646 340646 0.12184 924.0 1948.0 -0.30802107 1.0000913 0.0015129898 0.1829994 -0.0011098247 1.0000204 16846076127 157.71666
rawdata/DECam_01310033.fits.fz N4 1310033 500.0 60500.15853409 1.4 240.58776100751447 1.1238961334174673 240.595275 1.199 M464 0.12853624 24.876402 1.0105572 1.1080155 21.79165 2.4534202 decam -0.24185914 -12.303187 327 object IBIS_wide_M464_337331 337331 0.11623 924.0 1948.0 -0.24353239 1.0000138 0.0015708294 0.16843826 -0.0014629583 1.0001156 16846756305 203.79713
rawdata/DECam_01310034.fits.fz N4 1310034 500.0 60500.16480209 1.39 245.95074656971678 3.19789611556191 245.95827083333333 3.273 M464 0.05777604 24.916073 1.0459459 1.015737 21.852335 1.1925117 decam -3.668 -8.660688 431 object IBIS_wide_M464_340326 340326 0.060002 924.0 1948.0 -0.39762634 1.000187 0.0016826795 0.17736444 -0.0015040577 1.0000554 16751309670 419.2831
rawdata/DECam_01310035.fits.fz N4 1310035 500.0 60500.17093716 1.4 245.54176284093177 1.816896127456404 245.54927916666668 1.892 M464 0.064334355 24.901144 1.0338495 1.1378604 21.8491 1.6031127 decam -5.1988335 -15.39421 434 object IBIS_wide_M464_337337 337337 0.069637 924.0 1948.0 -0.2795374 1.000218 0.0017151705 0.17408028 -0.0014844778 0.9999692 16725918526 311.89322
