logs/db-2025-10-19.ecsv
# %ECSV 1.0
# ---
# datatype:
# - {name: filename, datatype: string}
# - {name: extension, datatype: string}
# - {name: expnum, datatype: int64}
# - {name: exptime, datatype: float32}
# - {name: mjd_obs, datatype: float64}
# - {name: airmass, datatype: float32}
# - {name: racenter, datatype: float64}
# - {name: deccenter, datatype: float64}
# - {name: rabore, datatype: float64}
# - {name: decbore, datatype: float64}
# - {name: band, datatype: string}
# - {name: ebv, datatype: float32}
# - {name: zeropoint, datatype: float32}
# - {name: transparency, datatype: float32}
# - {name: seeing, datatype: float32}
# - {name: sky, datatype: float32}
# - {name: expfactor, datatype: float32}
# - {name: camera, datatype: string}
# - {name: dx, datatype: float32}
# - {name: dy, datatype: float32}
# - {name: nmatched, datatype: int64}
# - {name: obstype, datatype: string}
# - {name: object, datatype: string}
# - {name: tileid, datatype: int64}
# - {name: tileebv, datatype: float32}
# - {name: affine_x0, datatype: float32}
# - {name: affine_y0, datatype: float32}
# - {name: affine_dx, datatype: float32}
# - {name: affine_dxx, datatype: float32}
# - {name: affine_dxy, datatype: float32}
# - {name: affine_dy, datatype: float32}
# - {name: affine_dyx, datatype: float32}
# - {name: affine_dyy, datatype: float32}
# - {name: checksum, datatype: string}
# - {name: efftime, datatype: float32}
# schema: astropy-2.0
filename extension expnum exptime mjd_obs airmass racenter deccenter rabore decbore band ebv zeropoint transparency seeing sky expfactor camera dx dy nmatched obstype object tileid tileebv affine_x0 affine_y0 affine_dx affine_dxx affine_dxy affine_dy affine_dyx affine_dyy checksum efftime
[from data line 85]
rawdata/DECam_01427301.fits.fz N4 1427301 271.5082 60968.29860187 1.11 43.729550373957196 -13.327103740247958 43.73727083333333 -13.252 M517 0.034917437 25.066513 1.0525948 0.99340695 21.67093 1.0327201 decam -5.828535 -30.345129 96 object IBIS_wide_M517_506863 506863 0.034512 924.0 1948.0 -0.1389001 1.00007 -0.0022339306 -0.48238763 0.0019631383 1.000212 16276001735 262.9059
rawdata/DECam_01427302.fits.fz N4 1427302 233.4085 60968.30206543 1.11 45.143513494505456 -14.551103729077726 45.151275 -14.475999999999999 M517 0.055500515 25.069654 1.0556449 0.94576514 21.68699 1.0430591 decam 1.5256294 -22.12 88 object IBIS_wide_M517_506855 506855 0.046087 924.0 1948.0 0.051976554 1.0000672 -0.0021713413 0.13132426 0.0021943706 1.0000652 16152262703 223.77303
rawdata/DECam_01427303.fits.fz N4 1427303 295.978 60968.30508842 1.11 45.75253401030026 -13.954103734540757 45.760275 -13.879 M517 0.04299551 25.036875 1.0242494 0.9809508 21.673794 1.115656 decam -4.014716 -13.248128 93 object IBIS_wide_M517_506856 506856 0.055744 924.0 1948.0 0.047641806 1.0000427 -0.0021381949 -0.26217285 0.002316155 1.0000656 16414828413 265.29504
rawdata/DECam_01427304.fits.fz N4 1427304 290.6082 60968.30885885 1.1 48.89749574878932 -14.81610372664335 48.90526666666666 -14.741 M517 0.05156887 25.042955 1.0283521 0.98271215 21.654562 1.1889709 decam -8.259184 -4.793928 92 object IBIS_wide_M517_509827 509827 0.046552 924.0 1948.0 -0.11643709 1.000141 -0.0021957678 -0.122220844 0.001705225 1.000027 16872638751 244.41992
rawdata/DECam_01427305.fits.fz N4 1427305 315.478 60968.31256724 1.11 49.44154061451735 -13.629103737502817 49.44927083333333 -13.554 M517 0.04999291 25.053574 1.0401247 1.0208354 21.675987 1.2212563 decam -0.6848987 -11.65738 105 object IBIS_wide_M517_506847 506847 0.052737 924.0 1948.0 -0.329944 1.0001973 -0.0023931104 -0.5211906 0.002299119 1.0001118 16727972267 258.3225
rawdata/DECam_01427306.fits.fz N4 1427306 333.3778 60968.31653087 1.1 50.45849472140986 -14.960103725318026 50.46627083333333 -14.885 M517 0.040610768 25.048618 1.0337299 1.1041257 21.708796 1.3187733 decam 0.5758886 -7.973066 137 object IBIS_wide_M517_509822 509822 0.046367 924.0 1948.0 -0.7382858 1.0003254 -0.002488702 -0.2487329 0.0023754898 1.0000017 16460868894 252.79388
rawdata/DECam_01427307.fits.fz N4 1427307 438.3471 60968.3207136 1.11 50.85751394590624 -14.419103730288134 50.865270833333334 -14.344 M517 0.05645512 24.917463 0.9175738 1.0757481 21.644604 1.867177 decam -1.4973812 -10.560673 126 object IBIS_wide_M517_506839 506839 0.053653 924.0 1948.0 0.88659334 1.0000892 -0.0024009529 -0.29412627 0.0024328139 1.0000583 16855792988 234.76462
rawdata/DECam_01427308.fits.fz N4 1427308 669.6957 60968.32612975 1.11 53.54051384599396 -14.541103729169475 53.548275000000004 -14.466 M517 0.07104866 24.759687 0.79347146 1.0634675 21.610046 2.759726 decam -3.3097932 -11.209261 105 object IBIS_wide_M517_507059 507059 0.0644 924.0 1948.0 0.5002868 1.00008 -0.0024841418 -0.16261561 0.0026606694 1.0000256 17746953597 242.66745
rawdata/DECam_01427309.fits.fz N4 1427309 800.0 60968.3342193 1.13 54.41552947419541 -13.965103734440358 54.42327083333333 -13.89 M517 0.04554478 24.46477 0.6066749 1.0525656 21.44401 4.624854 decam 5.939958 -11.230026 108 object IBIS_wide_M517_507060 507060 0.052944 924.0 1948.0 0.19423729 0.99982285 -0.0020152063 -0.49799225 0.00239709 0.9995388 19307682618 172.97842
rawdata/DECam_01427310.fits.fz N4 1427310 800.0 60968.34382162 1.13 56.74452316614838 -14.27310373162525 56.752275 -14.198 M517 0.064737834 23.878887 0.35367364 0.99874604 21.455597 13.66967 decam -0.5282285 -14.124198 88 object IBIS_wide_M517_510041 510041 0.065498 924.0 1948.0 0.41123438 1.0002204 -0.0025204076 -0.23943542 0.0026375295 1.0000358 18603731826 58.523724
rawdata/DECam_01427311.fits.fz N4 1427311 800.0 60968.35339698 1.16 56.03350058951737 -14.913103725750796 56.041275 -14.838 M517 0.041493464 23.776405 0.3233688 0.9734184 21.420639 14.009256 decam -5.779843 -13.895905 104 object IBIS_wide_M517_510038 510038 0.056353 924.0 1948.0 0.3410794 0.9999664 -0.002632816 -0.4857446 0.002612045 1.000027 18668502887 57.105103
rawdata/DECam_01427312.fits.fz N4 1427312 30.0 60968.36509243 1.3 137.1900701766948 -37.25245348236783 137.19950833333334 -37.17735 M517 0.3036501 24.317999 0.5446022 1.0793746 21.04959 45.948326 decam 4.2657723 -48.553787 1014 object pointing 0 0.0 924.0 1948.0 -0.18902798 0.9999263 -0.0022943118 -0.13577935 0.002125432 1.000136 15566380837 0.6529074
rawdata/DECam_01427313.fits.fz N4 1427313 150.0 60968.36721595 1.29 137.1900701766948 -37.25245348236783 137.19950833333334 -37.17735 M517 0.3036501 24.45305 0.61574954 1.0391457 20.932123 37.008095 decam 10.931022 9.465101 1608 object "Pyxis position 13" 0 0.0 924.0 1948.0 0.044456 1.0002604 -0.0022562144 -0.41424745 0.0020351957 1.0001646 16460317185 4.0531673
rawdata/DECam_01427314.fits.fz N4 1427314 150.0 60968.36929212 1.28 136.82708205865956 -37.05687848501443 136.83649583333334 -36.981775 M517 0.31991524 24.297873 0.53288966 1.0421247 20.703875 67.66172 decam 10.764782 18.874855 1550 object "Pyxis position 14" 0 0.0 924.0 1948.0 0.38215265 1.0001476 -0.0023623868 -0.35929948 0.0021459265 1.0000905 16613281255 2.2169108
rawdata/DECam_01427315.fits.fz N4 1427315 150.0 60968.37136067 1.27 136.93256296954672 -37.4091584802373 136.94202083333334 -37.334055 M517 0.3547214 23.891443 0.36590582 1.0530293 20.304174 262.30725 decam 18.008152 22.923605 1147 object "Pyxis position 15" 0 0.0 924.0 1948.0 0.30380327 1.0001354 -0.0021038647 -0.35259387 0.0022117242 1.0001465 17300912372 0.57184845
rawdata/DECam_01427316.fits.fz N4 1427316 150.0 60968.3734111 1.26 137.1600040081281 -37.08145154023821 137.16942083333333 -37.006348055555556 M517 0.29236436 23.472178 0.24829449 1.0222385 19.905527 523.36237 decam 17.454588 26.22741 989 object "Pyxis position 16" 0 0.0 924.0 1948.0 0.27298638 1.000142 -0.0022700578 -0.29907832 0.0024092249 1.0000945 17897360068 0.2866083
rawdata/DECam_01427317.fits.fz N4 1427317 15.0 60968.37697318 1.0 89.0930033306711 -27.849770541142576 89.1015 -27.774666944444444 M517 0.038579706 24.112185 0.42941165 0.8790684 19.977222 22.853876 decam 5.737661 43.084915 132 object "LTT2415 N4" 0 0.0 924.0 1948.0 0.9611211 0.9998436 -0.0028676232 -0.4800424 0.0028214587 0.99996966 15611216025 0.6563438
rawdata/DECam_01427318.fits.fz N4 1427318 15.0 60968.37744295 1.0 88.74173249733775 -27.849770541142576 88.75022916666667 -27.774666944444444 M517 0.03469151 23.73422 0.30317122 0.8792319 19.754198 54.973625 decam 12.754494 29.79498 122 object "LTT2415 N5" 0 0.0 924.0 1948.0 0.68847686 1.0003504 -0.0030455503 -0.6955062 0.0029793184 1.0000969 15660130446 0.2728581
rawdata/DECam_01427319.fits.fz N4 1427319 15.0 60968.37791953 1.0 89.4442443826225 -28.016436650418257 89.45275416666667 -27.941333055555557 M517 0.029162224 23.625101 0.27418315 0.9053451 19.63248 76.997635 decam 6.548391 25.718128 137 object "LTT2415 S3" 0 0.0 924.0 1948.0 0.9023721 1.000639 -0.0027024837 -0.2634555 0.0031446554 1.0000464 15698982205 0.19481118
rawdata/DECam_01427320.fits.fz N4 1427320 15.0 60968.37838321 1.0 89.09299021595584 -28.016436650418257 89.1015 -27.941333055555557 M517 0.035507463 23.279585 0.19944982 0.90139794 19.406673 184.77553 decam 10.181341 29.80265 79 object "LTT2415 S4" 0 0.0 924.0 1948.0 0.37734857 1.0002754 -0.0032453213 -0.23079804 0.0034351286 1.000238 15764545731 0.08117958
rawdata/DECam_01427321.fits.fz N4 1427321 15.0 60968.37884818 1.0 88.7417193826225 -28.016436650418257 88.75022916666667 -27.941333055555557 M517 0.034228936 23.40967 0.22483715 0.9016324 19.355463 151.29219 decam 12.419368 32.874474 94 object "LTT2415 S5" 0 0.0 924.0 1948.0 -0.11823559 1.0004617 -0.002803002 -0.4958061 0.0030694248 1.0000386 15783638533 0.0991459
rawdata/DECam_01427322.fits.fz N4 1427322 5.0 60968.38012024 1.19 101.29829884968848 2.1454791801840543 101.30581666666667 2.2205830555555557 M517 0.8802997 24.905546 0.919268 0.917571 19.139303 2398.6985 decam 16.044008 35.204815 546 object "Hilt600 N4" 0 0.0 924.0 1948.0 -0.021048715 0.9999747 -0.002693128 -0.029708276 0.002570497 1.0 15557633078 0.0020844638
rawdata/DECam_01427323.fits.fz N4 1427323 5.0 60968.38049278 1.19 100.98752801635516 2.1454791801840543 100.99504583333334 2.2205830555555557 M517 0.9783205 24.59524 0.6907482 0.9375286 18.918707 10023.165 decam 3.777277 23.497911 454 object "Hilt600 N5" 0 0.0 924.0 1948.0 0.5803476 0.99997365 -0.0023823357 -0.21133684 0.0023285344 1.0000952 15581850018 0.0004988444
rawdata/DECam_01427324.fits.fz N4 1427324 5.0 60968.38084875 1.19 101.60906630372423 1.978813070507472 101.61658333333332 2.0539169444444445 M517 1.0643058 24.572586 0.6764856 0.88190496 18.828415 17200.48 decam 8.918725 17.336678 417 object "Hilt600 S3" 0 0.0 924.0 1948.0 0.19996676 1.0002254 -0.002603365 -0.38450232 0.0024927377 1.0001541 15599207956 0.00029068955
rawdata/DECam_01427325.fits.fz N4 1427325 5.0 60968.38122846 1.19 101.29829963705757 1.9788130705074725 101.30581666666667 2.0539169444444445 M517 0.98470473 24.627089 0.7113103 0.92078084 18.73226 11267.114 decam -4.456689 13.1301365 416 object "Hilt600 S4" 0 0.0 924.0 1948.0 0.5687243 1.0005217 -0.0026264014 -0.29958704 0.0024335065 1.0000801 15628016010 0.00044376936
rawdata/DECam_01427326.fits.fz N4 1427326 5.0 60968.38157753 1.19 100.98752880372425 1.978813070507473 100.99504583333334 2.0539169444444445 M517 0.9138202 24.645634 0.72356534 0.8717304 18.62973 6891.162 decam -6.080492 17.621828 350 object "Hilt600 S5" 0 0.0 924.0 1948.0 -0.045507275 1.0002059 -0.0024610194 -0.053588517 0.0023790845 1.0002221 15650496814 0.00072556705
