logs/db-2026-05-12.ecsv
# %ECSV 1.0
# ---
# datatype:
# - {name: filename, datatype: string}
# - {name: extension, datatype: string}
# - {name: expnum, datatype: int64}
# - {name: exptime, datatype: float32}
# - {name: mjd_obs, datatype: float64}
# - {name: airmass, datatype: float32}
# - {name: racenter, datatype: float64}
# - {name: deccenter, datatype: float64}
# - {name: rabore, datatype: float64}
# - {name: decbore, datatype: float64}
# - {name: band, datatype: string}
# - {name: ebv, datatype: float32}
# - {name: zeropoint, datatype: float32}
# - {name: transparency, datatype: float32}
# - {name: seeing, datatype: float32}
# - {name: sky, datatype: float32}
# - {name: expfactor, datatype: float32}
# - {name: camera, datatype: string}
# - {name: dx, datatype: float32}
# - {name: dy, datatype: float32}
# - {name: nmatched, datatype: int64}
# - {name: obstype, datatype: string}
# - {name: object, datatype: string}
# - {name: tileid, datatype: int64}
# - {name: tileebv, datatype: float32}
# - {name: affine_x0, datatype: float32}
# - {name: affine_y0, datatype: float32}
# - {name: affine_dx, datatype: float32}
# - {name: affine_dxx, datatype: float32}
# - {name: affine_dxy, datatype: float32}
# - {name: affine_dy, datatype: float32}
# - {name: affine_dyx, datatype: float32}
# - {name: affine_dyy, datatype: float32}
# - {name: checksum, datatype: string}
# - {name: efftime, datatype: float32}
# schema: astropy-2.0
filename extension expnum exptime mjd_obs airmass racenter deccenter rabore decbore band ebv zeropoint transparency seeing sky expfactor camera dx dy nmatched obstype object tileid tileebv affine_x0 affine_y0 affine_dx affine_dxx affine_dxy affine_dy affine_dyx affine_dyy checksum efftime
[from data line 42]
/home/declsp/obsbot/rawdata/DECam_01479459.fits.fz N4 1479459 325.1478 61173.07102253 1.13 190.5897554038438 -2.481103835579178 190.59727500000002 -2.406 M490 0.031385105 24.976736 1.020794 1.0032306 21.855806 0.7685213 decam 18.407368 -21.27085 156 object IBIS_wide_M490_431463 431463 0.030372 924.0 1948.0 0.046367127 1.0000402 0.0003497393 0.021557884 -0.00020960014 0.9999616 16306259354 423.08234
/home/declsp/obsbot/rawdata/DECam_01479460.fits.fz N4 1479460 324.5479 61173.07508979 1.13 189.15875617209738 -2.3421038367761486 189.16627499999998 -2.267 M490 0.03239589 24.981968 1.0257256 0.9660037 21.872025 0.695382 decam 20.769278 -9.121776 127 object IBIS_wide_M490_431464 431464 0.032885 924.0 1948.0 -0.15669411 1.0001769 0.00017017726 0.13633174 -0.00014823458 0.99996144 17223673767 466.71887
/home/declsp/obsbot/rawdata/DECam_01479461.fits.fz N4 1479461 354.0876 61173.07917309 1.13 191.95376463358326 -2.3181038369827958 191.9612833333333 -2.243 M490 0.025905685 24.97588 1.0199895 1.027487 21.903162 0.772857 decam 10.935615 -16.374502 139 object IBIS_wide_M490_431460 431460 0.025748 924.0 1948.0 -0.030187381 1.0000998 0.00028476014 -0.006181859 -0.00044868636 0.99991095 16242327526 458.15408
/home/declsp/obsbot/rawdata/DECam_01479462.fits.fz N4 1479462 300.688 61173.08362502 1.1 195.18872446129868 -5.750103807325405 195.196275 -5.675 M490 0.03240866 24.980944 1.0191958 1.0788801 21.897467 0.8484435 decam 21.9492 -15.429235 165 object IBIS_wide_M490_434409 434409 0.03345 924.0 1948.0 -0.16764368 1.0000439 0.0005984845 0.027464803 -0.00036645358 1.000023 16169076353 354.39954
/home/declsp/obsbot/rawdata/DECam_01479463.fits.fz N4 1479463 332.3678 61173.08753908 1.13 190.9177612179991 -2.1721038382397495 190.92527916666666 -2.097 M490 0.0315973 24.975304 1.0194497 1.058311 21.867851 0.8478083 decam 19.22937 12.335271 152 object IBIS_wide_M490_434449 434449 0.030204 924.0 1948.0 -0.17572595 1.0000966 0.00042262953 0.30138198 -0.00018809186 0.99978226 16230883929 392.03177
/home/declsp/obsbot/rawdata/DECam_01479464.fits.fz N4 1479464 294.148 61173.09177713 1.14 195.4017583937219 -1.883103840727128 195.40927499999998 -1.8079999999999998 M490 0.020773979 24.97213 1.018319 1.0249084 21.928614 0.7563817 decam 25.208378 7.736238 150 object IBIS_wide_M490_431481 431481 0.02224 924.0 1948.0 0.035536323 1.0000991 0.00040834793 -0.04074456 -0.00050160533 1.0001081 16082458609 388.88834
/home/declsp/obsbot/rawdata/DECam_01479465.fits.fz N4 1479465 258.4782 61173.09550645 1.13 194.0807668850758 -1.8461038410455188 194.08828333333332 -1.771 M490 0.020454414 24.977276 1.0213019 1.0054071 21.92655 0.7224442 decam 11.974185 9.14112 148 object IBIS_wide_M490_431502 431502 0.020583 924.0 1948.0 0.0024416952 1.0001731 0.00031810798 0.08073216 -0.00068925146 0.9999589 15984931687 357.78296
/home/declsp/obsbot/rawdata/DECam_01479466.fits.fz N4 1479466 257.9783 61173.09884592 1.14 197.5237642920373 -1.426103844658824 197.53127916666668 -1.351 M490 0.023365397 24.970297 1.0166006 0.9806024 21.937809 0.6890346 decam 16.399406 3.3795366 162 object IBIS_wide_M490_431483 431483 0.025062 924.0 1948.0 -0.061530966 1.000231 0.00054643716 0.08684963 -0.0006938494 1.000026 16080141501 374.40546
/home/declsp/obsbot/rawdata/DECam_01479467.fits.fz N4 1479467 234.4084 61173.10216104 1.14 199.6837626376558 -1.865103840882023 199.69127916666667 -1.79 M490 0.026384473 24.981627 1.0272652 0.9638779 21.955648 0.6414146 decam 10.083551 1.7780564 159 object IBIS_wide_M490_431486 431486 0.027595 924.0 1948.0 0.09242447 1.000006 0.0006287626 -0.104984194 -0.0006158727 1.000102 15930277879 365.45535
/home/declsp/obsbot/rawdata/DECam_01479468.fits.fz N4 1479468 310.818 61173.10538601 1.14 192.67276261198268 -1.8711038408303915 192.68027916666668 -1.7959999999999998 M490 0.022649247 24.976276 1.0222149 1.0639606 21.931139 0.8069009 decam 9.512912 10.075812 172 object IBIS_wide_M490_431461 431461 0.024071 924.0 1948.0 -0.12046414 1.000053 0.00035609084 0.04481181 -0.00024297566 0.9999788 16300137158 385.1997
/home/declsp/obsbot/rawdata/DECam_01479469.fits.fz N4 1479469 309.1378 61173.10966779 1.14 202.83676383748454 -1.5591038435147717 202.84427916666667 -1.484 M490 0.038150474 24.98289 1.0284603 1.0786171 21.947598 0.8068706 decam 13.675119 -0.54077536 203 object IBIS_wide_M490_434223 434223 0.035769 924.0 1948.0 0.104478054 1.0001026 0.0007409501 0.1299604 -0.00090479065 0.9999336 16112699930 383.1318
/home/declsp/obsbot/rawdata/DECam_01479470.fits.fz N4 1479470 285.1481 61173.11385167 1.15 194.41276432133176 -1.4171038447362359 194.42027916666666 -1.342 M490 0.02182457 24.986862 1.0341057 1.0199299 21.939621 0.7216598 decam 12.539268 14.798048 173 object IBIS_wide_M490_434488 434488 0.020675 924.0 1948.0 -0.13206968 1.0001742 0.00037628153 0.037529714 -0.00028393054 0.9999886 16052375749 395.12817
/home/declsp/obsbot/rawdata/DECam_01479471.fits.fz N4 1479471 337.1578 61173.11769405 1.13 202.50376262482956 -1.8681038408562074 202.51127916666667 -1.793 M490 0.037297055 24.967108 1.0117816 1.0272386 21.913107 0.77791035 decam 17.598995 8.474992 164 object IBIS_wide_M490_431237 431237 0.036833 924.0 1948.0 0.040522378 1.0001373 0.0007821803 0.05406749 -0.0008355221 0.99991304 16822824193 433.41473
/home/declsp/obsbot/rawdata/DECam_01479472.fits.fz N4 1479472 288.5981 61173.12205268 1.21 205.63274537468644 4.303896106013511 205.64027916666666 4.379 M490 0.024684103 24.964014 1.0236555 1.0819844 22.004923 0.79739696 decam 17.630074 -4.633904 143 object IBIS_wide_M490_434667 434667 0.026158 924.0 1948.0 -0.14475389 1.0001619 0.0010477111 0.22525622 -0.00099154 0.9998838 16017973864 361.92526
/home/declsp/obsbot/rawdata/DECam_01479473.fits.fz N4 1479473 302.468 61173.1257011 1.21 207.00374427211065 4.413896105062452 207.01127916666667 4.489 M490 0.021523463 24.96811 1.0275229 1.0661937 22.005886 0.7678415 decam 16.434523 -10.525729 147 object IBIS_wide_M490_434668 434668 0.023012 924.0 1948.0 0.07403108 1.0001949 0.0010123661 0.06330827 -0.0009389362 1.0000405 16099401399 393.9198
/home/declsp/obsbot/rawdata/DECam_01479474.fits.fz N4 1479474 276.3081 61173.12969555 1.13 205.35076260340657 -1.8731038408131813 205.35827916666665 -1.798 M490 0.038461514 24.966715 1.0114163 1.0420352 21.957674 0.76879275 decam 15.781779 -6.0059576 169 object IBIS_wide_M490_431325 431325 0.039058 924.0 1948.0 -0.06281948 1.0005509 0.0009304781 0.0866316 -0.0012448361 1.0000302 16037231736 359.40518
/home/declsp/obsbot/rawdata/DECam_01479475.fits.fz N4 1479475 271.1081 61173.1332199 1.14 205.63376736409379 -1.7291038420522375 205.64128333333335 -1.654 M490 0.036648598 24.972898 1.0190395 1.0142109 21.956934 0.7206214 decam 8.910614 -3.4444356 177 object IBIS_wide_M490_434311 434311 0.036653 924.0 1948.0 0.17084965 1.0000843 0.0008443333 0.21146113 -0.0011425314 0.99990785 16136963376 376.21432
/home/declsp/obsbot/rawdata/DECam_01479476.fits.fz N4 1479476 293.938 61173.13672868 1.14 209.84075959533942 -1.580103843334119 209.848275 -1.505 M490 0.04752355 24.989115 1.0343746 0.9725358 21.981092 0.6290959 decam 5.06605 -18.780582 160 object IBIS_wide_M490_434286 434286 0.050481 924.0 1948.0 0.24533926 1.0002303 0.0010666632 0.28896344 -0.0011254154 1.0001043 16053962734 467.23874
/home/declsp/obsbot/rawdata/DECam_01479477.fits.fz N4 1479477 285.8281 61173.14062589 1.21 211.2797359996423 4.407896105114336 211.28727083333334 4.483 M490 0.024467235 24.970583 1.0298674 1.0150994 21.977547 0.7113317 decam 3.1160734 -15.960321 148 object IBIS_wide_M490_434364 434364 0.026149 924.0 1948.0 -0.05514935 1.0002946 0.0011608971 0.12619154 -0.0011249142 1.000001 16118559803 401.8211
/home/declsp/obsbot/rawdata/DECam_01479478.fits.fz N4 1479478 249.8183 61173.14425962 1.22 213.16373264762092 4.726896102354687 213.17127083333332 4.802 M490 0.022294989 24.956606 1.0185415 0.9745689 22.01932 0.6475034 decam -4.4050703 -18.677061 145 object IBIS_wide_M490_431380 431380 0.025763 924.0 1948.0 -0.39551562 1.000107 0.0011980804 0.117464356 -0.0009985002 0.99994147 15919291901 385.81775
/home/declsp/obsbot/rawdata/DECam_01479479.fits.fz N4 1479479 239.5684 61173.14747845 1.21 212.75273680318702 4.327896105806032 212.76027083333332 4.403 M490 0.025433008 24.976793 1.0357757 0.9645115 22.00179 0.6210376 decam 0.8522532 -4.374625 136 object IBIS_wide_M490_434365 434365 0.025877 924.0 1948.0 0.007938464 1.0000582 0.0011349486 0.0888397 -0.0010976567 1.0000095 15916787607 385.75507
/home/declsp/obsbot/rawdata/DECam_01479480.fits.fz N4 1479480 423.7972 61173.15078439 1.14 212.90375962781113 -1.571103843411542 212.911275 -1.496 M490 0.06506244 24.976881 1.0227853 1.0032212 21.956707 0.70011765 decam -3.479701 5.674748 167 object IBIS_wide_M490_434271 434271 0.057786 924.0 1948.0 0.16801731 1.0000535 0.0012144106 0.34496638 -0.0013182479 1.0000196 16429953957 605.3229
/home/declsp/obsbot/rawdata/DECam_01479481.fits.fz N4 1479481 400.3173 61173.15600633 1.14 214.13075960257143 -1.578103843351324 214.13827500000002 -1.5030000000000001 M490 0.05057245 24.975779 1.0217475 1.0392964 21.940487 0.7641043 decam -0.83905715 0.3661639 174 object IBIS_wide_M490_434272 434272 0.056162 924.0 1948.0 -0.1890369 1.0002328 0.0012816079 0.17078915 -0.0011789964 1.000069 16444710594 523.904
/home/declsp/obsbot/rawdata/DECam_01479482.fits.fz N4 1479482 400.5473 61173.1609448 1.13 214.8987570761873 -2.1671038382827916 214.906275 -2.092 M490 0.05766711 24.969421 1.013941 1.0609602 21.829021 0.89269453 decam -1.4686477 4.180714 176 object IBIS_wide_M490_434266 434266 0.057742 924.0 1948.0 -0.12667948 1.0000972 0.0012614528 -0.0064091156 -0.001185902 0.99995756 16815793589 448.6947
/home/declsp/obsbot/rawdata/DECam_01479483.fits.fz N4 1479483 537.2065 61173.16590572 1.13 215.63075393530667 -2.7271038334601707 215.638275 -2.652 M490 0.061916303 24.968489 1.0130699 1.1336216 21.906555 0.9502845 decam 7.331413 -3.1348429 203 object IBIS_wide_M490_431279 431279 0.058608 924.0 1948.0 -0.28325173 1.0000039 0.0012139515 0.3067302 -0.0014048414 0.9999367 16735632480 565.3112
/home/declsp/obsbot/rawdata/DECam_01479484.fits.fz N4 1479484 556.3865 61173.17244745 1.12 216.9887452022704 -3.3791038278395384 216.99627083333334 -3.304 M490 0.07952874 24.97337 1.0157899 1.1711447 21.876986 1.0327804 decam 0.8146317 2.5807912 181 object IBIS_wide_M490_439954 439954 0.073791 924.0 1948.0 -0.11595268 1.0003264 0.0011749134 0.095418535 -0.001206246 0.99992865 16819374072 538.7268
/home/declsp/obsbot/rawdata/DECam_01479485.fits.fz N4 1479485 480.2769 61173.17920925 1.13 216.3117525984153 -2.9331038316850546 216.31927499999998 -2.858 M490 0.06400896 24.970413 1.0148677 1.1769711 21.857405 1.0678456 decam -8.843084 6.7131343 205 object IBIS_wide_M490_439955 439955 0.062817 924.0 1948.0 -0.24581309 1.0001367 0.001247178 0.09467049 -0.0013842497 0.9999914 16762075417 449.76248
/home/declsp/obsbot/rawdata/DECam_01479486.fits.fz N4 1479486 541.6565 61173.18510827 1.13 218.853755920239 -3.056103830624846 218.86127916666666 -2.981 M490 0.08862873 24.96999 1.0144718 1.1469457 21.83947 1.0318512 decam 6.740389 9.862651 202 object IBIS_wide_M490_436966 436966 0.080507 924.0 1948.0 -0.42229283 0.9999153 0.001330884 0.13794927 -0.0012952038 1.000063 16820814285 524.93665
/home/declsp/obsbot/rawdata/DECam_01479487.fits.fz N4 1479487 483.4968 61173.19170787 1.14 219.1287533632465 -2.817103832684712 219.136275 -2.742 M490 0.07821339 24.966366 1.0129279 1.0703197 21.836332 0.9074748 decam -1.244396 9.76399 263 object IBIS_wide_M490_439952 439952 0.072679 924.0 1948.0 0.0012952607 1.0000201 0.0013999125 0.10303938 -0.0012128139 1.0000342 16711337844 532.79364
/home/declsp/obsbot/rawdata/DECam_01479488.fits.fz N4 1479488 492.8469 61173.19763637 1.14 220.8697588536425 -2.6041038345197776 220.87727916666668 -2.529 M490 0.059474036 24.969507 1.015863 1.0434631 21.813265 0.8760422 decam -6.086625 17.746992 223 object IBIS_wide_M490_437535 437535 0.064676 924.0 1948.0 -0.17542967 1.0001471 0.0015178525 0.17315143 -0.0013458057 0.9999681 16711482502 562.5835
/home/declsp/obsbot/rawdata/DECam_01479489.fits.fz N4 1479489 481.277 61173.20367123 1.15 223.07776193403944 -2.023103839522281 223.08527916666668 -1.948 M490 0.06827123 24.974058 1.0219816 1.0785888 21.796211 0.9427577 decam 5.0066257 17.0937 211 object IBIS_wide_M490_437533 437533 0.065463 924.0 1948.0 0.05849477 0.99996513 0.0014196538 0.2724521 -0.0013226751 1.0000476 16695777956 510.49915
/home/declsp/obsbot/rawdata/DECam_01479490.fits.fz N4 1479490 592.3662 61173.20956212 1.15 224.4167667011343 -1.889103840675496 224.42428333333334 -1.814 M490 0.062455226 24.968073 1.016363 1.0654771 21.797926 0.92875814 decam -3.1155558 12.812719 241 object IBIS_wide_M490_437542 437542 0.067099 924.0 1948.0 -0.24366628 0.9999817 0.0014881396 0.06659499 -0.0014520137 1.0000877 17088570299 637.80457
/home/declsp/obsbot/rawdata/DECam_01479491.fits.fz N4 1479491 352.8777 61173.21675778 1.18 221.25575705630803 -2.1711038382483587 221.263275 -2.096 M490 0.054285806 24.969597 1.0233471 0.9899707 21.78236 0.81136674 decam 2.0181751 16.860216 208 object IBIS_wide_M490_440521 440521 0.056447 924.0 1948.0 -0.27373868 0.9999714 0.0013992327 0.18104666 -0.0013669273 0.99996996 16445565626 434.9176
/home/declsp/obsbot/rawdata/DECam_01479492.fits.fz N4 1479492 372.0876 61173.22147793 1.19 229.70276851132522 1.4098961309577884 229.71028333333334 1.485 M490 0.04757846 24.969818 1.0254145 0.97691274 21.798565 0.778135 decam -2.2820332 15.324875 246 object IBIS_wide_M490_440494 440494 0.047663 924.0 1948.0 -0.31488374 1.0000992 0.0017312698 0.2650047 -0.0015838696 0.9999968 16521697040 478.1787
/home/declsp/obsbot/rawdata/DECam_01479493.fits.fz N4 1479493 130.8191 61173.2261067 1.2 231.82775757167784 2.064896125322131 231.83527500000002 2.14 M490 0.054249197 24.968578 1.0261041 1.0213593 21.823738 0.83277184 decam -0.17901833 10.976735 264 object IBIS_wide_M490_440504 440504 0.048087 924.0 1948.0 -0.3061792 1.000299 0.0016570901 0.33637032 -0.0018224966 0.9999664 15716487038 157.08878
/home/declsp/obsbot/rawdata/DECam_01479494.fits.fz N4 1479494 414.8673 61173.2279426 1.2 230.1287674748832 1.700896128454487 230.13628333333332 1.776 M490 0.048741236 24.965841 1.0235202 1.0368793 21.798279 0.88301486 decam -4.628036 4.286282 282 object IBIS_wide_M490_437509 437509 0.047769 924.0 1948.0 0.13522261 1.0000974 0.001755727 0.15824631 -0.0016101144 1.0000206 16519377016 469.8305
/home/declsp/obsbot/rawdata/DECam_01479495.fits.fz N4 1479495 421.8372 61173.23315659 1.2 235.01176042012213 2.32689612306665 235.01927916666668 2.402 M490 0.05497671 24.962605 1.020473 1.0577006 21.834438 0.89397174 decam 5.3620872 4.114955 311 object IBIS_wide_M490_437515 437515 0.063911 924.0 1948.0 -0.37630787 1.0002353 0.0017594916 0.16694695 -0.001563836 1.0000002 16568750385 471.8686
/home/declsp/obsbot/rawdata/DECam_01479496.fits.fz N4 1479496 445.8671 61173.23835182 1.2 236.04676196276543 2.0168961257352658 236.05427916666665 2.092 M490 0.08355496 24.965282 1.0229933 1.0096362 21.796959 0.83921343 decam -1.2900785 8.234702 324 object IBIS_wide_M490_440479 440479 0.086938 924.0 1948.0 0.3309299 1.0002471 0.0019033425 0.3237431 -0.0018176046 1.0000497 16675170409 531.2917
/home/declsp/obsbot/rawdata/DECam_01479497.fits.fz N4 1479497 404.0474 61173.24383469 1.21 234.71776220891707 1.9628961262000124 234.72527916666667 2.038 M490 0.060045563 24.970842 1.0301131 1.0022124 21.795258 0.8198036 decam 4.31072 3.8480277 326 object IBIS_wide_M490_440500 440500 0.061674 924.0 1948.0 -0.25987822 1.0000024 0.0018231403 0.18756975 -0.0016728513 1.0000329 16597827656 492.85876
