logs/db-2025-04-26.ecsv
# %ECSV 1.0
# ---
# datatype:
# - {name: filename, datatype: string}
# - {name: extension, datatype: string}
# - {name: expnum, datatype: int64}
# - {name: exptime, datatype: float32}
# - {name: mjd_obs, datatype: float64}
# - {name: airmass, datatype: float32}
# - {name: racenter, datatype: float64}
# - {name: deccenter, datatype: float64}
# - {name: rabore, datatype: float64}
# - {name: decbore, datatype: float64}
# - {name: band, datatype: string}
# - {name: ebv, datatype: float32}
# - {name: zeropoint, datatype: float32}
# - {name: transparency, datatype: float32}
# - {name: seeing, datatype: float32}
# - {name: sky, datatype: float32}
# - {name: expfactor, datatype: float32}
# - {name: camera, datatype: string}
# - {name: dx, datatype: float32}
# - {name: dy, datatype: float32}
# - {name: nmatched, datatype: int64}
# - {name: obstype, datatype: string}
# - {name: object, datatype: string}
# - {name: tileid, datatype: int64}
# - {name: tileebv, datatype: float32}
# - {name: affine_x0, datatype: float32}
# - {name: affine_y0, datatype: float32}
# - {name: affine_dx, datatype: float32}
# - {name: affine_dxx, datatype: float32}
# - {name: affine_dxy, datatype: float32}
# - {name: affine_dy, datatype: float32}
# - {name: affine_dyx, datatype: float32}
# - {name: affine_dyy, datatype: float32}
# - {name: checksum, datatype: string}
# - {name: efftime, datatype: float32}
# schema: astropy-2.0
filename extension expnum exptime mjd_obs airmass racenter deccenter rabore decbore band ebv zeropoint transparency seeing sky expfactor camera dx dy nmatched obstype object tileid tileebv affine_x0 affine_y0 affine_dx affine_dxx affine_dxy affine_dy affine_dyx affine_dyy checksum efftime
rawdata/DECam_01382094.fits.fz N4 1382094 5.0 60791.95698446 1.01 119.08611846870515 -30.360381623975 119.094825 -30.285278055555555 r 1.035964 26.81051 0.99404114 2.8136678 17.003971 11664.276 decam 36.75046 -12.225357 625 object pointing 0 0.0 924.0 1948.0 -0.28929165 0.99999064 -0.0025614074 -0.26656425 0.0022915595 0.9999453 21484674875 0.00042865926
rawdata/DECam_01382095.fits.fz N4 1382095 30.0 60791.95842687 1.01 119.08611846870515 -30.360381623975 119.094825 -30.285278055555555 r 1.035964 26.838358 1.0198665 1.6951487 17.472773 2613.1904 decam -13.946115 13.494968 1696 object pointing 0 0.0 924.0 1948.0 -0.09067739 0.9999578 -0.002444166 -0.2630194 0.002240723 1.0000687 39377093272 0.01148022
rawdata/DECam_01382096.fits.fz N4 1382096 3.0 60791.96093413 1.0 130.36853730509753 -33.00830159252962 130.37749583333334 -32.93319805555556 g 0.3303814 26.700768 1.0871947 1.3143601 19.032715 105.51595 decam -21.430859 32.921337 868 object "LTT3218 N4 g" 0 0.0 924.0 1948.0 -0.29992977 1.0001744 -0.0019841187 -0.1537582 0.0020531036 0.9998293 15836718435 0.02843172
rawdata/DECam_01382097.fits.fz N4 1382097 15.0 60791.96133015 1.0 130.36853730509753 -33.00830159252962 130.37749583333334 -32.93319805555556 M517 0.3303814 25.111607 1.0780586 1.5923843 19.324944 133.96901 decam -32.358727 20.087456 870 object "LTT3218 N4 M517" 0 0.0 924.0 1948.0 -0.11593833 1.0001603 -0.0020157318 -0.015124489 0.0022510001 0.99995726 15788699615 0.11196619
rawdata/DECam_01382098.fits.fz N4 1382098 15.0 60791.96184171 1.0 130.36853730509753 -33.00830159252962 130.37749583333334 -32.93319805555556 M490 0.3303814 25.05055 1.0671378 1.0853641 19.302477 75.40568 decam -23.855963 24.083452 1027 object "LTT3218 N4 M490" 0 0.0 924.0 1948.0 -0.009964546 1.0001733 -0.0021100044 -0.38918996 0.0020995012 0.9999478 15774402759 0.19892402
rawdata/DECam_01382099.fits.fz N4 1382099 15.0 60791.96236578 1.0 130.36853730509753 -33.00830159252962 130.37749583333334 -32.93319805555556 M464 0.3303814 24.949427 0.9930489 1.3836863 19.440628 144.3571 decam -33.021072 11.639285 864 object "LTT3218 N4 N464" 0 0.0 924.0 1948.0 -0.13557447 1.0001576 -0.0019965067 -0.0633436 0.0021144762 0.9999311 15717421058 0.103908986
rawdata/DECam_01382100.fits.fz N4 1382100 3.0 60791.96287262 1.0 130.36853730509753 -33.00830159252962 130.37749583333334 -32.93319805555556 g 0.3303814 26.707272 1.0937259 1.3091886 19.558035 63.762962 decam -35.266212 11.909105 937 object "LTT3218 N4 g" 0 0.0 924.0 1948.0 -0.3103918 1.0000623 -0.0019905833 -0.07707494 0.0021195111 0.99988794 15653761628 0.047049258
rawdata/DECam_01382101.fits.fz N4 1382101 150.0 60791.96348363 1.01 136.96453759435042 -37.21315959401179 136.97397083333334 -37.13805611111111 M464 0.32769462 24.936983 0.98375124 1.2641146 19.938648 76.46383 decam -37.538864 22.112368 1656 object "Pyxis M464" 0 0.0 924.0 1948.0 0.48028144 0.99987537 -0.0020375627 -0.23903061 0.0020505234 0.99992883 17705137546 1.9617119
rawdata/DECam_01382102.fits.fz N4 1382102 150.0 60791.96561735 1.01 136.9978458367654 -37.37982542508124 137.0073 -37.304721944444445 M464 0.3276871 24.935213 0.98214847 1.2383069 20.401716 48.054443 decam -32.553417 3.2654488 1450 object "Pyxis M464" 0 0.0 924.0 1948.0 0.2000921 1.0000716 -0.0019385479 -0.11842758 0.0020795 1.0000064 17480709389 3.1214595
rawdata/DECam_01382103.fits.fz N4 1382103 150.0 60791.96774009 1.01 136.68119905229673 -37.22149237167661 136.69063333333332 -37.146388888888886 M464 0.3887554 24.918552 0.9671923 1.265759 20.906933 50.297573 decam -22.695494 9.22799 1577 object "Pyxis M464" 0 0.0 924.0 1948.0 0.4058754 1.0000654 -0.0019823946 -0.31559998 0.0020799905 0.99997807 16469134317 2.9822512
rawdata/DECam_01382104.fits.fz N4 1382104 150.0 60791.96984456 1.01 136.66451561923702 -37.38815959163442 136.67397083333333 -37.31305611111111 M464 0.4292886 24.909313 0.9589973 1.3149856 21.23793 54.38057 decam -17.95584 11.031993 1514 object "Pyxis M464" 0 0.0 924.0 1948.0 0.2244921 0.9999907 -0.0019126543 -0.10220523 0.0019112816 1.0000795 16398980786 2.7583382
rawdata/DECam_01382105.fits.fz N4 1382105 150.0 60791.97195672 1.01 137.29236467737718 -37.196492372015406 137.30179583333333 -37.12138888888889 M464 0.30323255 24.935802 0.9826812 1.4356188 21.495764 19.768644 decam -16.670452 13.280254 1582 object "Pyxis M464" 0 0.0 924.0 1948.0 0.025460837 0.99998194 -0.001956149 -0.18363033 0.001913696 0.9999652 16026776783 7.587774
rawdata/DECam_01382106.fits.fz N4 1382106 60.0 60791.97548451 1.23 149.4997595261277 2.488896121671626 149.50727916666665 2.564 g 0.020213213 26.644215 1.0698566 1.7454231 21.380898 3.7834113 decam -6.9718723 41.62942 116 object COSMOS 0 0.0 924.0 1948.0 0.04617023 1.0001026 -0.0013107806 -0.054187547 0.0012358917 0.99995995 16567761841 15.858705
rawdata/DECam_01382107.fits.fz N4 1382107 500.0 60791.97802238 1.21 149.2467582114563 1.9248961265270395 149.25427499999998 2.0 M464 0.022061344 24.958815 1.045822 1.3842262 21.679087 1.9946069 decam 4.0241055 -10.821184 152 object IBIS_deep_cosmos_M464_5 0 0.0 924.0 1948.0 -0.13296427 1.0001903 -0.0013551725 -0.23837169 0.0014741723 0.9999907 16965473676 250.67596
rawdata/DECam_01382108.fits.fz N4 1382108 500.0 60791.98418151 1.2 149.29775947545477 1.6128961292115729 149.305275 1.6880000000000002 M464 0.020448064 24.957056 1.0419881 1.5740069 21.732271 2.4347405 decam 8.38332 -8.191921 131 object IBIS_deep_cosmos_M464_6 0 0.0 924.0 1948.0 0.06700814 1.0001479 -0.0015273372 -0.18308853 0.0013891701 0.99989104 17085642118 205.36069
rawdata/DECam_01382109.fits.fz N4 1382109 500.0 60791.99033885 1.19 149.45276874087074 1.3368961315856607 149.46028333333334 1.412 M464 0.017505977 24.956692 1.0395006 1.5328397 21.747017 2.2321231 decam 14.664947 -5.7444797 108 object IBIS_deep_cosmos_M464_7 0 0.0 924.0 1948.0 0.27092332 0.9998565 -0.001584099 -0.3851676 0.0016097393 1.0001225 16791749851 224.00198
rawdata/DECam_01382110.fits.fz N4 1382110 500.0 60791.99648013 1.18 149.6877610075145 1.1238961334174677 149.695275 1.199 M464 0.025978917 24.962473 1.0429059 1.2754612 21.749939 1.6209565 decam 13.909543 -2.1421525 156 object IBIS_deep_cosmos_M464_8 0 0.0 924.0 1948.0 0.33432028 1.0000223 -0.0015057471 -0.13784756 0.0014824726 0.9999923 16822977238 308.45984
rawdata/DECam_01382111.fits.fz N4 1382111 451.0374 60792.0026325 1.17 150.28876559585595 0.9458961349480653 150.29627916666666 1.021 M464 0.020056581 24.964079 1.0423071 1.152385 21.762741 1.250242 decam 12.45386 -3.5388882 149 object IBIS_deep_cosmos_M464_10 0 0.0 924.0 1948.0 -0.045963608 1.0000484 -0.0014932852 -0.13644436 0.0014995303 1.0001035 16623778005 360.7601
rawdata/DECam_01382112.fits.fz N4 1382112 500.0 60792.0081979 1.17 150.60376550516082 0.9868961345955268 150.61127916666666 1.062 M464 0.024570351 24.959179 1.0376141 1.2676173 21.767408 1.569264 decam 13.99358 8.669898 143 object IBIS_deep_cosmos_M464_11 0 0.0 924.0 1948.0 0.43500638 0.99985427 -0.0014207322 -0.06460295 0.0014163357 0.99992174 16797817339 318.6207
rawdata/DECam_01382113.fits.fz N4 1382113 500.0 60792.01435702 1.17 151.1507688555271 1.298896131912484 151.15828333333332 1.374 M464 0.030693015 24.953896 1.0325762 1.2330302 21.756744 1.5819905 decam 16.333586 6.8745136 143 object IBIS_deep_cosmos_M464_13 0 0.0 924.0 1948.0 0.48260978 1.0000488 -0.0016499636 -0.17309277 0.0016922982 1.0000169 16843966892 316.05753
rawdata/DECam_01382114.fits.fz N4 1382114 482.0974 60792.020503 1.18 151.49075862416356 1.8288961273531466 151.498275 1.904 M464 0.037249584 24.95747 1.0381118 1.1564921 21.738579 1.4736619 decam 10.82941 18.374022 129 object IBIS_deep_cosmos_M464_15 0 0.0 924.0 1948.0 -0.3291455 0.99962723 -0.0014563409 -0.06533422 0.0014393041 0.9999579 16731900759 327.1425
rawdata/DECam_01382115.fits.fz N4 1382115 446.2676 60792.02641962 1.19 151.5657555464638 2.4558961219558246 151.573275 2.531 M464 0.03702531 24.958036 1.0407878 1.081085 21.697132 1.3346874 decam 10.2928095 21.37858 123 object IBIS_deep_cosmos_M464_17 0 0.0 924.0 1948.0 -0.08087394 1.0002544 -0.0014809294 -0.09352034 0.0014126381 1.0000198 17177203462 334.36115
rawdata/DECam_01382116.fits.fz N4 1382116 266.5886 60792.03194676 1.19 151.50174951801077 2.766896119276884 151.50927083333335 2.842 M464 0.027651554 24.95407 1.036993 1.038318 21.7142 1.1419553 decam 10.360351 27.248991 127 object IBIS_deep_cosmos_M464_18 0 0.0 924.0 1948.0 0.57214975 1.0001489 -0.0015985314 -0.17264494 0.0016358681 0.9999859 16246639820 233.44925
rawdata/DECam_01382117.fits.fz N4 1382117 335.2682 60792.03539719 1.21 150.6957466771457 3.709896111144668 150.703275 3.785 M464 0.019253459 24.968203 1.0549034 0.96402735 21.699642 0.9157525 decam 16.306522 25.50021 141 object IBIS_deep_cosmos_M464_22 0 0.0 924.0 1948.0 -0.07175394 0.9997788 -0.0015619221 -0.13196632 0.0014722575 0.9999613 16644105849 366.11224
rawdata/DECam_01382118.fits.fz N4 1382118 402.4179 60792.03963793 1.22 150.4007414714658 3.829896110108663 150.40827083333335 3.905 M464 0.020609915 24.953976 1.0433114 1.0385075 21.698523 1.1022921 decam 10.941384 19.89104 141 object IBIS_deep_cosmos_M464_23 0 0.0 924.0 1948.0 0.20974283 0.99993837 -0.0016585543 -0.27122718 0.0015832479 0.99991935 16757317030 365.07376
rawdata/DECam_01382119.fits.fz N4 1382119 330.9983 60792.0446428 1.19 149.71076815973865 1.5148961300546144 149.71828333333335 1.5899999999999999 M464 0.022857705 24.954903 1.03779 0.9385034 21.725687 0.89113593 decam 10.547649 25.221876 133 object IBIS_deep_cosmos_M464_26 0 0.0 924.0 1948.0 -0.09039821 1.000139 -0.0016867075 -0.13857174 0.0017826143 0.9999426 16339048046 371.4341
rawdata/DECam_01382120.fits.fz N4 1382120 331.7483 60792.04881405 1.19 150.27476896687475 1.260896132239297 150.28228333333334 1.336 M464 0.020846782 24.975227 1.0573992 0.98547006 21.734612 0.9250677 decam 13.386151 24.492672 126 object IBIS_deep_cosmos_M464_28 0 0.0 924.0 1948.0 0.06856649 1.0002081 -0.0016533247 -0.33359912 0.0020204308 0.99993193 16322420881 358.62054
rawdata/DECam_01382121.fits.fz N4 1382121 307.3283 60792.05300026 1.2 150.86276832359965 1.4668961304675043 150.87028333333333 1.542 M464 0.025614554 24.96648 1.0510709 0.97634906 21.733915 0.95541835 decam 15.10417 28.919315 147 object IBIS_deep_cosmos_M464_30 0 0.0 924.0 1948.0 0.25730175 1.0001065 -0.0016049733 -0.028836733 0.0016820396 0.99997956 16328886653 321.66882
rawdata/DECam_01382122.fits.fz N4 1382122 386.5979 60792.05691005 1.21 151.07576747488324 1.700896128454487 151.08328333333333 1.776 M464 0.027686026 24.960234 1.0471908 0.9781597 21.72919 0.9888144 decam 13.318358 28.563152 129 object IBIS_deep_cosmos_M464_31 0 0.0 924.0 1948.0 0.08307751 1.0007586 -0.0016234088 -0.19623375 0.0011302003 0.99996936 16542295661 390.97113
rawdata/DECam_01382123.fits.fz N4 1382123 361.5186 60792.06175774 1.23 151.21375044375563 2.6168961205691437 151.22127083333334 2.692 M464 0.03002012 24.953989 1.0454701 0.9651909 21.701761 1.015699 decam 9.712988 39.520332 130 object IBIS_deep_cosmos_M464_34 0 0.0 924.0 1948.0 0.6875978 1.0003942 -0.0015825431 -0.27247557 0.0018935247 0.9999924 16424521422 355.93082
rawdata/DECam_01382124.fits.fz N4 1382124 500.0 60792.06628536 1.27 148.6587523152689 2.9748961174844064 148.66627499999998 3.05 M464 0.029049488 24.933086 1.0339949 1.070881 21.672499 1.3250015 decam 15.186607 31.164047 126 object IBIS_deep_cosmos_M464_44 0 0.0 924.0 1948.0 0.6304909 0.9999665 -0.0017065825 -0.19019699 0.001813346 0.9999261 16993717321 377.35806
rawdata/DECam_01382125.fits.fz N4 1382125 497.0984 60792.0724277 1.28 148.6587523152689 2.9748961174844064 148.66627499999998 3.05 M517 0.029049488 25.025738 1.0417973 1.1735599 21.456882 1.8228294 decam 15.942121 29.454222 131 object IBIS_deep_cosmos_M517_44 0 0.0 924.0 1948.0 0.59270215 1.0000045 -0.001695666 -0.18790643 0.0017810576 0.99995095 17475305851 272.70703
rawdata/DECam_01382126.fits.fz N4 1382126 500.0 60792.07854154 1.3 148.3687599530443 2.412896122326123 148.37627916666665 2.488 M464 0.037144516 24.91664 1.024745 1.2749977 21.659193 2.0752947 decam 10.598126 24.411549 122 object IBIS_deep_cosmos_M464_46 0 0.0 924.0 1948.0 -0.046202973 0.9999118 -0.0015928006 -0.3563263 0.0019337258 0.99993294 16975955733 240.92963
rawdata/DECam_01382127.fits.fz N4 1382127 500.0 60792.0846921 1.29 150.40475958885077 1.5818961294782576 150.412275 1.657 M464 0.019262237 24.92886 1.0342172 1.4009984 21.680214 2.114119 decam 6.888704 30.130917 151 object IBIS_deep_cosmos_M464_48 0 0.0 924.0 1948.0 0.11435867 1.00045 -0.0015761623 -0.0834157 0.0019056888 0.9998332 16937570773 236.50513
rawdata/DECam_01382128.fits.fz N4 1382128 500.0 60792.09083505 1.35 149.8957543837903 3.2678961149582664 149.90327916666666 3.343 M517 0.02175222 25.011633 1.039951 1.3869675 21.403278 2.6216464 decam 18.379198 31.288418 141 object IBIS_deep_cosmos_M517_56 0 0.0 924.0 1948.0 -0.040278856 1.0000323 -0.0015751594 -0.17868471 0.0016177768 1.0000556 17475994199 190.71985
rawdata/DECam_01382129.fits.fz N4 1382129 205.9691 60792.09699067 1.36 148.6857600602948 1.4458961306481382 148.693275 1.521 M464 0.026158934 24.90458 1.0259908 1.5951447 21.64186 3.1181831 decam 17.457155 17.09025 125 object IBIS_deep_cosmos_M464_64 0 0.0 924.0 1948.0 0.1366705 1.0000523 -0.0016568287 -0.4371021 0.001985046 1.0000327 16021136531 66.0542
rawdata/DECam_01382130.fits.fz N4 1382130 500.0 60792.09972236 1.34 149.78577061776556 0.3838961397797372 149.79328333333333 0.45899999999999996 M464 0.023130536 24.90559 1.0227376 1.6906111 21.654139 3.382366 decam 21.495438 27.856035 131 object IBIS_deep_cosmos_M464_69 0 0.0 924.0 1948.0 0.16203511 1.0001174 -0.0014719085 -0.55399513 0.0017898594 1.0000365 17189173828 147.82552
rawdata/DECam_01382131.fits.fz N4 1382131 500.0 60792.1058988 1.4 150.61775575869905 2.4178961222830657 150.625275 2.493 M464 0.018931631 24.914946 1.0443791 1.5756093 21.609053 2.9214914 decam 17.96677 11.0567665 130 object IBIS_deep_cosmos_M464_71 0 0.0 924.0 1948.0 -0.033414755 1.0004365 -0.0016269374 0.044470135 0.0015490889 1.0002227 17053463183 171.14546
rawdata/DECam_01382132.fits.fz N4 1382132 500.0 60792.11235677 1.46 148.97675679049644 2.2238961239534416 148.984275 2.299 M464 0.023137018 24.89088 1.0341517 1.4524214 21.581516 2.7434108 decam 25.586887 9.122817 119 object IBIS_deep_cosmos_M464_78 0 0.0 924.0 1948.0 -0.00026719784 1.0002052 -0.001550524 -0.42160988 0.0017811289 0.999979 17063440698 182.25488
rawdata/DECam_01382133.fits.fz N4 1382133 425.5377 60792.11941657 1.09 183.85571104038894 -6.94810379689944 183.86327916666664 -6.873 M517 0.04037035 25.080368 1.062701 1.1988919 21.597687 1.6216187 decam -5.214912 23.209751 171 object IBIS_wide_M517_533929 533929 0.043215 924.0 1948.0 -0.060251497 1.0000161 -0.00014220434 0.06966325 0.0001941682 0.9999422 16917649325 262.41537
rawdata/DECam_01382134.fits.fz N4 1382134 297.3184 60792.12472595 1.09 185.59770946601972 -6.7851037983209155 185.605275 -6.71 M517 0.027972193 25.074282 1.0567602 1.003613 21.602474 1.0596573 decam 6.3466597 7.1753364 150 object IBIS_wide_M517_530945 530945 0.027302 924.0 1948.0 0.0937811 0.99992096 -0.0001520585 0.24122907 -0.0002101448 0.9999779 16397629372 280.57974
rawdata/DECam_01382135.fits.fz N4 1382135 343.9982 60792.12853444 1.1 184.5937201546952 -6.356103802057567 184.60127916666667 -6.281 M517 0.03257513 25.075266 1.0594153 1.1028152 21.595354 1.3225129 decam 19.035275 2.5520349 159 object IBIS_wide_M517_533930 533930 0.036763 924.0 1948.0 -0.09525714 0.9999351 -0.0002102274 0.10648259 0.0006874342 0.99980366 17114782755 260.10953
rawdata/DECam_01382136.fits.fz N4 1382136 368.9081 60792.13286681 1.11 183.52872437341364 -6.062103804614727 183.53627916666667 -5.987 M517 0.049676206 25.081259 1.0669873 1.105994 21.583569 1.4798127 decam 15.926115 0.14271857 165 object IBIS_wide_M517_530960 530960 0.046669 924.0 1948.0 -0.030936211 1.000043 -0.0002205931 -0.017973442 0.00038405813 0.9999496 16693332073 249.29378
