logs/db-2024-06-06.ecsv
# %ECSV 1.0
# ---
# datatype:
# - {name: filename, datatype: string}
# - {name: extension, datatype: string}
# - {name: expnum, datatype: int64}
# - {name: exptime, datatype: float32}
# - {name: mjd_obs, datatype: float64}
# - {name: airmass, datatype: float32}
# - {name: racenter, datatype: float64}
# - {name: deccenter, datatype: float64}
# - {name: rabore, datatype: float64}
# - {name: decbore, datatype: float64}
# - {name: band, datatype: string}
# - {name: ebv, datatype: float32}
# - {name: zeropoint, datatype: float32}
# - {name: transparency, datatype: float32}
# - {name: seeing, datatype: float32}
# - {name: sky, datatype: float32}
# - {name: expfactor, datatype: float32}
# - {name: camera, datatype: string}
# - {name: dx, datatype: float32}
# - {name: dy, datatype: float32}
# - {name: nmatched, datatype: int64}
# - {name: obstype, datatype: string}
# - {name: object, datatype: string}
# - {name: tileid, datatype: int64}
# - {name: tileebv, datatype: float32}
# - {name: affine_x0, datatype: float32}
# - {name: affine_y0, datatype: float32}
# - {name: affine_dx, datatype: float32}
# - {name: affine_dxx, datatype: float32}
# - {name: affine_dxy, datatype: float32}
# - {name: affine_dy, datatype: float32}
# - {name: affine_dyx, datatype: float32}
# - {name: affine_dyy, datatype: float32}
# - {name: checksum, datatype: string}
# - {name: efftime, datatype: float32}
# schema: astropy-2.0
filename extension expnum exptime mjd_obs airmass racenter deccenter rabore decbore band ebv zeropoint transparency seeing sky expfactor camera dx dy nmatched obstype object tileid tileebv affine_x0 affine_y0 affine_dx affine_dxx affine_dxy affine_dy affine_dyx affine_dyy checksum efftime
rawdata/DECam_01303138.fits.fz N4 1303138 56.0 60467.95295342 1.22 151.0447658391844 0.8258961359798389 151.05227916666666 0.901 M411 0.026774086 24.357544 0.935667 1.289363 20.09997 8.3035965 decam 3.8406327 -4.435615 22 object IBIS_deep_cosmos_M411_88 0 0.0 924.0 1948.0 0.415631 1.0002364 -0.0016529838 -0.15526314 0.001691197 1.0000647 15841498375 6.744066
rawdata/DECam_01303139.fits.fz N4 1303139 500.0 60467.95396715 1.22 151.0447658391844 0.8258961359798389 151.05227916666666 0.901 M411 0.026774086 24.389519 0.9636327 1.2107289 20.789991 3.656859 decam 5.2094374 -2.8656368 53 object IBIS_deep_cosmos_M411_88 0 0.0 924.0 1948.0 0.6842556 0.999848 -0.0015852913 0.23263714 0.001096248 1.0000045 17595486333 136.72937
rawdata/DECam_01303140.fits.fz N4 1303140 56.0 60467.96012278 1.23 151.0447658391844 0.8258961359798389 151.05227916666666 0.901 M411 0.026774086 24.36259 0.94291395 1.2476884 21.368618 2.394833 decam 11.058558 -2.586437 24 object IBIS_deep_cosmos_M411_88 0 0.0 924.0 1948.0 0.510272 1.0000345 -0.0015918498 -0.21089906 0.0017558237 1.0000057 15521312841 23.383677
rawdata/DECam_01303141.fits.fz N4 1303141 56.0 60467.96115765 1.24 151.0447658391844 0.8258961359798389 151.05227916666666 0.901 M411 0.026774086 24.36039 0.9438948 1.2680619 21.460373 2.2823439 decam 9.11838 -17.438616 24 object IBIS_deep_cosmos_M411_88 0 0.0 924.0 1948.0 0.42741603 0.9999663 -0.0016244323 -0.2164669 0.0018352626 0.99998397 15510910905 24.53618
rawdata/DECam_01303142.fits.fz N4 1303142 56.0 60467.96215292 1.24 151.0447658391844 0.8258961359798389 151.05227916666666 0.901 M411 0.026774086 24.379173 0.960368 1.1972564 21.527084 1.8486063 decam 6.9321446 -18.06103 25 object IBIS_deep_cosmos_M411_88 0 0.0 924.0 1948.0 0.4856712 1.0003175 -0.0015315092 -0.6382068 0.002189836 1.0001397 15502753040 30.29309
rawdata/DECam_01303143.fits.fz N4 1303143 56.0 60467.96315317 1.24 151.0447658391844 0.8258961359798389 151.05227916666666 0.901 M411 0.026774086 24.363657 0.94674087 1.2833843 21.57429 2.0922601 decam 0.61371887 -22.386375 24 object IBIS_deep_cosmos_M411_88 0 0.0 924.0 1948.0 0.47455153 1.0000409 -0.0016108989 -0.23786259 0.0017739384 1.0000153 15497577723 26.765314
rawdata/DECam_01303144.fits.fz N4 1303144 56.0 60467.96416883 1.25 151.0447658391844 0.8258961359798389 151.05227916666666 0.901 M411 0.026774086 24.352232 0.9397083 1.2977896 21.682146 1.9783069 decam 10.741818 -21.040087 24 object IBIS_deep_cosmos_M411_88 0 0.0 924.0 1948.0 0.49124166 1.0001209 -0.0016303041 -0.38297236 0.0018562599 1.0000201 15493331264 28.307034
rawdata/DECam_01303145.fits.fz N4 1303145 56.0 60467.96518815 1.25 151.0447658391844 0.8258961359798389 151.05227916666666 0.901 M411 0.026774086 24.346165 0.9344711 1.2504051 21.715588 1.8010015 decam 21.382761 -13.31052 24 object IBIS_deep_cosmos_M411_88 0 0.0 924.0 1948.0 0.39051747 0.9999947 -0.0015884117 -0.4224511 0.0019346316 1.0 15490417953 31.09381
rawdata/DECam_01303146.fits.fz N4 1303146 56.0 60467.96622752 1.25 151.0447658391844 0.8258961359798389 151.05227916666666 0.901 M411 0.026774086 24.36643 0.95207757 1.1454563 21.727383 1.440696 decam 6.3804884 -15.472187 26 object IBIS_deep_cosmos_M411_88 0 0.0 924.0 1948.0 0.43332282 1.0000536 -0.0016057763 -0.32592323 0.0018030516 1.0000384 15488737937 38.870102
rawdata/DECam_01303147.fits.fz N4 1303147 500.0 60467.96725283 1.26 150.75376605919445 0.699896137063134 150.76127916666667 0.775 M411 0.025444476 24.338594 0.9308294 1.2580975 21.832733 1.6597008 decam 23.926262 -3.7757885 95 object IBIS_deep_cosmos_M411_87 0 0.0 924.0 1948.0 0.21265696 1.0000376 -0.0013088437 0.016203698 0.001580984 0.999894 16234205655 301.25912
rawdata/DECam_01303148.fits.fz N4 1303148 500.0 60467.97342063 1.28 151.52476486599534 1.2378961324371 151.53227916666665 1.313 M411 0.031027596 24.329626 0.9288515 1.2429657 21.867065 1.5958047 decam 33.68715 7.2681813 86 object IBIS_deep_cosmos_M411_90 0 0.0 924.0 1948.0 -0.31199378 0.9999905 -0.0014477253 -0.090496324 0.0013037347 1.0001031 16265818655 313.32153
rawdata/DECam_01303149.fits.fz N4 1303149 500.0 60467.97957642 1.3 151.6967681943119 1.5048961301406345 151.70428333333334 1.58 M411 0.034417734 24.322924 0.92881495 1.1925392 21.869 1.4847579 decam 29.806334 19.43339 66 object IBIS_deep_cosmos_M411_91 0 0.0 924.0 1948.0 0.14657152 1.0001273 -0.0015217031 -0.04359701 0.0014089528 0.9997532 16204326156 336.75525
rawdata/DECam_01303150.fits.fz N4 1303150 500.0 60467.98572279 1.33 150.44277032369297 0.6358961376133566 150.45028333333335 0.711 M411 0.024719596 24.31616 0.93157935 1.158061 21.896841 1.3819542 decam 27.410368 -0.83607954 78 object IBIS_deep_cosmos_M411_86 0 0.0 924.0 1948.0 0.45429558 1.0001249 -0.0017205513 -0.21331368 0.0012100239 1.000172 16182471162 361.8065
rawdata/DECam_01303151.fits.fz N4 1303151 500.0 60467.99186156 1.36 151.81676708213143 1.7988961276112874 151.82428333333334 1.874 M411 0.03761686 24.288828 0.9168184 1.1731421 21.88079 1.5135504 decam 26.286003 2.862942 83 object IBIS_deep_cosmos_M411_92 0 0.0 924.0 1948.0 -0.21004415 0.9995136 -0.0013454593 0.009398235 0.0016581903 1.0001458 16202685797 330.3491
rawdata/DECam_01303152.fits.fz N4 1303152 500.0 60467.99800037 1.4 150.60376550516082 0.9868961345955268 150.61127916666666 1.062 M411 0.024570351 24.282581 0.9228103 1.1983664 21.894459 1.5775115 decam 28.692787 1.3977503 87 object IBIS_deep_cosmos_M411_11 0 0.0 924.0 1948.0 0.5703599 0.9999602 -0.0014679575 -0.057660654 0.0012547148 0.99994475 16194164726 316.9549
rawdata/DECam_01303153.fits.fz N4 1303153 500.0 60468.00414278 1.44 149.78577061776556 0.3838961397797372 149.79328333333333 0.45899999999999996 M411 0.023130536 24.282196 0.93386924 1.1498181 21.90407 1.440725 decam 30.77894 -3.3180323 82 object IBIS_deep_cosmos_M411_69 0 0.0 924.0 1948.0 0.18732347 0.99996066 -0.0011807877 -0.23895355 0.0019023444 1.0001644 16272051971 347.04752
rawdata/DECam_01303154.fits.fz N4 1303154 500.0 60468.01029085 1.48 150.86276832359965 1.4668961304675043 150.87028333333333 1.542 M411 0.025614554 24.29806 0.95931125 1.1300745 21.896202 1.361513 decam 23.107538 -9.976415 74 object IBIS_deep_cosmos_M411_30 0 0.0 924.0 1948.0 0.016441433 1.0001875 -0.0015602072 -0.4346668 0.0019319115 1.0001323 16359947333 367.23853
rawdata/DECam_01303155.fits.fz N4 1303155 500.0 60468.01644295 1.53 151.07576747488324 1.700896128454487 151.08328333333333 1.776 M411 0.027686026 24.283247 0.9609363 1.1066072 21.890448 1.3489107 decam 22.516233 -17.153671 74 object IBIS_deep_cosmos_M411_31 0 0.0 924.0 1948.0 -0.18965347 1.0008045 -0.0012214361 -0.10929161 0.0013015898 1.0001758 16219833551 370.66946
rawdata/DECam_01303156.fits.fz N4 1303156 500.0 60468.02259561 1.59 150.58676881667495 1.3118961318006772 150.59428333333332 1.387 M411 0.025361596 24.243849 0.9439033 1.1342951 21.886133 1.5298522 decam 17.823795 -24.127405 91 object IBIS_deep_cosmos_M411_29 0 0.0 924.0 1948.0 0.1917965 1.0003732 -0.0015800403 -0.17678484 0.0021135563 1.0001194 16198636671 326.82898
rawdata/DECam_01303157.fits.fz N4 1303157 500.0 60468.02874261 1.65 151.20875792456846 1.9888961259762499 151.216275 2.064 M411 0.032464612 24.233055 0.951923 1.257471 21.853031 1.9765685 decam 11.522255 -31.548006 83 object IBIS_deep_cosmos_M411_32 0 0.0 924.0 1948.0 -0.11223019 1.000286 -0.0012827691 -0.22140409 0.0017120962 1.000303 16240741197 252.96367
rawdata/DECam_01303158.fits.fz N4 1303158 500.0 60468.03488825 1.72 151.25476054743604 2.3028961232732925 151.26227916666667 2.378 M411 0.03004282 24.170065 0.9177611 1.2894592 21.844994 2.3512814 decam 14.36493 -28.963596 66 object IBIS_deep_cosmos_M411_33 0 0.0 924.0 1948.0 -0.26780522 0.999793 -0.0014112383 -0.073088415 0.0017561609 1.0002794 16275435048 212.65
rawdata/DECam_01303159.fits.fz N4 1303159 500.0 60468.0410454 1.8 150.6847632140693 1.724896128247997 150.69227916666668 1.8 M411 0.021425394 24.182587 0.95146877 1.2661179 21.827509 2.2513247 decam 11.165903 -23.484896 77 object IBIS_deep_cosmos_M411_49 0 0.0 924.0 1948.0 0.012025813 1.0000514 -0.0011216361 -0.1805891 0.0013839764 1.0003633 16295137280 222.09146
rawdata/DECam_01303160.fits.fz N4 1303160 500.0 60468.04718245 1.89 150.8717662988135 1.9798961260537071 150.87928333333332 2.055 M411 0.020013163 24.15228 0.9511754 1.3554058 21.8163 2.7559369 decam 15.048646 -25.383171 69 object IBIS_deep_cosmos_M411_50 0 0.0 924.0 1948.0 0.22353119 1.0003889 -0.0012439438 -0.23453175 0.0016604924 1.0002971 16232815769 181.42651
rawdata/DECam_01303161.fits.fz N4 1303161 500.0 60468.05333312 1.99 149.81577020972787 0.7098961369771607 149.82328333333334 0.785 M411 0.022594362 24.117472 0.9498539 1.3897747 21.81678 3.0877786 decam 8.098952 -34.5302 85 object IBIS_deep_cosmos_M411_84 0 0.0 924.0 1948.0 -0.07089858 1.0002004 -0.0011085311 -0.45819375 0.0020642316 1.0001084 16266286930 161.92871
rawdata/DECam_01303162.fits.fz N4 1303162 500.0 60468.05947103 2.11 149.97576132943973 0.9908961345611326 149.983275 1.066 M411 0.023141902 24.057571 0.93256855 1.5879822 21.805143 4.548739 decam 12.299991 -34.344147 72 object IBIS_deep_cosmos_M411_9 0 0.0 924.0 1948.0 -0.07826084 1.0007535 -0.00091670203 -0.060206 0.0019365839 1.000594 16255591505 109.92057
rawdata/DECam_01303163.fits.fz N4 1303163 500.0 60468.06562542 2.24 150.93976062633504 2.2878961234024398 150.94727916666665 2.363 M411 0.02308691 23.98331 0.9063421 1.5822201 21.799013 5.2071266 decam 6.7414994 -40.296143 65 object IBIS_deep_cosmos_M411_51 0 0.0 924.0 1948.0 0.066364974 1.0005373 -0.0012141664 -0.104723625 0.002254491 1.0005333 16264927014 96.02225
rawdata/DECam_01303164.fits.fz N4 1303164 500.0 60468.07360447 1.16 219.685770057504 -0.798103850059234 219.69328333333334 -0.7230000000000001 M411 0.039871827 24.382917 0.9403271 1.8455948 22.253567 2.232103 decam -45.26521 -4.2135463 117 object IBIS_deep_desi220_M411_69 0 0.0 924.0 1948.0 0.26294747 0.99990433 0.0014453932 -0.036229458 -0.0013656601 1.0000273 16088057944 224.00398
rawdata/DECam_01303165.fits.fz N4 1303165 500.0 60468.07976908 1.16 219.12477049214812 -0.5071038525610156 219.13228333333333 -0.43200000000000005 M411 0.034485247 24.363285 0.92347753 1.3728629 22.258047 1.2760491 decam -36.45216 32.613144 124 object IBIS_deep_desi220_M411_67 0 0.0 924.0 1948.0 -0.20445588 1.0001608 0.0015202746 -0.07281116 -0.0013239349 0.9997379 15951682949 391.83444
rawdata/DECam_01303166.fits.fz N4 1303166 500.0 60468.08592296 1.15 219.71577053136576 -0.4721038528618994 219.72328333333334 -0.397 M411 0.037165876 24.40606 0.95764303 1.2989323 22.239975 1.0736537 decam -24.084051 28.477566 131 object IBIS_deep_desi220_M411_84 0 0.0 924.0 1948.0 0.1520938 1.0002085 0.0014212246 0.38993222 -0.0017925594 0.9999214 16005208266 465.69952
rawdata/DECam_01303167.fits.fz N4 1303167 446.0 60468.09213159 1.15 220.3427704451456 -0.5461038522257412 220.35028333333332 -0.47100000000000003 M411 0.037557427 24.419949 0.9699728 1.2440238 22.23398 0.9653677 decam 24.55568 -12.555883 116 object IBIS_deep_desi220_M411_86 0 0.0 924.0 1948.0 0.15896572 0.999913 0.001648106 0.011488504 -0.0013821023 0.9999089 15908270865 462.00012
rawdata/DECam_01303168.fits.fz N4 1303168 398.0 60468.09764648 1.15 220.65376635378013 -0.48210385277593293 220.66127916666667 -0.40700000000000003 M411 0.039509363 24.377884 0.9331122 1.1239234 22.227531 0.8568376 decam 19.654322 -9.8571 137 object IBIS_deep_desi220_M411_87 0 0.0 924.0 1948.0 0.055215523 1.0000678 0.0013064827 0.1517891 -0.0011625696 0.9999369 15847745068 464.49875
rawdata/DECam_01303169.fits.fz N4 1303169 370.0 60468.10260546 1.15 220.94476647544593 -0.3551038538676905 220.95227916666664 -0.28 M411 0.04010609 24.377325 0.9326311 1.3571426 22.23596 1.2401708 decam 25.100542 -9.064903 109 object IBIS_deep_desi220_M411_88 0 0.0 924.0 1948.0 -0.14135829 1.000186 0.0014036538 0.538961 -0.0012074256 1.0002759 15867697975 298.34598
rawdata/DECam_01303170.fits.fz N4 1303170 355.0 60468.10725676 1.15 220.18876655594843 -0.23610385489064853 220.19627916666667 -0.161 M411 0.04032655 24.38756 0.9414648 1.1890675 22.224352 0.9446632 decam 32.79661 -10.873061 108 object IBIS_deep_desi220_M411_10 0 0.0 924.0 1948.0 -0.5075885 1.0001063 0.0011545088 0.0006228295 -0.0012427752 1.0001032 15852220934 375.7953
rawdata/DECam_01303171.fits.fz N4 1303171 449.0 60468.11172315 1.16 221.20476241878032 -0.1731038554322069 221.21227499999998 -0.098 M411 0.039017804 24.386625 0.9435444 1.2460552 22.215338 1.047666 decam 30.477627 -4.9286866 134 object IBIS_deep_desi220_M411_89 0 0.0 924.0 1948.0 0.10810648 1.0002692 0.0016650636 0.4172546 -0.0015542617 0.9999336 15935737632 428.57172
rawdata/DECam_01303172.fits.fz N4 1303172 373.0 60468.11728042 1.16 220.79676244678376 -0.07410385628322036 220.80427500000002 0.001 M411 0.038385585 24.395348 0.9511544 1.1246516 22.23715 0.8234586 decam 31.914589 -0.5391253 122 object IBIS_deep_desi220_M411_12 0 0.0 924.0 1948.0 -0.03569363 0.9999099 0.0012782363 0.28155747 -0.0015069902 0.9998085 15878457733 452.9675
rawdata/DECam_01303173.fits.fz N4 1303173 411.0 60468.12196213 1.17 221.4247666161588 0.055896142599292126 221.43227916666666 0.131 M411 0.043753937 24.382301 0.9426797 1.1416601 22.239668 0.86713076 decam 43.108105 0.53521144 138 object IBIS_deep_desi220_M411_90 0 0.0 924.0 1948.0 -0.36437896 1.0002985 0.0012134766 0.4542752 -0.0013210478 0.9999898 15857929820 473.97696
rawdata/DECam_01303174.fits.fz N4 1303174 344.0 60468.12708523 1.17 219.87576241127903 -0.1911038552774764 219.883275 -0.116 M411 0.03966547 24.397266 0.95576346 1.3456656 22.263638 1.1457518 decam 45.632645 12.287958 123 object IBIS_deep_desi220_M411_9 0 0.0 924.0 1948.0 0.3983051 1.0002229 0.001313976 0.24083701 -0.0012615409 0.9999673 15837919254 300.23956
rawdata/DECam_01303175.fits.fz N4 1303175 374.0 60468.13141819 1.18 221.05077077076493 0.11689614207493156 221.05828333333332 0.192 M411 0.048537035 24.363695 0.92950976 1.5540698 22.241196 1.6589773 decam 42.68913 13.404193 102 object IBIS_deep_desi220_M411_13 0 0.0 924.0 1948.0 -0.2271517 1.0003588 0.0013617107 0.15745649 -0.00108439 0.9999141 15919379075 225.4401
rawdata/DECam_01303176.fits.fz N4 1303176 452.0 60468.13611661 1.19 221.25177063654002 0.36189613996885833 221.25928333333334 0.437 M411 0.05037766 24.384207 0.9501465 1.4080647 22.193602 1.3704767 decam 37.602802 23.467007 118 object IBIS_deep_desi220_M411_14 0 0.0 924.0 1948.0 -0.38405773 1.0000894 0.001351792 0.43762177 -0.0015224528 0.9998997 15927631564 329.81223
rawdata/DECam_01303177.fits.fz N4 1303177 500.0 60468.14192712 1.2 220.4867707670939 0.12989614196318233 220.49428333333333 0.20500000000000002 M411 0.04464026 24.350657 0.9240648 1.3393601 22.22893 1.2769924 decam 0.66681474 8.56463 118 object IBIS_deep_desi220_M411_29 0 0.0 924.0 1948.0 0.22244129 0.99970967 0.0011812168 0.18517172 -0.0013780461 1.0000811 16115645946 391.545
rawdata/DECam_01303178.fits.fz N4 1303178 500.0 60468.14809445 1.21 221.715766182852 0.6178961377681039 221.72327916666666 0.693 M411 0.04809807 24.360315 0.93518674 1.3200309 22.186443 1.2672037 decam 0.62302387 23.42731 122 object IBIS_deep_desi220_M411_92 0 0.0 924.0 1948.0 -0.08959225 0.99998516 0.0012393403 0.15240446 -0.0012860304 1.0000834 16011757905 394.56958
rawdata/DECam_01303179.fits.fz N4 1303179 500.0 60468.15426052 1.23 221.39076197273036 0.647896137510191 221.398275 0.7230000000000001 M411 0.052294623 24.3731 0.9520861 1.2969097 21.97312 1.4541918 decam 2.7556176 13.427945 101 object IBIS_deep_desi220_M411_15 0 0.0 924.0 1948.0 -0.39867014 0.99991554 0.001220692 0.15904912 -0.0009695066 0.9999503 16688306608 343.8336
rawdata/DECam_01303180.fits.fz N4 1303180 497.0 60468.16042826 1.25 220.1747707792781 0.07889614240158255 220.18228333333334 0.154 M411 0.043484792 24.36769 0.95318246 1.2143993 22.216179 1.0297246 decam -6.288809 1.6922512 141 object IBIS_deep_desi220_M411_28 0 0.0 924.0 1948.0 0.20711516 1.0002296 0.0012439068 0.0301863 -0.0013121826 1.0000464 15973320516 482.6533
