logs/db-2026-04-18.ecsv
# %ECSV 1.0
# ---
# datatype:
# - {name: filename, datatype: string}
# - {name: extension, datatype: string}
# - {name: expnum, datatype: int64}
# - {name: exptime, datatype: float32}
# - {name: mjd_obs, datatype: float64}
# - {name: airmass, datatype: float32}
# - {name: racenter, datatype: float64}
# - {name: deccenter, datatype: float64}
# - {name: rabore, datatype: float64}
# - {name: decbore, datatype: float64}
# - {name: band, datatype: string}
# - {name: ebv, datatype: float32}
# - {name: zeropoint, datatype: float32}
# - {name: transparency, datatype: float32}
# - {name: seeing, datatype: float32}
# - {name: sky, datatype: float32}
# - {name: expfactor, datatype: float32}
# - {name: camera, datatype: string}
# - {name: dx, datatype: float32}
# - {name: dy, datatype: float32}
# - {name: nmatched, datatype: int64}
# - {name: obstype, datatype: string}
# - {name: object, datatype: string}
# - {name: tileid, datatype: int64}
# - {name: tileebv, datatype: float32}
# - {name: affine_x0, datatype: float32}
# - {name: affine_y0, datatype: float32}
# - {name: affine_dx, datatype: float32}
# - {name: affine_dxx, datatype: float32}
# - {name: affine_dxy, datatype: float32}
# - {name: affine_dy, datatype: float32}
# - {name: affine_dyx, datatype: float32}
# - {name: affine_dyy, datatype: float32}
# - {name: checksum, datatype: string}
# - {name: efftime, datatype: float32}
# schema: astropy-2.0
filename extension expnum exptime mjd_obs airmass racenter deccenter rabore decbore band ebv zeropoint transparency seeing sky expfactor camera dx dy nmatched obstype object tileid tileebv affine_x0 affine_y0 affine_dx affine_dxx affine_dxy affine_dy affine_dyx affine_dyy checksum efftime
[from data line 81]
/home/declsp/obsbot/rawdata/DECam_01476511.fits.fz N4 1476511 232.5686 61149.16942068 1.13 199.92774952303648 -2.7661038331241525 199.93527083333333 -2.691 M517 0.03081008 25.018318 1.0101256 0.90620524 21.744406 0.7060666 decam -10.174284 20.123217 152 object IBIS_wide_M517_534210 534210 0.031213 924.0 1948.0 -0.12636207 0.9999874 0.0007609231 0.3153205 -0.0008997371 1.000016 16082944858 329.3862
/home/declsp/obsbot/rawdata/DECam_01476512.fits.fz N4 1476512 309.3781 61149.1724385 1.13 202.44875178859533 -3.0511038306679477 202.456275 -2.976 M517 0.04020378 25.03001 1.0210613 0.92629 21.73508 0.72812533 decam -19.255194 12.976294 162 object IBIS_wide_M517_531228 531228 0.037249 924.0 1948.0 -0.011406751 0.9999937 0.0009973984 -0.04789078 -0.0008089815 1.0000511 16371612616 424.8968
/home/declsp/obsbot/rawdata/DECam_01476513.fits.fz N4 1476513 233.5086 61149.17633625 1.13 202.8457578563698 -2.7661038331241534 202.85327916666665 -2.691 M517 0.03265944 25.01572 1.0077109 0.9202609 21.732252 0.73979956 decam -8.344324 18.014492 198 object IBIS_wide_M517_534214 534214 0.037351 924.0 1948.0 -0.17142376 1.0002356 0.00093334954 0.12877834 -0.0006297688 1.0000668 16262804570 315.63766
/home/declsp/obsbot/rawdata/DECam_01476514.fits.fz N4 1476514 240.8185 61149.17934236 1.13 201.45174942764137 -2.7811038329949094 201.45927083333333 -2.706 M517 0.036832407 25.016182 1.0081395 0.9675477 21.7358 0.81419075 decam -9.2063675 28.650967 169 object IBIS_wide_M517_534219 534219 0.037156 924.0 1948.0 -0.10064559 1.0001811 0.0008607997 0.029558502 -0.0007899885 1.0001578 16162392640 295.77652
/home/declsp/obsbot/rawdata/DECam_01476515.fits.fz N4 1476515 236.6785 61149.1824578 1.13 201.8447515797928 -2.420103836104497 201.85227083333334 -2.3449999999999998 M517 0.038474794 24.167429 0.4613387 0.9260475 21.727272 3.590598 decam 419.66785 210.68983 13 object IBIS_wide_M517_531234 531234 0.037456 924.0 1948.0 4.4030924 0.99612474 0.00061267917 1.2786485 -0.00044396226 1.0005442 16155097941 65.916176
/home/declsp/obsbot/rawdata/DECam_01476516.fits.fz N4 1476516 211.1787 61149.18557364 1.12 205.31475587813534 -3.0621038305731227 205.32227916666665 -2.987 M517 0.03541204 25.022863 1.0127391 0.8690598 21.72197 0.65757513 decam -4.478397 22.430655 157 object IBIS_wide_M517_531208 531208 0.039775 924.0 1948.0 -0.013066004 1.0002732 0.001008716 0.0733028 -0.0010400794 0.9999007 16067667166 321.14764
/home/declsp/obsbot/rawdata/DECam_01476517.fits.fz N4 1476517 201.4388 61149.18915026 1.13 204.2417495166929 -2.7671038331155375 204.24927083333333 -2.692 M517 0.05335612 25.03181 1.0227559 0.82727736 21.715973 0.5895756 decam -6.2156253 31.044395 164 object IBIS_wide_M517_534215 534215 0.038918 924.0 1948.0 -0.23695701 1.0000349 0.0009302827 0.10521634 -0.0010455535 1.0000563 15993101344 341.66748
/home/declsp/obsbot/rawdata/DECam_01476518.fits.fz N4 1476518 223.7887 61149.19181398 1.13 205.74774956737693 -2.7591038331844655 205.75527083333333 -2.684 M517 0.046876807 25.014372 1.0064609 0.8867974 21.72153 0.69567573 decam -16.65545 28.06549 183 object IBIS_wide_M517_534194 534194 0.041995 924.0 1948.0 -0.36744303 1.0003655 0.00083730335 0.22771515 -0.0009963412 1.0000688 16065316292 321.68536
/home/declsp/obsbot/rawdata/DECam_01476519.fits.fz N4 1476519 223.1487 61149.19473579 1.13 207.15275358154952 -2.7831038329776767 207.16027499999998 -2.708 M517 0.04530402 25.033257 1.0241188 0.91982067 21.686905 0.74612224 decam -5.809676 27.957214 143 object IBIS_wide_M517_534287 534287 0.046307 924.0 1948.0 -0.12729417 1.0003096 0.00104276 0.27880624 -0.0013596816 1.000158 16913192365 299.07794
/home/declsp/obsbot/rawdata/DECam_01476520.fits.fz N4 1476520 223.9686 61149.19762838 1.13 208.44474909292808 -2.8331038325468403 208.45227083333333 -2.758 M517 0.04169973 25.02838 1.019529 0.9182096 21.724695 0.72456443 decam -14.065849 26.274057 168 object IBIS_wide_M517_534282 534282 0.045486 924.0 1948.0 -0.11179918 0.99990225 0.001103569 0.24235025 -0.0011391166 1.0000783 16069175692 309.1079
/home/declsp/obsbot/rawdata/DECam_01476521.fits.fz N4 1476521 108.4493 61149.20052037 1.12 209.24574492941807 -3.414103827537616 209.25327083333335 -3.339 M517 0.042820588 25.02899 1.01847 0.8320107 21.714352 0.60031754 decam -12.650929 23.28981 168 object IBIS_wide_M517_534280 534280 0.0451 924.0 1948.0 -0.09473689 1.00014 0.001140835 0.25317875 -0.0010674666 0.99999803 15706255667 180.65323
/home/declsp/obsbot/rawdata/DECam_01476522.fits.fz N4 1476522 215.9788 61149.2020904 1.12 208.0817475377767 -3.0631038305645015 208.08927083333333 -2.988 M517 0.045464333 25.02697 1.0165764 0.88854 21.716497 0.68555415 decam -18.096102 28.6334 169 object IBIS_wide_M517_531296 531296 0.044667 924.0 1948.0 0.11005691 1.0001127 0.0010662671 0.1240771 -0.001102063 1.0000048 16082217904 315.04266
/home/declsp/obsbot/rawdata/DECam_01476523.fits.fz N4 1476523 227.7087 61149.2049005 1.12 210.31474694683652 -3.6781038252595386 210.322275 -3.6029999999999998 M517 0.050765593 25.031023 1.020379 0.8806907 21.721928 0.66518784 decam -16.063074 24.616808 208 object IBIS_wide_M517_531273 531273 0.0503 924.0 1948.0 -0.022164682 1.0002203 0.0011620327 0.20331022 -0.0013206745 1.0001149 16093644575 342.3224
/home/declsp/obsbot/rawdata/DECam_01476524.fits.fz N4 1476524 259.6385 61149.20785242 1.12 210.54474583045175 -3.297103828546813 210.55227083333332 -3.222 M517 0.058302727 25.0349 1.0240296 0.92395484 21.725998 0.724003 decam -10.351434 25.760017 176 object IBIS_wide_M517_534259 534259 0.062826 924.0 1948.0 -0.05753893 1.0002024 0.0012436247 -0.093451574 -0.0011393154 0.9999472 16163523668 358.6152
/home/declsp/obsbot/rawdata/DECam_01476525.fits.fz N4 1476525 243.1786 61149.21120273 1.12 211.99875365167475 -3.3641038279689264 212.00627916666667 -3.289 M517 0.05869132 25.025557 1.0152537 0.9341415 21.725822 0.7529779 decam -15.396028 23.093727 183 object IBIS_wide_M517_534258 534258 0.059651 924.0 1948.0 -0.16636209 1.0002271 0.0011323177 0.11673443 -0.0010777293 1.0000141 16108584708 322.95584
/home/declsp/obsbot/rawdata/DECam_01476526.fits.fz N4 1476526 249.0886 61149.21433709 1.12 212.32775174656084 -3.0571038306162257 212.335275 -2.982 M517 0.07565462 25.026585 1.0162153 0.9893627 21.693419 0.8683036 decam -18.333876 22.720768 188 object IBIS_wide_M517_531282 531282 0.060562 924.0 1948.0 -0.56257033 0.99984455 0.0012126114 -0.17114456 -0.001126652 1.0000751 16272463725 286.8681
/home/declsp/obsbot/rawdata/DECam_01476527.fits.fz N4 1476527 308.9583 61149.21755506 1.12 213.68274722637975 -3.1071038301851766 213.69027083333333 -3.032 M517 0.06883932 25.033218 1.022443 1.0257473 21.716442 0.90250117 decam -10.224245 18.526518 183 object IBIS_wide_M517_531278 531278 0.059391 924.0 1948.0 -0.22393529 1.0001566 0.0012135716 0.21560086 -0.0013859236 0.99999857 16638475322 342.33563
/home/declsp/obsbot/rawdata/DECam_01476528.fits.fz N4 1476528 268.0988 61149.22145237 1.12 214.0677527324937 -2.913103831857424 214.075275 -2.838 M517 0.060325176 25.022493 1.0123938 0.97728145 21.725655 0.82871586 decam -11.171502 24.819376 204 object IBIS_wide_M517_534264 534264 0.059385 924.0 1948.0 -0.14169158 1.0002352 0.0012936108 0.17033856 -0.0013681138 1.0000205 16296643569 323.5111
/home/declsp/obsbot/rawdata/DECam_01476529.fits.fz N4 1476529 212.6491 61149.22487794 1.12 214.58674662421353 -3.7161038249315252 214.594275 -3.641 M517 0.05081214 25.02347 1.0133053 0.88890755 21.719542 0.6886229 decam -14.611499 23.965725 194 object IBIS_wide_M517_531276 531276 0.048756 924.0 1948.0 -0.12773481 1.0000845 0.0013015872 0.24479662 -0.0013193307 1.0000869 16026138423 308.8034
/home/declsp/obsbot/rawdata/DECam_01476530.fits.fz N4 1476530 236.229 61149.22764354 1.12 215.44974419066685 -3.5071038267352597 215.45727083333333 -3.432 M517 0.049085923 25.032549 1.0218132 0.8419283 21.718433 0.6083555 decam -13.575654 21.989944 209 object IBIS_wide_M517_534244 534244 0.057649 924.0 1948.0 0.09485866 1.000084 0.0011844476 0.0942383 -0.0014615754 0.9999727 16138287039 388.3075
/home/declsp/obsbot/rawdata/DECam_01476531.fits.fz N4 1476531 255.3588 61149.2306883 1.12 217.49574573189707 -3.3101038284346913 217.50327083333332 -3.235 M517 0.08128855 25.036648 1.0256774 0.8656964 21.712667 0.64162683 decam -12.062158 24.037794 192 object IBIS_wide_M517_536970 536970 0.077831 924.0 1948.0 -0.12450597 1.000368 0.0013869173 0.23657906 -0.0014107611 1.0000361 16159194567 397.98645
/home/declsp/obsbot/rawdata/DECam_01476532.fits.fz N4 1476532 272.0787 61149.23396199 1.12 216.9887452022704 -3.3791038278395384 216.99627083333334 -3.304 M517 0.07952874 25.038055 1.0270083 0.8722163 21.697645 0.6586597 decam -11.786787 31.518198 189 object IBIS_wide_M517_539954 539954 0.073791 924.0 1948.0 -0.17596158 1.0002139 0.001384077 0.13019857 -0.0013920965 0.99998355 16244223213 413.0793
/home/declsp/obsbot/rawdata/DECam_01476533.fits.fz N4 1476533 273.1287 61149.23744173 1.12 216.63774009649023 -3.9831038226259827 216.6452708333333 -3.908 M517 0.07760729 25.034874 1.0240036 0.88037944 21.692833 0.6779476 decam -14.323588 36.450424 204 object IBIS_wide_M517_539953 539953 0.070597 924.0 1948.0 -0.09522632 1.0001115 0.0013893715 0.052944414 -0.001367998 1.0000651 16244754882 402.87582
/home/declsp/obsbot/rawdata/DECam_01476534.fits.fz N4 1476534 334.9883 61149.24109101 1.12 218.10174294863035 -3.658103825432166 218.1092708333333 -3.583 M517 0.089607015 25.040537 1.0293589 0.8756943 21.686676 0.6675876 decam -15.356043 36.7595 213 object IBIS_wide_M517_536965 536965 0.089487 924.0 1948.0 -0.071696416 1.0002185 0.001459915 0.22974844 -0.0014583446 1.0000283 16461110562 501.7893
/home/declsp/obsbot/rawdata/DECam_01476535.fits.fz N4 1476535 105.9895 61149.24685156 1.1 218.79071402470626 -6.760103798538849 218.79827916666667 -6.6850000000000005 M517 0.067581825 25.038685 1.0243168 0.86846405 21.673378 0.6670073 decam -3.5641077 1.183277 210 object IBIS_wide_M517_536951 536951 0.065815 924.0 1948.0 -0.11328719 1.0002813 0.0014090316 0.35596314 -0.0014391578 1.0001378 15708199206 158.90306
/home/declsp/obsbot/rawdata/DECam_01476536.fits.fz N4 1476536 130.3098 61149.24842256 1.12 219.52074292342022 -3.6611038254062738 219.52827083333332 -3.586 M517 0.09566522 25.027567 1.0171349 0.8858434 21.66904 0.7110749 decam -13.813808 6.7510242 199 object IBIS_wide_M517_536964 536964 0.09645 924.0 1948.0 -0.2771493 1.0003264 0.0015119336 0.085630015 -0.0013022973 1.0000523 16135853966 183.25749
/home/declsp/obsbot/rawdata/DECam_01476537.fits.fz N4 1476537 308.0593 61149.25025392 1.13 221.63175548116655 -3.1181038300903405 221.63927916666665 -3.043 M517 0.08513505 25.028599 1.0197362 0.9053993 21.687807 0.7286009 decam -9.840492 -0.6234779 213 object IBIS_wide_M517_537529 537529 0.08925 924.0 1948.0 -0.010671019 1.0002024 0.0014520863 0.017939515 -0.0013407521 1.0000554 16380276626 422.80936
/home/declsp/obsbot/rawdata/DECam_01476538.fits.fz N4 1476538 168.4495 61149.2541974 1.09 221.23670105280587 -7.050103796009427 221.24427083333333 -6.975 M517 0.08110027 25.042067 1.0258664 0.8887359 21.661047 0.70199585 decam -3.6127357 -3.5105789 249 object IBIS_wide_M517_539920 539920 0.077544 924.0 1948.0 -0.158406 1.0000349 0.0014107699 0.18609995 -0.0014313081 1.0001619 15916309852 239.95796
/home/declsp/obsbot/rawdata/DECam_01476539.fits.fz N4 1476539 181.1493 61149.25646486 1.1 221.59770946601972 -6.785103798320916 221.605275 -6.71 M517 0.08092535 25.045218 1.030498 0.92986816 21.66696 0.7596735 decam -8.828608 -3.2998085 220 object IBIS_wide_M517_536937 536937 0.076246 924.0 1948.0 -0.2740055 1.0001391 0.001600767 0.3259126 -0.0017886139 1.0000637 15977623187 238.4568
/home/declsp/obsbot/rawdata/DECam_01476540.fits.fz N4 1476540 126.9594 61149.25887358 1.11 220.89072456922702 -6.048103804736427 220.89827916666667 -5.973 M517 0.06456464 25.03394 1.0214852 0.9295254 21.617266 0.8113483 decam -2.728485 3.0398445 205 object IBIS_wide_M517_536939 536939 0.063568 924.0 1948.0 -0.3305281 1.0001172 0.0014852278 0.20767403 -0.0014380626 1.0000554 15804736001 156.47952
/home/declsp/obsbot/rawdata/DECam_01476541.fits.fz N4 1476541 276.5488 61149.26076216 1.14 224.4167667011343 -1.889103840675496 224.42428333333334 -1.814 M517 0.062455226 25.031506 1.02411 0.91304314 21.70291 0.7267805 decam -7.93122 4.1826315 244 object IBIS_wide_M517_537542 537542 0.067099 924.0 1948.0 -0.32806513 1.0001568 0.001653612 0.07184225 -0.0016314231 1.000076 16287217671 380.51215
/home/declsp/obsbot/rawdata/DECam_01476542.fits.fz N4 1476542 133.3393 61149.26429602 1.13 223.64374644448924 -3.737103824750243 223.651275 -3.662 M517 0.106060855 25.036709 1.0273808 0.9232467 21.670218 0.7584772 decam -10.16079 -2.2380438 204 object IBIS_wide_M517_537444 537444 0.10488 924.0 1948.0 -0.2995771 1.0001161 0.0015476574 0.009460368 -0.0015742611 1.0000038 15807799651 175.79868
/home/declsp/obsbot/rawdata/DECam_01476543.fits.fz N4 1476543 261.2288 61149.26615011 1.13 224.3747463618317 -3.2261038291591144 224.38227083333334 -3.151 M517 0.1298628 25.041689 1.0321051 1.005884 21.674406 0.88826287 decam -12.504456 -0.62677884 218 object IBIS_wide_M517_537445 537445 0.12085 924.0 1948.0 -0.38888058 1.0000986 0.0016007896 0.23640062 -0.0017717598 0.99999094 16256717290 294.0895
/home/declsp/obsbot/rawdata/DECam_01476544.fits.fz N4 1476544 376.7484 61149.26948751 1.15 226.1517596708179 -1.5591038435147715 226.159275 -1.484 M517 0.07285712 25.026012 1.0205742 1.0403936 21.70359 0.95200497 decam -11.791315 5.0457044 251 object IBIS_wide_M517_540443 540443 0.070088 924.0 1948.0 -0.17013799 1.0001897 0.0017249025 0.04796738 -0.0014702324 0.999971 16584377951 395.74207
/home/declsp/obsbot/rawdata/DECam_01476545.fits.fz N4 1476545 343.1089 61149.27418616 1.15 225.74776219448216 -1.9661038400128497 225.75527916666664 -1.891 M517 0.0722444 25.028383 1.0228064 0.9418491 21.690914 0.7863228 decam -7.799924 -2.701222 274 object IBIS_wide_M517_537457 537457 0.07281 924.0 1948.0 -0.04329668 1.0000416 0.001475631 0.2873105 -0.0015324276 1.0001001 16540627915 436.3461
/home/declsp/obsbot/rawdata/DECam_01476546.fits.fz N4 1476546 231.3592 61149.27848377 1.14 225.83075173954705 -3.0581038306076045 225.838275 -2.983 M517 0.12842089 25.02873 1.0214955 0.9509057 21.646238 0.83460784 decam -3.9615772 7.8916006 228 object IBIS_wide_M517_537454 537454 0.12833 924.0 1948.0 -0.13825369 1.0004548 0.0015221998 0.18482943 -0.0014278424 0.99989593 16200433964 277.2071
/home/declsp/obsbot/rawdata/DECam_01476547.fits.fz N4 1476547 327.6985 61149.28150167 1.15 227.18276681286184 -1.863103840899233 227.19028333333335 -1.788 M517 0.06976611 25.01597 1.0111791 1.0088543 21.695248 0.9190403 decam -15.722711 -1.2363093 256 object IBIS_wide_M517_537458 537458 0.075369 924.0 1948.0 -0.09876813 1.0001669 0.0016444352 0.15190597 -0.001763218 1.0000622 16414211904 356.56595
/home/declsp/obsbot/rawdata/DECam_01476548.fits.fz N4 1476548 335.3084 61149.28563308 1.17 225.15076444928337 -1.3771038450802826 225.15827916666666 -1.302 M517 0.065468326 25.010998 1.0097904 1.0108398 21.684141 0.9407166 decam -10.605591 8.527634 213 object IBIS_wide_M517_537543 537543 0.065079 924.0 1948.0 -0.20077157 0.99996173 0.0014673005 -0.010434121 -0.0015391678 0.9999757 16554737360 356.43933
/home/declsp/obsbot/rawdata/DECam_01476549.fits.fz N4 1476549 269.2287 61149.28983412 1.18 224.80076824162015 -1.491103844099718 224.80828333333332 -1.416 M517 0.06622095 25.020493 1.0202928 0.9531766 21.681196 0.8244351 decam -19.700481 7.0390897 227 object IBIS_wide_M517_540528 540528 0.063499 924.0 1948.0 0.16707872 1.0000386 0.0015974179 0.21648094 -0.0016133717 1.0000385 16270254330 326.5614
