logs/db-2026-03-26.ecsv
# %ECSV 1.0
# ---
# datatype:
# - {name: filename, datatype: string}
# - {name: extension, datatype: string}
# - {name: expnum, datatype: int64}
# - {name: exptime, datatype: float32}
# - {name: mjd_obs, datatype: float64}
# - {name: airmass, datatype: float32}
# - {name: racenter, datatype: float64}
# - {name: deccenter, datatype: float64}
# - {name: rabore, datatype: float64}
# - {name: decbore, datatype: float64}
# - {name: band, datatype: string}
# - {name: ebv, datatype: float32}
# - {name: zeropoint, datatype: float32}
# - {name: transparency, datatype: float32}
# - {name: seeing, datatype: float32}
# - {name: sky, datatype: float32}
# - {name: expfactor, datatype: float32}
# - {name: camera, datatype: string}
# - {name: dx, datatype: float32}
# - {name: dy, datatype: float32}
# - {name: nmatched, datatype: int64}
# - {name: obstype, datatype: string}
# - {name: object, datatype: string}
# - {name: tileid, datatype: int64}
# - {name: tileebv, datatype: float32}
# - {name: affine_x0, datatype: float32}
# - {name: affine_y0, datatype: float32}
# - {name: affine_dx, datatype: float32}
# - {name: affine_dxx, datatype: float32}
# - {name: affine_dxy, datatype: float32}
# - {name: affine_dy, datatype: float32}
# - {name: affine_dyx, datatype: float32}
# - {name: affine_dyy, datatype: float32}
# - {name: checksum, datatype: string}
# - {name: efftime, datatype: float32}
# schema: astropy-2.0
filename extension expnum exptime mjd_obs airmass racenter deccenter rabore decbore band ebv zeropoint transparency seeing sky expfactor camera dx dy nmatched obstype object tileid tileebv affine_x0 affine_y0 affine_dx affine_dxx affine_dxy affine_dy affine_dyx affine_dyy checksum efftime
[from data line 41]
/home/declsp/obsbot/rawdata/DECam_01466710.fits.fz N4 1466710 444.5774 61126.33261907 1.14 222.70275362850208 -3.3671038279430494 222.71027916666665 -3.292 M517 0.1013544 25.002857 0.9974395 1.027564 21.650219 1.0180285 decam -24.027502 2.299238 256 object IBIS_wide_M517_540513 540513 0.095934 924.0 1948.0 -0.22193506 0.9996871 0.0012967775 0.10282113 -0.00146569 1.0000836 16949750436 436.70428
/home/declsp/obsbot/rawdata/DECam_01466711.fits.fz N4 1466711 248.0885 61126.33807121 1.15 222.9997558921791 -3.0601038305903634 223.00727916666665 -2.985 M517 0.10160892 25.014729 1.0100238 0.99137264 21.634111 0.9411033 decam -27.796694 11.420672 201 object IBIS_wide_M517_537530 537530 0.095946 924.0 1948.0 -0.08468465 1.0003302 0.0014900306 0.10609593 -0.0013484476 1.0000844 16190903373 263.61453
/home/declsp/obsbot/rawdata/DECam_01466712.fits.fz N4 1466712 402.7677 61126.341252 1.16 223.7437596668533 -2.464103835725583 223.75127916666665 -2.3890000000000002 M517 0.08471052 25.018007 1.0147022 1.0622804 21.644894 1.063075 decam -26.260262 17.13367 254 object IBIS_wide_M517_537531 537531 0.084172 924.0 1948.0 -0.039711602 1.0001554 0.0014293692 0.13049176 -0.0014473349 1.0001048 16704747525 378.87045
/home/declsp/obsbot/rawdata/DECam_01466713.fits.fz N4 1466713 435.1074 61126.34628086 1.17 220.21673733513975 -4.27410382011149 220.22427083333332 -4.199 M517 0.09130145 25.014038 1.0126212 1.0629792 21.626955 1.0901452 decam -28.032228 21.486937 251 object IBIS_wide_M517_536958 536958 0.094489 924.0 1948.0 -0.15860257 1.0002898 0.0013310218 0.1380054 -0.0013414669 1.0000147 16964172799 399.1279
/home/declsp/obsbot/rawdata/DECam_01466714.fits.fz N4 1466714 533.7869 61126.35164595 1.18 220.9587469552815 -3.67710382526817 220.966275 -3.602 M517 0.10475247 25.007883 1.008512 1.1853683 21.617786 1.3821154 decam -32.76481 24.574804 223 object IBIS_wide_M517_537528 537528 0.094997 924.0 1948.0 -0.23131795 1.0001603 0.0014498192 0.09339814 -0.0013506751 1.000056 17199487833 386.2101
/home/declsp/obsbot/rawdata/DECam_01466715.fits.fz N4 1466715 417.4775 61126.35858791 1.19 234.27275907499867 1.7178961283082241 234.280275 1.793 M517 0.055420876 25.001228 1.0039579 1.1793032 21.67608 1.3125074 decam -23.740427 21.90288 305 object IBIS_wide_M517_537514 537514 0.059351 924.0 1948.0 -0.42973527 1.0000119 0.0017104818 0.06797976 -0.0018081734 0.9999427 16849881512 318.07632
/home/declsp/obsbot/rawdata/DECam_01466716.fits.fz N4 1466716 800.0 61126.3637467 1.19 234.98376101522257 1.1208961334432652 234.991275 1.196 M517 0.0797212 25.001701 1.0043955 1.4135034 21.6788 1.8781927 decam -26.892519 13.87812 320 object IBIS_wide_M517_537492 537492 0.083575 924.0 1948.0 0.007137463 1.0002277 0.0018532549 0.072872795 -0.0016168918 1.0000607 18003397679 425.9414
/home/declsp/obsbot/rawdata/DECam_01466718.fits.fz N4 1466718 235.5886 61126.37397764 1.19 237.81576096605633 1.1398961332798767 237.823275 1.215 M517 0.090149626 25.005358 1.0077837 1.3581347 21.677786 1.7240828 decam -30.706347 10.085682 310 object IBIS_wide_M517_537656 537656 0.1001 924.0 1948.0 -0.19755189 1.0001079 0.0018845452 0.16934882 -0.0019999535 1.0000806 16210937163 136.64575
/home/declsp/obsbot/rawdata/DECam_01466719.fits.fz N4 1466719 637.2562 61126.37705763 1.19 241.30175916488028 1.6948961285061084 241.309275 1.77 M517 0.12140863 25.015745 1.0174707 1.2359302 21.676897 1.402262 decam -22.912977 14.994772 360 object IBIS_wide_M517_537332 537332 0.11052 924.0 1948.0 -0.024282781 1.0002166 0.0019894375 0.12239878 -0.0020823772 1.000125 17539682738 454.44876
/home/declsp/obsbot/rawdata/DECam_01466720.fits.fz N4 1466720 494.127 61126.38476976 1.19 242.39576794748467 1.5748961295384758 242.40328333333332 1.65 M517 0.102769926 25.004139 1.0066518 1.1059282 21.691843 1.131825 decam -29.490833 4.0856857 394 object IBIS_wide_M517_540316 540316 0.097053 924.0 1948.0 -0.33078572 1.0003358 0.0018857904 0.15392926 -0.0019486344 1.0000383 18796512021 436.57547
/home/declsp/obsbot/rawdata/DECam_01466721.fits.fz N4 1466721 384.2676 61126.39081125 1.2 242.90675839461773 1.8828961268884723 242.914275 1.958 M517 0.09336307 25.006214 1.0101956 1.0329741 21.695208 0.9809096 decam -27.534601 9.265265 445 object IBIS_wide_M517_537341 537341 0.088638 924.0 1948.0 -0.28960615 1.0002306 0.0018773248 0.16209848 -0.0018548751 1.0000538 16675155302 391.74622
/home/declsp/obsbot/rawdata/DECam_01466722.fits.fz N4 1466722 497.2469 61126.39558356 1.2 243.26476519979462 1.1138961335034605 243.27227916666664 1.189 M517 0.09400219 25.006071 1.0100623 1.0992999 21.65093 1.1571449 decam -24.563698 8.381697 491 object IBIS_wide_M517_537335 537335 0.098665 924.0 1948.0 -0.2830609 1.0003339 0.0019141366 0.07839844 -0.0018782103 1.0000097 17095285511 429.71878
/home/declsp/obsbot/rawdata/DECam_01466723.fits.fz N4 1466723 150.0 61126.40256403 1.2 220.0445840982025 -26.564400555112847 220.05298333333334 -26.489296944444444 M464 0.10384992 24.869064 0.96087205 1.1678736 21.499966 1.6882461 decam -47.43888 14.821621 674 object "NGC5694 position 8" 0 0.0 924.0 1948.0 0.85118777 1.0003308 0.0014149466 -0.19672926 -0.001290925 1.0003846 15981706304 88.8496
/home/declsp/obsbot/rawdata/DECam_01466724.fits.fz N4 1466724 150.0 61126.40464015 1.22 219.73500141763347 -26.555492499653003 219.74339999999998 -26.48038888888889 M464 0.09770926 24.863127 0.95956546 1.170521 21.278248 2.1029828 decam -41.436016 4.518638 635 object "NGC5694 position 9" 0 0.0 924.0 1948.0 -1.2236984 1.0001193 0.0013981919 -0.12561546 -0.0013324638 0.9999487 16073360809 71.32726
/home/declsp/obsbot/rawdata/DECam_01466725.fits.fz N4 1466725 150.0 61126.4067271 1.22 219.96963217809295 -26.760135553006076 219.9780458333333 -26.685031944444443 M464 0.10175493 24.866243 0.96232414 1.2502149 20.9232 3.3073018 decam -51.328396 9.801001 398 object "NGC5694 position 10" 0 0.0 924.0 1948.0 -0.3134593 1.0002106 0.0016024826 -0.017689252 -0.0014566088 1.0001917 16760419017 45.35419
/home/declsp/obsbot/rawdata/DECam_01466726.fits.fz N4 1466726 150.0 61126.40879407 1.23 219.9496422767169 -26.45248972298082 219.95803333333333 -26.37738611111111 M464 0.09881023 24.860825 0.9595024 1.1711763 20.510054 4.28983 decam -43.03874 7.747721 530 object "NGC5694 position 11" 0 0.0 924.0 1948.0 0.1478425 1.0001812 0.0015470124 0.46988687 -0.0015245962 1.0001998 16693131853 34.96642
/home/declsp/obsbot/rawdata/DECam_01466727.fits.fz N4 1466727 150.0 61126.41084941 1.25 219.72198643742175 -26.70252860918243 219.73039583333335 -26.627425 M464 0.09423946 24.874395 0.97556865 1.0925536 19.999659 5.827766 decam -39.266346 6.978341 397 object "NGC5694 position 12" 0 0.0 924.0 1948.0 0.018091882 1.0001143 0.0015160415 -0.059705548 -0.001514823 1.0002747 17503530935 25.738852
/home/declsp/obsbot/rawdata/DECam_01466728.fits.fz N4 1466728 150.0 61126.41291941 1.25 220.09403589600333 -26.653360554156233 220.10244166666666 -26.578256944444444 M464 0.10238541 24.866938 0.9688915 1.0678562 19.434526 9.499542 decam -32.973938 -4.638722 361 object "NGC5694 position 13" 0 0.0 924.0 1948.0 -0.27766338 0.9999472 0.0015728123 0.07017616 -0.0014499207 1.000366 19029856606 15.790235
/home/declsp/obsbot/rawdata/DECam_01466729.fits.fz N4 1466729 15.0 61126.415887 1.84 189.70078795747543 -49.79143632983654 189.712425 -49.71633305555556 M464 0.12849489 24.73373 0.96743137 1.4459585 18.475698 53.783825 decam -23.908567 -14.115818 577 object "LTT4861 N4" 0 0.0 924.0 1948.0 0.12048124 1.0000175 0.00089628925 0.29571185 -0.0010002527 1.0004323 16215276007 0.27889425
/home/declsp/obsbot/rawdata/DECam_01466730.fits.fz N4 1466730 15.0 61126.41637506 1.86 189.21964629080875 -49.79143632983654 189.23128333333335 -49.71633305555556 M464 0.123391315 24.740768 0.97773063 1.1771266 18.325676 40.4232 decam -32.619457 -26.9165 564 object "LTT4861 N5" 0 0.0 924.0 1948.0 -0.20750014 0.9998515 0.0008373003 0.12398392 -0.0010904872 1.0005268 16342113579 0.37107405
/home/declsp/obsbot/rawdata/DECam_01466731.fits.fz N4 1466731 15.0 61126.41684073 1.84 190.1818893914288 -49.95810327083149 190.19356666666667 -49.883 M464 0.13002166 24.732767 0.96657383 1.3637097 18.199028 61.84252 decam -38.29024 -26.068483 524 object "LTT4861 S3" 0 0.0 924.0 1948.0 -0.11355709 1.0002112 0.00091905636 -0.14928354 -0.0009738405 1.0003346 16463476842 0.24255157
/home/declsp/obsbot/rawdata/DECam_01466732.fits.fz N4 1466732 15.0 61126.41730458 1.86 189.70074772476212 -49.95810327083149 189.712425 -49.883 M464 0.11683266 24.73825 0.9754659 1.2906561 18.050747 62.872227 decam -39.42943 -33.223972 559 object "LTT4861 S4" 0 0.0 924.0 1948.0 0.0024924786 1.0000702 0.00095943065 -0.051866468 -0.000871439 1.0004944 16623136212 0.23857911
/home/declsp/obsbot/rawdata/DECam_01466733.fits.fz N4 1466733 15.0 61126.41777386 1.88 189.21960605809545 -49.95810327083149 189.23128333333335 -49.883 M464 0.12251485 24.729069 0.9712326 1.3695946 17.899832 82.72949 decam -34.587807 -25.468891 493 object "LTT4861 S5" 0 0.0 924.0 1948.0 0.03098469 0.9996805 0.00080048473 -0.20794412 -0.00076865766 1.0003326 16807733454 0.18131381
/home/declsp/obsbot/rawdata/DECam_01466734.fits.fz N4 1466734 15.0 61126.41823948 1.87 189.70078795747543 -49.79143632983654 189.712425 -49.71633305555556 M517 0.12849489 24.921427 1.040214 1.263329 18.005129 51.286804 decam -39.26426 -24.088507 633 object "LTT4861 N4" 0 0.0 924.0 1948.0 0.07812841 1.0000159 0.0008967941 0.28636402 -0.0009539754 1.0004513 16768747365 0.2924729
/home/declsp/obsbot/rawdata/DECam_01466735.fits.fz N4 1466735 15.0 61126.41871065 1.89 189.21964629080875 -49.79143632983654 189.23128333333335 -49.71633305555556 M517 0.123391315 24.912407 1.0349205 1.2619578 17.851404 59.947235 decam -47.29786 -25.163734 557 object "LTT4861 N5" 0 0.0 924.0 1948.0 -0.3153919 0.9997572 0.00083211175 -0.07137336 -0.0011429673 1.0005705 16984003800 0.25022006
/home/declsp/obsbot/rawdata/DECam_01466736.fits.fz N4 1466736 15.0 61126.41919188 1.86 190.1818893914288 -49.95810327083149 190.19356666666667 -49.883 M517 0.13002166 24.942238 1.0586467 1.0653697 17.717077 45.79547 decam -37.423054 -19.311922 625 object "LTT4861 S3" 0 0.0 924.0 1948.0 -0.16114703 1.0002906 0.0009921225 0.26284242 -0.00092367275 1.0004401 17198194702 0.32754332
/home/declsp/obsbot/rawdata/DECam_01466737.fits.fz N4 1466737 15.0 61126.41968035 1.88 189.70074772476212 -49.95810327083149 189.712425 -49.883 M517 0.11683266 24.931213 1.051316 1.1752539 17.556679 65.90115 decam -51.83894 -26.73286 614 object "LTT4861 S4" 0 0.0 924.0 1948.0 -0.1643897 0.9999093 0.0010211341 -0.22085449 -0.0009040624 1.0005533 17489437687 0.22761361
/home/declsp/obsbot/rawdata/DECam_01466738.fits.fz N4 1466738 15.0 61126.42015518 1.91 189.21960605809545 -49.95810327083149 189.23128333333335 -49.883 M517 0.12251485 24.922678 1.0481108 1.2337639 17.39889 85.303024 decam -52.626476 -16.702322 538 object "LTT4861 S5" 0 0.0 924.0 1948.0 -0.25826135 0.99988353 0.0009933864 -0.13599536 -0.00070543017 1.0006671 17815905832 0.1758437
/home/declsp/obsbot/rawdata/DECam_01466739.fits.fz N4 1466739 15.0 61126.42184599 1.12 234.74177384719718 -28.584297477454864 234.7503291666667 -28.509193888888888 M517 0.11373475 25.039392 1.0282745 1.2877448 17.49113 68.83874 decam -80.57586 13.275067 360 object "LTT6248 N4" 0 0.0 924.0 1948.0 -0.32692057 1.000395 0.0020857325 -0.08841328 -0.0018133887 1.0001804 17634536637 0.21790057
/home/declsp/obsbot/rawdata/DECam_01466740.fits.fz N4 1466740 15.0 61126.4223348 1.12 234.38807384719718 -28.584297477454868 234.39662916666666 -28.509193888888888 M517 0.22622195 25.124392 1.1120089 0.9882544 17.331388 40.203857 decam -70.855606 14.272777 259 object "LTT6248 N5" 0 0.0 924.0 1948.0 -0.2700983 1.0000288 0.0020721552 -0.20872788 -0.002188002 1.0002437 17977747077 0.37309852
