logs/db-2025-03-27.ecsv
# %ECSV 1.0
# ---
# datatype:
# - {name: filename, datatype: string}
# - {name: extension, datatype: string}
# - {name: expnum, datatype: int64}
# - {name: exptime, datatype: float32}
# - {name: mjd_obs, datatype: float64}
# - {name: airmass, datatype: float32}
# - {name: racenter, datatype: float64}
# - {name: deccenter, datatype: float64}
# - {name: rabore, datatype: float64}
# - {name: decbore, datatype: float64}
# - {name: band, datatype: string}
# - {name: ebv, datatype: float32}
# - {name: zeropoint, datatype: float32}
# - {name: transparency, datatype: float32}
# - {name: seeing, datatype: float32}
# - {name: sky, datatype: float32}
# - {name: expfactor, datatype: float32}
# - {name: camera, datatype: string}
# - {name: dx, datatype: float32}
# - {name: dy, datatype: float32}
# - {name: nmatched, datatype: int64}
# - {name: obstype, datatype: string}
# - {name: object, datatype: string}
# - {name: tileid, datatype: int64}
# - {name: tileebv, datatype: float32}
# - {name: affine_x0, datatype: float32}
# - {name: affine_y0, datatype: float32}
# - {name: affine_dx, datatype: float32}
# - {name: affine_dxx, datatype: float32}
# - {name: affine_dxy, datatype: float32}
# - {name: affine_dy, datatype: float32}
# - {name: affine_dyx, datatype: float32}
# - {name: affine_dyy, datatype: float32}
# - {name: checksum, datatype: string}
# - {name: efftime, datatype: float32}
# schema: astropy-2.0
filename extension expnum exptime mjd_obs airmass racenter deccenter rabore decbore band ebv zeropoint transparency seeing sky expfactor camera dx dy nmatched obstype object tileid tileebv affine_x0 affine_y0 affine_dx affine_dxx affine_dxy affine_dy affine_dyx affine_dyy checksum efftime
rawdata/DECam_01374742.fits.fz N4 1374742 5.0 60761.97678922 1.0 104.67354556758141 -31.072881615688008 104.68231666666667 -30.997778055555557 r 0.13443528 26.374386 0.6645907 1.635076 15.897093 669.6721 decam -13.396587 -29.616648 267 object pointing 0 0.0 924.0 1948.0 -0.06289104 1.000005 -0.0028744396 0.4648988 0.002919471 1.0000638 32352021736 0.0074663404
rawdata/DECam_01374743.fits.fz N4 1374743 30.0 60761.97814171 1.0 104.67354556758141 -31.072881615688008 104.68231666666667 -30.997778055555557 r 0.13443528 25.866848 0.416427 1.2787158 16.251139 753.365 decam -17.807055 12.917726 356 object pointing 0 0.0 924.0 1948.0 -0.013199835 0.99994826 -0.00288534 0.028940044 0.0024781665 0.9999631 88448616222 0.039821334
rawdata/DECam_01374744.fits.fz N4 1374744 150.0 60761.98057799 1.11 136.96453759435042 -37.21315959401179 136.97397083333334 -37.13805611111111 M517 0.32769462 24.231516 0.48782307 1.5608907 18.313736 209.87848 decam -36.569767 20.148088 868 object "Pyxis M517" 0 0.0 924.0 1948.0 0.27311954 0.9997665 -0.0020356353 0.036705185 0.0023149732 0.99997777 26023887327 0.7146993
rawdata/DECam_01374745.fits.fz N4 1374745 150.0 60761.98267238 1.1 136.9978458367654 -37.37982542508124 137.0073 -37.304721944444445 M517 0.3276871 23.61512 0.27606288 1.4332232 18.611502 418.7397 decam -37.68558 12.974859 654 object "Pyxis M517" 0 0.0 924.0 1948.0 0.16201851 1.0002234 -0.0018190676 -0.011038245 0.0021951995 0.9999838 23463124011 0.35821778
rawdata/DECam_01374746.fits.fz N4 1374746 150.0 60761.98476892 1.09 136.68119905229673 -37.22149237167661 136.69063333333332 -37.146388888888886 M517 0.3887554 24.704721 0.75188684 1.5498223 19.54468 27.851648 decam -34.474266 13.902807 1153 object "Pyxis M517" 0 0.0 924.0 1948.0 0.5728146 1.0001544 -0.0020591249 -0.3365356 0.0021179668 1.0000541 18967508839 5.385678
rawdata/DECam_01374747.fits.fz N4 1374747 150.0 60761.98686509 1.09 136.66451561923702 -37.38815959163442 136.67397083333333 -37.31305611111111 M517 0.4292886 24.731632 0.7707556 1.4421866 20.03576 14.602924 decam -31.65335 10.267937 1263 object "Pyxis M517" 0 0.0 924.0 1948.0 0.3496512 0.9999931 -0.0019490818 -0.025338564 0.0019199357 1.0001382 17833755633 10.271915
rawdata/DECam_01374748.fits.fz N4 1374748 150.0 60761.9889631 1.09 137.29236467737718 -37.196492372015406 137.30179583333333 -37.12138888888889 M517 0.30323255 24.910212 0.9085492 1.4302796 20.58338 6.242176 decam -31.65152 9.454337 1497 object "Pyxis M517" 0 0.0 924.0 1948.0 0.08718389 1.0000057 -0.0020029973 -0.27556506 0.0019619432 1.0000219 16858187149 24.030083
rawdata/DECam_01374749.fits.fz N4 1374749 150.0 60761.99106161 1.08 136.96453759435042 -37.21315959401179 136.97397083333334 -37.13805611111111 M490 0.32769462 24.813044 0.87000513 1.5155177 20.864573 5.8994913 decam -26.550678 9.220049 1735 object "Pyxis M490" 0 0.0 924.0 1948.0 0.4247111 0.99997824 -0.0021053273 -0.38778222 0.0020363333 1.0000112 16479334446 25.42592
rawdata/DECam_01374750.fits.fz N4 1374750 150.0 60761.99314685 1.08 136.9978458367654 -37.37982542508124 137.0073 -37.304721944444445 M490 0.3276871 24.836445 0.8889593 1.4268122 21.001337 4.416324 decam -29.603804 6.961127 1438 object "Pyxis M490" 0 0.0 924.0 1948.0 0.31634486 1.000043 -0.0020194817 0.01062364 0.0021506348 1.000092 16805661684 33.964897
rawdata/DECam_01374751.fits.fz N4 1374751 60.0 60761.99763789 1.49 150.09375883696464 2.606896120655282 150.10127916666667 2.682 g 0.019469626 26.497055 0.97306466 2.051971 21.264412 7.5986314 decam -0.45926216 52.34577 102 object COSMOS 0 0.0 924.0 1948.0 0.3507525 1.000147 -0.0014344093 -0.052700624 0.0011056628 0.999841 16705980773 7.8961587
rawdata/DECam_01374752.fits.fz N4 1374752 500.0 60761.99916659 1.47 150.6847632140693 1.724896128247997 150.69227916666668 1.8 M490 0.021425394 24.95486 1.0640948 1.85361 21.489656 3.8201885 decam -4.677714 43.236248 111 object IBIS_deep_cosmos_M490_49 0 0.0 924.0 1948.0 0.15285605 1.0000097 -0.001366257 -0.34892324 0.0015140183 1.0002447 17371896245 130.88359
rawdata/DECam_01374753.fits.fz N4 1374753 500.0 60762.00533319 1.43 150.6847632140693 1.724896128247997 150.69227916666668 1.8 M517 0.021425394 24.98636 1.0291349 1.6302271 21.413795 3.2793052 decam 1.7638545 -17.100151 122 object IBIS_deep_cosmos_M517_49 0 0.0 924.0 1948.0 0.06539594 0.9999726 -0.0015613378 -0.38796994 0.001299735 1.0000145 17621278220 152.47133
rawdata/DECam_01374754.fits.fz N4 1374754 500.0 60762.01147691 1.4 150.8717662988135 1.9798961260537071 150.87928333333332 2.055 M464 0.020013163 24.865204 0.9976109 1.7344493 21.6713 3.199523 decam 4.8984485 -8.925501 124 object IBIS_deep_cosmos_M464_50 0 0.0 924.0 1948.0 0.3781939 1.000057 -0.001610044 -0.2565136 0.00095591333 1.0001452 16904114697 156.2733
rawdata/DECam_01374755.fits.fz N4 1374755 500.0 60762.01763946 1.37 150.8717662988135 1.9798961260537071 150.87928333333332 2.055 M438 0.020013163 24.70624 1.0160153 1.7421827 21.676094 3.1666427 decam 2.89593 -22.422539 108 object IBIS_deep_cosmos_M438_50 0 0.0 924.0 1948.0 0.49964398 1.0001466 -0.0016576529 0.0018627687 0.0012393219 1.000135 16678594407 157.89594
rawdata/DECam_01374756.fits.fz N4 1374756 500.0 60762.02379046 1.34 150.8717662988135 1.9798961260537071 150.87928333333332 2.055 M490 0.020013163 24.96833 1.0522625 1.7971559 21.65422 3.010499 decam -2.2095258 -29.688038 124 object IBIS_deep_cosmos_M490_50 0 0.0 924.0 1948.0 0.26025707 1.0001111 -0.0014487176 0.02459649 0.0012473529 1.0000288 16970766899 166.08542
rawdata/DECam_01374757.fits.fz N4 1374757 500.0 60762.02994396 1.31 150.8717662988135 1.9798961260537071 150.87928333333332 2.055 M517 0.020013163 24.99009 1.013005 1.8920598 21.545614 3.8845415 decam -1.2463917 -38.28214 128 object IBIS_deep_cosmos_M517_50 0 0.0 924.0 1948.0 0.33011925 1.0001 -0.0015438774 -0.041400384 0.0014672509 1.0001006 17215639370 128.71532
rawdata/DECam_01374758.fits.fz N4 1374758 500.0 60762.03610345 1.29 150.93976062633504 2.2878961234024398 150.94727916666665 2.363 M438 0.02308691 24.737276 1.0246564 1.834384 21.748688 3.1009216 decam -3.9969187 -22.583357 108 object IBIS_deep_cosmos_M438_51 0 0.0 924.0 1948.0 -0.09177577 1.0003304 -0.0015568084 -0.07476708 0.0011244072 0.99991745 16610493311 161.24239
rawdata/DECam_01374759.fits.fz N4 1374759 462.1674 60762.04224713 1.27 150.93976062633504 2.2878961234024398 150.94727916666665 2.363 M517 0.02308691 25.01572 1.0305768 1.441892 21.557333 2.129916 decam -10.479254 -27.237999 137 object IBIS_deep_cosmos_M517_51 0 0.0 924.0 1948.0 -0.15698443 1.0005902 -0.0013676638 -0.033760495 0.001053127 0.99995387 17091249994 216.98856
rawdata/DECam_01374760.fits.fz N4 1374760 500.0 60762.04795717 1.26 150.8877547061129 2.600896120706965 150.895275 2.676 M438 0.022128496 24.769426 1.0475206 1.681072 21.760239 2.4288661 decam -7.6348853 -13.079437 115 object IBIS_deep_cosmos_M438_52 0 0.0 924.0 1948.0 0.23182262 1.0003432 -0.0015594012 0.061348166 0.0013764132 0.9997979 16623976460 205.85738
rawdata/DECam_01374761.fits.fz N4 1374761 500.0 60762.0541471 1.24 150.8877547061129 2.600896120706965 150.895275 2.676 M490 0.022128496 25.013367 1.0771071 1.6121612 21.706263 2.125786 decam -19.050228 -18.932278 135 object IBIS_deep_cosmos_M490_52 0 0.0 924.0 1948.0 0.38275635 1.0002661 -0.0015692377 0.061522376 0.0015266383 0.99986297 16984100900 235.20712
rawdata/DECam_01374762.fits.fz N4 1374762 500.0 60762.06029884 1.23 150.73374880621685 2.8768961183290207 150.74127083333335 2.952 M464 0.02164143 24.885958 0.9819727 2.0825586 21.798683 3.947187 decam -5.124075 -15.360461 128 object IBIS_deep_cosmos_M464_53 0 0.0 924.0 1948.0 0.015285359 0.9999595 -0.0014488155 -0.20824824 0.0014675373 0.999791 16788938652 126.67249
rawdata/DECam_01374763.fits.fz N4 1374763 500.0 60762.0664606 1.22 150.73374880621685 2.8768961183290207 150.74127083333335 2.952 M490 0.02164143 24.990955 1.0512792 2.0531347 21.703215 3.6018481 decam -6.4668202 -23.336983 138 object IBIS_deep_cosmos_M490_53 0 0.0 924.0 1948.0 0.03459176 1.000248 -0.0014650056 -0.18538117 0.0012143037 0.99979806 16940540161 138.81763
rawdata/DECam_01374764.fits.fz N4 1374764 500.0 60762.07260862 1.21 150.73374880621685 2.8768961183290207 150.74127083333335 2.952 M517 0.02164143 24.990767 0.9975214 1.8050315 21.590086 3.3895323 decam -4.7719483 -41.48306 145 object IBIS_deep_cosmos_M517_53 0 0.0 924.0 1948.0 -0.13343461 1.0001354 -0.001541129 -0.28178412 0.0013327833 0.99986017 17194054556 147.51299
rawdata/DECam_01374765.fits.fz N4 1374765 500.0 60762.0787652 1.21 150.498755682027 3.089896116493085 150.50627916666667 3.165 M438 0.02142588 24.768877 1.033911 1.6152675 21.78497 2.1943138 decam 0.34855416 -11.021747 106 object IBIS_deep_cosmos_M438_54 0 0.0 924.0 1948.0 0.44460362 0.99989974 -0.0013876565 -0.29408646 0.0016375525 0.9999949 16598923337 227.86168
rawdata/DECam_01374766.fits.fz N4 1374766 498.2073 60762.08492417 1.2 150.498755682027 3.089896116493085 150.50627916666667 3.165 M517 0.02142588 25.025179 1.0279956 1.5467038 21.596905 2.321924 decam -2.2393467 -22.749197 131 object IBIS_deep_cosmos_M517_54 0 0.0 924.0 1948.0 0.07808322 0.99988866 -0.0014908458 -0.21995868 0.0016491921 0.99995315 17214673834 214.56657
rawdata/DECam_01374767.fits.fz N4 1374767 500.0 60762.09104737 1.2 150.2107547188978 3.2228961153463325 150.2182791666667 3.298 M438 0.024321321 24.762812 1.0255692 1.5396975 21.792744 2.0020053 decam 2.4896848 -1.9958941 131 object IBIS_deep_cosmos_M438_55 0 0.0 924.0 1948.0 -0.08432084 1.0001878 -0.0016340576 -0.22009423 0.0015335572 0.9999718 16706762513 249.74959
rawdata/DECam_01374768.fits.fz N4 1374768 500.0 60762.09719574 1.2 150.2107547188978 3.2228961153463325 150.2182791666667 3.298 M490 0.024321321 24.989662 1.0462235 1.8845798 21.703579 3.0412893 decam -1.5179993 -14.396479 143 object IBIS_deep_cosmos_M490_55 0 0.0 924.0 1948.0 0.111137986 1.0002136 -0.001678741 -0.22450316 0.0016163761 0.9999552 17188113924 164.40395
rawdata/DECam_01374769.fits.fz N4 1374769 500.0 60762.10334077 1.2 149.8957543837903 3.2678961149582664 149.90327916666666 3.343 M464 0.02175222 24.914356 1.001804 1.4378192 21.769249 1.8358327 decam -2.0290809 6.825329 129 object IBIS_deep_cosmos_M464_56 0 0.0 924.0 1948.0 -0.06070972 1.0000926 -0.0015792756 -0.11871839 0.0015317856 0.9999811 16834697243 272.35596
rawdata/DECam_01374770.fits.fz N4 1374770 500.0 60762.10947677 1.2 149.8957543837903 3.2678961149582664 149.90327916666666 3.343 M490 0.02175222 24.989784 1.0463415 1.5468016 21.668737 2.1158514 decam -2.766843 -0.85688925 138 object IBIS_deep_cosmos_M490_56 0 0.0 924.0 1948.0 0.050253194 1.0000088 -0.00164284 -0.04466688 0.0014648522 1.0000229 17012600161 236.3115
rawdata/DECam_01374771.fits.fz N4 1374771 500.0 60762.11562854 1.2 149.58075468929957 3.2268961153118405 149.58827916666667 3.302 M464 0.029390736 24.89411 0.98329514 1.7959536 21.772655 2.962513 decam 1.725905 7.9561725 109 object IBIS_deep_cosmos_M464_57 0 0.0 924.0 1948.0 0.22482438 1.0003577 -0.0016816523 -0.28731638 0.0019023226 0.99995226 16825757302 168.77562
rawdata/DECam_01374772.fits.fz N4 1374772 500.0 60762.12176964 1.21 149.58075468929957 3.2268961153118405 149.58827916666667 3.302 M490 0.029390736 24.993025 1.0513754 1.9989603 21.677387 3.4832857 decam 9.229786 -0.18995883 108 object IBIS_deep_cosmos_M490_57 0 0.0 924.0 1948.0 0.061371863 0.99954623 -0.0014506181 -0.5439744 0.001623518 1.000108 16998155042 143.54263
rawdata/DECam_01374773.fits.fz N4 1374773 500.0 60762.12790631 1.22 149.58075468929957 3.2268961153118405 149.58827916666667 3.302 M517 0.029390736 25.006252 1.013475 1.7236757 21.539204 3.148303 decam 5.733128 -12.180329 121 object IBIS_deep_cosmos_M517_57 0 0.0 924.0 1948.0 0.4458442 0.9997334 -0.0016230206 -0.39254582 0.0017144007 0.9999136 17288485569 158.8157
rawdata/DECam_01374774.fits.fz N4 1374774 500.0 60762.13404834 1.23 149.28774724211056 3.104896116363767 149.29527083333332 3.18 M438 0.029140174 24.714502 0.98836356 2.3567202 21.753416 5.3128357 decam 4.700386 18.162096 103 object IBIS_deep_cosmos_M438_58 0 0.0 924.0 1948.0 0.035736915 1.0004349 -0.001656712 -0.36562014 0.00203023 0.9999795 16620883459 94.1117
rawdata/DECam_01374775.fits.fz N4 1374775 500.0 60762.14022708 1.24 149.28774724211056 3.104896116363767 149.29527083333332 3.18 M517 0.029140174 24.987144 0.99899185 2.1292992 21.52231 5.0530725 decam -1.563244 0.85150844 125 object IBIS_deep_cosmos_M517_58 0 0.0 924.0 1948.0 0.14984109 1.0002531 -0.0017293714 -0.08349123 0.0014736553 0.9998418 17321874958 98.9497
rawdata/DECam_01374776.fits.fz N4 1374776 500.0 60762.14636737 1.26 149.03375272051596 2.914896118001535 149.041275 2.99 M438 0.02372153 24.72375 1.0043657 2.1619022 21.717468 4.543601 decam -0.3625665 18.112894 93 object IBIS_deep_cosmos_M438_59 0 0.0 924.0 1948.0 -0.020850057 1.0004771 -0.0016703566 -0.29158366 0.0017972039 1.0000365 16738838363 110.04487
rawdata/DECam_01374777.fits.fz N4 1374777 500.0 60762.15251877 1.27 149.03375272051596 2.914896118001535 149.041275 2.99 M490 0.02372153 24.97069 1.0412418 2.058107 21.633936 4.004514 decam 4.5866756 8.690589 109 object IBIS_deep_cosmos_M490_59 0 0.0 924.0 1948.0 0.1012378 1.0004475 -0.0016741588 -0.25587344 0.001861639 1.0000397 17170174155 124.85909
rawdata/DECam_01374778.fits.fz N4 1374778 500.0 60762.15868055 1.29 148.83275429536044 2.6688961201211954 148.840275 2.7439999999999998 M464 0.02940631 24.886246 0.99441165 1.849279 21.741943 3.2781746 decam -1.7487158 11.758251 124 object IBIS_deep_cosmos_M464_60 0 0.0 924.0 1948.0 0.260548 1.000204 -0.0017556489 -0.060473263 0.0020501297 1.0000521 16916949882 152.52391
rawdata/DECam_01374779.fits.fz N4 1374779 500.0 60762.16482216 1.32 148.83275429536044 2.6688961201211954 148.840275 2.7439999999999998 M490 0.02940631 24.959824 1.0402683 1.89568 21.634018 3.4661686 decam 3.8688965 5.464946 126 object IBIS_deep_cosmos_M490_60 0 0.0 924.0 1948.0 0.1549058 1.0002934 -0.0017886705 -0.07041146 0.0018703337 1.0000043 17124794446 144.2515
rawdata/DECam_01374780.fits.fz N4 1374780 500.0 60762.17717559 1.36 148.62076309050707 1.7558961279812735 148.62827916666666 1.831 M438 0.026393529 24.663084 0.97397023 2.2877846 21.681513 5.8809633 decam 2.9347005 -0.095262 121 object IBIS_deep_cosmos_M438_63 0 0.0 924.0 1948.0 0.3577537 0.9997852 -0.0017717312 -0.2310594 0.0018229124 1.0000813 16751589148 85.02009
rawdata/DECam_01374781.fits.fz N4 1374781 500.0 60762.18334051 1.39 148.6857600602948 1.4458961306481382 148.693275 1.521 M464 0.026158934 24.804478 0.9414106 2.3058147 21.67888 6.2777123 decam -6.394207 -1.0500262 124 object IBIS_deep_cosmos_M464_64 0 0.0 924.0 1948.0 0.12154683 1.0001156 -0.0017551688 -0.2571405 0.0020824724 1.0000691 16943441406 79.64685
rawdata/DECam_01374782.fits.fz N4 1374782 500.0 60762.18950045 1.42 148.6857600602948 1.4458961306481382 148.693275 1.521 M438 0.026158934 24.647474 0.9746616 2.01338 21.633278 4.9013076 decam -6.2051783 -2.5390387 118 object IBIS_deep_cosmos_M438_64 0 0.0 924.0 1948.0 0.23742326 0.9998859 -0.0017691627 -0.38638785 0.0021323536 1.0000708 16752915895 102.01359
rawdata/DECam_01374783.fits.fz N4 1374783 500.0 60762.19566351 1.45 148.8117609292994 1.1538961331594837 148.81927499999998 1.229 M464 0.024043811 24.834156 0.97949475 1.8155208 21.649652 3.7864332 decam -9.750098 0.78749615 113 object IBIS_deep_cosmos_M464_65 0 0.0 924.0 1948.0 0.1953164 1.0002207 -0.001597172 -0.1062454 0.0021138994 1.0000987 17072009110 132.0504
rawdata/DECam_01374784.fits.fz N4 1374784 500.0 60762.20181138 1.47 149.49177049701117 0.502896138756745 149.49928333333332 0.578 M464 0.024992874 24.832668 0.98218054 1.8653686 21.643078 4.032355 decam -5.5787992 -7.0130787 137 object IBIS_deep_cosmos_M464_68 0 0.0 924.0 1948.0 -0.1082377 1.0000715 -0.0015505925 -0.05956902 0.0020177728 1.0000211 16951278105 123.997025
