logs/db-2025-10-20.ecsv
# %ECSV 1.0
# ---
# datatype:
# - {name: filename, datatype: string}
# - {name: extension, datatype: string}
# - {name: expnum, datatype: int64}
# - {name: exptime, datatype: float32}
# - {name: mjd_obs, datatype: float64}
# - {name: airmass, datatype: float32}
# - {name: racenter, datatype: float64}
# - {name: deccenter, datatype: float64}
# - {name: rabore, datatype: float64}
# - {name: decbore, datatype: float64}
# - {name: band, datatype: string}
# - {name: ebv, datatype: float32}
# - {name: zeropoint, datatype: float32}
# - {name: transparency, datatype: float32}
# - {name: seeing, datatype: float32}
# - {name: sky, datatype: float32}
# - {name: expfactor, datatype: float32}
# - {name: camera, datatype: string}
# - {name: dx, datatype: float32}
# - {name: dy, datatype: float32}
# - {name: nmatched, datatype: int64}
# - {name: obstype, datatype: string}
# - {name: object, datatype: string}
# - {name: tileid, datatype: int64}
# - {name: tileebv, datatype: float32}
# - {name: affine_x0, datatype: float32}
# - {name: affine_y0, datatype: float32}
# - {name: affine_dx, datatype: float32}
# - {name: affine_dxx, datatype: float32}
# - {name: affine_dxy, datatype: float32}
# - {name: affine_dy, datatype: float32}
# - {name: affine_dyx, datatype: float32}
# - {name: affine_dyy, datatype: float32}
# - {name: checksum, datatype: string}
# - {name: efftime, datatype: float32}
# schema: astropy-2.0
filename extension expnum exptime mjd_obs airmass racenter deccenter rabore decbore band ebv zeropoint transparency seeing sky expfactor camera dx dy nmatched obstype object tileid tileebv affine_x0 affine_y0 affine_dx affine_dxx affine_dxy affine_dy affine_dyx affine_dyy checksum efftime
[from data line 43]
rawdata/DECam_01427494.fits.fz N4 1427494 361.2277 60969.11505762 1.09 356.40271153455427 -6.6521037994800585 356.41027499999996 -6.577 M517 0.026110126 25.06421 1.0470036 1.0644456 21.564768 1.2423593 decam -24.47932 20.858927 106 object IBIS_wide_M517_555219 555219 0.026828 924.0 1948.0 -0.08864847 1.0000341 -0.00022256869 -0.021603396 0.00023993968 1.0000082 16729844652 290.75943
rawdata/DECam_01427495.fits.fz N4 1427495 377.3975 60969.11956246 1.1 356.8017157525914 -6.37210380191832 356.809275 -6.297 M517 0.02592738 24.96478 0.95691276 1.0291438 21.51651 1.4567016 decam -23.00549 26.412245 143 object IBIS_wide_M517_558205 558205 0.026496 924.0 1948.0 0.033655334 0.9998946 -0.00018908041 -0.040414587 0.00014769803 1.0000157 16828572260 259.07672
rawdata/DECam_01427496.fits.fz N4 1427496 317.838 60969.12424734 1.1 357.41072247163174 -5.898103806039951 357.418275 -5.823 M517 0.030149538 25.056276 1.041048 1.0166254 21.536024 1.2112036 decam -17.926508 31.749594 105 object IBIS_wide_M517_558208 558208 0.028998 924.0 1948.0 -0.012989391 1.0000132 -0.0002836513 -0.23245734 0.00020839763 1.0000935 16629434066 262.415
rawdata/DECam_01427497.fits.fz N4 1427497 315.8379 60969.12824413 1.11 358.65374011195934 -4.806103815509522 358.6612791666667 -4.731 M517 0.028717816 25.034111 1.0216463 0.9453133 21.474892 1.1442306 decam -23.911469 34.721268 109 object IBIS_wide_M517_555225 555225 0.031735 924.0 1948.0 -0.0047902726 1.0000561 -0.00035363864 -0.044580445 0.00021263775 1.0000404 16606188263 276.02643
rawdata/DECam_01427498.fits.fz N4 1427498 255.3484 60969.13282651 1.04 5.953497325438273 -14.888103725980914 5.961270833333334 -14.813 M517 0.031166825 25.051086 1.0261679 0.9567781 21.656578 0.9757633 decam -22.090958 19.56485 120 object IBIS_wide_M517_503810 503810 0.029741 924.0 1948.0 0.14239903 0.99999875 -0.000502331 -0.20236003 0.0004560688 1.0000145 16251789819 261.69092
rawdata/DECam_01427499.fits.fz N4 1427499 251.2384 60969.13614736 1.04 9.69751941231337 -14.261103731735075 9.705270833333334 -14.186 M517 0.02082065 25.048464 1.0236933 0.9469951 21.637495 0.91644305 decam -9.368507 19.992937 115 object IBIS_wide_M517_503849 503849 0.020734 924.0 1948.0 -0.08263043 1.000077 -0.0007396457 0.04654887 0.00039896142 1.0000117 16365896930 274.14514
rawdata/DECam_01427500.fits.fz N4 1427500 252.9884 60969.13938044 1.04 12.527534815234654 -13.930103734759777 12.535275 -13.855 M517 0.022806024 25.048914 1.0241174 1.0104226 21.659466 1.0339669 decam -12.49833 28.615765 101 object IBIS_wide_M517_500852 500852 0.022268 924.0 1948.0 0.01666946 0.9999423 -0.00075157883 -0.11804342 0.0008278547 0.9997839 16223835646 244.67747
rawdata/DECam_01427501.fits.fz N4 1427501 278.0282 60969.14265799 1.04 14.051534547092688 -13.938103734686774 14.059275 -13.863 M517 0.025903301 25.015755 0.9933121 0.9528508 21.663942 0.99271 decam -17.295696 15.858144 116 object IBIS_wide_M517_500853 500853 0.024444 924.0 1948.0 0.07285419 1.0001138 -0.0007727554 -0.14912306 0.0009762082 0.99991536 16306338495 280.06992
rawdata/DECam_01427502.fits.fz N4 1427502 229.3785 60969.1461935 1.04 14.040510370599641 -14.402103730443914 14.048266666666667 -14.327 M517 0.02818684 25.06558 1.0399586 0.9203732 21.70334 0.8267254 decam -10.128787 16.064337 101 object IBIS_wide_M517_503836 503836 0.024814 924.0 1948.0 0.03139706 1.0001004 -0.0009236754 0.04421303 0.0008202037 0.9998808 16144924193 277.45425
rawdata/DECam_01427503.fits.fz N4 1427503 223.0085 60969.14916897 1.04 14.34453917261496 -13.673103737102283 14.352270833333334 -13.598 M517 0.021918423 25.071455 1.0456015 0.90338147 21.69673 0.7623673 decam -13.422173 22.592062 94 object IBIS_wide_M517_503839 503839 0.023599 924.0 1948.0 0.24297157 0.99985117 -0.00096395443 -0.23434393 0.0009552504 1.000002 16091948343 292.52106
rawdata/DECam_01427504.fits.fz N4 1427504 205.3887 60969.15207879 1.04 16.85353548484821 -13.91010373494226 16.861275 -13.835 M517 0.023678197 25.081598 1.055416 0.8772638 21.690914 0.7173777 decam -12.02242 6.03556 112 object IBIS_wide_M517_501153 501153 0.023335 924.0 1948.0 -0.32486686 0.99994653 -0.00091538037 -0.17652781 0.001230576 0.9998959 16065517690 286.3048
rawdata/DECam_01427505.fits.fz N4 1427505 205.3386 60969.1547963 1.04 15.370537396037504 -13.727103736610509 15.378270833333332 -13.652 M517 0.023892395 25.0931 1.0666553 0.8754102 21.693016 0.6989665 decam -3.945428 9.637582 116 object IBIS_wide_M517_500848 500848 0.022358 924.0 1948.0 0.14310299 1.0001733 -0.00090771593 -0.26705688 0.001029724 1.0000273 16029633441 293.7746
rawdata/DECam_01427506.fits.fz N4 1427506 246.8784 60969.15747877 1.04 17.271535989616417 -13.643103737375391 17.27926666666667 -13.568 M517 0.024463542 25.093071 1.0666264 0.9223122 21.698864 0.7742514 decam -9.006483 13.120269 112 object IBIS_wide_M517_504139 504139 0.022752 924.0 1948.0 0.33938903 0.9997795 -0.00084181025 -0.45183167 0.0013795951 1.000075 16170013021 318.86078
rawdata/DECam_01427507.fits.fz N4 1427507 202.2387 60969.16065149 1.05 18.04655948988403 -13.038103742868516 18.054270833333334 -12.963 M517 0.019851284 25.07259 1.0483732 0.88249254 21.711977 0.7067955 decam -1.9642919 13.536144 113 object IBIS_wide_M517_504140 504140 0.021643 924.0 1948.0 0.0028933652 0.99991256 -0.001016557 -0.18763816 0.0011138564 0.9999154 16011902893 286.13467
rawdata/DECam_01427508.fits.fz N4 1427508 195.5888 60969.16334632 1.05 17.141564714707194 -13.004103743176412 17.149275000000003 -12.929 M517 0.027064348 25.079977 1.0555314 0.9083358 21.695435 0.7844405 decam -12.817945 31.041243 117 object IBIS_wide_M517_501157 501157 0.023211 924.0 1948.0 -0.046008956 1.0001311 -0.0009088617 -0.06730059 0.0008107091 1.0001614 16004106514 249.33542
rawdata/DECam_01427509.fits.fz N4 1427509 194.8588 60969.16594014 1.05 19.092553479867785 -13.097103742334026 19.100266666666666 -13.022 M517 0.022992289 25.032087 1.0099856 0.8626151 21.701946 0.74904025 decam -13.10002 24.6546 121 object IBIS_wide_M517_501071 501071 0.022558 924.0 1948.0 0.116039164 0.999838 -0.0009006376 -0.25863937 0.0013035785 1.0000046 15991375216 260.14462
rawdata/DECam_01427510.fits.fz N4 1427510 221.2587 60969.168523 1.05 19.139568425373675 -12.884103744262433 19.147275 -12.809 M517 0.022132233 25.063501 1.039634 0.87239665 21.698252 0.72157335 decam -11.32641 35.735172 123 object IBIS_wide_M517_504057 504057 0.023273 924.0 1948.0 -0.13877805 1.0001655 -0.0010860655 -0.06418754 0.0012663836 1.0000907 16074976993 306.6337
rawdata/DECam_01427511.fits.fz N4 1427511 205.1388 60969.17138319 1.04 19.739523131728404 -14.274103731616096 19.747275000000002 -14.199 M517 0.02206416 25.066103 1.0404594 0.9262578 21.720104 0.7927714 decam -17.457268 34.843025 122 object IBIS_wide_M517_501069 501069 0.021178 924.0 1948.0 0.015524824 0.9999724 -0.0012240054 -0.16959381 0.0011847832 1.0000616 16034398001 258.7616
rawdata/DECam_01427512.fits.fz N4 1427512 208.8687 60969.17407373 1.05 21.699546845172545 -13.307103740429511 21.707266666666666 -13.232 M517 0.021886911 25.068773 1.0446938 0.9456505 21.696976 0.8389362 decam -15.772102 38.31789 111 object IBIS_wide_M517_501075 501075 0.020642 924.0 1948.0 0.6213413 1.0000675 -0.001217054 -0.03396362 0.001275396 1.0000404 16088397607 248.9685
rawdata/DECam_01427513.fits.fz N4 1427513 205.3887 60969.17682262 1.04 21.010539041280126 -13.677103737065861 21.018270833333332 -13.602 M517 0.020109275 25.070719 1.0448918 0.9052064 21.717274 0.74366176 decam -15.35553 30.406225 101 object IBIS_wide_M517_501064 501064 0.020574 924.0 1948.0 0.2946393 1.0000747 -0.0013183166 -0.14096962 0.0011066503 1.0000368 16088879642 276.18564
rawdata/DECam_01427514.fits.fz N4 1427514 198.7887 60969.17949988 1.04 21.55253237123986 -13.753103736373648 21.560266666666664 -13.678 M517 0.019282766 25.066137 1.040492 0.9020051 21.703419 0.75036603 decam -14.542617 31.700533 112 object IBIS_wide_M517_504050 504050 0.020073 924.0 1948.0 0.3386457 1.0001553 -0.0011929909 -0.63544077 0.0013384765 1.0000671 16008835184 264.9223
rawdata/DECam_01427515.fits.fz N4 1427515 172.0089 60969.18211862 1.05 22.316554476778098 -13.329103740229801 22.324275 -13.254 M517 0.02177208 25.064667 1.0407506 0.8250677 21.705639 0.6384633 decam -24.597296 37.885284 123 object IBIS_wide_M517_504061 504061 0.020574 924.0 1948.0 0.295299 1.0000544 -0.001298271 -0.16781741 0.0013510301 1.0000441 15957089135 269.41077
rawdata/DECam_01427516.fits.fz N4 1427516 160.7389 60969.18443943 1.05 24.00756634483666 -12.816103744877383 24.015270833333332 -12.741 M517 0.017971894 25.077234 1.0528669 0.8032921 21.721918 0.56900656 decam -14.226328 33.783035 87 object IBIS_wide_M517_501077 501077 0.020676 924.0 1948.0 0.056736317 1.0003142 -0.0013198298 0.13051426 0.0013705568 0.99993056 15912460572 282.49042
rawdata/DECam_01427517.fits.fz N4 1427517 189.3289 60969.18662094 1.05 22.913564154881108 -13.02210374301342 22.921274999999998 -12.947 M517 0.020889191 25.082912 1.0583874 0.8421561 21.717642 0.63253695 decam -15.896495 37.595657 115 object IBIS_wide_M517_501074 501074 0.020883 924.0 1948.0 0.118170656 1.0002129 -0.001521105 -0.2793088 0.0014383761 1.0000044 15980971860 299.31674
rawdata/DECam_01427518.fits.fz N4 1427518 180.1689 60969.1891364 1.05 24.075576358527062 -12.343103749145817 24.083266666666667 -12.268 M517 0.019688351 25.081285 1.0568031 0.8577549 21.719315 0.6521481 decam -19.720978 39.47009 104 object IBIS_wide_M517_504063 504063 0.021711 924.0 1948.0 0.94833934 1.0000478 -0.0013614689 -0.3687705 0.0013675595 0.9999557 15946733731 276.2699
rawdata/DECam_01427519.fits.fz N4 1427519 178.7589 60969.19153814 1.05 25.00855898276526 -12.920103743936735 25.016266666666663 -12.845 M517 0.023713414 25.084444 1.0598825 0.8406458 21.733015 0.6306933 decam -22.318378 39.674866 86 object IBIS_wide_M517_501055 501055 0.020025 924.0 1948.0 0.4427322 1.00016 -0.0014019891 -0.19746001 0.0013007901 1.0000234 15935112828 283.43237
rawdata/DECam_01427520.fits.fz N4 1427520 176.5189 60969.19393549 1.05 26.43055638137386 -13.004103743176412 26.438266666666667 -12.929 M517 0.01853714 25.081867 1.0573695 0.87673944 21.724903 0.67216164 decam -16.406502 47.279728 128 object IBIS_wide_M517_504040 504040 0.018534 924.0 1948.0 0.29017317 1.0001822 -0.0013398977 -0.080352835 0.0013177656 0.9999124 15942759819 262.61377
rawdata/DECam_01427521.fits.fz N4 1427521 187.6488 60969.1962983 1.05 26.0645492279187 -13.232103741110071 26.072266666666668 -13.157 M517 0.019754423 25.075373 1.0510645 0.8944695 21.731575 0.70898336 decam -11.345906 42.84562 85 object IBIS_wide_M517_501054 501054 0.01861 924.0 1948.0 -0.12067097 1.0001906 -0.0014632818 -0.4698257 0.0016542466 1.0000381 15969188203 264.67307
rawdata/DECam_01427522.fits.fz N4 1427522 182.9189 60969.19880598 1.05 26.843582836407304 -12.406103748578193 26.851274999999998 -12.331 M517 0.019539246 25.067022 1.0430102 0.8901924 21.733028 0.71121734 decam -19.06534 53.53188 95 object IBIS_wide_M517_504083 504083 0.019018 924.0 1948.0 0.1702581 0.9997872 -0.001427296 -0.29246137 0.0015611957 0.9999624 15966016251 257.19128
rawdata/DECam_01427523.fits.fz N4 1427523 197.0788 60969.20129013 1.05 27.39559146566496 -12.110103751242745 27.403275 -12.035 M517 0.032984566 25.07211 1.04791 0.8995957 21.71408 0.79631233 decam -6.191749 46.54581 100 object IBIS_wide_M517_501098 501098 0.021478 924.0 1948.0 0.37096867 1.0002174 -0.001375489 -0.014981857 0.0014624037 1.0000335 16061297549 247.48932
rawdata/DECam_01427524.fits.fz N4 1427524 238.2184 60969.20390665 1.05 28.174576744693198 -12.471103747992268 28.182270833333334 -12.396 M517 0.021594321 25.077526 1.0531505 0.8917659 21.72721 0.7129038 decam -14.092117 46.136425 115 object IBIS_wide_M517_504084 504084 0.02082 924.0 1948.0 0.08022445 0.99995196 -0.0014736856 -0.17862804 0.0012691501 0.9999581 16169456620 334.15225
rawdata/DECam_01427525.fits.fz N4 1427525 181.0189 60969.20698789 1.05 27.88555300977484 -13.1121037421981 27.89326666666667 -13.037 M517 0.020074563 25.09228 1.0675594 0.89103895 21.719398 0.69107175 decam -1.5739636 42.070755 95 object IBIS_wide_M517_501091 501091 0.018391 924.0 1948.0 -0.15450081 1.0002679 -0.0016256742 -0.029610427 0.0015202897 1.0000647 15946239890 261.9394
rawdata/DECam_01427526.fits.fz N4 1427526 192.1287 60969.20939885 1.06 28.61858096546617 -12.32810374928092 28.626270833333333 -12.253 M517 0.021844506 25.067219 1.0448731 0.9037292 21.734125 0.7425538 decam -9.506153 47.794613 96 object IBIS_wide_M517_504078 504078 0.020801 924.0 1948.0 0.027464634 1.00032 -0.0016917145 -0.22715592 0.001435931 1.00012 15983244532 258.74045
rawdata/DECam_01427527.fits.fz N4 1427527 468.7773 60969.21194808 1.05 28.95155745856759 -13.103103742279655 28.959270833333335 -13.028 M517 0.018029802 25.076288 1.0519499 0.9162431 21.743084 0.7268574 decam -10.708742 54.313206 93 object IBIS_wide_M517_501090 501090 0.018454 924.0 1948.0 0.38300812 0.9999339 -0.001581391 -0.38761246 0.0010145305 1.0000601 16869442915 644.9371
rawdata/DECam_01427528.fits.fz N4 1427528 232.0687 60969.2186881 1.06 29.484564708247646 -12.733103745627528 29.49226666666667 -12.658 M517 0.018816896 25.060726 1.0386434 0.962628 21.740084 0.8317784 decam 6.7356205 12.397485 105 object IBIS_wide_M517_501093 501093 0.019067 924.0 1948.0 -0.3014278 0.99984473 -0.0016333588 -0.08724793 0.001479986 0.9999527 16121485667 279.00302
rawdata/DECam_01427529.fits.fz N4 1427529 211.2788 60969.22169692 1.06 29.79858212688566 -12.430103748361887 29.806275 -12.355 M517 0.018502058 25.07338 1.050819 0.9394165 21.729656 0.7799365 decam -7.2836514 -0.6662956 94 object IBIS_wide_M517_504079 504079 0.019509 924.0 1948.0 -0.115672655 1.0001148 -0.001617766 -0.38077936 0.0015947319 1.000231 16056668002 270.8923
rawdata/DECam_01427530.fits.fz N4 1427530 211.0488 60969.22447581 1.06 31.449573941491444 -12.425103748406956 31.45726666666667 -12.35 M517 0.02078306 25.060717 1.0386351 0.9048109 21.730705 0.75067735 decam -18.188995 11.828882 102 object IBIS_wide_M517_505973 505973 0.020317 924.0 1948.0 -0.06815545 1.0000606 -0.0017228933 -0.051797733 0.0018144486 1.0000019 16069792366 281.1445
rawdata/DECam_01427531.fits.fz N4 1427531 258.9886 60969.22721758 1.06 31.68058399439928 -12.080103751512471 31.68826666666667 -12.005 M517 0.019268213 25.060919 1.038827 0.9006289 21.709776 0.7508338 decam -18.113558 9.524038 105 object IBIS_wide_M517_502974 502974 0.020541 924.0 1948.0 0.6434543 1.0001932 -0.0017064709 -0.18178675 0.0018021602 1.0000465 16309944308 344.93463
rawdata/DECam_01427532.fits.fz N4 1427532 180.6389 60969.23055661 1.06 31.80955575929288 -13.024103742995308 31.81726666666667 -12.949 M517 0.01960661 25.066305 1.0439947 0.8542705 21.716892 0.66612095 decam -33.29823 11.840863 84 object IBIS_wide_M517_505971 505971 0.020459 924.0 1948.0 -0.19727246 0.99998975 -0.0017305508 -0.14813673 0.0017002242 0.99995023 16001839334 271.18033
rawdata/DECam_01427533.fits.fz N4 1427533 185.689 60969.23298267 1.06 34.27359252187332 -11.927103752887126 34.28127083333334 -11.852 M517 0.02224428 25.074854 1.0522462 0.86622894 21.727373 0.6787534 decam -27.213167 15.614115 98 object IBIS_wide_M517_502970 502970 0.024229 924.0 1948.0 0.11677346 1.0001522 -0.0018685826 0.07377698 0.0013992954 1.0000622 16029761010 273.57358
rawdata/DECam_01427534.fits.fz N4 1427534 208.3789 60969.23544446 1.07 35.398611157324595 -11.24810375896932 35.40627083333333 -11.173 M517 0.022008045 25.06229 1.041808 0.8815796 21.684961 0.74695545 decam -21.49701 17.995096 105 object IBIS_wide_M517_503908 503908 0.023237 924.0 1948.0 0.13966525 1.0000027 -0.0018410282 0.05790474 0.001882107 0.9999985 16058249919 278.971
