logs/db-2026-02-17.ecsv
# %ECSV 1.0
# ---
# datatype:
# - {name: filename, datatype: string}
# - {name: extension, datatype: string}
# - {name: expnum, datatype: int64}
# - {name: exptime, datatype: float32}
# - {name: mjd_obs, datatype: float64}
# - {name: airmass, datatype: float32}
# - {name: racenter, datatype: float64}
# - {name: deccenter, datatype: float64}
# - {name: rabore, datatype: float64}
# - {name: decbore, datatype: float64}
# - {name: band, datatype: string}
# - {name: ebv, datatype: float32}
# - {name: zeropoint, datatype: float32}
# - {name: transparency, datatype: float32}
# - {name: seeing, datatype: float32}
# - {name: sky, datatype: float32}
# - {name: expfactor, datatype: float32}
# - {name: camera, datatype: string}
# - {name: dx, datatype: float32}
# - {name: dy, datatype: float32}
# - {name: nmatched, datatype: int64}
# - {name: obstype, datatype: string}
# - {name: object, datatype: string}
# - {name: tileid, datatype: int64}
# - {name: tileebv, datatype: float32}
# - {name: affine_x0, datatype: float32}
# - {name: affine_y0, datatype: float32}
# - {name: affine_dx, datatype: float32}
# - {name: affine_dxx, datatype: float32}
# - {name: affine_dxy, datatype: float32}
# - {name: affine_dy, datatype: float32}
# - {name: affine_dyx, datatype: float32}
# - {name: affine_dyy, datatype: float32}
# - {name: checksum, datatype: string}
# - {name: efftime, datatype: float32}
# schema: astropy-2.0
filename extension expnum exptime mjd_obs airmass racenter deccenter rabore decbore band ebv zeropoint transparency seeing sky expfactor camera dx dy nmatched obstype object tileid tileebv affine_x0 affine_y0 affine_dx affine_dxx affine_dxy affine_dy affine_dyx affine_dyy checksum efftime
[from data line 81]
/home4/images/fits/2023B-184194/DECam_01457699.fits.fz N4 1457699 15.0 61089.39548564 1.15 189.21964629080875 -49.79143632983654 189.23128333333335 -49.71633305555556 M464 0.123391315 24.905352 0.983379 1.033941 19.311338 22.453455 decam -39.16199 35.431015 773 object "LTT4861 N5" 0 0.0 924.0 1948.0 -0.06472981 1.000175 0.0006134707 0.34391913 -0.0010983779 1.0001029 15748608601 0.6680486
/home4/images/fits/2023B-184194/DECam_01457700.fits.fz N4 1457700 15.0 61089.3959674 1.15 190.1818893914288 -49.95810327083149 190.19356666666667 -49.883 M464 0.13002166 24.905573 0.9835791 1.0156803 19.186043 25.48967 decam -29.488043 32.367157 781 object "LTT4861 S3" 0 0.0 924.0 1948.0 -0.0018976162 1.0003707 0.0006585327 -0.007487931 -0.0009308536 1.0000833 15795235377 0.5884737
/home4/images/fits/2023B-184194/DECam_01457701.fits.fz N4 1457701 15.0 61089.3964496 1.15 189.70074772476212 -49.95810327083149 189.712425 -49.883 M464 0.11683266 24.893484 0.97268885 1.0612139 19.055063 29.20728 decam -29.042566 21.287804 818 object "LTT4861 S4" 0 0.0 924.0 1948.0 0.1189267 1.0001423 0.00067160703 0.1528243 -0.00090237183 1.0001206 15850363315 0.5135706
/home4/images/fits/2023B-184194/DECam_01457702.fits.fz N4 1457702 15.0 61089.39694369 1.16 189.21960605809545 -49.95810327083149 189.23128333333335 -49.883 M464 0.12251485 24.897463 0.97826606 1.087561 18.915237 36.068832 decam -19.392864 10.838751 719 object "LTT4861 S5" 0 0.0 924.0 1948.0 0.06697374 1.0000204 0.00058826467 0.22370245 -0.00080391706 1.0002136 15916042385 0.4158715
/home4/images/fits/2023B-184194/DECam_01457703.fits.fz N4 1457703 15.0 61089.39864636 1.02 234.74177384719718 -28.584297477454864 234.7503291666667 -28.509193888888888 M464 0.11373475 24.92725 0.97697693 1.0561522 18.567108 41.677456 decam 8.554865 -33.637745 435 object "LTT6248 N4" 0 0.0 924.0 1948.0 -0.3346568 1.000296 0.002066167 0.24192935 -0.0018824328 0.9999975 16146079439 0.3599068
/home4/images/fits/2023B-184194/DECam_01457704.fits.fz N4 1457704 15.0 61089.39912933 1.02 234.38807384719718 -28.584297477454868 234.39662916666666 -28.509193888888888 M464 0.22622195 24.8881 0.9423755 1.0758373 18.440527 116.68615 decam 11.3840475 -45.241337 275 object "LTT6248 N5" 0 0.0 924.0 1948.0 -0.10109889 1.0002853 0.002113066 -0.006219025 -0.0020822454 1.0001496 16230415052 0.12854996
/home4/images/fits/2023B-184194/DECam_01457705.fits.fz N4 1457705 15.0 61089.39960116 1.02 235.09544772966674 -28.750964697816126 235.10401666666667 -28.67586111111111 M464 0.13145722 24.914177 0.9652839 1.119632 18.309797 69.00561 decam 5.2879357 -49.43002 409 object "LTT6248 S3" 0 0.0 924.0 1948.0 -0.012155818 1.000204 0.0021950214 0.30228743 -0.0022220032 1.0002142 16348431813 0.21737364
/home4/images/fits/2023B-184194/DECam_01457706.fits.fz N4 1457706 15.0 61089.40008227 1.02 234.74176022966677 -28.750964697816126 234.7503291666667 -28.67586111111111 M464 0.12067507 24.930355 0.97977424 1.0301702 18.184391 58.947086 decam -4.4227586 -56.690445 346 object "LTT6248 S4" 0 0.0 924.0 1948.0 -0.09141296 1.0002904 0.0021719788 -0.010394447 -0.0015987401 1.0000044 16466649969 0.2544655
/home4/images/fits/2023B-184194/DECam_01457707.fits.fz N4 1457707 15.0 61089.40055424 1.02 234.38806022966676 -28.750964697816126 234.39662916666666 -28.67586111111111 M464 0.33074725 24.890354 0.94433373 1.1671243 18.059805 409.78076 decam -2.9988613 -46.791676 248 object "LTT6248 S5" 0 0.0 924.0 1948.0 -0.440747 0.99979955 0.002164736 0.5509729 -0.0022910305 0.99991703 16602074518 0.03660494
