logs/db-2026-04-15.ecsv
# %ECSV 1.0
# ---
# datatype:
# - {name: filename, datatype: string}
# - {name: extension, datatype: string}
# - {name: expnum, datatype: int64}
# - {name: exptime, datatype: float32}
# - {name: mjd_obs, datatype: float64}
# - {name: airmass, datatype: float32}
# - {name: racenter, datatype: float64}
# - {name: deccenter, datatype: float64}
# - {name: rabore, datatype: float64}
# - {name: decbore, datatype: float64}
# - {name: band, datatype: string}
# - {name: ebv, datatype: float32}
# - {name: zeropoint, datatype: float32}
# - {name: transparency, datatype: float32}
# - {name: seeing, datatype: float32}
# - {name: sky, datatype: float32}
# - {name: expfactor, datatype: float32}
# - {name: camera, datatype: string}
# - {name: dx, datatype: float32}
# - {name: dy, datatype: float32}
# - {name: nmatched, datatype: int64}
# - {name: obstype, datatype: string}
# - {name: object, datatype: string}
# - {name: tileid, datatype: int64}
# - {name: tileebv, datatype: float32}
# - {name: affine_x0, datatype: float32}
# - {name: affine_y0, datatype: float32}
# - {name: affine_dx, datatype: float32}
# - {name: affine_dxx, datatype: float32}
# - {name: affine_dxy, datatype: float32}
# - {name: affine_dy, datatype: float32}
# - {name: affine_dyx, datatype: float32}
# - {name: affine_dyy, datatype: float32}
# - {name: checksum, datatype: string}
# - {name: efftime, datatype: float32}
# schema: astropy-2.0
filename extension expnum exptime mjd_obs airmass racenter deccenter rabore decbore band ebv zeropoint transparency seeing sky expfactor camera dx dy nmatched obstype object tileid tileebv affine_x0 affine_y0 affine_dx affine_dxx affine_dxy affine_dy affine_dyx affine_dyy checksum efftime
[from data line 81]
/home/declsp/obsbot/rawdata/DECam_01475678.fits.fz N4 1475678 150.0 61146.42111241 1.33 254.85475782967728 -0.6317707959337099 254.8622708333333 -0.5566669444444444 M464 0.38935295 24.768595 0.89965016 1.381149 19.407202 19.515451 decam 3.4239945 -4.0567603 347 object "Pal15 position 4" 0 0.0 924.0 1948.0 -0.33556786 1.0000128 0.0021260842 0.12534034 -0.0018265591 1.0002048 18993177057 7.6862173
/home/declsp/obsbot/rawdata/DECam_01475679.fits.fz N4 1475679 5.0 61146.42445039 1.03 302.72841500890684 -30.2114535701363 302.73710833333337 -30.13635 M464 0.13380514 24.887638 0.9439121 1.2630008 18.969145 19.624737 decam -8.147766 -41.789272 114 object "LTT7987 N4" 0 0.0 924.0 1948.0 -0.24557212 1.0004292 0.0023840433 0.23149557 -0.0028036546 1.0002468 15546492601 0.2547805
/home/declsp/obsbot/rawdata/DECam_01475680.fits.fz N4 1475680 5.0 61146.42479798 1.03 302.36934834224013 -30.2114535701363 302.37804166666666 -30.13635 M464 0.14321716 24.880836 0.938017 1.2303143 18.846802 21.107868 decam -8.024165 -46.206238 139 object "LTT7987 N5" 0 0.0 924.0 1948.0 -0.7644246 1.0002755 0.0022865487 0.2572345 -0.0025295417 0.9998263 15555991789 0.2368785
/home/declsp/obsbot/rawdata/DECam_01475681.fits.fz N4 1475681 5.0 61146.42514631 1.03 302.7284004332251 -30.375753568241944 302.73710833333337 -30.30065 M464 0.15053326 24.90046 0.95512336 1.1931764 18.74958 20.943914 decam -12.651205 -45.641098 132 object "LTT7987 S4" 0 0.0 924.0 1948.0 0.078652136 1.0000582 0.0026323737 0.33937526 -0.0021143805 1.0002669 15574459802 0.23873283
/home/declsp/obsbot/rawdata/DECam_01475682.fits.fz N4 1475682 5.0 61146.42550702 1.03 302.3690337665584 -30.375753568241944 302.3777416666667 -30.30065 M464 0.141642 24.886288 0.9427383 1.1373912 18.65659 21.285234 decam -0.7921695 -46.020317 142 object "LTT7987 S5" 0 0.0 924.0 1948.0 -1.0745958 1.0003066 0.0023961621 -0.3022661 -0.0026328121 1.0003383 15596962979 0.23490462
/home/declsp/obsbot/rawdata/DECam_01475683.fits.fz N4 1475683 15.0 61146.42680901 1.04 279.0992446105669 -44.30093643183224 279.10974166666665 -44.225833055555555 M464 0.050970625 24.89236 0.94997555 1.3987552 18.357466 41.903217 decam 1.5005233 -18.454922 941 object "LTT7379 N4" 0 0.0 924.0 1948.0 -0.17426127 1.0000468 0.0030216037 0.11331952 -0.0031916995 1.0001278 16329898303 0.35796773
/home/declsp/obsbot/rawdata/DECam_01475684.fits.fz N4 1475684 15.0 61146.42727363 1.04 278.66524877723356 -44.30093643183225 278.67574583333334 -44.225833055555555 M464 0.07475387 24.890097 0.9479957 1.4121833 18.221315 48.619247 decam 3.478212 -21.558884 947 object "LTT7379 N5" 0 0.0 924.0 1948.0 -0.17541623 1.0001934 0.002990932 0.12034639 -0.0028063995 1.0001937 16449321114 0.30851978
/home/declsp/obsbot/rawdata/DECam_01475685.fits.fz N4 1475685 15.0 61146.42776042 1.04 279.53320634919174 -44.467603373471604 279.54373333333336 -44.3925 M464 0.06628882 24.886213 0.94461215 1.4167241 18.079453 56.16222 decam -0.5779345 -10.7416935 770 object "LTT7379 S3" 0 0.0 924.0 1948.0 -0.07814264 0.99987155 0.002953607 0.016717488 -0.0029496793 1.0001103 16604603801 0.26708347
/home/declsp/obsbot/rawdata/DECam_01475686.fits.fz N4 1475686 15.0 61146.42825382 1.04 279.09921468252503 -44.467603373471604 279.10974166666665 -44.3925 M464 0.06489883 24.887794 0.94598764 1.5332747 17.931906 75.12574 decam 12.87267 -15.812119 765 object "LTT7379 S4" 0 0.0 924.0 1948.0 0.106383875 1.0000429 0.00309985 0.17583482 -0.0030279614 1.0001382 16799875751 0.19966525
/home/declsp/obsbot/rawdata/DECam_01475687.fits.fz N4 1475687 15.0 61146.42872349 1.04 278.6652188491917 -44.467603373471604 278.67574583333334 -44.3925 M464 0.057193663 24.90021 0.956867 1.3808916 17.790268 67.87332 decam 9.286979 -6.3301144 852 object "LTT7379 S5" 0 0.0 924.0 1948.0 -0.1313025 1.0002801 0.00305228 0.143651 -0.0033217226 1.0001805 16994633824 0.22099994
