logs/db-2026-06-12.ecsv
# %ECSV 1.0
# ---
# datatype:
# - {name: filename, datatype: string}
# - {name: extension, datatype: string}
# - {name: expnum, datatype: int64}
# - {name: exptime, datatype: float32}
# - {name: mjd_obs, datatype: float64}
# - {name: airmass, datatype: float32}
# - {name: racenter, datatype: float64}
# - {name: deccenter, datatype: float64}
# - {name: rabore, datatype: float64}
# - {name: decbore, datatype: float64}
# - {name: band, datatype: string}
# - {name: ebv, datatype: float32}
# - {name: zeropoint, datatype: float32}
# - {name: transparency, datatype: float32}
# - {name: seeing, datatype: float32}
# - {name: sky, datatype: float32}
# - {name: expfactor, datatype: float32}
# - {name: camera, datatype: string}
# - {name: dx, datatype: float32}
# - {name: dy, datatype: float32}
# - {name: nmatched, datatype: int64}
# - {name: obstype, datatype: string}
# - {name: object, datatype: string}
# - {name: tileid, datatype: int64}
# - {name: tileebv, datatype: float32}
# - {name: affine_x0, datatype: float32}
# - {name: affine_y0, datatype: float32}
# - {name: affine_dx, datatype: float32}
# - {name: affine_dxx, datatype: float32}
# - {name: affine_dxy, datatype: float32}
# - {name: affine_dy, datatype: float32}
# - {name: affine_dyx, datatype: float32}
# - {name: affine_dyy, datatype: float32}
# - {name: checksum, datatype: string}
# - {name: efftime, datatype: float32}
# schema: astropy-2.0
filename extension expnum exptime mjd_obs airmass racenter deccenter rabore decbore band ebv zeropoint transparency seeing sky expfactor camera dx dy nmatched obstype object tileid tileebv affine_x0 affine_y0 affine_dx affine_dxx affine_dxy affine_dy affine_dyx affine_dyy checksum efftime
/home/declsp/obsbot/rawdata/DECam_01488279.fits.fz N4 1488279 5.0 61203.97021956 1.0 177.91438971471024 -30.909824673150908 177.92314583333334 -30.83472111111111 r 0.06324829 25.70728 0.35951084 1.1745508 20.353989 11.402417 decam 14.182401 -68.42264 163 object pointing 0 0.0 924.0 1948.0 0.027160663 1.0001397 -0.0002507362 0.092272535 0.00013859913 0.9999503 15656951192 0.4385035
/home/declsp/obsbot/rawdata/DECam_01488280.fits.fz N4 1488280 30.0 61203.97166453 1.0 177.91438971471024 -30.909824673150908 177.92314583333334 -30.83472111111111 r 0.06324829 25.541517 0.30860808 0.9637599 20.291807 11.042204 decam -10.803894 10.725792 202 object pointing 0 0.0 924.0 1948.0 0.027044544 1.0000587 -0.00021941184 0.07091582 0.00015398132 0.9998958 17105231547 2.7168489
/home/declsp/obsbot/rawdata/DECam_01488281.fits.fz N4 1488281 35.0 61203.97553365 1.12 174.67773859643756 -4.560103817638346 174.685275 -4.485 M517 0.053008594 23.618317 0.2777657 1.2024176 20.925951 34.778717 decam -3.4796228 68.773254 37 object "pointing test" 0 0.0 924.0 1948.0 0.28576317 0.99986154 -0.0005546446 -0.10538162 0.0005451417 0.9999993 15598242334 1.0063626
/home/declsp/obsbot/rawdata/DECam_01488282.fits.fz N4 1488282 800.0 61203.97796047 1.12 178.0837485941837 -3.965103822781458 178.09127916666665 -3.89 M517 0.02821819 23.616856 0.27739227 1.0996363 20.967003 28.09285 decam 13.448157 -5.895378 110 object IBIS_wide_M517_528269 528269 0.025251 924.0 1948.0 0.104343064 0.99988705 -0.0003889394 -0.060401578 0.00057274644 0.9999264 20315848593 28.476997
/home/declsp/obsbot/rawdata/DECam_01488283.fits.fz N4 1488283 800.0 61203.98760289 1.12 182.10174294863035 -3.658103825432166 182.1092708333333 -3.583 M517 0.031064382 23.71865 0.30465797 1.1533635 21.016754 24.468748 decam 17.306753 -11.556999 144 object IBIS_wide_M517_530973 530973 0.029538 924.0 1948.0 -0.12610377 1.0000224 -0.00030780176 -0.124047786 0.00036595628 1.0000337 20085579256 32.694767
/home/declsp/obsbot/rawdata/DECam_01488284.fits.fz N4 1488284 800.0 61203.99752237 1.12 191.25474742505781 -3.0791038304265688 191.26227083333333 -3.004 M517 0.026374295 23.37815 0.22264463 1.1892538 21.004671 49.250793 decam 22.621939 -31.582497 117 object IBIS_wide_M517_531457 531457 0.026907 924.0 1948.0 0.050552547 0.9996501 0.00010452726 0.08845479 -0.00024403125 0.9998828 20133358982 16.243393
/home/declsp/obsbot/rawdata/DECam_01488285.fits.fz N4 1488285 800.0 61204.00727919 1.13 185.63175548116658 -3.118103830090341 185.63927916666668 -3.043 M517 0.03443402 23.843256 0.34225565 1.2649406 21.063747 22.3975 decam 21.075274 -8.885153 124 object IBIS_wide_M517_531537 531537 0.034762 924.0 1948.0 -0.04775677 0.99993134 -0.00017480686 0.017928842 -9.476462e-05 0.9998537 19871081505 35.718273
/home/declsp/obsbot/rawdata/DECam_01488286.fits.fz N4 1488286 800.0 61204.01705372 1.13 193.42775550583318 -2.4631038357341954 193.435275 -2.388 M517 0.021157611 23.712109 0.30331355 1.1354136 21.087168 22.494741 decam 15.506767 -13.240762 119 object IBIS_wide_M517_531459 531459 0.021224 924.0 1948.0 -0.013666587 0.9999155 0.00036115255 0.029504165 -0.0001192143 0.9998916 19793384646 35.563866
/home/declsp/obsbot/rawdata/DECam_01488287.fits.fz N4 1488287 799.9998 61204.02666159 1.13 196.49675706625226 -2.169103838265574 196.504275 -2.094 M517 0.023102075 23.938536 0.3736476 1.2248919 21.152613 16.237951 decam 17.709375 -16.11391 149 object IBIS_wide_M517_534465 534465 0.023354 924.0 1948.0 -0.062054392 1.0001012 0.0004046086 0.12715948 -0.000784427 0.9999548 19596958568 49.26729
/home/declsp/obsbot/rawdata/DECam_01488288.fits.fz N4 1488288 800.0 61204.03636451 1.14 199.6837626376558 -1.865103840882023 199.69127916666667 -1.79 M517 0.026384473 23.52953 0.25677678 1.1615326 21.094439 32.730595 decam 9.096528 -13.29929 129 object IBIS_wide_M517_531486 531486 0.027595 924.0 1948.0 -0.069645874 1.0002323 0.00043837234 0.12091297 -0.00040337132 0.99999875 19746101325 24.441963
/home/declsp/obsbot/rawdata/DECam_01488289.fits.fz N4 1488289 800.0 61204.04598927 1.14 200.97275854751297 -1.847103841036914 200.980275 -1.772 M517 0.032188255 23.464205 0.24178308 1.2513779 21.071041 43.769836 decam 10.300957 -13.297017 124 object IBIS_wide_M517_531236 531236 0.031402 924.0 1948.0 -0.10914681 1.0003122 0.00057630753 0.15280764 -5.5013614e-05 0.9998878 19852462156 18.277428
/home/declsp/obsbot/rawdata/DECam_01488290.fits.fz N4 1488290 800.0 61204.05561497 1.13 204.47475954204782 -2.4861038355361167 204.48227916666667 -2.411 M517 0.0668368 23.383904 0.22418636 1.1660215 21.080753 43.679058 decam 15.908722 -16.72106 122 object IBIS_wide_M517_531230 531230 0.041622 924.0 1948.0 0.13930851 0.9998557 0.000722462 0.16903293 -0.0006585461 0.9999925 19886541770 18.315413
/home/declsp/obsbot/rawdata/DECam_01488291.fits.fz N4 1488291 800.0 61204.06524845 1.14 207.38075633737841 -2.3111038370430665 207.388275 -2.236 M517 0.047463592 23.666273 0.29124153 1.0796719 21.160887 20.683687 decam 5.3638926 -7.909091 155 object IBIS_wide_M517_531302 531302 0.047501 924.0 1948.0 0.18210247 1.0002897 0.0010087513 0.12214167 -0.00082654244 0.999865 19501410972 38.677822
/home/declsp/obsbot/rawdata/DECam_01488292.fits.fz N4 1488292 800.0 61204.07490904 1.14 210.70576127755433 -2.16010383834305 210.71327916666667 -2.085 M517 0.072237656 23.598795 0.2736917 1.069235 21.106766 24.145739 decam 9.202235 -12.723492 130 object IBIS_wide_M517_534284 534284 0.06469 924.0 1948.0 -0.04618716 1.0001196 0.0010271905 0.008301361 -0.0008962197 0.9999078 19983761882 33.13214
/home/declsp/obsbot/rawdata/DECam_01488293.fits.fz N4 1488293 800.0 61204.08452339 1.14 211.39475368335957 -2.7671038331155375 211.402275 -2.692 M517 0.065273516 24.171015 0.46360704 1.0483236 21.276924 6.9164524 decam 7.0497704 -1.8355776 152 object IBIS_wide_M517_534260 534260 0.066176 924.0 1948.0 0.058316153 1.0002156 0.0009263602 0.04842566 -0.0009085273 0.9999686 19100406506 115.66624
/home/declsp/obsbot/rawdata/DECam_01488294.fits.fz N4 1488294 800.0 61204.094159 1.15 214.8987570761873 -2.1671038382827916 214.906275 -2.092 M517 0.05766711 24.56185 0.6655488 1.0602635 21.18701 3.7410722 decam 9.186656 -4.9493537 121 object IBIS_wide_M517_534266 534266 0.057742 924.0 1948.0 -0.15038666 0.99992204 0.0011087946 0.1536167 -0.0008600219 1.000013 19685073763 213.84244
/home/declsp/obsbot/rawdata/DECam_01488295.fits.fz N4 1488295 800.0 61204.10379765 1.15 216.3117525984153 -2.9331038316850546 216.31927499999998 -2.858 M517 0.06400896 24.43619 0.59281 0.98947823 21.382374 3.4316833 decam -0.897918 -6.759081 205 object IBIS_wide_M517_539955 539955 0.062817 924.0 1948.0 -0.22410077 1.0001175 0.0011291978 0.10105251 -0.0012463172 1.000021 18903676982 233.12175
/home/declsp/obsbot/rawdata/DECam_01488296.fits.fz N4 1488296 800.0 61204.11340175 1.15 218.45274530289527 -3.3661038279516746 218.46027083333334 -3.291 M517 0.07969954 24.258532 0.5033298 1.0273241 21.352642 5.2728777 decam 8.386395 -1.092163 197 object IBIS_wide_M517_539951 539951 0.086916 924.0 1948.0 -0.481092 1.0000215 0.0013648296 0.27263737 -0.0013479243 0.9999606 18975609514 151.7198
/home/declsp/obsbot/rawdata/DECam_01488297.fits.fz N4 1488297 800.0 61204.12301226 1.15 221.21074943864198 -3.3701038279171716 221.218275 -3.295 M517 0.092852786 24.11907 0.4426575 1.0175383 21.325699 6.856484 decam 1.1419109 5.8072085 177 object IBIS_wide_M517_540514 540514 0.093949 924.0 1948.0 -0.5301535 1.0001302 0.0014262315 0.2214712 -0.0013716203 1.0001469 19739942566 116.67788
/home/declsp/obsbot/rawdata/DECam_01488298.fits.fz N4 1488298 800.0 61204.13263486 1.18 221.25575705630803 -2.1711038382483587 221.263275 -2.096 M517 0.054285806 23.943657 0.3784343 1.0071807 21.345076 9.11625 decam -3.3211622 13.842573 192 object IBIS_wide_M517_540521 540521 0.056447 924.0 1948.0 -0.29113072 0.99980485 0.0013402592 -0.017801283 -0.0009542229 0.9999305 18933249433 87.75538
/home/declsp/obsbot/rawdata/DECam_01488299.fits.fz N4 1488299 800.0 61204.14239374 1.21 226.4887654223519 1.0228961342859741 226.49627916666665 1.098 M517 0.056499857 24.022959 0.4090716 1.0817522 21.410475 8.552882 decam -4.6611443 16.76056 213 object IBIS_wide_M517_537592 537592 0.055994 924.0 1948.0 -0.24383879 1.0001702 0.0014235616 0.14128838 -0.0014922656 0.99995613 18672500318 93.53572
/home/declsp/obsbot/rawdata/DECam_01488300.fits.fz N4 1488300 800.0 61204.15201137 1.23 228.6497673925766 1.7218961282738086 228.65728333333334 1.7970000000000002 M517 0.04240942 23.792038 0.3317591 1.038523 21.37124 12.508334 decam 4.8033824 14.481108 208 object IBIS_wide_M517_537594 537594 0.045518 924.0 1948.0 -0.09722582 1.0001831 0.0014610753 0.07989677 -0.0017012337 0.9998977 18957921460 63.95736
/home/declsp/obsbot/rawdata/DECam_01488301.fits.fz N4 1488301 800.0 61204.16168726 1.24 232.56875360200783 2.779896119164873 232.57627499999998 2.855 M517 0.043074828 23.91913 0.3735562 0.9762877 21.42019 8.363758 decam 6.301634 14.643521 249 object IBIS_wide_M517_540505 540505 0.046717 924.0 1948.0 -0.6254325 1.0001796 0.0016484965 0.083380766 -0.001428545 0.9999234 18759056424 95.65078
/home/declsp/obsbot/rawdata/DECam_01488302.fits.fz N4 1488302 800.0 61204.17136302 1.23 236.78175876508627 2.618896120551915 236.7892791666667 2.694 M517 0.099492185 24.044195 0.41849104 1.0400685 21.472885 7.1796484 decam 0.38194996 11.172054 279 object IBIS_wide_M517_540650 540650 0.10546 924.0 1948.0 -0.17667527 1.0002558 0.0017164424 0.2004612 -0.0017318627 0.99996793 18497630221 111.42607
/home/declsp/obsbot/rawdata/DECam_01488303.fits.fz N4 1488303 800.0 61204.1809589 1.24 237.83075692220763 2.197896124177272 237.838275 2.273 M517 0.11839361 23.815233 0.3394667 1.0827122 21.367908 13.0643635 decam 8.393691 6.631187 261 object IBIS_wide_M517_537663 537663 0.11273 924.0 1948.0 -0.30732945 1.0000007 0.0017954841 0.17109498 -0.0017143593 1.0000865 18955842933 61.235283
