logs/db-2026-04-15.ecsv
# %ECSV 1.0
# ---
# datatype:
# - {name: filename, datatype: string}
# - {name: extension, datatype: string}
# - {name: expnum, datatype: int64}
# - {name: exptime, datatype: float32}
# - {name: mjd_obs, datatype: float64}
# - {name: airmass, datatype: float32}
# - {name: racenter, datatype: float64}
# - {name: deccenter, datatype: float64}
# - {name: rabore, datatype: float64}
# - {name: decbore, datatype: float64}
# - {name: band, datatype: string}
# - {name: ebv, datatype: float32}
# - {name: zeropoint, datatype: float32}
# - {name: transparency, datatype: float32}
# - {name: seeing, datatype: float32}
# - {name: sky, datatype: float32}
# - {name: expfactor, datatype: float32}
# - {name: camera, datatype: string}
# - {name: dx, datatype: float32}
# - {name: dy, datatype: float32}
# - {name: nmatched, datatype: int64}
# - {name: obstype, datatype: string}
# - {name: object, datatype: string}
# - {name: tileid, datatype: int64}
# - {name: tileebv, datatype: float32}
# - {name: affine_x0, datatype: float32}
# - {name: affine_y0, datatype: float32}
# - {name: affine_dx, datatype: float32}
# - {name: affine_dxx, datatype: float32}
# - {name: affine_dxy, datatype: float32}
# - {name: affine_dy, datatype: float32}
# - {name: affine_dyx, datatype: float32}
# - {name: affine_dyy, datatype: float32}
# - {name: checksum, datatype: string}
# - {name: efftime, datatype: float32}
# schema: astropy-2.0
filename extension expnum exptime mjd_obs airmass racenter deccenter rabore decbore band ebv zeropoint transparency seeing sky expfactor camera dx dy nmatched obstype object tileid tileebv affine_x0 affine_y0 affine_dx affine_dxx affine_dxy affine_dy affine_dyx affine_dyy checksum efftime
/home/declsp/obsbot/rawdata/DECam_01475592.fits.fz N4 1475592 10.0 61145.96793784 1.01 130.3761489802335 -32.93424242676747 130.3851 -32.859138888888886 M464 0.33464447 24.855825 0.91289765 1.3183515 18.801867 26.446297 decam -0.2859828 -10.505167 600 object "LTT3218 N4" 0 0.0 924.0 1948.0 -0.23741373 0.999646 -0.0019227264 -0.50085825 0.0019972061 1.0000746 15796851116 0.37812477
/home/declsp/obsbot/rawdata/DECam_01475593.fits.fz N4 1475593 10.0 61145.9683567 1.01 130.00609898023347 -32.93424242676747 130.01505 -32.859138888888886 M464 0.29259276 24.865612 0.92116356 1.2942344 18.927374 22.300781 decam -10.284628 -14.837231 781 object "LTT3218 N5" 0 0.0 924.0 1948.0 -0.007863971 0.9999081 -0.002032401 0.009985726 0.0023092334 1.0000327 15748490220 0.44841477
/home/declsp/obsbot/rawdata/DECam_01475594.fits.fz N4 1475594 10.0 61145.96878523 1.01 130.74619871054136 -33.10090964695198 130.75516666666667 -33.02580611111111 M464 0.41609186 24.82558 0.88781816 1.1870759 19.02807 18.412838 decam -18.114096 -1.6187863 571 object "LTT3218 S3" 0 0.0 924.0 1948.0 0.15436147 1.0003952 -0.0020640607 -0.06880072 0.0019521477 1.0000753 15729614687 0.54309934
/home/declsp/obsbot/rawdata/DECam_01475595.fits.fz N4 1475595 10.0 61145.96921461 1.01 130.37613204387472 -33.100909646952 130.3851 -33.02580611111111 M464 0.3320199 24.852962 0.91049445 1.1481662 19.162922 14.467024 decam -13.334381 -10.594342 685 object "LTT3218 S4" 0 0.0 924.0 1948.0 -0.2392797 0.99970347 -0.0018655348 -0.26064458 0.002020163 0.9999222 15672131669 0.6912272
/home/declsp/obsbot/rawdata/DECam_01475596.fits.fz N4 1475596 10.0 61145.96964442 1.01 130.00608204387473 -33.10090964695198 130.01505 -33.02580611111111 M464 0.27418688 24.863386 0.91927725 1.2761722 19.283289 15.687215 decam -5.3228846 1.1889111 827 object "LTT3218 S5" 0 0.0 924.0 1948.0 0.0020876534 1.0000964 -0.0019910226 0.070284605 0.0018518069 1.0000442 15642134738 0.6374618
/home/declsp/obsbot/rawdata/DECam_01475597.fits.fz N4 1475597 15.0 61145.97149363 1.15 89.0930033306711 -27.849770541142576 89.1015 -27.774666944444444 M464 0.038579706 24.826563 0.9145451 1.1668543 19.31257 13.665874 decam -24.160326 48.67028 142 object "LTT2415 N4" 0 0.0 924.0 1948.0 0.5615609 0.99980485 -0.00286812 -0.2512293 0.0027546263 0.9999593 15765056651 1.0976247
/home/declsp/obsbot/rawdata/DECam_01475598.fits.fz N4 1475598 15.0 61145.97195796 1.15 88.74173249733775 -27.849770541142576 88.75022916666667 -27.774666944444444 M464 0.03469151 24.865631 0.94805306 1.2005732 19.475346 11.587039 decam -23.174824 49.27277 130 object "LTT2415 N5" 0 0.0 924.0 1948.0 0.80476594 1.000158 -0.00296563 -0.35297656 0.0028318157 0.99994004 15706793144 1.29455
/home/declsp/obsbot/rawdata/DECam_01475599.fits.fz N4 1475599 15.0 61145.97245059 1.15 89.4442443826225 -28.016436650418257 89.45275416666667 -27.941333055555557 M464 0.029162224 24.873165 0.95465446 1.2686087 19.628202 11.081586 decam -9.644191 38.93197 177 object "LTT2415 S3" 0 0.0 924.0 1948.0 0.7873344 1.0002084 -0.0027775138 -0.13036631 0.0031508456 0.99986845 15675693750 1.3535969
/home/declsp/obsbot/rawdata/DECam_01475600.fits.fz N4 1475600 15.0 61145.97292186 1.15 89.09299021595584 -28.016436650418257 89.1015 -27.941333055555557 M464 0.035507463 24.831375 0.91860706 1.2467142 19.695627 10.86343 decam -12.051752 48.80611 144 object "LTT2415 S4" 0 0.0 924.0 1948.0 1.0089303 1.0002381 -0.0031453595 0.17218715 0.0032023622 1.0001183 15643382556 1.3807794
/home/declsp/obsbot/rawdata/DECam_01475601.fits.fz N4 1475601 15.0 61145.97342657 1.16 88.7417193826225 -28.016436650418257 88.75022916666667 -27.941333055555557 M464 0.034228936 24.785736 0.8826054 1.2786553 19.799545 11.294021 decam 3.2325687 35.801 152 object "LTT2415 S5" 0 0.0 924.0 1948.0 0.053709835 1.0004086 -0.0029314472 -0.53319865 0.0029276686 1.0000184 15627415593 1.3281364
/home/declsp/obsbot/rawdata/DECam_01475602.fits.fz N4 1475602 150.0 61145.97448309 1.62 66.42613211829018 -21.230682554470626 66.43419166666666 -21.15557888888889 M464 0.024018416 24.693762 0.8912687 1.5521773 19.550438 24.78752 decam 2.7885747 51.399822 85 object "Eridanus position 21" 0 0.0 924.0 1948.0 0.7114517 0.9998975 -0.0025962924 -0.14017347 0.0025933457 1.0001507 18577766039 6.0514326
/home/declsp/obsbot/rawdata/DECam_01475603.fits.fz N4 1475603 150.0 61145.97658275 1.66 65.96709203084897 -21.125212555513336 65.97514583333333 -21.05010888888889 M464 0.025705632 24.779268 0.97225344 1.4067756 20.130884 10.193291 decam -4.613215 33.78608 88 object "Eridanus position 22" 0 0.0 924.0 1948.0 1.2251302 1.0003369 -0.0026453377 -0.07592253 0.0024223237 1.0001644 17219227753 14.715562
/home/declsp/obsbot/rawdata/DECam_01475604.fits.fz N4 1475604 150.0 61145.97864651 1.67 66.23530057313845 -21.500806718459916 66.243375 -21.425703055555555 M464 0.018644245 24.774042 0.96957403 1.5482663 20.57482 8.280692 decam -6.001626 24.654404 92 object "Eridanus position 23" 0 0.0 924.0 1948.0 -0.17690639 1.0000566 -0.0025883764 -0.33484042 0.0026864994 1.0002824 16619073109 18.114428
/home/declsp/obsbot/rawdata/DECam_01475605.fits.fz N4 1475605 150.0 61145.98071187 1.7 66.31074637248899 -21.045083667415643 66.31879583333334 -20.96998 M464 0.027017938 24.762886 0.96559286 1.3596 20.91075 4.785045 decam -7.3027344 20.163742 97 object "Eridanus position 24" 0 0.0 924.0 1948.0 -1.039385 1.0000228 -0.0024610502 0.20902638 0.0029105255 1.0005127 16273591373 31.347666
/home/declsp/obsbot/rawdata/DECam_01475606.fits.fz N4 1475606 35.0 61145.98478024 1.14 144.5747163615302 -6.039103804814658 144.58227083333333 -5.964 M464 0.026859442 24.88342 0.96173716 1.165099 21.849112 1.186396 decam -0.836464 -20.563297 115 object "pointing test" 0 0.0 924.0 1948.0 -0.12176015 0.99992806 -0.0013404059 -0.033638995 0.0013628728 1.0001838 15458513280 29.50111
/home/declsp/obsbot/rawdata/DECam_01475607.fits.fz N4 1475607 541.3564 61145.98783598 1.16 144.6377400964903 -3.9831038226259823 144.64527083333334 -3.908 M464 0.04359751 24.872046 0.9556309 1.1766663 21.934187 1.1425242 decam 11.147665 6.925413 213 object IBIS_wide_M464_327969 327969 0.044049 924.0 1948.0 0.08186461 1.0000684 -0.0015426832 -0.26228678 0.0013700529 0.99995273 17585263040 473.82486
/home/declsp/obsbot/rawdata/DECam_01475608.fits.fz N4 1475608 495.4367 61145.99443511 1.15 145.39874583518997 -4.257103820258437 145.40627916666668 -4.182 M464 0.046583507 24.883564 0.9638422 1.1964033 21.970142 1.1186401 decam 4.005925 5.7857594 189 object IBIS_wide_M464_324978 324978 0.046071 924.0 1948.0 0.20530003 1.0000362 -0.0013235072 -0.18727295 0.0012455994 0.99998933 16794546377 442.89197
/home/declsp/obsbot/rawdata/DECam_01475609.fits.fz N4 1475609 687.1656 61146.00057048 1.15 150.25973115542834 -4.8621038150247005 150.26727083333333 -4.787 M464 0.031096214 24.871199 0.9529266 1.4786229 22.01001 1.6839639 decam -1.2938516 24.004045 171 object IBIS_wide_M464_325456 325456 0.031953 924.0 1948.0 0.04956381 0.9999927 -0.0012305172 0.028233282 0.0011255627 1.0000262 16900554711 408.06433
/home/declsp/obsbot/rawdata/DECam_01475610.fits.fz N4 1475610 800.0 61146.00883385 1.14 151.41472789422647 -5.145103812573365 151.42227083333333 -5.07 M464 0.04004697 24.855742 0.9375284 1.6913011 22.029396 2.2261462 decam 7.5263953 16.084898 146 object IBIS_wide_M464_328440 328440 0.037977 924.0 1948.0 0.11851602 1.0000091 -0.0011655478 -0.15957044 0.0011135892 0.9998965 17175014399 359.36542
/home/declsp/obsbot/rawdata/DECam_01475611.fits.fz N4 1475611 737.3053 61146.01845156 1.13 152.80173179954357 -5.167103812382711 152.80927499999999 -5.092 M464 0.04059073 24.88127 0.95786345 1.5541389 22.056713 1.7490934 decam 2.884464 20.677824 130 object IBIS_wide_M464_328435 328435 0.038409 924.0 1948.0 0.38702002 1.000047 -0.0011760888 -0.2758338 0.001134517 0.9999587 17031128106 421.53568
/home/declsp/obsbot/rawdata/DECam_01475612.fits.fz N4 1475612 628.026 61146.02731332 1.12 152.0797420017336 -4.63210381701543 152.08727916666666 -4.557 M464 0.03520333 24.880033 0.95481074 1.48594 22.069035 1.5846671 decam 10.965242 29.926014 162 object IBIS_wide_M464_328441 328441 0.035712 924.0 1948.0 0.048019446 1.0000967 -0.0012010642 -0.05292045 0.0011627969 1.0000054 16705631268 396.31415
/home/declsp/obsbot/rawdata/DECam_01475613.fits.fz N4 1475613 538.1166 61146.03495778 1.11 156.0407203079008 -5.749103807334087 156.04827083333333 -5.6739999999999995 M464 0.040061917 24.884535 0.9568106 1.3541744 22.070333 1.3039601 decam -0.6225723 28.813301 150 object IBIS_wide_M464_328413 328413 0.041313 924.0 1948.0 0.25075284 1.0002649 -0.0010222984 -0.019022053 0.0011419446 0.99994624 16603517767 412.6787
/home/declsp/obsbot/rawdata/DECam_01475614.fits.fz N4 1475614 524.4567 61146.0415131 1.12 158.70373949995428 -4.861103815033359 158.71127916666666 -4.786 M464 0.038793296 24.896545 0.96944314 1.2662297 22.052147 1.1342063 decam 2.3341043 33.934986 151 object IBIS_wide_M464_325436 325436 0.04283 924.0 1948.0 0.021009538 1.0000955 -0.00092736713 -0.07608561 0.00094416225 0.99999124 16488721243 462.39978
/home/declsp/obsbot/rawdata/DECam_01475615.fits.fz N4 1475615 594.8962 61146.04790256 1.12 160.9437263737136 -5.604103808592831 160.951275 -5.529 M464 0.047023367 24.877972 0.9529994 1.2942228 22.047829 1.2309556 decam 1.686983 43.198956 147 object IBIS_wide_M464_325184 325184 0.044553 924.0 1948.0 0.08146951 1.0000805 -0.00091133465 -0.12680048 0.000724114 1.0000157 16980425802 483.27997
/home/declsp/obsbot/rawdata/DECam_01475616.fits.fz N4 1475616 712.9854 61146.05509353 1.11 160.10773933182068 -4.876103814903483 160.11527916666665 -4.801 M464 0.050859034 24.877266 0.9504255 1.4065433 22.043352 1.4614587 decam 1.8552369 43.37388 149 object IBIS_wide_M464_325435 325435 0.049252 924.0 1948.0 0.09084797 1.0001806 -0.0009679573 -0.13047367 0.0008224833 1.0000046 16970385419 487.85876
/home/declsp/obsbot/rawdata/DECam_01475617.fits.fz N4 1475617 445.9471 61146.06371962 1.11 163.87672771615618 -5.160103812443375 163.88427083333332 -5.085 M464 0.026689462 24.894472 0.96560764 1.2884669 22.040482 1.1915593 decam -0.42496035 44.475594 130 object IBIS_wide_M464_328206 328206 0.028905 924.0 1948.0 0.20608881 1.0000814 -0.00066339306 -0.094029434 0.0007339403 0.99999464 16409511981 374.25507
/home/declsp/obsbot/rawdata/DECam_01475618.fits.fz N4 1475618 430.2872 61146.06918795 1.11 165.42573163264174 -5.181103812261381 165.433275 -5.106 M464 0.04128698 24.874853 0.9483161 1.2091093 22.02633 1.1024129 decam -4.555001 53.22543 133 object IBIS_wide_M464_328207 328207 0.039205 924.0 1948.0 -0.1934489 1.0003318 -0.0007052577 -0.03350063 0.00065638236 0.99999577 16307579640 390.314
/home/declsp/obsbot/rawdata/DECam_01475619.fits.fz N4 1475619 684.8356 61146.07449227 1.11 166.85272764478097 -5.166103812391379 166.86027083333335 -5.091 M464 0.061782185 24.876554 0.94980437 1.3221376 22.012575 1.3304069 decam -4.4474797 43.487526 156 object IBIS_wide_M464_328186 328186 0.053457 924.0 1948.0 0.17798267 1.0001092 -0.00059167127 -0.03740504 0.00044850266 1.0000939 16971190790 514.7565
/home/declsp/obsbot/rawdata/DECam_01475620.fits.fz N4 1475620 470.3669 61146.08274569 1.11 168.11973204903813 -5.146103812564698 168.127275 -5.071 M464 0.04183253 24.89369 0.9649121 1.295294 21.988096 1.2655486 decam 2.583024 41.362553 135 object IBIS_wide_M464_328195 328195 0.0422 924.0 1948.0 -0.07528166 0.9999747 -0.00063227344 0.052121 0.0006532129 1.0000203 16944056776 371.67038
/home/declsp/obsbot/rawdata/DECam_01475621.fits.fz N4 1475621 612.3761 61146.08871835 1.11 175.0997061442609 -6.731103798791621 175.10727083333333 -6.656 M464 0.034104317 24.895039 0.9661124 1.2066474 22.006495 1.0773643 decam -8.820947 42.52733 132 object IBIS_wide_M464_325267 325267 0.040667 924.0 1948.0 -0.008883554 1.000163 -0.00025859862 0.13388714 0.00026336464 1.0000309 16816642741 568.40204
/home/declsp/obsbot/rawdata/DECam_01475627.fits.fz N4 1475627 800.0 61146.1286807 1.1 182.80273436215444 -5.300103811229842 182.81027916666665 -5.225 M464 0.044755854 24.877209 0.94842654 1.816921 22.014206 2.504002 decam 2.9873433 25.99714 144 object IBIS_wide_M464_330962 330962 0.040754 924.0 1948.0 -0.2110851 1.0002351 7.169279e-05 0.21159793 -0.00043654666 0.9999554 17199781739 319.48856
/home/declsp/obsbot/rawdata/DECam_01475628.fits.fz N4 1475628 582.5962 61146.13828705 1.1 181.7607316684449 -5.178103812287381 181.768275 -5.103 M464 0.03574683 24.878422 0.9494857 1.4497492 22.038275 1.556466 decam 3.843786 52.10446 143 object IBIS_wide_M464_333953 333953 0.031633 924.0 1948.0 -0.092478946 1.000033 -3.3159642e-05 0.2471428 0.000110401175 1.0000731 16629205403 374.30704
/home/declsp/obsbot/rawdata/DECam_01475629.fits.fz N4 1475629 180.9188 61146.14556717 1.1 189.13572454128192 -6.050103804719041 189.14327916666667 -5.975 M464 0.03475987 24.8936 0.96285397 1.2127721 21.921366 1.180197 decam 3.3199792 40.115555 115 object IBIS_wide_M464_331439 331439 0.031326 924.0 1948.0 0.12207117 1.0002054 0.00030398087 0.06271122 -0.00048619622 1.0002345 16024316852 153.29543
/home/declsp/obsbot/rawdata/DECam_01475630.fits.fz N4 1475630 389.1875 61146.14829065 1.11 180.44673177572847 -5.169103812365379 180.454275 -5.094 M464 0.025064467 24.88741 0.95934707 1.2089194 22.056774 1.047095 decam -4.868853 74.04737 136 object IBIS_wide_M464_333944 333944 0.026029 924.0 1948.0 -0.0747138 1.0001644 -0.000104973115 0.07860186 0.0001391304 0.99995834 16202480207 371.6831
/home/declsp/obsbot/rawdata/DECam_01475631.fits.fz N4 1475631 167.9889 61146.15352927 1.1 193.87871698609075 -6.568103800211823 193.88627916666667 -6.493 M464 0.040180836 24.902822 0.97106695 1.2624952 21.954708 1.2192249 decam 4.32212 43.927658 131 object IBIS_wide_M464_331422 331422 0.03352 924.0 1948.0 -0.21436527 1.0002385 0.00046964933 0.076832935 -0.0005935859 1.0001004 15751252205 137.78336
/home/declsp/obsbot/rawdata/DECam_01475632.fits.fz N4 1475632 479.1668 61146.15579634 1.09 191.58271616420993 -6.3441038021619995 191.590275 -6.269 M464 0.024567617 24.877947 0.9471245 1.2515478 21.97544 1.2306633 decam -0.31741896 64.26291 176 object IBIS_wide_M464_334404 334404 0.026813 924.0 1948.0 -0.23046497 1.0003687 0.00041073456 -0.15539783 -0.0001827939 0.9999097 16519313839 389.35654
/home/declsp/obsbot/rawdata/DECam_01475633.fits.fz N4 1475633 386.6774 61146.16170909 1.1 195.18872446129868 -5.750103807325405 195.196275 -5.675 M464 0.03240866 24.889473 0.95919967 1.2673538 21.950897 1.2636299 decam -3.963651 56.129547 158 object IBIS_wide_M464_334409 334409 0.03345 924.0 1948.0 -0.20349692 1.0003356 0.0004834279 0.09417986 -0.0005696892 0.9999812 16329498071 306.00525
/home/declsp/obsbot/rawdata/DECam_01475634.fits.fz N4 1475634 348.7877 61146.16665609 1.11 189.47873277574607 -4.715103816297188 189.48627083333335 -4.64 M464 0.024735304 24.891842 0.9632723 1.1804461 21.987984 1.0550888 decam -2.504956 82.053215 144 object IBIS_wide_M464_334430 334430 0.029325 924.0 1948.0 0.052075345 0.99995804 0.0002605857 0.103864916 -0.0002955691 1.0000163 16149296033 330.57663
/home/declsp/obsbot/rawdata/DECam_01475635.fits.fz N4 1475635 431.2472 61146.17120265 1.09 197.1697194169479 -6.406103801622389 197.17727916666666 -6.331 M464 0.04306599 24.89429 0.96148837 1.1608101 21.924074 1.0773376 decam -0.9579978 61.530796 182 object IBIS_wide_M464_334159 334159 0.039335 924.0 1948.0 -0.049215518 1.0000653 0.00071290607 0.0030178146 -0.0004961341 0.9999906 16576986446 400.28973
/home/declsp/obsbot/rawdata/DECam_01475636.fits.fz N4 1475636 210.2386 61146.17653032 1.11 194.39774813577475 -4.015103822349564 194.40527916666665 -3.94 M464 0.02143784 24.918827 0.9875126 1.0991741 21.948765 0.9027136 decam -5.316108 66.42107 170 object IBIS_wide_M464_334420 334420 0.021871 924.0 1948.0 -0.19998634 0.99994314 0.00047026938 0.1252271 -0.0006468517 0.9999129 15868622193 232.89624
