logs/db-2024-11-24.ecsv
# %ECSV 1.0
# ---
# datatype:
# - {name: filename, datatype: string}
# - {name: extension, datatype: string}
# - {name: expnum, datatype: int64}
# - {name: exptime, datatype: float32}
# - {name: mjd_obs, datatype: float64}
# - {name: airmass, datatype: float32}
# - {name: racenter, datatype: float64}
# - {name: deccenter, datatype: float64}
# - {name: rabore, datatype: float64}
# - {name: decbore, datatype: float64}
# - {name: band, datatype: string}
# - {name: ebv, datatype: float32}
# - {name: zeropoint, datatype: float32}
# - {name: transparency, datatype: float32}
# - {name: seeing, datatype: float32}
# - {name: sky, datatype: float32}
# - {name: expfactor, datatype: float32}
# - {name: camera, datatype: string}
# - {name: dx, datatype: float32}
# - {name: dy, datatype: float32}
# - {name: nmatched, datatype: int64}
# - {name: obstype, datatype: string}
# - {name: object, datatype: string}
# - {name: tileid, datatype: int64}
# - {name: tileebv, datatype: float32}
# - {name: affine_x0, datatype: float32}
# - {name: affine_y0, datatype: float32}
# - {name: affine_dx, datatype: float32}
# - {name: affine_dxx, datatype: float32}
# - {name: affine_dxy, datatype: float32}
# - {name: affine_dy, datatype: float32}
# - {name: affine_dyx, datatype: float32}
# - {name: affine_dyy, datatype: float32}
# - {name: checksum, datatype: string}
# - {name: efftime, datatype: float32}
# schema: astropy-2.0
filename extension expnum exptime mjd_obs airmass racenter deccenter rabore decbore band ebv zeropoint transparency seeing sky expfactor camera dx dy nmatched obstype object tileid tileebv affine_x0 affine_y0 affine_dx affine_dxx affine_dxy affine_dy affine_dyx affine_dyy checksum efftime
rawdata/DECam_01342719.fits.fz N4 1342719 5.0 60639.00920635 1.0 354.2634548897232 -31.946213549803566 354.2723083333333 -31.87111 r 0.016571453 0.0 0.0 0.0 16.797668 0.0 decam 0.0 0.0 0 object pointing 0 0.0 0.0 0.0 0.0 0.0 0.0 0.0 0.0 0.0 22680703760 0.0
rawdata/DECam_01342720.fits.fz N4 1342720 30.0 60639.01032645 1.0 354.2634548897232 -31.946213549803566 354.2723083333333 -31.87111 r 0.016571453 0.0 0.0 0.0 17.119751 0.0 decam 0.0 0.0 0 object pointing 0 0.0 0.0 0.0 0.0 0.0 0.0 0.0 0.0 0.0 48217308799 0.0
rawdata/DECam_01342721.fits.fz N4 1342721 150.0 60639.01289376 1.05 347.1044708676797 -15.60240371938456 347.11227083333335 -15.5273 M517 0.03634075 24.807669 1.0436324 1.1677405 18.401207 23.24643 decam 9.1601715 50.103115 163 object "NGC7492 M517" 0 0.0 924.0 1948.0 0.01092335 0.99938744 0.0001998292 0.39402112 -0.0007977051 0.999831 22930908946 6.452604
rawdata/DECam_01342722.fits.fz N4 1342722 150.0 60639.01499528 1.05 347.08846032942307 -15.769003717839515 347.0962666666667 -15.6939 M517 0.03546531 24.787338 1.0242729 1.0067581 18.888805 11.455503 decam 11.591394 59.820763 73 object "NGC7492 M517" 0 0.0 924.0 1948.0 -0.21830267 0.99987614 0.0006738286 0.14420137 -0.0003972058 0.9997002 20196329746 13.094143
rawdata/DECam_01342723.fits.fz N4 1342723 150.0 60639.01711808 1.06 346.8214612481695 -15.745103718061324 346.8292666666667 -15.67 M517 0.03494858 24.781416 1.0203339 1.0400453 19.340008 8.155652 decam 17.155788 71.25394 78 object "NGC7492 M517" 0 0.0 924.0 1948.0 -0.3231286 1.000086 0.00065050396 -0.09107606 -0.00010784734 1.0001045 18534321083 18.392153
rawdata/DECam_01342724.fits.fz N4 1342724 150.0 60639.01921608 1.06 347.3084701943705 -15.620103719220527 347.31627083333336 -15.545 M517 0.034631554 24.775942 1.0152031 1.0831556 19.747707 6.1369987 decam 25.263508 75.35758 99 object "NGC7492 M517" 0 0.0 924.0 1948.0 -0.11006938 1.0002619 0.00048202777 -0.07188763 -0.000323531 1.0000927 17527243593 24.441916
rawdata/DECam_01342725.fits.fz N4 1342725 150.0 60639.02133289 1.06 347.1044708676797 -15.60240371938456 347.11227083333335 -15.5273 M464 0.03634075 24.933659 0.99086636 1.015242 20.184958 3.8051312 decam 15.531883 81.7431 209 object "NGC7492 M464" 0 0.0 924.0 1948.0 0.20463592 0.9993315 0.00026821083 0.22552194 -0.00068722985 0.9998717 17071946732 39.420452
rawdata/DECam_01342726.fits.fz N4 1342726 150.0 60639.02344468 1.06 347.08846032942307 -15.769003717839515 347.0962666666667 -15.6939 M464 0.03546531 24.957426 1.0127969 1.0463685 20.56866 2.7167034 decam 16.715488 79.49865 87 object "NGC7492 M464" 0 0.0 924.0 1948.0 -0.12517874 0.99995226 0.0006012887 0.06337138 -0.0005382553 0.99985605 16569154172 55.213978
rawdata/DECam_01342727.fits.fz N4 1342727 150.0 60639.0255499 1.07 346.8214612481695 -15.745103718061324 346.8292666666667 -15.67 M464 0.03494858 24.972479 1.029047 1.0356491 20.853231 1.9918131 decam 22.608751 87.72294 83 object "NGC7492 M464" 0 0.0 924.0 1948.0 -0.296543 1.000033 0.0006088212 -0.021922382 -0.0002998037 1.0000817 16271167976 75.30827
rawdata/DECam_01342728.fits.fz N4 1342728 150.0 60639.02764564 1.07 347.3084701943705 -15.620103719220527 347.31627083333336 -15.545 M464 0.034631554 24.966063 1.022984 1.0834099 21.087297 1.7775735 decam 13.570639 84.44018 102 object "NGC7492 M464" 0 0.0 924.0 1948.0 -0.18977086 0.9998337 0.0002846972 -0.09136592 -0.00044804876 1.0000042 16085195854 84.3847
rawdata/DECam_01342729.fits.fz N4 1342729 60.0 60639.03100489 1.3 36.2687349202747 -4.513103818044904 36.276270833333335 -4.438 g 0.024391212 26.651655 1.0890849 1.5507047 21.210407 3.53364 decam 14.960626 71.61641 74 object XMM 0 0.0 924.0 1948.0 0.45560798 1.0001543 -0.0009324953 -0.20781593 0.001076372 0.99964243 16587158425 16.979658
rawdata/DECam_01342730.fits.fz N4 1342730 500.0 60639.03296477 1.29 36.2687349202747 -4.513103818044904 36.276270833333335 -4.438 M517 0.024391212 24.739813 1.0188465 1.3559707 21.11777 2.9081607 decam -4.3492208 -12.064358 88 object IBIS_deep_xmm_M517_71 0 0.0 924.0 1948.0 0.56694794 1.0000284 -0.001208067 -0.3159884 0.0013864597 0.99977463 17439459815 171.92998
rawdata/DECam_01342731.fits.fz N4 1342731 500.0 60639.03912644 1.27 36.30574787830614 -3.566103826226155 36.313275000000004 -3.491 M464 0.02591724 24.92739 1.0285838 1.4457824 21.594446 2.1287272 decam 2.9953246 -25.016472 85 object IBIS_deep_xmm_M464_37 0 0.0 924.0 1948.0 0.35837746 0.9999039 -0.0013095923 -0.20137723 0.0010938266 0.99990976 16934145251 234.88216
rawdata/DECam_01342732.fits.fz N4 1342732 500.0 60639.04527224 1.25 36.01974481948525 -3.4281038274168414 36.02727083333333 -3.3529999999999998 M464 0.024824826 24.93795 1.034379 1.221633 21.62039 1.4560596 decam 7.597947 -41.73223 78 object IBIS_deep_xmm_M464_38 0 0.0 924.0 1948.0 0.64076906 1.0000389 -0.0013703761 -0.39814842 0.0012862305 0.99997985 17138561994 343.39255
rawdata/DECam_01342733.fits.fz N4 1342733 500.0 60639.05141881 1.22 35.71074538003361 -3.356103828037932 35.71827083333333 -3.281 M464 0.026097585 24.930817 1.0212929 1.1141655 21.63471 1.2114993 decam 7.853753 -49.748074 80 object IBIS_deep_xmm_M464_39 0 0.0 924.0 1948.0 -0.03569613 0.99994904 -0.0013224967 -0.20170134 0.0010806749 1.0002027 16908062235 412.71176
rawdata/DECam_01342734.fits.fz N4 1342734 417.0 60639.05842654 1.2 35.39274539543357 -3.3541038280551847 35.40027083333333 -3.279 M464 0.024650576 24.942059 1.027693 1.1311711 21.653511 1.2020961 decam -1.6888335 -1.5285729 89 object IBIS_deep_xmm_M464_40 0 0.0 924.0 1948.0 -0.6270803 1.0000542 -0.0015191252 -0.26767457 0.0014961703 0.99997073 16585719645 346.89404
rawdata/DECam_01342735.fits.fz N4 1342735 400.0 60639.06361679 1.17 34.30774451850398 -3.9551038228678297 34.315275 -3.88 M464 0.02304132 24.94257 1.0218604 1.1468239 21.671568 1.2140105 decam -1.9110328 -2.1406908 72 object IBIS_deep_xmm_M464_44 0 0.0 924.0 1948.0 -0.1629856 1.00014 -0.0011035895 -0.24865447 0.0013992573 0.9998837 16534392709 329.48645
rawdata/DECam_01342736.fits.fz N4 1342736 391.0 60639.06860808 1.15 34.0147432224527 -4.516103818018955 34.022279166666664 -4.441 M464 0.018983403 24.952526 1.0270478 1.1106058 21.682669 1.1066169 decam 0.37402487 -8.552406 64 object IBIS_deep_xmm_M464_46 0 0.0 924.0 1948.0 0.35510355 1.0000318 -0.0013081696 -0.19890916 0.0012298737 1.000009 16514073625 353.32913
rawdata/DECam_01342737.fits.fz N4 1342737 433.0 60639.07349732 1.15 36.523730138551535 -4.952103814245354 36.53127083333333 -4.877 M464 0.026935395 24.94771 1.0225018 1.0485029 21.688198 0.99029815 decam 1.4297066 1.1823367 76 object IBIS_deep_xmm_M464_50 0 0.0 924.0 1948.0 -0.052385263 1.0002884 -0.0014199791 -0.23175484 0.0017069569 0.999786 16614659074 437.24203
rawdata/DECam_01342738.fits.fz N4 1342738 403.0 60639.07888908 1.15 36.59073771768469 -4.6431038169202505 36.598275 -4.568 M464 0.027514186 24.962473 1.0364993 1.0508236 21.69273 0.9639598 decam 7.3827705 -2.0752673 83 object IBIS_deep_xmm_M464_51 0 0.0 924.0 1948.0 0.16252597 1.0002321 -0.0015188924 -0.30735752 0.0015457125 1.0001531 16562473705 418.06723
rawdata/DECam_01342739.fits.fz N4 1342739 354.0 60639.0839349 1.14 36.539740937920406 -4.331103819618743 36.547275000000006 -4.256 M464 0.025886 24.963148 1.0350157 1.0490192 21.678894 0.9717719 decam 8.28354 -1.065639 79 object IBIS_deep_xmm_M464_52 0 0.0 924.0 1948.0 0.24463816 1.0002693 -0.0013393334 -0.28605345 0.0012754991 1.0001181 16383661727 364.28302
rawdata/DECam_01342740.fits.fz N4 1342740 350.0 60639.08840404 1.14 36.384747764877716 -4.055103822004011 36.39227916666667 -3.98 M464 0.029062042 24.957153 1.0293182 1.0874008 21.675957 1.0584666 decam 13.490578 6.222962 70 object IBIS_deep_xmm_M464_53 0 0.0 924.0 1948.0 0.13394386 1.0001682 -0.0016202019 -0.27616048 0.0010560586 0.9998509 16372581251 330.66702
rawdata/DECam_01342741.fits.fz N4 1342741 344.0 60639.09281385 1.13 36.14874136389894 -3.8421038238436958 36.15627083333334 -3.767 M464 0.024478564 24.979109 1.048188 1.0880158 21.668081 1.0250732 decam 7.839585 11.758474 66 object IBIS_deep_xmm_M464_54 0 0.0 924.0 1948.0 0.39999837 1.0004444 -0.0013247675 -0.017548738 0.0007505136 0.9994191 17576583391 335.58582
rawdata/DECam_01342742.fits.fz N4 1342742 378.0 60639.09716747 1.13 35.860742517228324 -3.70910382499195 35.868270833333334 -3.634 M464 0.026497362 24.96664 1.0362213 1.0858432 21.680351 1.0329694 decam 2.1324842 11.417674 78 object IBIS_deep_xmm_M464_55 0 0.0 924.0 1948.0 0.40866455 1.0003432 -0.0012657273 -0.09056639 0.0012939346 1.0001624 16512419045 365.93533
rawdata/DECam_01342743.fits.fz N4 1342743 371.0 60639.10192613 1.12 35.54574289818932 -3.6641038253803795 35.553270833333336 -3.589 M464 0.02429236 24.958279 1.0261612 1.0452418 21.71655 0.9403084 decam 5.654781 18.400242 61 object IBIS_deep_xmm_M464_56 0 0.0 924.0 1948.0 -0.0008270142 0.9998631 -0.0011959272 -0.06414784 0.0014311996 1.0000482 16408027900 394.5514
rawdata/DECam_01342744.fits.fz N4 1342744 360.0 60639.10659639 1.12 35.23074255128113 -3.70510382502648 35.23827083333333 -3.63 M464 0.022458946 24.951591 1.0198594 1.0838548 21.723038 1.0173361 decam 2.1423075 37.662193 74 object IBIS_deep_xmm_M464_57 0 0.0 924.0 1948.0 0.3420913 1.0002284 -0.0015130483 -0.13165958 0.0013242816 1.0001726 16347434314 353.86533
rawdata/DECam_01342745.fits.fz N4 1342745 328.0 60639.11113262 1.11 34.480737462689476 -4.2611038202238625 34.48827083333333 -4.186 M464 0.022151582 24.973877 1.0388732 1.085698 21.725264 0.97772896 decam 3.9859076 39.151974 66 object IBIS_deep_xmm_M464_60 0 0.0 924.0 1948.0 0.34474024 1.000564 -0.0013953225 -0.2571115 0.0014770722 0.9997416 16459550466 335.47128
rawdata/DECam_01342746.fits.fz N4 1342746 349.0 60639.11529628 1.11 34.34073873262257 -4.547103817750802 34.348275 -4.472 M464 0.02002408 24.963804 1.0292795 1.0737618 21.73012 0.9699575 decam 6.2557526 38.47673 86 object IBIS_deep_xmm_M464_61 0 0.0 924.0 1948.0 0.60846955 1.0000292 -0.0014946904 -0.217125 0.0014548575 0.99991447 16327128222 359.8096
rawdata/DECam_01342747.fits.fz N4 1342747 337.0 60639.12004822 1.11 34.26873538921562 -4.85610381507665 34.276275 -4.781 M464 0.019563725 24.95401 1.0200373 1.1251421 21.735634 1.0786895 decam -6.6393337 15.90193 65 object IBIS_deep_xmm_M464_62 0 0.0 924.0 1948.0 0.67079556 0.99959713 -0.0013084878 -0.006181306 0.0013190741 0.999623 16377771306 312.41614
rawdata/DECam_01342748.fits.fz N4 1342748 342.0 60639.12434878 1.1 34.32973207481943 -5.484103809634076 34.33727916666667 -5.409 M464 0.023258748 24.961624 1.0251077 1.2293698 21.707253 1.3030716 decam 4.545616 9.380043 68 object IBIS_deep_xmm_M464_64 0 0.0 924.0 1948.0 -0.040095188 0.9996526 -0.0012225661 -0.16673547 0.0012516411 0.9999807 16321481338 262.4568
rawdata/DECam_01342749.fits.fz N4 1342749 382.0 60639.12868601 1.1 34.455728282153 -5.77610380709963 34.463279166666666 -5.7010000000000005 M464 0.024104962 24.96747 1.0306427 1.1842966 21.716698 1.18611 decam 8.987907 5.6791816 63 object IBIS_deep_xmm_M464_65 0 0.0 924.0 1948.0 -0.74817884 0.9999572 -0.0013030887 -0.045726668 0.0013140802 1.0000091 16442176600 322.0612
rawdata/DECam_01342750.fits.fz N4 1342750 475.0 60639.1334788 1.1 34.63872473670002 -6.036103804840734 34.646279166666666 -5.961 M464 0.026263343 24.953856 1.0177988 1.2118891 21.706976 1.2849209 decam 2.1742685 9.290056 85 object IBIS_deep_xmm_M464_66 0 0.0 924.0 1948.0 0.15074703 0.9998453 -0.0013840515 -0.25569624 0.0016416984 1.0000968 16857988882 369.67258
rawdata/DECam_01342751.fits.fz N4 1342751 431.0 60639.13936076 1.11 34.869721612494466 -6.2561038029276705 34.87727916666667 -6.181 M464 0.02540927 24.966673 1.0320035 1.1386771 21.706593 1.1085342 decam 14.526942 10.430617 76 object IBIS_deep_xmm_M464_67 0 0.0 924.0 1948.0 -0.25020176 0.9998286 -0.0014125908 -0.44608304 0.0013814853 0.99975705 17341166911 388.8017
rawdata/DECam_01342752.fits.fz N4 1342752 472.0 60639.14473202 1.11 35.13771075713614 -6.428103801430884 35.145270833333335 -6.353 M464 0.026346643 24.958797 1.0245451 1.1387041 21.697227 1.134528 decam 24.428217 6.12412 59 object IBIS_deep_xmm_M464_68 0 0.0 924.0 1948.0 -0.23309849 1.0003266 -0.0014818858 -0.22175153 0.0015516066 0.9999904 17337051040 416.03204
rawdata/DECam_01342753.fits.fz N4 1342753 404.0 60639.15070968 1.12 35.43371728955237 -6.548103800386016 35.44127916666667 -6.473 M464 0.026178287 24.96243 1.0300915 1.1430749 21.725178 1.1067537 decam 12.967809 14.264305 84 object IBIS_deep_xmm_M464_69 0 0.0 924.0 1948.0 0.22590438 0.9997842 -0.0013651534 -0.15545778 0.0016021638 1.0002751 16521548219 365.03152
rawdata/DECam_01342754.fits.fz N4 1342754 428.0 60639.15576227 1.14 36.24473155689402 -4.82610381533638 36.252270833333334 -4.751 M464 0.027478544 24.96303 1.0349045 1.1409277 21.732157 1.0943304 decam 8.443789 18.16881 83 object IBIS_deep_xmm_M464_70 0 0.0 924.0 1948.0 0.18172985 0.9999123 -0.001620106 0.029879738 0.0015199466 1.0000069 16553321413 391.10672
rawdata/DECam_01342755.fits.fz N4 1342755 409.0 60639.16108523 1.15 36.2687349202747 -4.513103818044904 36.276270833333335 -4.438 M464 0.024391212 24.955748 1.0300987 1.06017 21.723305 0.9657912 decam 3.818428 16.507658 86 object IBIS_deep_xmm_M464_71 0 0.0 924.0 1948.0 0.6671414 1.0002024 -0.0014357567 -0.2781842 0.0017927536 0.9996324 16504213155 423.48697
rawdata/DECam_01342756.fits.fz N4 1342756 396.0 60639.16620127 1.17 34.62374119581646 -4.7071038163664225 34.631279166666666 -4.632 M464 0.021382116 24.944483 1.0236641 1.146033 21.70563 1.1707591 decam 12.399209 16.742073 56 object IBIS_deep_xmm_M464_78 0 0.0 924.0 1948.0 0.10493537 1.0000732 -0.001418102 -0.18238837 0.0014593096 0.99998045 16504848645 338.2421
rawdata/DECam_01342757.fits.fz N4 1342757 348.0 60639.17115883 1.17 34.6177339331631 -5.335103810926375 34.625279166666665 -5.26 M464 0.021502892 24.962576 1.0408648 1.1845798 21.714579 1.1997634 decam 9.170543 19.708769 72 object IBIS_deep_xmm_M464_80 0 0.0 924.0 1948.0 0.07184022 0.99988604 -0.0014690923 -0.07819934 0.0017455065 0.99987346 16351292883 290.0572
rawdata/DECam_01342758.fits.fz N4 1342758 420.0 60639.17555078 1.18 34.73972606277688 -5.62810380838453 34.747275 -5.553 M464 0.0225511 24.958925 1.0395044 1.2133465 21.711916 1.270238 decam 3.1134481 21.50836 79 object IBIS_deep_xmm_M464_81 0 0.0 924.0 1948.0 0.6557633 1.0000043 -0.0013734755 -0.2376473 0.0015861492 1.0002468 16574003072 330.6467
rawdata/DECam_01342759.fits.fz N4 1342759 445.0 60639.18078634 1.19 34.93071852254436 -5.882103806178952 34.938270833333334 -5.807 M464 0.0256092 24.96129 1.0439125 1.144198 21.718477 1.1181349 decam 1.5091001 25.273144 66 object IBIS_deep_xmm_M464_82 0 0.0 924.0 1948.0 0.23123702 1.0001755 -0.0013775735 -0.4855618 0.0017349103 1.0000541 16600926943 397.9842
rawdata/DECam_01342760.fits.fz N4 1342760 471.0 60639.1863151 1.21 35.17671574549542 -6.0831038044321675 35.184270833333336 -6.008 M464 0.02505659 24.950563 1.0379037 1.0376618 21.726732 0.9312442 decam -0.77247113 19.243221 73 object IBIS_deep_xmm_M464_83 0 0.0 924.0 1948.0 0.29612854 1.0001231 -0.0016315717 -0.20506878 0.0014219225 1.0002186 16702172050 505.77496
rawdata/DECam_01342761.fits.fz N4 1342761 429.0 60639.19214369 1.22 35.7757210613091 -6.294103802597073 35.78327916666667 -6.219 M464 0.029704135 24.966228 1.055153 0.9814514 21.707264 0.8242581 decam 0.41886026 16.68685 65 object IBIS_deep_xmm_M464_85 0 0.0 924.0 1948.0 0.91674274 1.0001439 -0.0018733876 -0.4081905 0.0016881941 0.99994135 16677921564 520.4681
rawdata/DECam_01342762.fits.fz N4 1342762 355.0 60639.19747171 1.23 37.47273223843806 -5.130103812703347 37.480275 -5.055 M464 0.029684784 24.952946 1.0444667 0.9106953 21.729239 0.71299994 decam -2.072523 15.231934 62 object IBIS_deep_xmm_M464_92 0 0.0 924.0 1948.0 0.30138022 1.0000538 -0.0016941023 -0.3815109 0.001598546 0.99996233 16336123696 497.89624
