logs/db-2025-12-15.ecsv
# %ECSV 1.0
# ---
# datatype:
# - {name: filename, datatype: string}
# - {name: extension, datatype: string}
# - {name: expnum, datatype: int64}
# - {name: exptime, datatype: float32}
# - {name: mjd_obs, datatype: float64}
# - {name: airmass, datatype: float32}
# - {name: racenter, datatype: float64}
# - {name: deccenter, datatype: float64}
# - {name: rabore, datatype: float64}
# - {name: decbore, datatype: float64}
# - {name: band, datatype: string}
# - {name: ebv, datatype: float32}
# - {name: zeropoint, datatype: float32}
# - {name: transparency, datatype: float32}
# - {name: seeing, datatype: float32}
# - {name: sky, datatype: float32}
# - {name: expfactor, datatype: float32}
# - {name: camera, datatype: string}
# - {name: dx, datatype: float32}
# - {name: dy, datatype: float32}
# - {name: nmatched, datatype: int64}
# - {name: obstype, datatype: string}
# - {name: object, datatype: string}
# - {name: tileid, datatype: int64}
# - {name: tileebv, datatype: float32}
# - {name: affine_x0, datatype: float32}
# - {name: affine_y0, datatype: float32}
# - {name: affine_dx, datatype: float32}
# - {name: affine_dxx, datatype: float32}
# - {name: affine_dxy, datatype: float32}
# - {name: affine_dy, datatype: float32}
# - {name: affine_dyx, datatype: float32}
# - {name: affine_dyy, datatype: float32}
# - {name: checksum, datatype: string}
# - {name: efftime, datatype: float32}
# schema: astropy-2.0
filename extension expnum exptime mjd_obs airmass racenter deccenter rabore decbore band ebv zeropoint transparency seeing sky expfactor camera dx dy nmatched obstype object tileid tileebv affine_x0 affine_y0 affine_dx affine_dxx affine_dxy affine_dy affine_dyx affine_dyy checksum efftime
[from data line 43]
rawdata/DECam_01441578.fits.fz N4 1441578 428.5374 61025.17798638 1.15 51.794545042800586 -13.621103737575627 51.802275 -13.546 M464 0.076865345 24.92608 1.0023341 0.9810637 21.81997 1.3846711 decam 1.0179121 28.363214 114 object IBIS_wide_M464_309826 309826 0.072887 924.0 1948.0 -0.86596686 0.9999508 -0.0020404193 0.015902352 0.0021143525 1.0000781 16565328889 309.4868
rawdata/DECam_01441579.fits.fz N4 1441579 429.0775 61025.18324972 1.14 53.144497362580864 -15.002103724931139 53.152275 -14.927 M464 0.071563 24.934223 1.0078062 0.9783097 21.846766 1.2741508 decam 3.7323506 21.821878 109 object IBIS_wide_M464_309738 309738 0.077409 924.0 1948.0 0.2139511 1.0000639 -0.0021098594 -0.34967628 0.002290985 1.0000162 16519976331 336.75568
rawdata/DECam_01441580.fits.fz N4 1441580 407.4875 61025.18853917 1.16 54.63854923813597 -13.49210373874899 54.646275 -13.417 M464 0.054424066 24.941513 1.0187719 1.0063787 21.822342 1.2035587 decam 3.1809266 36.153046 100 object IBIS_wide_M464_310046 310046 0.0557 924.0 1948.0 0.18324168 0.9999952 -0.0024304755 -0.20159765 0.0026688862 0.9999934 16458617477 338.56885
rawdata/DECam_01441581.fits.fz N4 1441581 495.117 61025.1935728 1.19 53.1415647147072 -13.004103743176413 53.149275 -12.929 M464 0.041385137 24.944502 1.0278951 1.0190138 21.791431 1.1502103 decam 2.5186691 29.920517 120 object IBIS_wide_M464_307149 307149 0.053457 924.0 1948.0 0.62623394 1.0002103 -0.0023511746 -0.11380668 0.0022091267 1.0000899 16776075403 430.45782
rawdata/DECam_01441582.fits.fz N4 1441582 544.8369 61025.19961549 1.22 53.916591341438 -11.82110375383859 53.92426666666667 -11.746 M464 0.083943 24.91417 1.0057535 1.0102975 21.758732 1.6702447 decam 7.3475494 29.563662 90 object IBIS_wide_M464_310137 310137 0.064879 924.0 1948.0 -0.0051920377 0.99989104 -0.0022872414 -0.59243363 0.00234835 1.0000948 16913322334 326.20184
rawdata/DECam_01441583.fits.fz N4 1441583 634.8162 61025.20624992 1.25 54.092611280578076 -11.399103757619267 54.100275 -11.324 M464 0.06478401 24.91073 1.0087698 1.0334864 21.722486 1.5857075 decam 2.5081797 25.189535 118 object IBIS_wide_M464_307152 307152 0.064598 924.0 1948.0 -0.283101 0.99976516 -0.0023743762 -0.1303432 0.0019706434 1.0000151 17254854154 400.33624
rawdata/DECam_01441584.fits.fz N4 1441584 599.0065 61025.21395948 1.29 51.781497289367195 -14.889103725971703 51.78927083333333 -14.814 M464 0.06702934 24.915373 1.02145 1.0305943 21.746515 1.5539563 decam 7.7237687 16.5124 96 object IBIS_wide_M464_309823 309823 0.063886 924.0 1948.0 0.76550364 0.9997949 -0.002268575 0.012736432 0.0024450575 1.0001243 17093231903 385.4719
rawdata/DECam_01441585.fits.fz N4 1441585 509.147 61025.22124106 1.33 53.47258293085154 -12.117103751179801 53.480266666666665 -12.042 M464 0.07663366 24.888832 1.0050064 1.0101551 21.722137 1.7174213 decam -0.5103422 13.252056 124 object IBIS_wide_M464_307151 307151 0.059297 924.0 1948.0 0.3778023 1.0001041 -0.0022770178 -0.10293414 0.002635079 1.00006 17182565351 296.46017
rawdata/DECam_01441586.fits.fz N4 1441586 535.3368 61025.2274528 1.37 53.22057447354014 -12.407103748569183 53.22826666666667 -12.332 M464 0.065030366 24.900955 1.0246753 1.0612599 21.71838 1.711714 decam 2.7989407 0.07626506 123 object IBIS_wide_M464_310134 310134 0.055132 924.0 1948.0 0.5303469 1.0000498 -0.0021170874 -0.40142998 0.0022665507 1.0002729 17000252115 312.74896
rawdata/DECam_01441587.fits.fz N4 1441587 585.3765 61025.23398054 1.42 54.635646557484506 -10.000103770075157 54.643274999999996 -9.925 M464 0.056432407 24.885777 1.0208793 0.99265814 21.663994 1.5231256 decam -6.5106587 -4.256211 104 object IBIS_wide_M464_310155 310155 0.061911 924.0 1948.0 0.30002046 0.9999053 -0.0024155793 -0.07934409 0.0026483547 1.0001564 17226739502 384.32584
rawdata/DECam_01441588.fits.fz N4 1441588 800.0 61025.24308435 1.27 132.11973204903813 -5.146103812564697 132.127275 -5.071 M464 0.019981273 24.933844 1.0347166 1.0284827 21.770432 1.0453974 decam 1.8357134 -32.33093 376 object IBIS_wide_M464_322203 322203 0.020616 924.0 1948.0 0.19490588 1.0002668 -0.0019089495 -0.45193678 0.001826618 1.0001119 17814011228 765.2592
rawdata/DECam_01441589.fits.fz N4 1441589 387.1177 61025.25268812 1.23 132.80172816207906 -5.785103807021473 132.80927916666667 -5.71 M464 0.026164843 24.928417 1.0211349 1.0176302 21.73048 1.1209973 decam -4.9581366 -31.312294 313 object IBIS_wide_M464_322197 322197 0.0216 924.0 1948.0 0.08055098 1.0002129 -0.002011377 0.028261684 0.0017747188 1.0001441 16832134433 345.3333
rawdata/DECam_01441590.fits.fz N4 1441590 334.278 61025.25750344 1.22 133.62271835213537 -6.1931038034756645 133.630275 -6.118 M464 0.026998632 24.930363 1.0208676 0.9456404 21.81057 0.9016497 decam 0.43408298 -25.618229 343 object IBIS_wide_M464_322195 322195 0.024552 924.0 1948.0 0.30687022 1.000152 -0.0019315147 -0.28466424 0.0018992469 1.0001469 16297610220 370.74045
rawdata/DECam_01441591.fits.fz N4 1441591 338.548 61025.26168947 1.21 132.60173122254898 -4.85610381507665 132.60927083333334 -4.781 M464 0.01840186 24.932772 1.0210351 0.9913552 21.813526 0.9249989 decam -0.7442383 -20.82803 344 object IBIS_wide_M464_319218 319218 0.019204 924.0 1948.0 -0.10975872 1.0001577 -0.0019109262 -0.33906853 0.0019956923 1.0001614 16483032975 365.9983
rawdata/DECam_01441592.fits.fz N4 1441592 398.5176 61025.26598256 1.22 136.22872468338724 -5.409103810284639 136.23627083333332 -5.334 M464 0.021165762 24.923368 1.0143112 1.0496793 21.843523 1.0465977 decam -3.9831133 -13.029186 253 object IBIS_wide_M464_319128 319128 0.022309 924.0 1948.0 -0.05171283 1.000251 -0.0018125498 0.033801787 0.0017655178 1.0002719 16592451328 380.77438
rawdata/DECam_01441593.fits.fz N4 1441593 379.7878 61025.27093267 1.21 138.6037115702984 -6.9151037971873 138.61127916666666 -6.84 M464 0.04901638 24.931776 1.0200986 1.0082681 21.848267 1.1553835 decam -7.7547507 -9.291104 270 object IBIS_wide_M464_322104 322104 0.039563 924.0 1948.0 0.091093875 1.0002056 -0.0017188498 -0.08778031 0.0016759372 1.0001171 16666256855 328.7115
rawdata/DECam_01441594.fits.fz N4 1441594 355.4179 61025.27565994 1.2 137.1827222458191 -5.601103808618867 137.19027083333336 -5.526 M464 0.023636026 24.934578 1.0206367 1.0030038 21.844997 0.9516468 decam 6.08351 -20.930397 240 object IBIS_wide_M464_322112 322112 0.025017 924.0 1948.0 0.3663812 1.0001407 -0.0016986289 -0.20631436 0.001445585 1.000256 16669124262 373.47668
rawdata/DECam_01441595.fits.fz N4 1441595 431.0675 61025.28011031 1.19 139.0997061442609 -6.731103798791621 139.10727083333333 -6.656 M464 0.033383064 24.933731 1.017749 1.0230849 21.856846 1.0515853 decam 16.220076 -16.099987 265 object IBIS_wide_M464_319275 319275 0.037306 924.0 1948.0 0.1866573 1.0002289 -0.0017438487 -0.07044852 0.0014160398 1.0000864 16818862106 409.92157
rawdata/DECam_01441596.fits.fz N4 1441596 392.3976 61025.28543974 1.17 137.66072691460454 -5.562103808957315 137.668275 -5.487 M464 0.030152861 24.94207 1.0213916 1.0916493 21.853926 1.154864 decam 9.352115 -7.785281 286 object IBIS_wide_M464_319283 319283 0.026449 924.0 1948.0 0.16105777 1.000199 -0.001825722 -0.073397145 0.001632485 1.000241 16408367361 339.77823
rawdata/DECam_01441598.fits.fz N4 1441598 445.0373 61025.29513175 1.15 139.4357118654391 -6.353103802083675 139.44327083333334 -6.278 M464 0.034125973 24.94582 1.0207223 1.084594 21.132553 2.2635694 decam 16.073872 -6.0863805 204 object IBIS_wide_M464_322261 322261 0.034632 924.0 1948.0 0.42249593 1.0000263 -0.0017020623 -0.27133897 0.0014529446 1.0001607 17764539423 196.60864
rawdata/DECam_01441599.fits.fz N4 1441599 382.7278 61025.30062353 1.14 140.40271153455436 -6.652103799480058 140.410275 -6.577 M464 0.031995527 24.945866 1.0186722 1.011523 21.787525 1.0609876 decam 18.682487 -17.449858 223 object IBIS_wide_M464_319267 319267 0.032814 924.0 1948.0 0.39878133 1.0000881 -0.0018567531 -0.19215386 0.0017114809 1.0001601 16800092339 360.72787
rawdata/DECam_01441600.fits.fz N4 1441600 466.8572 61025.3053999 1.14 141.55070707494713 -6.671103799314505 141.55827083333335 -6.596 M464 0.033046875 24.938066 1.0113797 1.0817988 21.755228 1.2774409 decam 17.893707 -14.707287 225 object IBIS_wide_M464_319268 319268 0.034814 924.0 1948.0 0.21865194 1.0001888 -0.0016797119 -0.045056 0.001580712 1.0001101 16831040933 365.46286
rawdata/DECam_01441601.fits.fz N4 1441601 428.6373 61025.31115314 1.15 143.9947264337716 -5.913103805909631 144.00227916666668 -5.838 M464 0.028771337 24.943792 1.0188191 1.0367863 21.74414 1.1378642 decam 17.650267 -25.378433 202 object IBIS_wide_M464_327951 327951 0.030745 924.0 1948.0 0.4052637 1.000056 -0.0016211155 -0.2380095 0.0014372432 1.0001279 16679152461 376.70337
rawdata/DECam_01441602.fits.fz N4 1441602 393.7076 61025.31648866 1.14 145.8767113498834 -6.388103801779064 145.88427083333335 -6.313 M464 0.029580709 24.927753 1.0018198 0.99302137 21.74906 1.0767025 decam 27.80845 -26.545286 178 object IBIS_wide_M464_327949 327949 0.031696 924.0 1948.0 0.090035245 1.0000347 -0.0013908317 0.09106759 0.0014184767 1.0001168 16518835825 365.66055
rawdata/DECam_01441603.fits.fz N4 1441603 489.4169 61025.32140992 1.14 147.855711040389 -6.948103796899441 147.86327916666667 -6.873 M464 0.07823545 24.93631 1.0097446 1.0013933 21.736574 1.5436344 decam 33.22807 -36.041996 176 object IBIS_wide_M464_327937 327937 0.074151 924.0 1948.0 0.07040094 1.0002463 -0.0014789405 -0.2677112 0.001468924 1.00011 16915968393 317.05493
rawdata/DECam_01441604.fits.fz N4 1441604 508.7468 61025.327423 1.13 147.08471996344852 -6.36910380194443 147.09227916666666 -6.294 M464 0.054076377 24.945486 1.0162266 0.9843588 21.745329 1.2241834 decam 37.88126 -34.728886 196 object IBIS_wide_M464_327953 327953 0.06043 924.0 1948.0 0.3048193 0.99997157 -0.0014159636 -0.19391626 0.0013733885 1.0001689 16840065011 415.58054
rawdata/DECam_01441605.fits.fz N4 1441605 529.8867 61025.33367812 1.12 148.2187156396203 -6.656103799445205 148.22627916666667 -6.5809999999999995 M464 0.07373133 24.933182 1.0027139 1.0005952 21.667297 1.5998693 decam 30.593756 -36.375656 179 object IBIS_wide_M464_324952 324952 0.063984 924.0 1948.0 0.1317959 1.0002328 -0.0014479405 -0.110558145 0.001387478 1.0000572 17016702686 331.20627
rawdata/DECam_01441606.fits.fz N4 1441606 150.0 61025.3418066 1.01 136.96453759435042 -37.21315959401179 136.97397083333334 -37.13805611111111 M438 0.32769462 24.851414 1.060858 0.98282814 21.493748 10.8783045 decam 32.906624 -5.814612 1804 object "Pyxis position 0" 0 0.0 924.0 1948.0 0.3546265 1.0000501 -0.0020087126 -0.52845365 0.0018915837 1.0000737 15908402062 13.788914
rawdata/DECam_01441607.fits.fz N4 1441607 150.0 61025.34391962 1.01 136.917366901674 -37.17867959447889 136.92679583333333 -37.10357611111111 M438 0.338056 24.84931 1.0588057 0.95720613 21.36186 12.651 decam 23.68344 -31.854076 1713 object "Pyxis position 1" 0 0.0 924.0 1948.0 0.43209672 1.0000774 -0.0019998797 -0.4487211 0.0018920773 1.0000517 16069416435 11.8567705
rawdata/DECam_01441608.fits.fz N4 1441608 150.0 61025.34604877 1.01 136.97244942309567 -37.28505153748091 136.98189166666666 -37.20994805555556 M438 0.32559648 24.85075 1.0602111 0.944973 21.11979 13.988251 decam 13.35056 -16.258902 1695 object "Pyxis position 2" 0 0.0 924.0 1948.0 0.060403958 1.0001187 -0.001970689 -0.22321552 0.0018974614 1.0001011 16578297423 10.723285
rawdata/DECam_01441609.fits.fz N4 1441609 150.0 61025.3481442 1.01 137.03194218502597 -37.1429954282952 137.04136666666668 -37.06789194444445 M438 0.31419104 24.846222 1.0557982 0.9569234 20.839716 17.17368 decam 6.8733907 -23.30806 1541 object "Pyxis position 3" 0 0.0 924.0 1948.0 0.1634094 1.0000825 -0.0019250634 -0.12686673 0.0019087085 1.0000975 16387918027 8.734296
rawdata/DECam_01441610.fits.fz N4 1441610 150.0 61025.35025107 1.01 136.83843121234534 -37.23087042710502 136.84786666666668 -37.155766944444444 M438 0.36645448 24.847996 1.0575235 0.98069614 20.513512 36.03576 decam -7.2301183 -20.95838 1614 object "Pyxis position 4" 0 0.0 924.0 1948.0 0.44789037 0.9999674 -0.0018629328 -0.27973643 0.002012472 1.000034 16558665397 4.162532
rawdata/DECam_01441611.fits.fz N4 1441611 150.0 61025.35236342 1.01 137.08540076632954 -37.274343482070755 137.09484166666667 -37.19924 M438 0.3093712 24.856758 1.0660931 1.0994223 20.116777 41.694237 decam -1.0088371 -5.8277125 1495 object "Pyxis position 5" 0 0.0 924.0 1948.0 -0.21857011 1.0002561 -0.0018818118 -0.31528917 0.0019039509 1.0000342 17122093684 3.5976195
rawdata/DECam_01441612.fits.fz N4 1441612 150.0 61025.3544736 1.01 136.9239151429941 -37.09243848453424 136.93333333333334 -37.017335 M438 0.32608593 24.848701 1.0582116 1.02844 19.692226 62.138874 decam -14.456985 -9.846949 1307 object "Pyxis position 6" 0 0.0 924.0 1948.0 0.4041025 1.0002314 -0.0019234647 0.12018388 0.0018588415 1.0001426 17936330846 2.4139478
rawdata/DECam_01441613.fits.fz N4 1441613 10.0 61025.35679306 1.02 130.3761489802335 -32.93424242676747 130.3851 -32.859138888888886 M438 0.33464447 24.853163 1.065244 0.9883361 19.354507 82.89169 decam -19.235388 3.1244829 598 object "LTT3218 N4" 0 0.0 924.0 1948.0 -0.04838421 1.0001056 -0.0021954554 -0.29298902 0.002098479 1.0002013 15585454779 0.120639354
rawdata/DECam_01441614.fits.fz N4 1441614 10.0 61025.35729976 1.02 130.00609898023347 -32.93424242676747 130.01505 -32.859138888888886 M438 0.29259276 24.854628 1.0666813 0.95695996 19.254677 61.843536 decam -10.84232 16.949734 783 object "LTT3218 N5" 0 0.0 924.0 1948.0 0.0325874 1.0001125 -0.0020665866 -0.16534434 0.00236115 1.0000982 15605549451 0.16169839
rawdata/DECam_01441615.fits.fz N4 1441615 10.0 61025.35779834 1.02 130.74619871054136 -33.10090964695198 130.75516666666667 -33.02580611111111 M438 0.41609186 24.850058 1.062202 1.0020932 19.124588 196.01198 decam -0.49567384 22.765882 511 object "LTT3218 S3" 0 0.0 924.0 1948.0 -0.0995265 1.0003394 -0.0020521816 -0.06931118 0.0018970805 1.0001851 15654256800 0.05101729
rawdata/DECam_01441616.fits.fz N4 1441616 10.0 61025.35830513 1.02 130.37613204387472 -33.100909646952 130.3851 -33.02580611111111 M438 0.3320199 24.85597 1.0680019 1.00407 19.03146 112.345 decam 7.8574343 36.703922 602 object "LTT3218 S4" 0 0.0 924.0 1948.0 -0.3042638 1.0001286 -0.0019038992 0.030730093 0.0022644266 1.0000583 15658294682 0.08901153
rawdata/DECam_01441617.fits.fz N4 1441617 10.0 61025.35880676 1.02 130.00608204387473 -33.10090964695198 130.01505 -33.02580611111111 M438 0.27418688 24.842552 1.0548848 1.0116457 18.915554 84.01012 decam 18.726835 41.77688 730 object "LTT3218 S5" 0 0.0 924.0 1948.0 0.14310904 1.0001335 -0.0022017085 -0.12889208 0.0019715687 1.0001876 15691830019 0.119033284
rawdata/DECam_01441618.fits.fz N4 1441618 15.0 61025.3602551 1.03 158.0489082850337 -35.62021461516044 158.05815 -35.54511111111111 M464 0.09512646 24.945267 0.9953665 1.093483 18.496193 40.38309 decam 11.14653 8.642914 221 object "LTT3864 N4" 0 0.0 924.0 1948.0 0.4658631 1.0006657 -0.0011695445 -0.08644757 0.0010592745 1.0001099 16205537237 0.3714426
rawdata/DECam_01441619.fits.fz N4 1441619 15.0 61025.36077949 1.03 157.66682911836705 -35.62021461516044 157.67607083333334 -35.54511111111111 M464 0.097239666 24.948948 0.9987465 1.1084126 18.382235 46.46776 decam 29.448708 -0.7429849 167 object "LTT3864 N5" 0 0.0 924.0 1948.0 -0.11836511 1.0005069 -0.001220375 -0.11638132 0.00092577783 1.0001578 16297631766 0.32280448
rawdata/DECam_01441620.fits.fz N4 1441620 15.0 61025.36130333 1.03 158.43095561147695 -35.78688155743227 158.44021666666666 -35.711778055555556 M464 0.09434271 24.956749 1.0059483 1.0000942 18.255922 41.05116 decam 18.667915 -10.769779 219 object "LTT3864 S3" 0 0.0 924.0 1948.0 -0.15974507 1.0000994 -0.0010972038 -0.09126608 0.00062415825 1.0001849 16411853722 0.36539772
