logs/db-2026-03-11.ecsv
# %ECSV 1.0
# ---
# datatype:
# - {name: filename, datatype: string}
# - {name: extension, datatype: string}
# - {name: expnum, datatype: int64}
# - {name: exptime, datatype: float32}
# - {name: mjd_obs, datatype: float64}
# - {name: airmass, datatype: float32}
# - {name: racenter, datatype: float64}
# - {name: deccenter, datatype: float64}
# - {name: rabore, datatype: float64}
# - {name: decbore, datatype: float64}
# - {name: band, datatype: string}
# - {name: ebv, datatype: float32}
# - {name: zeropoint, datatype: float32}
# - {name: transparency, datatype: float32}
# - {name: seeing, datatype: float32}
# - {name: sky, datatype: float32}
# - {name: expfactor, datatype: float32}
# - {name: camera, datatype: string}
# - {name: dx, datatype: float32}
# - {name: dy, datatype: float32}
# - {name: nmatched, datatype: int64}
# - {name: obstype, datatype: string}
# - {name: object, datatype: string}
# - {name: tileid, datatype: int64}
# - {name: tileebv, datatype: float32}
# - {name: affine_x0, datatype: float32}
# - {name: affine_y0, datatype: float32}
# - {name: affine_dx, datatype: float32}
# - {name: affine_dxx, datatype: float32}
# - {name: affine_dxy, datatype: float32}
# - {name: affine_dy, datatype: float32}
# - {name: affine_dyx, datatype: float32}
# - {name: affine_dyy, datatype: float32}
# - {name: checksum, datatype: string}
# - {name: efftime, datatype: float32}
# schema: astropy-2.0
filename extension expnum exptime mjd_obs airmass racenter deccenter rabore decbore band ebv zeropoint transparency seeing sky expfactor camera dx dy nmatched obstype object tileid tileebv affine_x0 affine_y0 affine_dx affine_dxx affine_dxy affine_dy affine_dyx affine_dyy checksum efftime
[from data line 41]
/home/declsp/obsbot/rawdata/DECam_01462141.fits.fz N4 1462141 334.1579 61111.13042026 1.12 159.8387113941872 -6.385103801805175 159.84627083333334 -6.31 M517 0.04653274 25.018915 1.0090618 1.0553626 21.721682 1.3052521 decam 9.481657 28.299381 134 object IBIS_wide_M517_528166 528166 0.047848 924.0 1948.0 0.20447348 1.0001681 -0.0010493532 -0.10297549 0.0010421962 1.0000705 16390441562 256.01025
/home/declsp/obsbot/rawdata/DECam_01462142.fits.fz N4 1462142 279.6382 61111.13460125 1.12 161.891706292691 -6.984103796585361 161.899275 -6.909 M517 0.0313949 25.019728 1.0098175 1.0506387 21.729776 1.1664128 decam 5.256184 29.582554 144 object IBIS_wide_M517_528161 528161 0.030313 924.0 1948.0 -0.14229347 1.0001138 -0.0008250887 -0.0750279 0.0007472809 0.999991 16231508415 239.74207
/home/declsp/obsbot/rawdata/DECam_01462143.fits.fz N4 1462143 323.0979 61111.13816518 1.12 160.256720903963 -6.012103805049337 160.264275 -5.937 M517 0.047203433 25.015404 1.0058041 0.9969518 21.722368 1.1768208 decam 10.777598 19.638472 168 object IBIS_wide_M517_525183 525183 0.047209 924.0 1948.0 0.10429396 1.0002288 -0.0009612773 -0.12631345 0.0010028607 1.0001819 16370879511 274.55148
/home/declsp/obsbot/rawdata/DECam_01462144.fits.fz N4 1462144 324.238 61111.14221481 1.12 162.5667133649741 -6.532103800525359 162.574275 -6.457 M517 0.02396943 25.021786 1.0117334 1.0126117 21.726667 1.0336182 decam 12.2232 11.499571 151 object IBIS_wide_M517_528162 528162 0.028719 924.0 1948.0 0.10383906 1.0002311 -0.00083884975 -0.16314186 0.0008287446 1.0001237 16358640987 313.69223
/home/declsp/obsbot/rawdata/DECam_01462145.fits.fz N4 1462145 258.6884 61111.14631649 1.11 163.71371523829274 -6.682103799218653 163.72127916666668 -6.607 M517 0.025596201 25.013536 1.0024688 0.9766742 21.724508 0.98839074 decam -1.7512364 26.926052 178 object IBIS_wide_M517_525217 525217 0.027846 924.0 1948.0 0.1771487 1.0001812 -0.00075458316 0.031888857 0.00068631663 1.0000523 16185870962 261.72684
/home/declsp/obsbot/rawdata/DECam_01462146.fits.fz N4 1462146 241.7085 61111.14964706 1.11 162.94272417713904 -6.076103804493021 162.95027916666666 -6.001 M517 0.029075887 25.024508 1.0126499 0.95977855 21.724081 0.9564136 decam 11.1007595 20.81782 149 object IBIS_wide_M517_525219 525219 0.028541 924.0 1948.0 0.1662263 1.0001185 -0.0007973824 -0.100626774 0.0007156819 1.0000052 16108345754 252.72382
/home/declsp/obsbot/rawdata/DECam_01462147.fits.fz N4 1462147 279.1282 61111.15280624 1.11 166.18070623771314 -6.725103798843918 166.18827083333335 -6.65 M517 0.03643226 25.024517 1.0126573 0.9876086 21.712154 1.0718364 decam -8.561665 25.162983 138 object IBIS_wide_M517_528180 528180 0.041322 924.0 1948.0 0.070357844 1.0001777 -0.00062527397 -0.11036372 0.0006952896 0.9999889 16242185733 260.42053
/home/declsp/obsbot/rawdata/DECam_01462148.fits.fz N4 1462148 287.3582 61111.15638405 1.11 166.57670906220721 -6.541103800446981 166.58427083333333 -6.466 M517 0.04809316 25.029997 1.017781 0.9735718 21.707127 1.1142625 decam 7.1022973 30.405594 152 object IBIS_wide_M517_525197 525197 0.047319 924.0 1948.0 -0.08183667 1.0002246 -0.00073687895 -0.00054525037 0.00045304236 0.9999971 16515728372 257.89093
/home/declsp/obsbot/rawdata/DECam_01462149.fits.fz N4 1462149 238.7484 61111.16004873 1.11 164.4387203186968 -6.054103804684271 164.44627499999999 -5.979 M517 0.029403185 25.03772 1.0250477 0.9665839 21.721521 0.95084214 decam -3.9700887 45.637352 147 object IBIS_wide_M517_525218 525218 0.029579 924.0 1948.0 0.11893041 1.0001398 -0.0008084044 -0.028694471 0.00084944424 1.0000671 16093399648 251.09152
/home/declsp/obsbot/rawdata/DECam_01462150.fits.fz N4 1462150 285.1982 61111.16314954 1.11 166.85270966563178 -6.501103800795315 166.86027083333335 -6.426 M517 0.0482799 25.0259 1.0139481 1.0133979 21.687168 1.2401975 decam 4.7312803 33.78891 129 object IBIS_wide_M517_528183 528183 0.047192 924.0 1948.0 0.14702055 0.9999108 -0.0007637582 -0.1057511 0.00035575347 0.99985987 16357727635 229.96193
/home/declsp/obsbot/rawdata/DECam_01462151.fits.fz N4 1462151 335.5179 61111.16677983 1.11 167.21071835213536 -6.1931038034756645 167.218275 -6.118 M517 0.048066154 25.030544 1.0182959 0.9594236 21.65122 1.1380391 decam -10.839805 39.812706 131 object IBIS_wide_M517_525198 525198 0.047706 924.0 1948.0 0.11887705 1.0001732 -0.00045703555 -0.10985522 0.0009767964 1.0000627 16598595819 294.82108
/home/declsp/obsbot/rawdata/DECam_01462152.fits.fz N4 1462152 350.2877 61111.17099667 1.11 168.81672392410815 -6.094103804336536 168.82427916666666 -6.019 M517 0.034062598 25.015377 1.0041696 0.99299914 21.608639 1.194354 decam -0.9224015 30.309813 140 object IBIS_wide_M517_525203 525203 0.038966 924.0 1948.0 0.0031900485 1.0000094 -0.0004918366 0.058195945 0.00070964743 1.0000722 16818171631 293.28632
/home/declsp/obsbot/rawdata/DECam_01462153.fits.fz N4 1462153 314.238 61111.17667231 1.1 169.99971623589374 -6.048103804736426 170.00727083333334 -5.973 M517 0.035959356 25.025684 1.0121245 0.9632081 21.522251 1.2083691 decam 11.202992 -0.045009974 139 object IBIS_wide_M517_525202 525202 0.04057 924.0 1948.0 0.015900033 1.000185 -0.00050038914 -0.12757741 0.0007087244 1.0000334 16541735836 260.05133
/home/declsp/obsbot/rawdata/DECam_01462154.fits.fz N4 1462154 382.1275 61111.18065715 1.1 168.80172816207906 -5.785103807021473 168.80927916666667 -5.71 M517 0.034995854 25.031725 1.0177712 1.0512023 21.45956 1.4982122 decam -2.4843688 -9.173613 158 object IBIS_wide_M517_528189 528189 0.039277 924.0 1948.0 -0.023742534 1.0001721 -0.00061156653 -0.04513027 0.0005948482 1.0000442 16881952486 255.05566
/home/declsp/obsbot/rawdata/DECam_01462155.fits.fz N4 1462155 491.5068 61111.18916134 1.11 175.51872452730586 -6.051103804710349 175.52627916666665 -5.976 M517 0.03773162 25.021112 1.0094881 1.0950346 21.319878 1.9176258 decam -15.112881 10.396314 124 object IBIS_wide_M517_525268 525268 0.036887 924.0 1948.0 -0.25774145 1.0002136 -0.00022583304 0.06634254 0.00038872418 0.9999922 17759742833 256.31006
/home/declsp/obsbot/rawdata/DECam_01462156.fits.fz N4 1462156 527.8766 61111.19518261 1.1 174.57072743764195 -5.839103806552476 174.57827916666668 -5.764 M517 0.042334914 25.035288 1.0211157 1.0433774 21.27126 1.8259073 decam 3.522409 -6.1488047 130 object IBIS_wide_M517_528255 528255 0.045617 924.0 1948.0 -0.05207774 1.0000057 -0.00030090686 0.047077212 0.00032567402 0.9999305 17855743509 289.1037
/home/declsp/obsbot/rawdata/DECam_01462157.fits.fz N4 1462157 468.2669 61111.20162543 1.1 173.18272224581906 -5.601103808618866 173.19027083333333 -5.526 M517 0.039630707 25.028154 1.0144291 1.0098517 21.213144 1.7980235 decam -2.5912423 19.573696 140 object IBIS_wide_M517_528104 528104 0.041805 924.0 1948.0 -0.16375244 1.0001048 -0.0005102012 -0.1974027 0.0005693185 0.99998933 18634173614 260.43427
