logs/db-2024-05-31.ecsv
# %ECSV 1.0
# ---
# datatype:
# - {name: filename, datatype: string}
# - {name: extension, datatype: string}
# - {name: expnum, datatype: int64}
# - {name: exptime, datatype: float32}
# - {name: mjd_obs, datatype: float64}
# - {name: airmass, datatype: float32}
# - {name: racenter, datatype: float64}
# - {name: deccenter, datatype: float64}
# - {name: rabore, datatype: float64}
# - {name: decbore, datatype: float64}
# - {name: band, datatype: string}
# - {name: ebv, datatype: float32}
# - {name: zeropoint, datatype: float32}
# - {name: transparency, datatype: float32}
# - {name: seeing, datatype: float32}
# - {name: sky, datatype: float32}
# - {name: expfactor, datatype: float32}
# - {name: camera, datatype: string}
# - {name: dx, datatype: float32}
# - {name: dy, datatype: float32}
# - {name: nmatched, datatype: int64}
# - {name: obstype, datatype: string}
# - {name: object, datatype: string}
# - {name: tileid, datatype: int64}
# - {name: tileebv, datatype: float32}
# - {name: affine_x0, datatype: float32}
# - {name: affine_y0, datatype: float32}
# - {name: affine_dx, datatype: float32}
# - {name: affine_dxx, datatype: float32}
# - {name: affine_dxy, datatype: float32}
# - {name: affine_dy, datatype: float32}
# - {name: affine_dyx, datatype: float32}
# - {name: affine_dyy, datatype: float32}
# - {name: checksum, datatype: string}
# - {name: efftime, datatype: float32}
# schema: astropy-2.0
filename extension expnum exptime mjd_obs airmass racenter deccenter rabore decbore band ebv zeropoint transparency seeing sky expfactor camera dx dy nmatched obstype object tileid tileebv affine_x0 affine_y0 affine_dx affine_dxx affine_dxy affine_dy affine_dyx affine_dyy checksum efftime
rawdata/DECam_01301433.fits.fz N4 1301433 287.0 60461.96876051 1.25 150.09375883696464 2.606896120655282 150.10127916666667 2.682 M464 0.019469626 24.782232 0.8976216 1.1552696 21.683382 1.6320248 decam 0.23972806 1.6965505 87 object IBIS_deep_cosmos_M464_1 0 0.0 924.0 1948.0 0.41436976 1.0000867 -0.0014375482 -0.15366945 0.0013921451 0.9999319 16364825675 175.85516
rawdata/DECam_01301434.fits.fz N4 1301434 309.0 60461.97243167 1.26 149.78075452620993 2.6308961204485457 149.788275 2.706 M464 0.019724825 24.810946 0.9236298 1.2282023 21.693449 1.7328179 decam 5.5301013 -2.5257304 105 object IBIS_deep_cosmos_M464_2 0 0.0 924.0 1948.0 0.10259451 1.0002909 -0.0012947848 -0.34895042 0.0013956468 0.9999713 16355968961 178.32225
rawdata/DECam_01301438.fits.fz N4 1301438 300.0 60462.00281885 1.34 150.28876559585595 0.9458961349480653 150.29627916666666 1.021 M411 0.020056581 24.313948 0.9325387 2.4989598 22.076256 5.469086 decam 26.003777 -40.504074 59 object IBIS_deep_cosmos_M411_10 0 0.0 924.0 1948.0 -0.026297979 1.0001643 -0.0014617909 -0.23816669 0.0014803743 0.99984086 15803499951 54.85377
rawdata/DECam_01301441.fits.fz N4 1301441 407.0 60462.00988232 1.38 150.60376550516082 0.9868961345955268 150.61127916666666 1.062 M411 0.024570351 24.32529 0.95396394 1.4149437 22.085096 1.7046492 decam 13.3646965 -15.718252 85 object IBIS_deep_cosmos_M411_11 0 0.0 924.0 1948.0 0.8370547 0.99990785 -0.0017237829 0.01994216 0.0011935154 1.0001239 15959282879 238.75879
rawdata/DECam_01301442.fits.fz N4 1301442 422.0 60462.01495879 1.4 150.8967610483862 1.1078961335550566 150.904275 1.183 M411 0.025700815 24.300358 0.93804437 1.3721892 22.078573 1.68878 decam 5.201484 -19.368036 66 object IBIS_deep_cosmos_M411_12 0 0.0 924.0 1948.0 0.5340524 1.0000856 -0.0016708081 -0.0024858732 0.0016318263 0.9999542 15968222035 249.88454
rawdata/DECam_01301443.fits.fz N4 1301443 500.0 60462.02021328 1.43 151.1507688555271 1.298896131912484 151.15828333333332 1.374 M411 0.030693015 24.32536 0.9687679 1.376495 22.05953 1.6516091 decam 5.769784 -11.897716 66 object IBIS_deep_cosmos_M411_13 0 0.0 924.0 1948.0 -0.1729352 1.0000975 -0.0013894332 -0.14261459 0.0011287301 0.99987656 16118799114 302.73508
rawdata/DECam_01301444.fits.fz N4 1301444 500.0 60462.0263577 1.47 151.35176805817977 1.543896129805151 151.35928333333334 1.619 M411 0.033871163 24.301987 0.9598395 1.3597519 22.053587 1.691871 decam 5.914305 -21.091974 77 object IBIS_deep_cosmos_M411_14 0 0.0 924.0 1948.0 0.020484589 1.0003399 -0.0011353338 -0.28838587 0.0018197148 1.0000602 16085200272 295.5308
rawdata/DECam_01301445.fits.fz N4 1301445 500.0 60462.03251854 1.52 151.49075862416356 1.8288961273531466 151.498275 1.904 M411 0.037249584 24.228567 0.91094184 1.4631126 22.030586 2.2901242 decam 12.092407 -13.565093 66 object IBIS_deep_cosmos_M411_15 0 0.0 924.0 1948.0 -0.090727165 0.9999283 -0.0014524793 0.09825853 0.0020249926 0.9998441 16095119463 218.32878
rawdata/DECam_01301446.fits.fz N4 1301446 300.0 60462.03867911 1.6 151.50174951801077 2.766896119276884 151.50927083333335 2.842 M464 0.027651554 24.751265 0.9395196 1.5366032 21.45348 3.7575436 decam 11.424749 -28.282217 84 object IBIS_deep_cosmos_M464_18 0 0.0 924.0 1948.0 0.26790136 1.000329 -0.0014654592 -0.028171206 0.0015931312 0.99999434 16610349462 79.83939
rawdata/DECam_01301447.fits.fz N4 1301447 500.0 60462.04250515 1.64 151.37475590767073 3.0578961167689527 151.38227916666665 3.133 M464 0.021720773 24.734943 0.9333768 1.6697394 21.413029 4.7426476 decam 13.526814 -40.626953 90 object IBIS_deep_cosmos_M464_19 0 0.0 924.0 1948.0 0.15176098 1.0002679 -0.0013872102 -0.24164206 0.0016630461 1.0000818 17459361006 105.42634
rawdata/DECam_01301448.fits.fz N4 1301448 500.0 60462.04865175 1.72 151.1927456650206 3.3188961145184166 151.20027083333332 3.394 M464 0.020695146 24.757278 0.96906084 1.8104666 21.375208 5.534244 decam 20.95641 -51.10542 84 object IBIS_deep_cosmos_M464_20 0 0.0 924.0 1948.0 -0.04708373 1.000158 -0.0014151583 -0.13690697 0.0021594318 1.0002716 17407419293 90.34657
rawdata/DECam_01301451.fits.fz N4 1301451 300.0 60462.0629289 1.77 219.99376429597908 1.4248961308287686 220.00127916666665 1.5 M464 0.039669316 0.0 1.3261731 1.6429751 22.29591 0.0 decam 211.63083 -286.60037 13 object IBIS_deep_desi220_M464_1 0 0.0 924.0 1948.0 -1.719185 1.0040622 0.00077452714 1.4689527 -0.0033414105 1.0009594 15997329324 0.0
rawdata/DECam_01301452.fits.fz N4 1301452 300.0 60462.06760669 1.22 219.68076005035257 1.4488961306223334 219.688275 1.524 M464 0.044814657 24.856483 0.95506555 1.2652655 21.951462 1.3339015 decam -44.73531 -67.69448 142 object IBIS_deep_desi220_M464_2 0 0.0 924.0 1948.0 -0.06283321 1.0001171 0.0014870043 0.26049072 -0.0014768827 0.9997022 16101554290 224.90416
rawdata/DECam_01301453.fits.fz N4 1301453 300.0 60462.07144673 1.21 219.40076883166387 1.3068961318436798 219.40828333333334 1.3820000000000001 M464 0.04431131 24.806269 0.9099706 1.279607 21.961164 1.4833527 decam -28.879713 -72.0967 147 object IBIS_deep_desi220_M464_3 0 0.0 924.0 1948.0 0.1781896 0.9998242 0.0014616121 0.08091494 -0.0013474514 1.0001751 16083845687 202.24455
rawdata/DECam_01301454.fits.fz N4 1301454 362.0 60462.07528456 1.2 219.21476952015283 1.051896134036606 219.22228333333334 1.127 M464 0.042198695 24.821909 0.92122126 1.287171 21.961803 1.4576179 decam -21.003742 -70.89869 141 object IBIS_deep_desi220_M464_4 0 0.0 924.0 1948.0 -0.10338774 1.000081 0.001233395 0.1506439 -0.0015078762 0.99984396 16345651734 248.35042
rawdata/DECam_01301455.fits.fz N4 1301455 368.0 60462.07982883 1.19 219.14676182153045 0.7428961366934452 219.15427499999998 0.818 M464 0.042169258 24.827692 0.92418057 1.2595428 21.963377 1.379199 decam -11.609029 -66.714836 149 object IBIS_deep_desi220_M464_5 0 0.0 924.0 1948.0 -0.46490347 1.0000675 0.0012244222 0.15718576 -0.0012028881 1.0000812 16383049933 266.82153
rawdata/DECam_01301456.fits.fz N4 1301456 386.0 60462.08443733 1.19 221.25177063654002 0.36189613996885833 221.25928333333334 0.437 M464 0.05037766 24.849699 0.94310457 1.275411 21.946154 1.379646 decam -7.655684 -63.0365 162 object IBIS_deep_desi220_M464_14 0 0.0 924.0 1948.0 -0.4551144 1.0001426 0.001558883 0.3516058 -0.0014414144 0.9998798 16318641468 279.78192
rawdata/DECam_01301457.fits.fz N4 1301457 386.0 60462.09026028 1.18 221.39076197273036 0.647896137510191 221.398275 0.7230000000000001 M464 0.052294623 24.832378 0.92621326 1.2280594 21.783121 1.5349183 decam 4.19008 -7.3063602 139 object IBIS_deep_desi220_M464_15 0 0.0 924.0 1948.0 -0.37626618 1.0002398 0.00131237 0.06536726 -0.0011306228 0.9999369 16911864445 251.47919
rawdata/DECam_01301465.fits.fz N4 1301465 300.0 60462.10848021 1.17 219.4927656387005 0.9258961351200322 219.50027916666664 1.001 M464 0.040388387 24.881153 0.96672153 1.3136959 21.992958 1.3232604 decam -12.053997 24.548952 163 object IBIS_deep_desi220_M464_24 0 0.0 924.0 1948.0 -0.085696764 1.0002546 0.001131797 0.35518178 -0.0012472029 1.0000976 16181485262 226.71274
rawdata/DECam_01301466.fits.fz N4 1301466 276.0 60462.11230062 1.16 219.46776202322752 0.6128961378110893 219.47527499999998 0.6880000000000001 M464 0.041012775 24.851328 0.9385366 1.2345669 21.999239 1.2279266 decam -6.565045 32.137054 128 object IBIS_deep_desi220_M464_25 0 0.0 924.0 1948.0 -0.26203856 1.0000997 0.0011196592 -0.02340888 -0.00168529 0.9998787 16030170991 224.76912
rawdata/DECam_01301467.fits.fz N4 1301467 371.0 60462.1158521 1.17 221.10876170802112 0.806896136143197 221.116275 0.882 M464 0.04593707 24.847141 0.936907 1.5455712 21.974104 1.9833982 decam -0.2782561 27.811201 147 object IBIS_deep_desi220_M464_32 0 0.0 924.0 1948.0 -0.25770125 1.0002844 0.001308289 0.28624347 -0.0014138864 0.9996673 16264615400 187.0527
rawdata/DECam_01301468.fits.fz N4 1301468 330.0 60462.12051582 1.17 221.15376101522253 1.1208961334432657 221.161275 1.196 M464 0.037536096 24.842176 0.93263227 1.1758199 21.978266 1.154924 decam 0.8174183 28.004923 153 object IBIS_deep_desi220_M464_33 0 0.0 924.0 1948.0 -0.63179094 0.99997425 0.001346375 0.1456303 -0.001296492 1.0000104 16320261221 285.73306
rawdata/DECam_01301469.fits.fz N4 1301469 481.0 60462.12468479 1.17 221.11276425995308 1.4358961307341533 221.12027916666668 1.5110000000000001 M464 0.0389046 24.819761 0.91357636 1.1181517 21.960491 1.1066173 decam 1.7613744 28.510532 141 object IBIS_deep_desi220_M464_34 0 0.0 924.0 1948.0 -0.13111944 1.0001067 0.0014492936 0.1399624 -0.0015835521 1.0001671 16532283367 434.65793
rawdata/DECam_01301470.fits.fz N4 1301470 317.0 60462.1306153 1.18 220.99175903158297 1.728896128213582 220.999275 1.804 M464 0.036036216 24.848589 0.94014585 1.2043694 21.957571 1.2202439 decam 8.950302 26.782833 141 object IBIS_deep_desi220_M464_35 0 0.0 924.0 1948.0 -0.49938896 1.0002258 0.0012167422 -0.03625318 -0.0013249087 0.9999991 16143257127 259.78412
rawdata/DECam_01301471.fits.fz N4 1301471 305.0 60462.13464653 1.19 220.80176628519692 1.982896126027888 220.80928333333335 2.058 M464 0.03827127 24.840822 0.9354241 1.1806345 21.966072 1.1801728 decam 7.3035603 28.808886 156 object IBIS_deep_desi220_M464_36 0 0.0 924.0 1948.0 0.025021989 1.0000807 0.0010986279 0.13637084 -0.0012080765 0.9998021 16094175353 258.4367
rawdata/DECam_01301472.fits.fz N4 1301472 335.0 60462.13852712 1.2 220.55576532581924 2.183896124297793 220.56328333333335 2.259 M464 0.03960731 24.844635 0.9407059 1.2245347 21.97677 1.2480031 decam 10.324149 33.485443 140 object IBIS_deep_desi220_M464_37 0 0.0 924.0 1948.0 -0.7124623 0.999892 0.0012745747 0.17449006 -0.0012611132 1.0000309 16174057155 268.4288
rawdata/DECam_01301473.fits.fz N4 1301473 339.0 60462.142767 1.2 220.269760446755 2.321896123109702 220.27727916666666 2.3970000000000002 M464 0.043920383 24.81047 0.9115664 1.2120585 21.957634 1.3253211 decam 10.475453 31.359554 122 object IBIS_deep_desi220_M464_38 0 0.0 924.0 1948.0 -0.25810063 1.0004574 0.0014382475 0.01675053 -0.0009426907 0.99993336 16195035497 255.78708
rawdata/DECam_01301479.fits.fz N4 1301479 10.0 60462.1517144 1.0 234.74059043331735 -28.58528747744383 234.74914583333333 -28.51018388888889 M411 0.11379964 24.463463 0.9642395 1.1571679 21.853334 1.0949289 decam -11.619765 -16.783325 276 object "LTT6248 M411 N4" 0 0.0 924.0 1948.0 -0.25368336 1.0001107 0.0021310418 0.104134046 -0.0022053965 0.9999113 15400554548 9.133014
rawdata/DECam_01301480.fits.fz N4 1301480 10.0 60462.15216085 1.0 234.7405770094025 -28.749586642275986 234.74914583333333 -28.674483055555555 M411 0.12067735 24.47386 0.9735177 1.1048381 21.833666 0.99728316 decam -16.006674 -13.726974 246 object "LTT6248 M411 S4" 0 0.0 924.0 1948.0 0.036708493 1.0000961 0.0020519542 0.099357896 -0.0022083682 1.0000241 15398164877 10.027243
rawdata/DECam_01301481.fits.fz N4 1301481 30.0 60462.15262595 1.0 234.7405770094025 -28.749586642275986 234.74914583333333 -28.674483055555555 M411 0.12067735 24.481838 0.98069835 1.1147227 22.062815 0.81002074 decam -28.83713 -5.5288515 445 object "LTT6248 M411 S4" 0 0.0 924.0 1948.0 0.12684382 1.0001185 0.0019978979 -0.03443521 -0.0021964512 0.9999251 15427713540 37.03609
rawdata/DECam_01301482.fits.fz N4 1301482 10.0 60462.1533325 1.0 234.74059043331735 -28.58528747744383 234.74914583333333 -28.51018388888889 M464 0.11379964 24.908453 0.9562723 1.1176742 21.67904 1.2195686 decam -28.906113 -6.1441483 465 object "LTT6248 M464 N4" 0 0.0 924.0 1948.0 -0.20573498 0.9999834 0.0021346887 0.13647203 -0.0021708899 0.99997205 15419321473 8.199621
rawdata/DECam_01301483.fits.fz N4 1301483 10.0 60462.15377385 1.0 234.7405770094025 -28.749586642275986 234.74914583333333 -28.674483055555555 M464 0.12067735 24.916739 0.96359754 1.1646192 21.650187 1.3390229 decam -24.455927 0.02900333 398 object "LTT6248 M464 S4" 0 0.0 924.0 1948.0 0.08494958 0.999912 0.0019605958 0.049125846 -0.0020436842 0.9999067 15414187716 7.4681325
rawdata/DECam_01301484.fits.fz N4 1301484 30.0 60462.15421654 1.0 234.7405770094025 -28.749586642275986 234.74914583333333 -28.674483055555555 M464 0.12067735 24.912874 0.9601734 1.1140481 21.791643 1.0834581 decam -20.062368 6.9813695 636 object "LTT6248 M464 S4" 0 0.0 924.0 1948.0 -0.14963254 0.9999885 0.0020091555 0.052632038 -0.002179036 0.9999301 15471256730 27.689117
rawdata/DECam_01301485.fits.fz N4 1301485 410.0 60462.15572925 1.23 219.33176456009846 2.3318961230235984 219.33928333333333 2.407 M464 0.034540176 24.780285 0.8922247 1.2139223 21.902521 1.4780159 decam -2.2709792 49.50092 108 object IBIS_deep_desi220_M464_41 0 0.0 924.0 1948.0 -0.12914181 1.0003493 0.0014329546 -0.050890345 -0.00088683725 1.0001959 18148080814 277.39893
rawdata/DECam_01301486.fits.fz N4 1301486 408.0 60462.16084713 1.24 219.03976105356637 2.20489612411701 219.04727916666667 2.2800000000000002 M464 0.032138497 24.81092 0.91970515 1.1896927 21.951899 1.281981 decam 11.197942 38.83144 147 object IBIS_deep_desi220_M464_42 0 0.0 924.0 1948.0 -0.42673826 0.9999362 0.0010439053 0.11845915 -0.0012702185 0.99987376 16550208259 318.25745
rawdata/DECam_01301487.fits.fz N4 1301487 358.0 60462.16594182 1.26 218.77976610166874 2.022896125683625 218.78728333333333 2.098 M464 0.03336076 24.785501 0.90223676 1.152425 21.939615 1.2747512 decam 3.9614863 27.146 140 object IBIS_deep_desi220_M464_43 0 0.0 924.0 1948.0 -0.24207582 0.999954 0.0013170334 -0.0106730005 -0.0008408463 0.99980503 16230371010 280.8391
rawdata/DECam_01301488.fits.fz N4 1301488 300.0 60462.17043404 1.27 219.9607600576988 2.3938961224897355 219.96827916666666 2.469 M464 0.042305578 24.79953 0.91590786 1.2869723 21.936731 1.5525684 decam 7.9548736 26.098164 168 object IBIS_deep_desi220_M464_39 0 0.0 924.0 1948.0 -0.25028253 1.000175 0.0010974079 0.09514406 -0.0009360253 1.0001975 16106968139 193.2282
rawdata/DECam_01301489.fits.fz N4 1301489 246.0 60462.1742524 1.28 219.64276004672158 2.395896122472514 219.65027916666668 2.471 M464 0.0386933 24.808325 0.92531574 1.1949793 21.924559 1.3320328 decam 10.092547 21.091478 130 object IBIS_deep_desi220_M464_40 0 0.0 924.0 1948.0 -0.29680866 1.0002732 0.0010902273 0.2331378 -0.0011567363 0.99986684 15991674626 184.68015
rawdata/DECam_01301490.fits.fz N4 1301490 276.0 60462.17746443 1.3 218.77976610166874 2.022896125683625 218.78728333333333 2.098 M464 0.03336076 24.775673 0.90171427 1.1236242 21.917068 1.2593379 decam 9.111333 15.495888 137 object IBIS_deep_desi220_M464_43 0 0.0 924.0 1948.0 -0.07502928 1.0000951 0.001313681 0.08765007 -0.000989042 0.99983585 16049337575 219.16278
rawdata/DECam_01301491.fits.fz N4 1301491 258.0 60462.18101776 1.31 218.56076710681052 1.7928961276629138 218.56828333333334 1.8679999999999999 M464 0.035445612 24.821978 0.94299793 1.1502415 21.913774 1.2152255 decam 17.186186 14.256631 142 object IBIS_deep_desi220_M464_44 0 0.0 924.0 1948.0 0.06552836 1.0000895 0.001018006 0.034427896 -0.0011034786 1.0002841 16026124872 212.30629
rawdata/DECam_01301492.fits.fz N4 1301492 254.0 60462.1843791 1.32 218.38876395477652 1.5258961299599911 218.39627916666666 1.601 M464 0.04277972 24.813211 0.93739927 1.2503748 21.902618 1.4738431 decam 9.329351 16.263908 129 object IBIS_deep_desi220_M464_45 0 0.0 924.0 1948.0 -0.19095734 0.9999579 0.0012890501 0.17648824 -0.001039752 1.000196 16026246134 172.33856
rawdata/DECam_01301493.fits.fz N4 1301493 265.0 60462.18768326 1.33 218.26976905244368 1.2308961324973011 218.27728333333334 1.306 M464 0.04458154 24.724022 0.8653034 1.1109712 21.889595 1.3882518 decam 9.170259 19.759083 150 object IBIS_deep_desi220_M464_46 0 0.0 924.0 1948.0 -0.10671383 1.0001793 0.0011156935 0.17567775 -0.0012925443 0.9999583 16049181547 190.88757
rawdata/DECam_01301494.fits.fz N4 1301494 304.0 60462.19110242 1.31 219.99177057982087 0.4248961394272814 219.99928333333335 0.5 M464 0.046731934 24.792929 0.91810304 1.1673392 21.885605 1.3550498 decam 3.6208434 25.88531 144 object IBIS_deep_desi220_M464_47 0 0.0 924.0 1948.0 0.100735575 1.0001684 0.0011474953 0.054159608 -0.0010747359 1.0000317 16174395392 224.346
