logs/db-2025-04-29.ecsv
# %ECSV 1.0
# ---
# datatype:
# - {name: filename, datatype: string}
# - {name: extension, datatype: string}
# - {name: expnum, datatype: int64}
# - {name: exptime, datatype: float32}
# - {name: mjd_obs, datatype: float64}
# - {name: airmass, datatype: float32}
# - {name: racenter, datatype: float64}
# - {name: deccenter, datatype: float64}
# - {name: rabore, datatype: float64}
# - {name: decbore, datatype: float64}
# - {name: band, datatype: string}
# - {name: ebv, datatype: float32}
# - {name: zeropoint, datatype: float32}
# - {name: transparency, datatype: float32}
# - {name: seeing, datatype: float32}
# - {name: sky, datatype: float32}
# - {name: expfactor, datatype: float32}
# - {name: camera, datatype: string}
# - {name: dx, datatype: float32}
# - {name: dy, datatype: float32}
# - {name: nmatched, datatype: int64}
# - {name: obstype, datatype: string}
# - {name: object, datatype: string}
# - {name: tileid, datatype: int64}
# - {name: tileebv, datatype: float32}
# - {name: affine_x0, datatype: float32}
# - {name: affine_y0, datatype: float32}
# - {name: affine_dx, datatype: float32}
# - {name: affine_dxx, datatype: float32}
# - {name: affine_dxy, datatype: float32}
# - {name: affine_dy, datatype: float32}
# - {name: affine_dyx, datatype: float32}
# - {name: affine_dyy, datatype: float32}
# - {name: checksum, datatype: string}
# - {name: efftime, datatype: float32}
# schema: astropy-2.0
filename extension expnum exptime mjd_obs airmass racenter deccenter rabore decbore band ebv zeropoint transparency seeing sky expfactor camera dx dy nmatched obstype object tileid tileebv affine_x0 affine_y0 affine_dx affine_dxx affine_dxy affine_dy affine_dyx affine_dyy checksum efftime
rawdata/DECam_01382928.fits.fz N4 1382928 3.0 60794.96358817 1.0 130.36853730509753 -33.00830159252962 130.37749583333334 -32.93319805555556 g 0.3303814 26.694624 1.0810593 1.3403853 20.16811 39.00155 decam 1.2879094 27.71625 988 object "LTT3218 N4 g" 0 0.0 924.0 1948.0 -0.024733 1.0001158 -0.0022136364 -0.33982974 0.0021421872 0.99982226 15519721336 0.076920025
rawdata/DECam_01382924.fits.fz N4 1382924 3.0 60794.96162036 1.0 130.36853730509753 -33.00830159252962 130.37749583333334 -32.93319805555556 g 0.3303814 26.690756 1.0772148 1.3064103 19.695595 57.665314 decam 12.762502 2.7294223 949 object "LTT3218 N4 g" 0 0.0 924.0 1948.0 -0.14258401 1.0000869 -0.0020699122 -0.3827315 0.002229043 0.99998033 15609602592 0.052024342
rawdata/DECam_01382925.fits.fz N4 1382925 15.0 60794.96201517 1.0 130.36853730509753 -33.00830159252962 130.37749583333334 -32.93319805555556 M517 0.3303814 25.121056 1.087482 1.1572134 19.96355 4.9074826 decam 21.495548 13.067433 1149 object "LTT3218 N4 M517" 0 0.0 924.0 1948.0 -0.04376459 1.000193 -0.0021548402 -0.42931604 0.00210635 0.9999601 15591882779 3.056557
rawdata/DECam_01382926.fits.fz N4 1382926 15.0 60794.96254267 1.0 130.36853730509753 -33.00830159252962 130.37749583333334 -32.93319805555556 M490 0.3303814 25.028463 1.0456475 1.2369001 19.938484 6.2044005 decam 8.74988 10.285418 1043 object "LTT3218 N4 M490" 0 0.0 924.0 1948.0 -0.12601916 1.000223 -0.0020609547 -0.1985317 0.0021631464 0.99990624 15583639156 2.417639
rawdata/DECam_01382930.fits.fz N4 1382930 150.0 60794.96664248 1.01 136.9978458367654 -37.37982542508124 137.0073 -37.304721944444445 M517 0.3276871 25.113262 1.0814368 1.3764787 20.971785 2.7814567 decam -1.4822191 30.725765 1502 object "Pyxis M517" 0 0.0 924.0 1948.0 0.22912577 1.000089 -0.0020371526 0.026206682 0.0020623675 1.0000564 16977177472 53.928577
rawdata/DECam_01382932.fits.fz N4 1382932 150.0 60794.97092179 1.01 136.66451561923702 -37.38815959163442 136.67397083333333 -37.31305611111111 M517 0.4292886 25.143208 1.1116781 1.1728199 21.496767 1.2040294 decam -27.602983 11.178069 1739 object "Pyxis M517" 0 0.0 924.0 1948.0 0.19027339 0.99997336 -0.0019602012 -0.054538213 0.0020364963 1.0000454 16350930274 124.58167
rawdata/DECam_01382929.fits.fz N4 1382929 150.0 60794.96454844 1.01 136.96453759435042 -37.21315959401179 136.97397083333334 -37.13805611111111 M517 0.32769462 25.10978 1.0779718 1.2323412 20.716352 2.8398705 decam -3.4685843 32.884872 1934 object "Pyxis M517" 0 0.0 924.0 1948.0 0.5612409 0.99997616 -0.0020646024 -0.36249438 0.0020801185 0.99990475 16677361878 52.819313
rawdata/DECam_01382923.fits.fz N4 1382923 30.0 60794.96085695 1.0 132.5007651620352 -29.538158577833983 132.5094 -29.463055 r 0.15892436 26.847715 1.0277474 1.2310872 18.883957 11.186152 decam -6.202476 -5.7050714 1320 object pointing 0 0.0 924.0 1948.0 0.033146717 1.0000358 -0.002124962 -0.29201004 0.00224295 0.9999976 21992021637 2.6818874
rawdata/DECam_01382933.fits.fz N4 1382933 150.0 60794.97304931 1.01 137.29236467737718 -37.196492372015406 137.30179583333333 -37.12138888888889 M517 0.30323255 25.115353 1.0835193 1.1556246 21.627783 1.0679165 decam -14.145549 9.186791 1840 object "Pyxis M517" 0 0.0 924.0 1948.0 0.18797073 1.000082 -0.0019925227 -0.24994254 0.0018865622 0.9999398 16038443807 140.46042
rawdata/DECam_01382931.fits.fz N4 1382931 150.0 60794.96879224 1.01 136.68119905229673 -37.22149237167661 136.69063333333332 -37.146388888888886 M517 0.3887554 25.119036 1.0872025 1.3764331 21.34596 1.9496406 decam -15.879475 22.615732 1659 object "Pyxis M517" 0 0.0 924.0 1948.0 0.28757605 1.0000337 -0.002068529 -0.15221399 0.002246526 0.99997234 16255470896 76.937256
rawdata/DECam_01382922.fits.fz N4 1382922 5.0 60794.95962868 1.0 132.5007651620352 -29.538158577833983 132.5094 -29.463055 r 0.15892436 26.834648 1.0154523 1.70544 18.484198 31.753313 decam 112.227165 30.472294 806 object pointing 0 0.0 924.0 1948.0 0.015795603 1.0000219 -0.002112798 -0.3879247 0.0019956883 0.9999436 16929797107 0.15746388
rawdata/DECam_01382927.fits.fz N4 1382927 15.0 60794.96307166 1.0 130.36853730509753 -33.00830159252962 130.37749583333334 -32.93319805555556 M464 0.3303814 24.927713 0.9733868 1.4151901 20.073689 8.271983 decam 11.81942 27.487595 914 object "LTT3218 N4 M464" 0 0.0 924.0 1948.0 -0.05315551 1.0001954 -0.0020863141 -0.3438282 0.002179636 0.99993587 15551020104 1.8133498
rawdata/DECam_01382934.fits.fz N4 1382934 60.0 60794.97707222 1.21 149.4997595261277 2.488896121671626 149.50727916666665 2.564 g 0.020213213 26.633577 1.0561138 1.254443 21.611145 1.6133547 decam 3.4837801 18.988955 132 object COSMOS 0 0.0 924.0 1948.0 0.17507255 0.9999802 -0.0013834179 -0.013302925 0.0013204027 0.9999362 16302249669 37.18959
rawdata/DECam_01382935.fits.fz N4 1382935 268.7884 60794.97824131 1.21 150.47475827743065 2.6988961198627472 150.48227916666667 2.774 M464 0.020089114 24.945686 1.033253 1.1195233 21.816029 1.0070655 decam 13.728003 27.627026 135 object IBIS_deep_cosmos_M464_72 0 0.0 924.0 1948.0 0.32428184 1.0003146 -0.0014801911 -0.08446655 0.0014776681 0.99980783 16075519317 266.9026
rawdata/DECam_01382936.fits.fz N4 1382936 355.9878 60794.98171508 1.21 149.32175381110176 2.746896119449203 149.329275 2.822 M464 0.019228239 24.957329 1.0443914 1.0710788 21.859093 0.86731225 decam 19.51279 19.587727 140 object IBIS_deep_cosmos_M464_76 0 0.0 924.0 1948.0 0.040779706 0.9999005 -0.0015946224 -0.18735349 0.0018203672 0.99986553 16338552711 410.44943
rawdata/DECam_01382937.fits.fz N4 1382937 333.748 60794.98620751 1.18 149.0937605102805 1.302896131878082 149.101275 1.3780000000000001 M464 0.022536667 24.948233 1.0293167 1.0433782 21.90636 0.8013763 decam 19.527874 30.053898 150 object IBIS_deep_cosmos_M464_81 0 0.0 924.0 1948.0 0.14460538 1.0001731 -0.0016167104 -0.13425125 0.0015351976 0.9999893 16277524763 416.4685
rawdata/DECam_01382938.fits.fz N4 1382938 327.988 60794.99042992 1.17 149.2847695273662 1.0488961340624035 149.29228333333333 1.124 M517 0.022629706 25.04189 1.0389338 1.094465 21.67117 1.0539424 decam 22.610277 30.032648 131 object IBIS_deep_cosmos_M517_82 0 0.0 924.0 1948.0 0.09256439 1.0002528 -0.0015417573 -0.43380344 0.0018061163 0.99994385 16460079707 311.20105
rawdata/DECam_01382939.fits.fz N4 1382939 311.7381 60794.99459098 1.17 149.81577020972787 0.7098961369771607 149.82328333333334 0.785 M464 0.022594362 24.950266 1.0291308 1.08248 21.945612 0.8286945 decam 12.157879 28.241993 154 object IBIS_deep_cosmos_M464_84 0 0.0 924.0 1948.0 -0.23457468 1.0000871 -0.0015193758 -0.24637619 0.001614358 0.999937 16124727689 376.17975
rawdata/DECam_01382940.fits.fz N4 1382940 353.2979 60794.9985419 1.17 150.12477032077763 0.6378961375961623 150.13228333333333 0.713 M490 0.024781406 25.040308 1.0902334 1.0841597 21.81658 0.8274036 decam 18.559189 29.45799 143 object IBIS_deep_cosmos_M490_85 0 0.0 924.0 1948.0 0.57083076 1.0001929 -0.0015688149 -0.24575885 0.0016053516 0.9999085 16348038210 426.99585
rawdata/DECam_01382941.fits.fz N4 1382941 299.5182 60795.00297011 1.16 150.44277032369297 0.6358961376133566 150.45028333333335 0.711 M517 0.024719596 25.044054 1.0393401 1.0557795 21.700365 0.95108044 decam 11.222833 34.192657 161 object IBIS_deep_cosmos_M517_86 0 0.0 924.0 1948.0 0.39952245 1.0000579 -0.0015368251 -0.12908775 0.0015452915 0.9999671 16308662656 314.92413
rawdata/DECam_01382942.fits.fz N4 1382942 252.2785 60795.00678947 1.17 151.0447658391844 0.8258961359798389 151.05227916666666 0.901 M517 0.026774086 25.037195 1.0344508 1.0187807 21.698061 0.8989051 decam 17.791496 39.388805 122 object IBIS_deep_cosmos_M517_88 0 0.0 924.0 1948.0 0.23437707 1.0001595 -0.0016398525 -0.14291978 0.0016984827 0.9998865 16167613037 280.65088
rawdata/DECam_01382943.fits.fz N4 1382943 212.0088 60795.01004797 1.17 151.3047612882414 1.0088961344063565 151.312275 1.084 M464 0.031784024 24.94676 1.0258131 1.0223427 21.954489 0.7380979 decam 13.116997 47.587753 142 object IBIS_deep_cosmos_M464_89 0 0.0 924.0 1948.0 0.24259385 1.0001085 -0.00154722 0.019495638 0.0016313574 0.99980485 15845859723 287.2367
rawdata/DECam_01382944.fits.fz N4 1382944 410.4176 60795.01283852 1.17 151.3047612882414 1.0088961344063565 151.312275 1.084 M490 0.031784024 25.030909 1.0808344 1.1405454 21.831755 0.9185812 decam 18.786238 48.54001 157 object IBIS_deep_cosmos_M490_89 0 0.0 924.0 1948.0 0.20019631 1.00007 -0.0014704198 -0.09820002 0.0014712975 0.9999893 16465210547 446.79514
rawdata/DECam_01382945.fits.fz N4 1382945 379.2978 60795.01918897 1.17 151.3047612882414 1.0088961344063565 151.312275 1.084 M517 0.031784024 25.045652 1.0425413 1.1460415 21.717337 1.0996538 decam 2.0739737 -15.387468 156 object IBIS_deep_cosmos_M517_89 0 0.0 924.0 1948.0 0.17783862 1.0001838 -0.0016821236 -0.0070660515 0.0015110408 0.9999009 16549329095 344.92474
rawdata/DECam_01382946.fits.fz N4 1382946 455.0773 60795.02392546 1.17 151.52476486599534 1.2378961324371 151.53227916666665 1.313 M464 0.031027596 24.95415 1.0328182 1.2354655 21.977419 1.0403274 decam 1.763686 8.046832 138 object IBIS_deep_cosmos_M464_90 0 0.0 924.0 1948.0 0.2956332 0.99981606 -0.0016491967 0.041401938 0.001455972 1.0000567 16515005070 437.43658
rawdata/DECam_01382947.fits.fz N4 1382947 500.0 60795.02955882 1.18 151.52476486599534 1.2378961324371 151.53227916666665 1.313 M490 0.031027596 25.04099 1.0929006 1.2779366 21.841684 1.121247 decam 9.533079 -5.7882285 140 object IBIS_deep_cosmos_M490_90 0 0.0 924.0 1948.0 0.37571484 0.9999303 -0.001614631 -0.027452083 0.0015165065 0.99990344 16830258371 445.93207
rawdata/DECam_01382948.fits.fz N4 1382948 498.6171 60795.03572051 1.18 151.52476486599534 1.2378961324371 151.53227916666665 1.313 M517 0.031027596 25.049837 1.0482452 1.370126 21.735458 1.5329593 decam 12.436213 -19.745707 143 object IBIS_deep_cosmos_M517_90 0 0.0 924.0 1948.0 0.31248206 0.99994725 -0.0016158919 0.097760156 0.0014797573 0.9999779 17043874178 325.2644
rawdata/DECam_01382949.fits.fz N4 1382949 500.0 60795.0418371 1.19 151.6967681943119 1.5048961301406345 151.70428333333334 1.58 M490 0.034417734 25.03386 1.0877159 1.374512 21.84085 1.31501 decam 11.1381035 5.5799217 104 object IBIS_deep_cosmos_M490_91 0 0.0 924.0 1948.0 -0.035186887 0.99985003 -0.0016746443 -0.036612716 0.0016020957 0.9998821 16701564163 380.22525
rawdata/DECam_01382950.fits.fz N4 1382950 500.0 60795.04798027 1.21 151.81676708213143 1.7988961276112874 151.82428333333334 1.874 M490 0.03761686 25.02824 1.0860366 1.3100582 21.827732 1.2218364 decam 7.404008 11.314552 155 object IBIS_deep_cosmos_M490_92 0 0.0 924.0 1948.0 0.03171215 0.9999259 -0.0017078881 0.039990988 0.0018750178 0.9998829 16734095502 409.22006
rawdata/DECam_01382952.fits.fz N4 1382952 329.9481 60795.05666874 1.09 168.12371811919627 -6.493103800864976 168.13127916666667 -6.418 M517 0.041028015 25.071762 1.0543115 1.1413186 21.790117 0.9720226 decam 1.9553568 0.9456085 132 object IBIS_wide_M517_525192 525192 0.041933 924.0 1948.0 0.343873 1.0003604 -0.00091199315 -0.015917199 0.0007960741 1.000054 16346222658 339.4449
rawdata/DECam_01382953.fits.fz N4 1382953 303.9282 60795.06087204 1.09 172.11770843977152 -6.582103800089879 172.12527083333333 -6.507 M517 0.032325853 25.070055 1.0526557 1.0682399 21.78862 0.8556232 decam -6.5512238 -16.82699 139 object IBIS_wide_M517_525117 525117 0.038766 924.0 1948.0 -0.009610517 0.9998817 -0.00066514453 -0.15036657 0.00076199527 0.999894 16253869424 355.21268
rawdata/DECam_01382954.fits.fz N4 1382954 355.7779 60795.06475111 1.09 173.54971040437982 -6.725103798843916 173.557275 -6.65 M517 0.034322668 25.074259 1.0567389 1.2024097 21.789661 1.0741614 decam -6.525982 -14.272993 131 object IBIS_wide_M517_525112 525112 0.03494 924.0 1948.0 0.07453865 0.99998254 -0.0005628247 -0.07101984 0.00061415497 1.000113 16432277704 331.21457
rawdata/DECam_01382955.fits.fz N4 1382955 430.8074 60795.06920515 1.09 170.98471473034652 -6.441103801317714 170.992275 -6.366 M517 0.03550464 25.074177 1.0566596 1.2982028 21.804865 1.2345997 decam -5.535398 -6.0675454 164 object IBIS_wide_M517_528102 528102 0.039664 924.0 1948.0 0.07410568 0.9999987 -0.00068522786 0.03313446 0.0005972708 0.99992 16580199735 348.945
rawdata/DECam_01382956.fits.fz N4 1382956 404.5777 60795.07453011 1.09 172.36571984556005 -6.377103801874804 172.37327916666666 -6.302 M517 0.03294676 25.076458 1.0588818 1.2698289 21.813265 1.167283 decam -7.54593 -6.5685024 144 object IBIS_wide_M517_528103 528103 0.038942 924.0 1948.0 0.047748927 1.0005066 -0.00076165533 0.03894939 0.00085894385 0.9999917 16738308334 346.59778
rawdata/DECam_01382957.fits.fz N4 1382957 403.4478 60795.07957333 1.09 173.8857158703855 -6.3641038019879455 173.89327500000002 -6.289 M517 0.041469138 25.083021 1.0653015 1.2852163 21.81203 1.1826736 decam -11.523156 -7.775981 130 object IBIS_wide_M517_528098 528098 0.036116 924.0 1948.0 -0.11654586 1.0001599 -0.0006672589 0.007771124 0.00075276097 0.99994946 16564790780 341.132
rawdata/DECam_01382958.fits.fz N4 1382958 394.1079 60795.08459755 1.09 175.43571186543906 -6.353103802083675 175.44327083333332 -6.278 M517 0.040935215 25.071772 1.0543207 1.2716367 21.808552 1.1858906 decam -5.698081 -8.324758 159 object IBIS_wide_M517_528253 528253 0.039375 924.0 1948.0 0.03717219 0.99989575 -0.00062938605 -0.10393382 0.00059615023 0.9999741 16496451588 332.33078
rawdata/DECam_01382959.fits.fz N4 1382959 342.8681 60795.08955615 1.09 179.9687074294505 -6.648103799514909 179.97627083333333 -6.573 M517 0.020318275 25.065159 1.0479184 1.3042209 21.811584 1.2591128 decam -1.361145 -10.717045 177 object IBIS_wide_M517_524964 524964 0.024854 924.0 1948.0 0.088586316 1.0000303 -0.0004241045 0.0012457938 0.00029654498 0.99992234 16334711471 272.30927
rawdata/DECam_01382960.fits.fz N4 1382960 377.2881 60795.09387763 1.09 176.80171575259143 -6.372103801918321 176.809275 -6.297 M517 0.03330256 25.06696 1.0496587 1.368101 21.810492 1.3820893 decam -7.942069 -9.983122 144 object IBIS_wide_M517_528245 528245 0.031458 924.0 1948.0 0.1883323 0.99986905 -0.00044611195 0.10211819 0.0003651722 0.99998575 16418964987 272.9839
rawdata/DECam_01382961.fits.fz N4 1382961 354.2781 60795.09862399 1.09 181.442708835707 -6.825103797972179 181.450275 -6.75 M517 0.032310568 25.054409 1.0375952 1.2801566 21.802513 1.247788 decam 1.7538022 -11.184699 194 object IBIS_wide_M517_530955 530955 0.029983 924.0 1948.0 -0.01107208 1.0000801 -0.0003681442 -0.1303008 0.0005198518 0.9999558 16395577745 283.92493
rawdata/DECam_01382962.fits.fz N4 1382962 325.3382 60795.10307033 1.09 181.87671134988338 -6.388103801779064 181.88427083333335 -6.313 M517 0.09940789 25.081728 1.0640333 1.1400867 21.799864 0.9437762 decam 0.6369651 -0.49701086 153 object IBIS_wide_M517_533941 533941 0.038882 924.0 1948.0 0.039982777 1.0000154 -0.00040370182 -0.16838609 0.0004947815 1.0001254 16378933749 344.71967
rawdata/DECam_01382963.fits.fz N4 1382963 297.1083 60795.10717079 1.09 183.0847199634485 -6.369103801944428 183.09227916666666 -6.294 M517 0.05514307 25.078178 1.0605599 1.0534102 21.779327 0.82677335 decam -0.7207664 -0.29440704 147 object IBIS_wide_M517_533945 533945 0.045203 924.0 1948.0 0.021501588 0.99993825 -0.00031775676 -0.018467035 0.00019012325 1.0000248 16322894615 359.35883
rawdata/DECam_01382964.fits.fz N4 1382964 295.2183 60795.11096711 1.1 181.339714940675 -6.140103803936575 181.34727083333334 -6.065 M517 0.03283956 25.057972 1.0426743 1.0721502 21.80534 0.8678182 decam 5.2076077 0.40360525 173 object IBIS_wide_M517_533940 533940 0.028753 924.0 1948.0 0.24011339 1.0002061 -0.0005564671 0.104818255 0.000101428246 0.9999561 16320516358 340.1845
rawdata/DECam_01382965.fits.fz N4 1382965 336.7586 60795.11472994 1.1 183.83472633814475 -5.92010380584881 183.84227916666666 -5.845 M517 0.0454435 25.072319 1.0565435 1.1013837 21.767246 0.92364436 decam 9.628828 7.8621125 158 object IBIS_wide_M517_533946 533946 0.045626 924.0 1948.0 -0.06874234 0.9998567 -0.00018625899 -0.13528828 0.0005199402 1.0000207 16760694776 364.5977
