logs/db-2025-02-28.ecsv
# %ECSV 1.0
# ---
# datatype:
# - {name: filename, datatype: string}
# - {name: extension, datatype: string}
# - {name: expnum, datatype: int64}
# - {name: exptime, datatype: float32}
# - {name: mjd_obs, datatype: float64}
# - {name: airmass, datatype: float32}
# - {name: racenter, datatype: float64}
# - {name: deccenter, datatype: float64}
# - {name: rabore, datatype: float64}
# - {name: decbore, datatype: float64}
# - {name: band, datatype: string}
# - {name: ebv, datatype: float32}
# - {name: zeropoint, datatype: float32}
# - {name: transparency, datatype: float32}
# - {name: seeing, datatype: float32}
# - {name: sky, datatype: float32}
# - {name: expfactor, datatype: float32}
# - {name: camera, datatype: string}
# - {name: dx, datatype: float32}
# - {name: dy, datatype: float32}
# - {name: nmatched, datatype: int64}
# - {name: obstype, datatype: string}
# - {name: object, datatype: string}
# - {name: tileid, datatype: int64}
# - {name: tileebv, datatype: float32}
# - {name: affine_x0, datatype: float32}
# - {name: affine_y0, datatype: float32}
# - {name: affine_dx, datatype: float32}
# - {name: affine_dxx, datatype: float32}
# - {name: affine_dxy, datatype: float32}
# - {name: affine_dy, datatype: float32}
# - {name: affine_dyx, datatype: float32}
# - {name: affine_dyy, datatype: float32}
# - {name: checksum, datatype: string}
# - {name: efftime, datatype: float32}
# schema: astropy-2.0
filename extension expnum exptime mjd_obs airmass racenter deccenter rabore decbore band ebv zeropoint transparency seeing sky expfactor camera dx dy nmatched obstype object tileid tileebv affine_x0 affine_y0 affine_dx affine_dxx affine_dxy affine_dy affine_dyx affine_dyy checksum efftime
rawdata/DECam_01369558.fits.fz N4 1369558 30.0 60735.00226847 1.0 85.5394210754905 -30.610381621081196 85.54815 -30.535278055555555 r 0.025306288 26.838457 1.0190208 1.1774075 17.029716 33.705452 decam -9.470054 11.919521 80 object pointing 0 0.0 924.0 1948.0 2.112259 1.0001343 -0.002909552 -0.24714422 0.0030748488 1.0000925 51255416346 0.8900637
rawdata/DECam_01369557.fits.fz N4 1369557 5.0 60735.00088507 1.0 85.5394210754905 -30.610381621081196 85.54815 -30.535278055555555 r 0.025306288 26.832655 1.0135894 2.2005587 16.574995 180.66803 decam 5.2413893 0.031918142 38 object pointing 0 0.0 924.0 1948.0 1.5854897 0.99995524 -0.002753686 -0.120484985 0.0027675151 1.0004777 24453430910 0.027675068
rawdata/DECam_01369559.fits.fz N4 1369559 3.0 60735.00435932 1.0 89.0930033306711 -27.849770541142576 89.1015 -27.774666944444444 g 0.038579706 26.655878 1.0431614 0.9487526 18.408895 18.877031 decam -17.716318 26.312757 108 object "LTT2415 N4 g" 0 0.0 924.0 1948.0 0.40286186 1.000321 -0.0030424895 -0.3131148 0.002865247 1.0000414 16208468644 0.1589233
rawdata/DECam_01369560.fits.fz N4 1369560 15.0 60735.00571 1.0 89.0930033306711 -27.849770541142576 89.1015 -27.774666944444444 M517 0.038579706 25.024986 1.2647204 0.9002907 18.686808 9.068573 decam -6.524586 38.790813 128 object "LTT2415 N4 M517" 0 0.0 924.0 1948.0 0.2570056 1.0001905 -0.0028461083 -0.17132469 0.002925268 1.0000141 15972864681 1.6540639
rawdata/DECam_01369561.fits.fz N4 1369561 15.0 60735.00665617 1.0 89.0930033306711 -27.849770541142576 89.1015 -27.774666944444444 M490 0.038579706 25.009008 1.0270786 0.81298035 19.061773 8.083978 decam -20.579597 28.143732 134 object "LTT2415 N4 M490" 0 0.0 924.0 1948.0 0.27418974 1.0001869 -0.0029952247 -0.046953406 0.0029880574 1.0000309 15888074244 1.8555222
rawdata/DECam_01369562.fits.fz N4 1369562 15.0 60735.00720134 1.0 89.0930033306711 -27.849770541142576 89.1015 -27.774666944444444 M411 0.038579706 24.467308 0.9676605 0.96934307 19.319942 10.684764 decam -16.63687 46.82303 84 object "LTT2415 N4 M411" 0 0.0 924.0 1948.0 0.53374654 1.0002989 -0.003055342 -0.31333187 0.0030136432 0.9999619 15632942091 1.4038682
rawdata/DECam_01369563.fits.fz N4 1369563 3.0 60735.00772945 1.0 89.0930033306711 -27.849770541142576 89.1015 -27.774666944444444 g 0.038579706 26.656404 1.0436667 1.0694745 19.34902 10.074899 decam -5.200348 33.252098 123 object "LTT2415 N4 g" 0 0.0 924.0 1948.0 0.40711418 1.0002561 -0.003019086 -0.14615399 0.0029571862 1.0000142 15726803919 0.29776976
rawdata/DECam_01369564.fits.fz N4 1369564 150.0 60735.00932818 1.27 136.96453759435042 -37.21315959401179 136.97397083333334 -37.13805611111111 M517 0.32769462 0.0 0.0 0.0 19.49018 0.0 decam 0.0 0.0 0 object "Pyxis M517" 0 0.0 0.0 0.0 0.0 0.0 0.0 0.0 0.0 0.0 18350545905 0.0
rawdata/DECam_01369565.fits.fz N4 1369565 150.0 60735.01142279 1.26 136.9978458367654 -37.37982542508124 137.0073 -37.304721944444445 M517 0.3276871 0.0 0.0 0.0 19.932135 0.0 decam 0.0 0.0 0 object "Pyxis M517" 0 0.0 0.0 0.0 0.0 0.0 0.0 0.0 0.0 0.0 17910384948 0.0
rawdata/DECam_01369566.fits.fz N4 1369566 150.0 60735.01351749 1.25 136.68119905229673 -37.22149237167661 136.69063333333332 -37.146388888888886 M517 0.3887554 0.0 0.0 0.0 20.395023 0.0 decam 0.0 0.0 0 object "Pyxis M517" 0 0.0 0.0 0.0 0.0 0.0 0.0 0.0 0.0 0.0 16841594158 0.0
rawdata/DECam_01369567.fits.fz N4 1369567 150.0 60735.01561562 1.24 136.66451561923702 -37.38815959163442 136.67397083333333 -37.31305611111111 M517 0.4292886 0.0 0.0 0.0 20.69672 0.0 decam 0.0 0.0 0 object "Pyxis M517" 0 0.0 0.0 0.0 0.0 0.0 0.0 0.0 0.0 0.0 16705665085 0.0
rawdata/DECam_01369568.fits.fz N4 1369568 150.0 60735.01771498 1.24 137.29236467737718 -37.196492372015406 137.30179583333333 -37.12138888888889 M517 0.30323255 0.0 0.0 0.0 20.942188 0.0 decam 0.0 0.0 0 object "Pyxis M517" 0 0.0 0.0 0.0 0.0 0.0 0.0 0.0 0.0 0.0 16298729801 0.0
rawdata/DECam_01369569.fits.fz N4 1369569 60.0 60735.01982286 1.23 137.29237717737718 -37.196492372015406 137.30180833333333 -37.12138888888889 g 0.30323362 0.0 0.0 0.0 21.359333 0.0 decam 0.0 0.0 0 object wide 0 0.0 0.0 0.0 0.0 0.0 0.0 0.0 0.0 0.0 16750527193 0.0
rawdata/DECam_01369570.fits.fz N4 1369570 500.0 60735.02275011 1.33 132.24971986030442 -6.376103801883506 132.25727916666668 -6.301 M517 0.02666074 24.976719 1.275426 0.9558548 21.18398 1.0394822 decam -2.3778393 46.666126 257 object IBIS_wide_M517_522186 522186 0.023162 924.0 1948.0 0.38250068 1.0000461 -0.0019508019 -0.21607834 0.002042963 1.0001757 17591722280 481.0087
rawdata/DECam_01369571.fits.fz N4 1369571 300.0 60735.0302979 1.3 129.45174942764137 -2.7811038329949094 129.45927083333333 -2.706 M517 0.026889345 24.9833 1.2770255 0.9573059 21.215607 1.0019288 decam 13.134508 -14.771015 266 object IBIS_wide_M517_522235 522235 0.028071 924.0 1948.0 -0.0933457 1.0003213 -0.0020856722 -0.20627494 0.0021175316 0.9999154 16732006957 299.4225
rawdata/DECam_01369572.fits.fz N4 1369572 284.0 60735.03415402 1.28 132.81672392410815 -6.094103804336536 132.82427916666666 -6.019 M517 0.023785716 24.974852 1.2630738 0.9353473 21.24838 0.92462593 decam 15.799196 -8.230818 259 object IBIS_wide_M517_519211 519211 0.022871 924.0 1948.0 0.34553918 0.9999345 -0.002055164 -0.21089382 0.0018604657 1.0000862 16593412721 307.15125
rawdata/DECam_01369573.fits.fz N4 1369573 281.0 60735.03780087 1.28 131.914736240172 -4.384103819160507 131.92227083333333 -4.309 M517 0.021244759 24.974361 1.2625036 0.88030565 21.252007 0.80444443 decam 13.304902 -13.962845 221 object IBIS_wide_M517_519220 519220 0.020502 924.0 1948.0 -0.11816969 1.0002124 -0.0021211817 -0.31563723 0.0021652847 0.99997395 16532509683 349.3094
rawdata/DECam_01369574.fits.fz N4 1369574 265.0 60735.04141612 1.27 132.92273434576947 -4.568103817569139 132.93027083333334 -4.493 M517 0.017766787 24.96771 1.2527845 0.8770987 21.252905 0.7904288 decam 20.367601 -14.070931 267 object IBIS_wide_M517_522204 522204 0.018127 924.0 1948.0 0.07843564 1.0000547 -0.002244136 -0.15831004 0.002201755 0.9999985 16447846881 335.26105
rawdata/DECam_01369575.fits.fz N4 1369575 232.0 60735.04485186 1.26 133.63972770426616 -5.16110381243471 133.64727083333335 -5.086 M517 0.01787916 24.97374 1.2577437 0.9003372 21.257795 0.82040626 decam 16.786514 -8.823696 231 object IBIS_wide_M517_522198 522198 0.019197 924.0 1948.0 -0.12376504 1.0000694 -0.0021050551 -0.5199997 0.0022049057 1.0001186 16273858097 282.7867
rawdata/DECam_01369576.fits.fz N4 1369576 251.0 60735.04789206 1.25 134.98471473034652 -6.441103801317716 134.992275 -6.366 M517 0.028763987 24.975687 1.2579821 0.8841828 21.268143 0.8359588 decam 10.366898 -15.071334 222 object IBIS_wide_M517_522110 522110 0.031984 924.0 1948.0 0.1071643 1.000052 -0.0022458746 -0.34426343 0.0018839093 0.9999927 16360889454 300.25403
rawdata/DECam_01369577.fits.fz N4 1369577 271.0 60735.05281025 1.23 135.72570913557846 -6.806103798137835 135.733275 -6.731 M517 0.041221555 24.984133 1.2637506 0.8903599 21.273174 0.8979191 decam 15.925264 -15.642053 223 object IBIS_wide_M517_522108 522108 0.037956 924.0 1948.0 0.445092 1.0001093 -0.0020856461 -0.13441002 0.0021245289 0.99989814 16547718835 301.80893
rawdata/DECam_01369578.fits.fz N4 1369578 267.0 60735.05631989 1.22 136.11770843977155 -6.58210380008988 136.12527083333333 -6.507 M517 0.035647377 24.983158 1.2605944 0.9295898 21.266054 0.9529756 decam 5.4677663 -11.183589 199 object IBIS_wide_M517_519125 519125 0.037243 924.0 1948.0 0.11350608 1.0001141 -0.002086833 -0.07538623 0.0017573682 0.9999794 16469205602 280.17508
rawdata/DECam_01369579.fits.fz N4 1369579 60.0 60735.06016062 1.56 149.99276553558744 2.141563069106654 150.00028333333333 2.2166669444444445 g 0.019641131 26.537983 1.021582 1.0561781 21.414785 1.6298008 decam 16.689459 16.168758 124 object cosmos 0 0.0 924.0 1948.0 -0.16670938 1.0002456 -0.0016590019 -0.15549341 0.0013111561 1.0005018 16452089229 36.814316
rawdata/DECam_01369580.fits.fz N4 1369580 500.0 60735.06260364 1.5 148.62076309050707 1.7558961279812735 148.62827916666666 1.831 M411 0.026393529 24.336872 1.0003436 1.1257465 21.909122 1.531742 decam 4.3019238 2.6430051 88 object IBIS_deep_cosmos_M411_63 0 0.0 924.0 1948.0 0.21693535 1.000342 -0.001747706 -0.22723408 0.0015336454 1.0003375 16227044058 326.42572
rawdata/DECam_01369581.fits.fz N4 1369581 500.0 60735.06876359 1.5 149.78075452620993 2.6308961204485457 149.788275 2.706 M411 0.019724825 24.342775 1.0057971 1.1468711 21.877365 1.5359024 decam 1.471267 -1.9376448 83 object IBIS_deep_cosmos_M411_2 0 0.0 924.0 1948.0 -0.04441791 1.0001961 -0.0015650173 -0.17808446 0.0012296359 1.0001704 16215376999 325.54153
rawdata/DECam_01369582.fits.fz N4 1369582 500.0 60735.07491718 1.46 150.09375883696464 2.606896120655282 150.10127916666667 2.682 M411 0.019469626 24.35233 1.0023142 1.0350739 21.870302 1.2352957 decam 3.2457125 -3.4067857 73 object IBIS_deep_cosmos_M411_1 0 0.0 924.0 1948.0 0.49888256 1.0002309 -0.0014264637 -0.16189249 0.0011953987 1.000046 16266918976 404.7614
rawdata/DECam_01369583.fits.fz N4 1369583 500.0 60735.08108193 1.41 149.4997595261277 2.488896121671626 149.50727916666665 2.564 M411 0.020213213 24.411133 1.0419947 1.0073824 21.89296 1.0344821 decam 0.7110126 -15.8301115 72 object IBIS_deep_cosmos_M411_3 0 0.0 924.0 1948.0 0.013284008 1.0001234 -0.0014648568 -0.1503285 0.0013999147 1.0000813 16221552255 483.33362
rawdata/DECam_01369584.fits.fz N4 1369584 500.0 60735.0872826 1.36 150.28876559585595 0.9458961349480653 150.29627916666666 1.021 M411 0.020056581 24.380112 0.9972334 1.1330423 21.888573 1.3887876 decam 12.23264 -9.66139 81 object IBIS_deep_cosmos_M411_10 0 0.0 924.0 1948.0 0.08202067 1.0002943 -0.0013291843 -0.20688792 0.0013030362 1.0000625 16182696266 360.02625
rawdata/DECam_01369585.fits.fz N4 1369585 500.0 60735.09343977 1.38 151.50174951801077 2.766896119276884 151.50927083333335 2.842 M411 0.027651554 24.383865 1.0068446 1.1834033 21.856775 1.644962 decam 6.4116592 -14.888667 74 object IBIS_deep_cosmos_M411_18 0 0.0 924.0 1948.0 0.4787334 1.0003604 -0.0017533508 -0.08611551 0.00140397 0.9998774 16310920071 303.9584
rawdata/DECam_01369586.fits.fz N4 1369586 500.0 60735.100445 1.35 151.37475590767073 3.0578961167689527 151.38227916666665 3.133 M411 0.021720773 24.379725 0.99382514 1.2033558 21.841312 1.6587011 decam 5.6537313 -15.128916 71 object IBIS_deep_cosmos_M411_19 0 0.0 924.0 1948.0 0.23330826 0.9997693 -0.0015137272 -0.3039832 0.0015425055 0.9999558 16293644941 301.4407
rawdata/DECam_01369587.fits.fz N4 1369587 500.0 60735.10660063 1.32 151.1927456650206 3.3188961145184166 151.20027083333332 3.394 M411 0.020695146 24.401093 1.0042936 1.1247177 21.856133 1.3634195 decam 14.028809 -13.42911 78 object IBIS_deep_cosmos_M411_20 0 0.0 924.0 1948.0 0.19564874 1.0000995 -0.0015929383 -0.3004555 0.0018128867 0.9999972 16229367931 366.72498
rawdata/DECam_01369588.fits.fz N4 1369588 469.0 60735.11278764 1.3 150.96274810833103 3.5378961126291215 150.97027500000002 3.613 M411 0.022124961 24.41838 1.0141742 1.1586488 21.847012 1.429312 decam 18.918781 0.098209396 65 object IBIS_deep_cosmos_M411_21 0 0.0 924.0 1948.0 -0.06083222 0.9996646 -0.0015417368 -0.11671623 0.0012667807 0.99987286 16176865541 328.1299
rawdata/DECam_01369589.fits.fz N4 1369589 386.0 60735.11859262 1.28 150.6957466771457 3.709896111144668 150.703275 3.785 M411 0.019253459 24.423239 1.0124913 1.2375195 21.84481 1.582535 decam 15.045668 -7.6914825 71 object IBIS_deep_cosmos_M411_22 0 0.0 924.0 1948.0 0.13656428 0.999971 -0.0014962944 -0.06977644 0.0011494878 1.0000741 16180775094 243.91245
rawdata/DECam_01369590.fits.fz N4 1369590 406.0 60735.12343738 1.27 150.4007414714658 3.829896110108663 150.40827083333335 3.905 M411 0.020609915 24.439003 1.024154 1.2245829 21.855904 1.5060996 decam 12.45923 0.6527073 77 object IBIS_deep_cosmos_M411_23 0 0.0 924.0 1948.0 0.20588005 0.999907 -0.0015447448 -0.04064949 0.0012353917 1.0000348 16143685828 269.5705
rawdata/DECam_01369591.fits.fz N4 1369591 443.0 60735.12862737 1.23 149.5927615328088 2.1078961249520094 149.60027916666667 2.183 M411 0.019542078 24.434494 1.007474 1.165021 21.870024 1.3455808 decam 21.583324 -2.8036675 69 object IBIS_deep_cosmos_M411_24 0 0.0 924.0 1948.0 0.47112224 0.99999654 -0.001626626 -0.16313009 0.0013870397 0.9997248 16123333702 329.22586
rawdata/DECam_01369592.fits.fz N4 1369592 415.0 60735.134109 1.21 149.56775876526 1.7948961276457052 149.575275 1.87 M411 0.019714534 24.43446 1.0012801 1.2207644 21.880112 1.4656166 decam 20.098726 -3.6222165 66 object IBIS_deep_cosmos_M411_25 0 0.0 924.0 1948.0 -0.18838042 0.999976 -0.0015247823 0.0014863035 0.0011203564 0.9998966 16075613923 283.1573
rawdata/DECam_01369593.fits.fz N4 1369593 398.0 60735.13927188 1.2 149.71076815973865 1.5148961300546144 149.71828333333335 1.5899999999999999 M411 0.022857705 24.43616 0.99977756 1.1652308 21.886381 1.3570228 decam 19.135517 -3.793626 69 object IBIS_deep_cosmos_M411_26 0 0.0 924.0 1948.0 0.0032727835 1.000241 -0.0017618162 -0.242418 0.0014640541 0.9998584 16042612721 293.28912
rawdata/DECam_01369594.fits.fz N4 1369594 432.0 60735.14422903 1.19 149.96576876528388 1.3288961316544667 149.97328333333334 1.404 M411 0.02084288 24.438875 0.9992123 1.2829938 21.86833 1.6375523 decam 16.026806 -9.33862 77 object IBIS_deep_cosmos_M411_27 0 0.0 924.0 1948.0 0.069082305 1.0001992 -0.001419628 -0.042888653 0.0018574925 1.0000308 16118946793 263.80838
rawdata/DECam_01369595.fits.fz N4 1369595 392.0 60735.14961873 1.18 150.27476896687475 1.260896132239297 150.28228333333334 1.336 M411 0.020846782 24.483202 1.0376648 1.2685592 21.861168 1.4852461 decam 24.348547 1.0453627 76 object IBIS_deep_cosmos_M411_28 0 0.0 924.0 1948.0 0.19764312 1.0002577 -0.0013930374 -0.23395015 0.0019086878 0.9997893 16027818615 263.92932
rawdata/DECam_01369596.fits.fz N4 1369596 500.0 60735.15452201 1.2 151.21375044375563 2.6168961205691437 151.22127083333334 2.692 M411 0.03002012 24.455008 1.0172867 1.1962923 21.839334 1.5266901 decam 13.498843 1.7664233 67 object IBIS_deep_cosmos_M411_34 0 0.0 924.0 1948.0 0.72920257 1.0002991 -0.001524116 -0.05813148 0.0017035148 1.0000517 16219120218 327.5059
rawdata/DECam_01369597.fits.fz N4 1369597 473.0 60735.1606699 1.2 151.09275691390422 2.910896118036007 151.10027916666667 2.9859999999999998 M411 0.025571782 24.446327 1.0091847 1.0984287 21.860981 1.2381136 decam 19.577251 11.7249365 66 object IBIS_deep_cosmos_M411_35 0 0.0 924.0 1948.0 -0.1451287 1.0005665 -0.0014079184 -0.30975455 0.0013828536 0.9998503 16170435042 382.03278
rawdata/DECam_01369598.fits.fz N4 1369598 420.0 60735.16653264 1.2 150.90174681059102 3.1648961158464575 150.90927083333335 3.24 M411 0.019349916 24.439386 1.0027552 1.0735428 21.85301 1.1488281 decam 15.909803 8.455693 71 object IBIS_deep_cosmos_M411_36 0 0.0 924.0 1948.0 -0.25278667 1.0000585 -0.0014789979 -0.32813373 0.0018484596 1.000222 17085428098 365.58994
rawdata/DECam_01369599.fits.fz N4 1369599 357.0 60735.1717703 1.2 150.65574530449993 3.3658961141130233 150.66327083333334 3.441 M411 0.020555496 24.459608 1.0216054 1.1369228 21.881039 1.2210429 decam 19.63808 22.5641 78 object IBIS_deep_cosmos_M411_37 0 0.0 924.0 1948.0 -0.17548753 1.0003566 -0.001552638 -0.3110169 0.0017969002 0.9999281 15960168064 292.37302
rawdata/DECam_01369600.fits.fz N4 1369600 359.0 60735.17627828 1.2 150.36975254981348 3.503896112922494 150.37727916666665 3.579 M411 0.024323076 24.453236 1.0156277 1.1593049 21.896875 1.3041958 decam 14.761593 25.380953 54 object IBIS_deep_cosmos_M411_38 0 0.0 924.0 1948.0 0.36648956 1.0003204 -0.0015338035 -0.06902271 0.0016072431 0.9999936 15959738884 275.2654
rawdata/DECam_01369601.fits.fz N4 1369601 378.0 60735.18080793 1.2 150.06075196468993 3.5758961123012094 150.06827916666666 3.651 M411 0.023681793 24.449993 1.0125992 1.1371112 21.894817 1.2583425 decam 16.277905 30.30931 86 object IBIS_deep_cosmos_M411_39 0 0.0 924.0 1948.0 -0.13454933 1.000322 -0.0015713137 -0.29731545 0.0016168428 0.99991333 15982822242 300.39517
