logs/db-2025-03-30.ecsv
# %ECSV 1.0
# ---
# datatype:
# - {name: filename, datatype: string}
# - {name: extension, datatype: string}
# - {name: expnum, datatype: int64}
# - {name: exptime, datatype: float32}
# - {name: mjd_obs, datatype: float64}
# - {name: airmass, datatype: float32}
# - {name: racenter, datatype: float64}
# - {name: deccenter, datatype: float64}
# - {name: rabore, datatype: float64}
# - {name: decbore, datatype: float64}
# - {name: band, datatype: string}
# - {name: ebv, datatype: float32}
# - {name: zeropoint, datatype: float32}
# - {name: transparency, datatype: float32}
# - {name: seeing, datatype: float32}
# - {name: sky, datatype: float32}
# - {name: expfactor, datatype: float32}
# - {name: camera, datatype: string}
# - {name: dx, datatype: float32}
# - {name: dy, datatype: float32}
# - {name: nmatched, datatype: int64}
# - {name: obstype, datatype: string}
# - {name: object, datatype: string}
# - {name: tileid, datatype: int64}
# - {name: tileebv, datatype: float32}
# - {name: affine_x0, datatype: float32}
# - {name: affine_y0, datatype: float32}
# - {name: affine_dx, datatype: float32}
# - {name: affine_dxx, datatype: float32}
# - {name: affine_dxy, datatype: float32}
# - {name: affine_dy, datatype: float32}
# - {name: affine_dyx, datatype: float32}
# - {name: affine_dyy, datatype: float32}
# - {name: checksum, datatype: string}
# - {name: efftime, datatype: float32}
# schema: astropy-2.0
filename extension expnum exptime mjd_obs airmass racenter deccenter rabore decbore band ebv zeropoint transparency seeing sky expfactor camera dx dy nmatched obstype object tileid tileebv affine_x0 affine_y0 affine_dx affine_dxx affine_dxy affine_dy affine_dyx affine_dyy checksum efftime
[from data line 45]
rawdata/DECam_01375727.fits.fz N4 1375727 500.0 60765.16899819 1.37 148.69376428457568 2.3828961225844565 148.70128333333335 2.458 M490 0.047247324 24.90556 0.99857306 1.1036503 21.658352 1.2713102 decam 9.073288 -18.864525 141 object IBIS_deep_cosmos_M490_61 0 0.0 924.0 1948.0 -0.03875833 1.0001146 -0.0017661894 -0.15691243 0.0019268347 1.0000553 16972920023 393.295
rawdata/DECam_01375728.fits.fz N4 1375728 348.9881 60765.17517606 1.4 148.69376428457568 2.3828961225844565 148.70128333333335 2.458 M517 0.047247324 25.024723 1.0610334 1.0757773 21.53651 1.1898352 decam 9.446007 -42.987038 149 object IBIS_deep_cosmos_M517_61 0 0.0 924.0 1948.0 -0.035535023 1.0001554 -0.0017560312 -0.086270235 0.001961781 1.00006 16687666344 293.30792
rawdata/DECam_01375729.fits.fz N4 1375729 500.0 60765.17958921 1.42 148.62275752901002 2.0738961252446657 148.630275 2.149 M464 0.035091773 24.903187 1.0373813 1.2591684 21.742413 1.4737486 decam -8.866927 -24.681355 143 object IBIS_deep_cosmos_M464_62 0 0.0 924.0 1948.0 0.32256612 1.0001386 -0.0017671619 0.015703095 0.001883614 1.0001602 16830617885 339.2709
rawdata/DECam_01375730.fits.fz N4 1375730 480.2275 60765.1857387 1.46 148.62275752901002 2.0738961252446657 148.630275 2.149 M490 0.035091773 24.983337 1.0903926 1.2009909 21.681704 1.2763388 decam -2.9960978 -30.441483 146 object IBIS_deep_cosmos_M490_62 0 0.0 924.0 1948.0 0.33048555 1.0000091 -0.0016192514 -0.05748193 0.0018762096 1.0001795 16870209901 376.25394
rawdata/DECam_01375731.fits.fz N4 1375731 381.6281 60765.19166295 1.5 148.62275752901002 2.0738961252446657 148.630275 2.149 M517 0.035091773 25.01933 1.0728319 1.0980201 21.508265 1.2848067 decam 3.2438962 -36.89967 148 object IBIS_deep_cosmos_M517_62 0 0.0 924.0 1948.0 0.3351774 1.0001174 -0.001693839 -0.10823219 0.0019993687 1.0001447 16835735586 297.03152
rawdata/DECam_01375732.fits.fz N4 1375732 435.1279 60765.1964183 1.53 148.6857600602948 1.4458961306481382 148.693275 1.521 M490 0.026158934 24.984512 1.1055256 1.0845906 21.663372 1.0674171 decam -3.7454011 -34.730495 157 object IBIS_deep_cosmos_M490_64 0 0.0 924.0 1948.0 0.09686319 1.0001662 -0.001737006 -0.37014005 0.0019596608 1.0001765 16781784888 407.6456
rawdata/DECam_01375733.fits.fz N4 1375733 369.5181 60765.20179672 1.57 148.6857600602948 1.4458961306481382 148.693275 1.521 M517 0.026158934 24.97695 1.0434016 0.9926571 21.434755 1.2154173 decam -3.8125184 -48.83181 163 object IBIS_deep_cosmos_M517_64 0 0.0 924.0 1948.0 0.13937108 1.0000585 -0.0017144239 -0.4021252 0.0020904506 1.0002136 16910401851 304.0257
rawdata/DECam_01375734.fits.fz N4 1375734 500.0 60765.20644382 1.61 148.8117609292994 1.1538961331594837 148.81927499999998 1.229 M438 0.024043811 24.710522 1.0834789 1.07303 21.594837 1.286177 decam -1.9090688 -54.618378 108 object IBIS_deep_cosmos_M438_65 0 0.0 924.0 1948.0 0.017766314 1.0000334 -0.0014932231 -0.03841687 0.002088966 0.9999916 16877930182 388.74896
rawdata/DECam_01375735.fits.fz N4 1375735 292.9186 60765.21363008 1.1 187.63272395226033 -6.0921038043539255 187.6402791666667 -6.017 M490 0.025737017 25.059252 1.0954194 0.90978205 21.60157 0.68650615 decam -30.886728 -9.194997 175 object IBIS_wide_M490_431440 431440 0.030489 924.0 1948.0 -0.10305818 1.0002751 -8.976229e-05 0.10609206 -0.00014156445 0.99992853 17286386720 426.68024
rawdata/DECam_01375736.fits.fz N4 1375736 303.0085 60765.21836371 1.1 189.49372016181502 -5.760103807238571 189.50127083333334 -5.6850000000000005 M490 0.046582036 25.049885 1.0860096 0.92941797 21.561474 0.756256 decam -11.524951 32.324894 152 object IBIS_wide_M490_434425 434425 0.027008 924.0 1948.0 -0.12600446 1.0003797 -5.098387e-05 0.10997468 0.00020392147 1.0001321 16474157123 400.66922
rawdata/DECam_01375737.fits.fz N4 1375737 421.7579 60765.22222669 1.11 189.82573242800268 -5.456103809876974 189.83327916666667 -5.381 M490 0.024371441 24.95585 0.99771947 0.94549453 21.535742 0.9528874 decam -10.306784 29.713676 176 object IBIS_wide_M490_431442 431442 0.026024 924.0 1948.0 0.011368881 1.0001926 -9.034242e-05 0.024910826 0.0002220175 1.0000162 16920233015 442.61044
rawdata/DECam_01375738.fits.fz N4 1375738 309.3785 60765.22745743 1.12 190.9337293692813 -5.019103813665034 190.94127083333333 -4.944 M490 0.021681162 24.925869 0.97230774 0.922509 21.536337 0.9582383 decam -3.8894777 25.911388 169 object IBIS_wide_M490_431421 431421 0.027079 924.0 1948.0 -0.027424434 1.0002401 2.7432154e-05 0.14136437 1.6215497e-05 1.0000855 16750449766 322.86176
rawdata/DECam_01375739.fits.fz N4 1375739 382.1681 60765.23141018 1.11 190.52672058397414 -6.0351038048494265 190.534275 -5.96 M490 0.022557205 24.921099 0.9662898 0.9244596 21.549831 0.95878595 decam 12.167313 32.15772 191 object IBIS_wide_M490_431420 431420 0.024722 924.0 1948.0 -0.08781648 1.0001973 -3.3319968e-05 0.07790812 0.00012147316 1.000002 16730740827 398.59586
rawdata/DECam_01375740.fits.fz N4 1375740 417.8579 60765.23620893 1.11 191.93972036063917 -6.051103804710349 191.94727500000002 -5.976 M490 0.024069086 24.895039 0.94337326 0.9110646 21.542383 0.9838051 decam -0.36168355 33.046745 199 object IBIS_wide_M490_431419 431419 0.027799 924.0 1948.0 -0.12143959 0.99977636 0.00012697284 0.010740143 -3.6246783e-07 1.0000494 16950072180 424.73645
rawdata/DECam_01375741.fits.fz N4 1375741 500.0 60765.24145153 1.12 192.04072030790078 -5.7491038073340865 192.04827083333333 -5.6739999999999995 M490 0.03221895 24.773157 0.844732 0.9500718 21.507256 1.3828474 decam 14.1595955 18.41432 159 object IBIS_wide_M490_434405 434405 0.029078 924.0 1948.0 0.23262437 1.0000842 6.526181e-05 0.11366288 5.2269155e-05 1.0001835 17378189280 361.57278
rawdata/DECam_01375742.fits.fz N4 1375742 500.0 60765.24765946 1.12 193.13971862363053 -6.174103803640907 193.147275 -6.099 M490 0.031960763 24.542177 0.6828522 1.0090208 21.493626 2.4163575 decam 2.9625123 32.51894 153 object IBIS_wide_M490_434399 434399 0.03213 924.0 1948.0 -0.07588662 1.0001912 5.9341142e-05 0.052470546 2.5116986e-05 1.000057 17256720959 206.92302
rawdata/DECam_01375743.fits.fz N4 1375743 500.0 60765.25381201 1.13 194.61072442940738 -6.058103804649498 194.61827916666667 -5.983 M490 0.029857067 24.665243 0.76619864 0.98649365 21.48816 1.8506849 decam 6.0351224 21.635105 160 object IBIS_wide_M490_431423 431423 0.033067 924.0 1948.0 -0.040810168 1.0001882 0.00015582373 0.09402112 -4.6116038e-05 0.9999854 18277971961 270.17026
rawdata/DECam_01375744.fits.fz N4 1375744 54.2697 60765.25997198 1.14 195.18872446129868 -5.750103807325405 195.196275 -5.675 M490 0.03240866 24.805902 0.8737621 0.94608957 21.522476 1.2730684 decam 1.6563945 11.87991 114 object IBIS_wide_M490_434409 434409 0.03345 924.0 1948.0 -0.054460373 0.99999684 0.00024976072 0.25689763 -0.00022825495 1.0000237 15591486165 42.62905
rawdata/DECam_01375745.fits.fz N4 1375745 500.0 60765.26098327 1.13 198.35773240283618 -5.458103809859626 198.36527916666668 -5.383 M490 0.04092491 24.480253 0.6461675 0.94285834 21.496502 2.3593805 decam -3.5812728 30.049389 144 object IBIS_wide_M490_431217 431217 0.03807 924.0 1948.0 -0.054937486 1.0001377 0.00029464145 0.05345674 -0.0003600015 1.0000566 17278335615 211.92004
rawdata/DECam_01375746.fits.fz N4 1375746 500.0 60765.2671696 1.13 201.0297271067782 -5.547103809087475 201.037275 -5.472 M490 0.03786733 24.244406 0.5200036 0.92030406 21.479527 3.5261114 decam 10.925012 21.206701 154 object IBIS_wide_M490_431213 431213 0.035527 924.0 1948.0 -0.10045305 1.0002208 0.00051619665 0.13205907 -0.0004081561 1.0000242 17229255198 141.79927
rawdata/DECam_01375747.fits.fz N4 1375747 500.0 60765.27332622 1.14 200.61072869428585 -5.74510380736882 200.61827916666667 -5.67 M490 0.03348011 24.522291 0.6728973 0.9668309 21.500648 2.2869465 decam 6.717669 20.77745 175 object IBIS_wide_M490_434196 434196 0.036798 924.0 1948.0 -0.1790842 1.0002232 0.0003480895 0.107591555 -0.00036967781 0.9999972 17181613491 218.63214
rawdata/DECam_01375748.fits.fz N4 1375748 500.0 60765.27947806 1.15 201.42573163264169 -5.181103812261379 201.43327499999998 -5.106 M490 0.035259545 24.472254 0.64375645 1.029041 21.505278 2.827889 decam 5.9897017 20.109936 155 object IBIS_wide_M490_434199 434199 0.035102 924.0 1948.0 -0.11397955 1.0002565 0.000422819 0.13528551 -0.00052004127 0.99988353 17184926879 176.81033
rawdata/DECam_01375749.fits.fz N4 1375749 500.0 60765.28564166 1.14 202.1807062377131 -6.725103798843917 202.18827083333335 -6.65 M490 0.03393197 24.862616 0.9206158 1.054729 21.585993 1.3435501 decam 16.88474 31.172915 191 object IBIS_wide_M490_434172 434172 0.032631 924.0 1948.0 0.00652183 0.99993736 0.00045235775 0.06302354 -0.0005367792 1.0001371 17077663907 372.14838
rawdata/DECam_01375750.fits.fz N4 1375750 467.5275 60765.29181104 1.16 203.5737243949195 -5.755103807281987 203.581275 -5.68 M490 0.026824446 24.982069 1.0314201 1.0756912 21.606575 1.1003083 decam 9.330529 33.69393 177 object IBIS_wide_M490_434176 434176 0.029096 924.0 1948.0 -0.29370505 1.0001329 0.00047279493 0.07177741 -0.00056939875 1.0000379 17009507520 424.9059
rawdata/DECam_01375751.fits.fz N4 1375751 391.1179 60765.29760232 1.16 207.40673186705797 -4.798103815578777 207.41427083333335 -4.723 M490 0.031560797 25.005411 1.0538353 1.0501221 21.659355 0.956927 decam 12.14467 26.777534 168 object IBIS_wide_M490_431198 431198 0.028493 924.0 1948.0 0.01638338 1.0001051 0.00065396423 0.12644367 -0.0005593455 1.0000054 16646140844 408.7228
rawdata/DECam_01375752.fits.fz N4 1375752 407.1877 60765.30248879 1.17 205.56673225164045 -5.470103809755528 205.57427916666666 -5.395 M490 0.026246222 25.032589 1.0825088 1.0499446 21.618917 0.9444213 decam 13.98042 26.662125 186 object IBIS_wide_M490_431196 431196 0.027443 924.0 1948.0 -0.06998879 1.0001205 0.0006386299 0.0784563 -0.0004536307 1.0001149 16781288599 431.15048
rawdata/DECam_01375753.fits.fz N4 1375753 406.7578 60765.30754875 1.18 207.78374093515842 -4.731103816158713 207.79127916666667 -4.656 M490 0.029080262 25.044752 1.0966922 0.9484433 21.656446 0.7283444 decam 9.933464 31.668987 217 object IBIS_wide_M490_434184 434184 0.028731 924.0 1948.0 -0.2077444 1.0000607 0.0006976165 0.17059627 -0.00055417983 0.9999134 16987281783 558.46906
rawdata/DECam_01375754.fits.fz N4 1375754 329.7382 60765.31260283 1.17 210.1697310433742 -4.872103814938115 210.17727083333332 -4.797 M490 0.029979276 25.045298 1.0952538 0.97750014 21.680033 0.75614643 decam 5.1008806 36.77371 156 object IBIS_wide_M490_431268 431268 0.029481 924.0 1948.0 0.22741151 0.99993426 0.0007762886 0.122797646 -0.0008491168 1.0001422 16545412681 436.07718
rawdata/DECam_01375755.fits.fz N4 1375755 456.9676 60765.31676257 1.18 209.66072691460454 -5.562103808957315 209.668275 -5.487 M490 0.025535695 25.031807 1.0836952 1.0195916 21.652 0.86524034 decam 0.30493554 29.77595 177 object IBIS_wide_M490_431267 431267 0.029156 924.0 1948.0 -0.3391428 1.0003422 0.00080890075 0.10121139 -0.00064817455 1.0000143 16831768307 528.1395
rawdata/DECam_01375756.fits.fz N4 1375756 393.5079 60765.32253839 1.19 209.88571587038547 -6.3641038019879455 209.893275 -6.289 M490 0.0373841 25.034872 1.0887314 1.045235 21.646593 0.908601 decam 10.462266 40.17754 176 object IBIS_wide_M490_434090 434090 0.029808 924.0 1948.0 -0.15011314 0.99992454 0.0007817624 0.35876486 -0.0009334176 1.00011 16659604679 433.0921
rawdata/DECam_01375757.fits.fz N4 1375757 346.4582 60765.3274512 1.2 210.93373241542062 -5.4571038098683 210.94127916666667 -5.382 M490 0.028126407 25.036352 1.0921974 1.0109489 21.634441 0.85733116 decam -1.374015 40.237602 213 object IBIS_wide_M490_431262 431262 0.027547 924.0 1948.0 -0.24242806 1.0001111 0.0008195971 0.06782029 -0.00080503523 1.0000873 16584866206 404.11246
rawdata/DECam_01375758.fits.fz N4 1375758 352.9681 60765.33181617 1.21 212.65072758523735 -5.171103812348046 212.65827083333332 -5.096 M490 0.032816425 25.034567 1.0923826 0.9826832 21.663206 0.7915933 decam -1.9789577 54.11658 200 object IBIS_wide_M490_434249 434249 0.032114 924.0 1948.0 -0.04673013 1.0000035 0.0008988721 -0.003181626 -0.0007928426 1.000156 16613270126 445.89578
rawdata/DECam_01375759.fits.fz N4 1375759 443.6476 60765.33628073 1.21 212.80171575259135 -6.3721038019183185 212.80927499999999 -6.297 M490 0.034753278 25.030813 1.0886117 1.1265628 21.665373 1.0448483 decam 6.454936 38.933647 207 object IBIS_wide_M490_434237 434237 0.031792 924.0 1948.0 -0.18585856 1.0001005 0.0008207774 0.19551788 -0.0007574428 1.0002259 16817468069 424.6048
rawdata/DECam_01375760.fits.fz N4 1375760 387.8379 60765.3418562 1.21 215.79873581236527 -4.81810381540564 215.806275 -4.743 M490 0.05689399 25.034826 1.0926435 1.0481128 21.712088 0.86019 decam 4.7491994 -9.599397 194 object IBIS_wide_M490_430958 430958 0.053926 924.0 1948.0 -0.20726943 1.000049 0.0008741069 0.08589097 -0.0009641405 1.0001274 16569098785 450.87473
rawdata/DECam_01375761.fits.fz N4 1375761 500.0 60765.3467249 1.22 216.44673177572847 -5.16910381236538 216.454275 -5.094 M490 0.05786268 25.030342 1.0901154 1.0818019 21.694271 0.9391347 decam -5.396735 -16.78884 197 object IBIS_wide_M490_439936 439936 0.05545 924.0 1948.0 -0.19210114 1.0001769 0.0010016322 0.19188571 -0.0010650333 1.0001494 16935605347 532.40497
rawdata/DECam_01375762.fits.fz N4 1375762 435.4476 60765.35289746 1.23 216.68171909046947 -6.428103801430884 216.68927916666667 -6.353 M490 0.057524968 25.019567 1.0813115 1.066884 21.659813 0.9618243 decam 3.6110883 -10.663938 233 object IBIS_wide_M490_439934 439934 0.048315 924.0 1948.0 -0.24259236 1.0000751 0.0009665232 0.09618634 -0.00087408675 1.0002149 16854231026 452.73093
rawdata/DECam_01375763.fits.fz N4 1375763 500.0 60765.35830842 1.25 218.55473429319298 -4.573103817525884 218.56227083333334 -4.498 M490 0.076255456 25.018806 1.0844834 1.0995326 21.672739 1.0107852 decam 0.7395143 -16.61411 214 object IBIS_wide_M490_439946 439946 0.083826 924.0 1948.0 -0.22719988 1.0000817 0.0010846293 0.18915257 -0.0010278842 1.0001147 17422601395 494.66495
rawdata/DECam_01375764.fits.fz N4 1375764 61.5296 60765.36444751 1.26 219.6097394551699 -4.865103814998726 219.61727916666666 -4.79 M490 0.07681918 25.020277 1.0879248 1.0270345 21.642157 0.9049007 decam 2.7844574 -15.92612 177 object IBIS_wide_M490_436957 436957 0.077342 924.0 1948.0 -0.11707824 1.0000178 0.0010918841 0.12803209 -0.0011308485 1.0000589 15599347805 67.995964
rawdata/DECam_01375765.fits.fz N4 1375765 500.0 60765.36555489 1.25 220.58673014660513 -5.304103811195162 220.59427499999998 -5.229 M490 0.061091974 25.017677 1.0833552 1.190717 21.649694 1.2129666 decam 13.373037 -27.06904 216 object IBIS_wide_M490_439941 439941 0.066242 924.0 1948.0 -0.28538767 1.000085 0.0012086739 0.08484115 -0.0010392678 1.000129 16996296507 412.2125
rawdata/DECam_01375766.fits.fz N4 1375766 500.0 60765.37174425 1.26 222.25973115542828 -4.8621038150247005 222.26727083333333 -4.787 M490 0.075398654 25.021788 1.0894401 1.1274431 21.677244 1.0524487 decam 4.3428082 -21.661066 243 object IBIS_wide_M490_437440 437440 0.076227 924.0 1948.0 -0.29437208 1.0004802 0.001139961 0.16328086 -0.0011038105 1.0001392 16969965836 475.08252
rawdata/DECam_01375767.fits.fz N4 1375767 500.0 60765.37788661 1.27 224.8277403063728 -3.9601038228246455 224.83527083333334 -3.885 M490 0.13631244 25.020824 1.0904493 1.0516198 21.642847 0.94708216 decam 11.626525 -22.040638 207 object IBIS_wide_M490_440428 440428 0.1249 924.0 1948.0 -0.26742867 1.0002115 0.0012270388 0.011191613 -0.0010121373 1.0001798 17056392479 527.9373
