logs/db-2024-11-03.ecsv
# %ECSV 1.0
# ---
# datatype:
# - {name: filename, datatype: string}
# - {name: extension, datatype: string}
# - {name: expnum, datatype: int64}
# - {name: exptime, datatype: float32}
# - {name: mjd_obs, datatype: float64}
# - {name: airmass, datatype: float32}
# - {name: racenter, datatype: float64}
# - {name: deccenter, datatype: float64}
# - {name: rabore, datatype: float64}
# - {name: decbore, datatype: float64}
# - {name: band, datatype: string}
# - {name: ebv, datatype: float32}
# - {name: zeropoint, datatype: float32}
# - {name: transparency, datatype: float32}
# - {name: seeing, datatype: float32}
# - {name: sky, datatype: float32}
# - {name: expfactor, datatype: float32}
# - {name: camera, datatype: string}
# - {name: dx, datatype: float32}
# - {name: dy, datatype: float32}
# - {name: nmatched, datatype: int64}
# - {name: obstype, datatype: string}
# - {name: object, datatype: string}
# - {name: tileid, datatype: int64}
# - {name: tileebv, datatype: float32}
# - {name: affine_x0, datatype: float32}
# - {name: affine_y0, datatype: float32}
# - {name: affine_dx, datatype: float32}
# - {name: affine_dxx, datatype: float32}
# - {name: affine_dxy, datatype: float32}
# - {name: affine_dy, datatype: float32}
# - {name: affine_dyx, datatype: float32}
# - {name: affine_dyy, datatype: float32}
# - {name: checksum, datatype: string}
# - {name: efftime, datatype: float32}
# schema: astropy-2.0
filename extension expnum exptime mjd_obs airmass racenter deccenter rabore decbore band ebv zeropoint transparency seeing sky expfactor camera dx dy nmatched obstype object tileid tileebv affine_x0 affine_y0 affine_dx affine_dxx affine_dxy affine_dy affine_dyx affine_dyy checksum efftime
[from data line 45]
rawdata/DECam_01338060.fits.fz N4 1338060 500.0 60618.22671678 1.18 34.68274395988089 -4.0161038223409244 34.690275 -3.941 M517 0.021579113 24.749945 1.0104291 1.6734225 21.282545 4.2721696 decam 19.245031 18.931309 69 object IBIS_deep_xmm_M517_59 0 0.0 924.0 1948.0 -0.59393924 1.0000178 -0.0017945637 -0.38175544 0.0012279289 1.0000391 17827868488 117.03655
rawdata/DECam_01338061.fits.fz N4 1338061 500.0 60618.23286376 1.2 34.480737462689476 -4.2611038202238625 34.48827083333333 -4.186 M438 0.022151582 24.789785 1.0513657 1.2913871 21.73627 1.6696427 decam 20.378122 19.496815 62 object IBIS_deep_xmm_M438_60 0 0.0 924.0 1948.0 -0.022159502 1.0002558 -0.0018482513 -0.35880673 0.002003471 0.99969596 16820526550 299.46527
rawdata/DECam_01338062.fits.fz N4 1338062 500.0 60618.23903216 1.22 34.480737462689476 -4.2611038202238625 34.48827083333333 -4.186 M490 0.022151582 24.961506 1.0231471 1.2587172 21.638317 1.7617638 decam 26.823704 21.521494 71 object IBIS_deep_xmm_M490_60 0 0.0 924.0 1948.0 0.34691915 0.9999174 -0.001669164 -0.12953927 0.0016061018 0.99983335 17325477190 283.8065
rawdata/DECam_01338063.fits.fz N4 1338063 488.0 60618.24519178 1.24 34.480737462689476 -4.2611038202238625 34.48827083333333 -4.186 M517 0.022151582 24.753283 1.0233337 1.1631054 21.260872 2.1020539 decam 19.651173 13.736246 75 object IBIS_deep_xmm_M517_60 0 0.0 924.0 1948.0 0.31176358 1.0001398 -0.0017753795 -0.0375962 0.0018672895 0.9997324 17531920997 232.1539
rawdata/DECam_01338064.fits.fz N4 1338064 500.0 60618.25120763 1.26 34.34073873262257 -4.547103817750802 34.348275 -4.472 M438 0.02002408 24.761917 1.0403013 1.2625515 21.7049 1.7017529 decam 26.048897 22.675964 76 object IBIS_deep_xmm_M438_61 0 0.0 924.0 1948.0 0.2685295 0.9998386 -0.0017155056 -0.14825186 0.0019928736 0.9999913 16643411066 293.8147
rawdata/DECam_01338065.fits.fz N4 1338065 500.0 60618.25736718 1.29 34.34073873262257 -4.547103817750802 34.348275 -4.472 M490 0.02002408 24.94273 1.0184605 1.1763397 21.590616 1.6412196 decam 24.4321 9.633992 91 object IBIS_deep_xmm_M490_61 0 0.0 924.0 1948.0 0.56235015 1.0000263 -0.0016872954 -0.29594266 0.0018992366 0.99994606 17070058806 304.6515
rawdata/DECam_01338066.fits.fz N4 1338066 500.0 60618.26351307 1.32 34.34073873262257 -4.547103817750802 34.348275 -4.472 M517 0.02002408 24.73972 1.0236702 1.1027745 21.180283 2.059606 decam 33.77516 -3.2585192 91 object IBIS_deep_xmm_M517_61 0 0.0 924.0 1948.0 0.506307 1.000001 -0.0017979476 -0.25986823 0.0020073731 1.0000764 17398196767 242.76486
rawdata/DECam_01338067.fits.fz N4 1338067 500.0 60618.26968358 1.35 34.26873538921562 -4.85610381507665 34.276275 -4.781 M490 0.019563725 24.928537 1.0162363 1.1400257 21.551823 1.6349868 decam 23.437077 12.699091 70 object IBIS_deep_xmm_M490_62 0 0.0 924.0 1948.0 0.79599136 1.0001239 -0.0014351575 -0.16501988 0.0017449235 0.99987495 17294358943 305.81287
rawdata/DECam_01338068.fits.fz N4 1338068 500.0 60618.27583263 1.38 34.26873538921562 -4.85610381507665 34.276275 -4.781 M517 0.019563725 24.733519 1.0276734 1.0919579 21.126596 2.140071 decam 23.24707 -1.3226362 68 object IBIS_deep_xmm_M517_62 0 0.0 924.0 1948.0 0.7175979 0.9999944 -0.001484626 -0.42493537 0.0019372349 0.99994427 17673235996 233.63712
rawdata/DECam_01338069.fits.fz N4 1338069 500.0 60618.28199575 1.42 34.265731728070264 -5.173103812330712 34.273275 -5.098 M517 0.02235076 24.733267 1.034044 1.1828123 21.12389 2.5618649 decam 28.770271 -5.692414 87 object IBIS_deep_xmm_M517_63 0 0.0 924.0 1948.0 -0.14372091 1.0001799 -0.0013160855 -0.2483575 0.001837182 1.0001332 17480223398 195.17033
rawdata/DECam_01338070.fits.fz N4 1338070 500.0 60618.28816544 1.46 34.32973207481943 -5.484103809634076 34.33727916666667 -5.409 M490 0.023258748 24.926762 1.0350292 1.2059838 21.527975 1.9230453 decam 20.06888 1.1292665 77 object IBIS_deep_xmm_M490_64 0 0.0 924.0 1948.0 0.041713633 0.99964297 -0.0013924891 -0.35354155 0.0019614997 1.0000949 17175312398 260.00427
rawdata/DECam_01338071.fits.fz N4 1338071 500.0 60618.29433042 1.51 34.32973207481943 -5.484103809634076 34.33727916666667 -5.409 M517 0.023258748 24.730562 1.046455 1.1973785 21.08374 2.7533212 decam 21.897434 -17.403004 75 object IBIS_deep_xmm_M517_64 0 0.0 924.0 1948.0 -0.120153785 0.99986535 -0.0014377274 -0.45320106 0.002013704 1.0001568 17592704731 181.59886
rawdata/DECam_01338072.fits.fz N4 1338072 500.0 60618.30047975 1.56 34.455728282153 -5.77610380709963 34.463279166666666 -5.7010000000000005 M438 0.024104962 24.701887 1.0614685 1.1416228 21.516436 1.9072245 decam 17.411125 -18.233479 60 object IBIS_deep_xmm_M438_65 0 0.0 924.0 1948.0 -0.7458931 1.000399 -0.0013526005 0.12141116 0.0021356004 1.0003731 16890524276 262.16107
rawdata/DECam_01338073.fits.fz N4 1338073 500.0 60618.30662505 1.62 34.455728282153 -5.77610380709963 34.463279166666666 -5.7010000000000005 M490 0.024104962 24.893265 1.033147 1.2152343 21.473848 2.1954546 decam 24.503551 -24.721745 65 object IBIS_deep_xmm_M490_65 0 0.0 924.0 1948.0 -0.8349712 1.0001451 -0.0015062563 0.05941027 0.0018105423 1.0001854 17271918251 227.74327
rawdata/DECam_01338074.fits.fz N4 1338074 500.0 60618.31279114 1.69 34.455728282153 -5.77610380709963 34.463279166666666 -5.7010000000000005 M517 0.024104962 24.692492 1.0399687 1.3388685 21.000935 4.004898 decam 26.19502 -28.872812 64 object IBIS_deep_xmm_M517_65 0 0.0 924.0 1948.0 -0.8945441 1.0000808 -0.0014884343 0.0348152 0.0020091354 1.0001758 17771346964 124.84712
rawdata/DECam_01338075.fits.fz N4 1338075 500.0 60618.31892571 1.75 34.63872473670002 -6.036103804840734 34.646279166666666 -5.961 M438 0.026263343 24.620222 1.0327344 1.3820232 21.391487 3.7026958 decam 19.573893 -24.359173 76 object IBIS_deep_xmm_M438_66 0 0.0 924.0 1948.0 0.4331717 1.0000149 -0.0014645015 -0.77886224 0.0022583806 1.0004556 17131807400 135.03674
rawdata/DECam_01338076.fits.fz N4 1338076 5.0 60618.32565484 1.23 55.988544584861074 -13.635103737448208 55.996275 -13.56 g 0.06313736 26.666704 1.0922488 1.1738997 21.634378 1.6778756 decam 1.618604 -6.676566 49 object pointing 0 0.0 924.0 1948.0 0.08161582 0.9998364 -0.0021674733 -0.12909739 0.002484007 1.0000639 15465515008 2.9799585
rawdata/DECam_01338077.fits.fz N4 1338077 500.0 60618.32671513 1.23 55.988544584861074 -13.635103737448208 55.996275 -13.56 M517 0.06313736 24.751526 1.0200422 1.2602363 21.312967 3.0475066 decam 17.175558 4.1441135 89 object IBIS_wide_M517_510047 510047 0.069633 924.0 1948.0 -0.0095233545 1.0000178 -0.002235957 0.17705828 0.0024146722 1.000182 17315199274 164.06856
rawdata/DECam_01338078.fits.fz N4 1338078 500.0 60618.33291114 1.27 55.34653581925794 -13.900103735033484 55.354274999999994 -13.825 M517 0.06693765 24.751448 1.0265291 1.2428782 21.285864 3.1126442 decam 27.60699 -16.912006 77 object IBIS_wide_M517_510044 510044 0.060994 924.0 1948.0 -0.2786242 0.9998686 -0.0023848223 -0.5566099 0.0023886082 1.0001471 17338018411 160.63513
rawdata/DECam_01338079.fits.fz N4 1338079 500.0 60618.33906727 1.3 56.011564904231946 -12.86310374445238 56.01927083333333 -12.788 M517 0.09688231 24.737627 1.0184296 1.1989218 21.261797 3.6628892 decam 23.595081 -8.901534 83 object IBIS_wide_M517_507064 507064 0.070748 924.0 1948.0 0.31288663 0.999932 -0.0021579566 -0.2737141 0.0024319643 1.0001342 17480218565 136.50426
rawdata/DECam_01338080.fits.fz N4 1338080 500.0 60618.3452032 1.34 54.540486951286276 -15.059103724405832 54.54826666666667 -14.984 M517 0.05368256 24.72378 1.0119892 1.2833289 21.225418 3.3982778 decam 24.882092 -16.752071 70 object IBIS_wide_M517_510043 510043 0.062357 924.0 1948.0 0.4107661 1.0000825 -0.0024497344 -0.70879996 0.0025772615 1.000092 17317260974 147.13335
rawdata/DECam_01338081.fits.fz N4 1338081 500.0 60618.35134591 1.39 55.87057796021899 -12.430103748361887 55.87827083333333 -12.355 M517 0.110415764 24.733765 1.0295551 1.3004142 20.96676 6.1959925 decam 19.132324 -11.862669 99 object IBIS_wide_M517_510050 510050 0.072678 924.0 1948.0 0.8090147 1.000179 -0.0025304365 -0.2119571 0.002501972 1.000344 17850544859 80.69732
rawdata/DECam_01338082.fits.fz N4 1338082 5.0 60618.35948981 1.25 132.12371811919627 -6.493103800864976 132.13127916666667 -6.418 g 0.024326827 26.662685 1.091627 1.5365403 20.674646 5.566389 decam -6.8039765 -17.894094 127 object pointing 0 0.0 924.0 1948.0 -0.02143346 1.000037 -0.0018685118 -0.016064271 0.0018720686 1.0001378 15704737144 0.8982484
rawdata/DECam_01338083.fits.fz N4 1338083 500.0 60618.3604229 1.24 132.12371811919627 -6.493103800864976 132.13127916666667 -6.418 M517 0.024326827 24.76342 1.0329323 1.2591451 19.884275 8.707013 decam 5.332609 -27.794971 215 object IBIS_wide_M517_519200 519200 0.023444 924.0 1948.0 0.18475208 1.000378 -0.0019863078 -0.037485715 0.0017534463 1.0002229 24600420327 57.424973
