logs/db-2026-05-14.ecsv
# %ECSV 1.0
# ---
# datatype:
# - {name: filename, datatype: string}
# - {name: extension, datatype: string}
# - {name: expnum, datatype: int64}
# - {name: exptime, datatype: float32}
# - {name: mjd_obs, datatype: float64}
# - {name: airmass, datatype: float32}
# - {name: racenter, datatype: float64}
# - {name: deccenter, datatype: float64}
# - {name: rabore, datatype: float64}
# - {name: decbore, datatype: float64}
# - {name: band, datatype: string}
# - {name: ebv, datatype: float32}
# - {name: zeropoint, datatype: float32}
# - {name: transparency, datatype: float32}
# - {name: seeing, datatype: float32}
# - {name: sky, datatype: float32}
# - {name: expfactor, datatype: float32}
# - {name: camera, datatype: string}
# - {name: dx, datatype: float32}
# - {name: dy, datatype: float32}
# - {name: nmatched, datatype: int64}
# - {name: obstype, datatype: string}
# - {name: object, datatype: string}
# - {name: tileid, datatype: int64}
# - {name: tileebv, datatype: float32}
# - {name: affine_x0, datatype: float32}
# - {name: affine_y0, datatype: float32}
# - {name: affine_dx, datatype: float32}
# - {name: affine_dxx, datatype: float32}
# - {name: affine_dxy, datatype: float32}
# - {name: affine_dy, datatype: float32}
# - {name: affine_dyx, datatype: float32}
# - {name: affine_dyy, datatype: float32}
# - {name: checksum, datatype: string}
# - {name: efftime, datatype: float32}
# schema: astropy-2.0
filename extension expnum exptime mjd_obs airmass racenter deccenter rabore decbore band ebv zeropoint transparency seeing sky expfactor camera dx dy nmatched obstype object tileid tileebv affine_x0 affine_y0 affine_dx affine_dxx affine_dxy affine_dy affine_dyx affine_dyy checksum efftime
/home/declsp/obsbot/rawdata/DECam_01480139.fits.fz N4 1480139 35.0 61175.19478235 1.13 219.84873904539626 -4.517103818010305 219.856275 -4.442 M517 0.10146154 24.799694 0.82589656 1.1256013 21.802265 1.5433013 decam 10.090135 46.97161 123 object "pointing test" 0 0.0 924.0 1948.0 -0.13846959 1.0002033 0.0015376196 0.14065878 -0.001539711 1.0000322 15466900824 22.678656
/home/declsp/obsbot/rawdata/DECam_01480140.fits.fz N4 1480140 129.0692 61175.1981961 1.15 222.67376540455425 -2.1681038382741833 222.6812833333333 -2.093 M517 0.06541434 25.002935 0.9991127 1.0333327 21.851803 0.85489595 decam -10.19588 80.52214 202 object IBIS_wide_M517_540518 540518 0.06617 924.0 1948.0 -0.4037454 1.000183 0.0014998954 0.08942036 -0.0015543932 1.0000334 15782791093 150.9765
/home/declsp/obsbot/rawdata/DECam_01480141.fits.fz N4 1480141 309.7282 61175.20002059 1.15 222.22976376558222 -2.4761038356222387 222.23728333333335 -2.401 M517 0.07207893 25.003965 1.000061 1.0053797 21.901678 0.77157164 decam -6.9167724 75.57333 218 object IBIS_wide_M517_537532 537532 0.069533 924.0 1948.0 -0.2852462 1.0001111 0.0015311647 0.2588441 -0.0014193925 1.0000598 16199542613 401.42508
/home/declsp/obsbot/rawdata/DECam_01480142.fits.fz N4 1480142 318.6881 61175.20391505 1.16 223.07776193403944 -2.023103839522281 223.08527916666668 -1.948 M517 0.06827123 24.956991 0.9592519 0.9570321 21.88244 0.77616775 decam -8.903553 75.181015 208 object IBIS_wide_M517_537533 537533 0.065463 924.0 1948.0 -0.003156689 0.9999513 0.0014688019 0.34269536 -0.0014484068 0.9999703 16231311861 410.5918
/home/declsp/obsbot/rawdata/DECam_01480143.fits.fz N4 1480143 296.8583 61175.20793254 1.17 223.355759606184 -1.5771038433599267 223.36327500000002 -1.502 M517 0.051509302 24.990396 0.99081063 1.0066764 21.912125 0.7855435 decam -0.94345754 78.86114 225 object IBIS_wide_M517_540519 540519 0.0554 924.0 1948.0 -0.0142401075 1.000193 0.0014136005 0.15242851 -0.0011301575 1.000172 16148763641 377.9018
/home/declsp/obsbot/rawdata/DECam_01480144.fits.fz N4 1480144 335.148 61175.21168072 1.18 220.8697588536425 -2.6041038345197776 220.87727916666668 -2.529 M517 0.059474036 24.969965 0.9738985 0.96624875 21.860394 0.78831303 decam -7.671169 78.26643 227 object IBIS_wide_M517_537535 537535 0.064676 924.0 1948.0 -0.18889777 1.0001385 0.0015011686 0.2268907 -0.0015448543 0.9999921 16292883366 425.14584
/home/declsp/obsbot/rawdata/DECam_01480145.fits.fz N4 1480145 243.9986 61175.2180106 1.19 229.2537610610383 1.1028961335980525 229.26127499999998 1.178 M517 0.045040764 24.975298 0.98026395 0.97631454 21.90211 0.76687366 decam -2.9691932 78.59719 265 object IBIS_wide_M517_537508 537508 0.049131 924.0 1948.0 -0.6962596 1.0003114 0.0016419401 -0.013796107 -0.0017059405 1.0000781 16035395071 318.17313
/home/declsp/obsbot/rawdata/DECam_01480146.fits.fz N4 1480146 274.2884 61175.22197237 1.2 232.20476433363166 2.373896122661954 232.21228333333335 2.449 M517 0.05114109 24.945307 0.955087 0.9565047 21.915413 0.7684873 decam 9.086243 -16.513159 277 object IBIS_wide_M517_537519 537519 0.047258 924.0 1948.0 0.11567287 1.000165 0.0018316534 0.37927678 -0.0017971931 0.9999785 16117313007 356.9199
/home/declsp/obsbot/rawdata/DECam_01480147.fits.fz N4 1480147 293.4684 61175.22546599 1.2 233.54675631727787 2.314896123169972 233.554275 2.39 M517 0.046121743 24.876982 0.8968349 0.9575091 21.88555 0.89774257 decam 2.6683493 -17.672873 270 object IBIS_wide_M517_537516 537516 0.048118 924.0 1948.0 0.2605389 1.0001211 0.001814522 0.4411608 -0.0018860985 1.0000447 16206360125 326.89597
/home/declsp/obsbot/rawdata/DECam_01480148.fits.fz N4 1480148 377.5278 61175.22917602 1.19 235.38076427963802 1.4298961307857618 235.38827916666668 1.505 M517 0.08136052 24.890928 0.906975 0.9438155 21.869925 0.86251646 decam 6.9711967 -20.793705 330 object IBIS_wide_M517_540478 540478 0.081954 924.0 1948.0 -0.17500004 1.0001568 0.0017355693 0.13447356 -0.0019346065 1.0001335 16424021798 437.70505
/home/declsp/obsbot/rawdata/DECam_01480149.fits.fz N4 1480149 133.0392 61175.23386993 1.2 235.75976744364755 1.7088961283856574 235.76728333333332 1.784 M517 0.082289144 24.953497 0.96231765 0.9334352 21.903864 0.72871727 decam 5.678046 -16.749357 270 object IBIS_wide_M517_537493 537493 0.085712 924.0 1948.0 -0.119281046 1.0001172 0.0018180079 0.15717296 -0.0018652949 1.0000082 15749669489 182.56628
/home/declsp/obsbot/rawdata/DECam_01480150.fits.fz N4 1480150 263.2985 61175.23572744 1.2 236.04676196276543 2.0168961257352658 236.05427916666665 2.092 M517 0.08355496 24.996418 1.0011225 0.87011445 21.910755 0.58161765 decam 4.5488563 -14.641973 335 object IBIS_wide_M517_540479 540479 0.086938 924.0 1948.0 0.24773462 1.0001498 0.0019027503 0.30346987 -0.0018946846 1.0000176 16113217113 452.70032
/home/declsp/obsbot/rawdata/DECam_01480151.fits.fz N4 1480151 308.9882 61175.23909539 1.2 236.86176006029478 1.4458961306481382 236.86927500000002 1.521 M517 0.112801485 25.00411 1.0082409 0.9461076 21.86967 0.7037587 decam 2.7471247 -13.333823 339 object IBIS_wide_M517_540477 540477 0.10154 924.0 1948.0 0.15948528 1.0001286 0.0018016411 0.2996617 -0.0016798892 0.9999755 16251045009 439.05417
/home/declsp/obsbot/rawdata/DECam_01480152.fits.fz N4 1480152 294.5782 61175.24301699 1.19 239.6207684331905 1.433896130751356 239.62828333333334 1.509 M517 0.083878465 24.97607 0.9809623 0.9580133 21.919285 0.7258428 decam 3.023619 -10.34854 380 object IBIS_wide_M517_540641 540641 0.091652 924.0 1948.0 -0.527431 1.0002526 0.0019681435 0.15696464 -0.0019733158 1.0000246 16168648084 405.84296
/home/declsp/obsbot/rawdata/DECam_01480153.fits.fz N4 1480153 246.1186 61175.24674047 1.2 239.88076324952937 1.7158961283254313 239.88827916666668 1.791 M517 0.08341847 24.995779 1.0005338 0.8445991 21.938059 0.5351351 decam 1.8527445 -13.05608 374 object IBIS_wide_M517_537658 537658 0.091155 924.0 1948.0 0.13410676 1.0002513 0.0019163846 0.22169949 -0.0020801455 0.99997574 16052824333 459.91864
/home/declsp/obsbot/rawdata/DECam_01480154.fits.fz N4 1480154 262.7885 61175.24989895 1.21 240.48875630135325 2.317896123144141 240.496275 2.393 M517 0.12347852 25.007353 1.0128778 0.8638816 21.941843 0.5460486 decam 8.608624 -7.6047373 367 object IBIS_wide_M517_537659 537659 0.099321 924.0 1948.0 -0.49878156 1.0002115 0.002046874 0.40202022 -0.0018811121 1.0000222 16166302108 481.25482
/home/declsp/obsbot/rawdata/DECam_01480155.fits.fz N4 1480155 153.8291 61175.25325108 1.2 240.58776100751447 1.1238961334174673 240.595275 1.199 M517 0.12853624 25.026325 1.0290822 0.86669314 21.91743 0.5427889 decam 6.953568 -8.8439455 359 object IBIS_wide_M517_537331 537331 0.11623 924.0 1948.0 -0.40091285 1.0001063 0.0020102335 0.36164305 -0.0019929716 1.00001 15799208533 283.405
/home/declsp/obsbot/rawdata/DECam_01480156.fits.fz N4 1480156 240.9586 61175.25534657 1.21 241.8697609469671 2.2258961239362236 241.87727916666665 2.301 M517 0.09801688 24.989128 0.9960178 0.8396894 21.913458 0.5477459 decam 0.11049392 -9.119528 396 object IBIS_wide_M517_537343 537343 0.08692 924.0 1948.0 0.046780225 1.0000381 0.0020272697 0.41319185 -0.0021197947 1.0000467 16047342873 439.9095
/home/declsp/obsbot/rawdata/DECam_01480157.fits.fz N4 1480157 209.8988 61175.25846744 1.22 244.42175056701626 3.2208961153635793 244.429275 3.2960000000000003 M517 0.056519832 24.96297 0.9738682 0.8326608 21.937334 0.55294204 decam 10.555352 -7.4270782 474 object IBIS_wide_M517_540331 540331 0.06141 924.0 1948.0 -0.038921993 1.0001818 0.0020518557 0.2504942 -0.0019934285 1.0000268 15957348921 379.60364
/home/declsp/obsbot/rawdata/DECam_01480158.fits.fz N4 1480158 200.3789 61175.2612038 1.22 244.1297484331458 2.932896117846402 244.1372708333333 3.008 M517 0.0629212 25.005152 1.0124471 0.82663196 21.944765 0.500811 decam 4.9082265 -7.898666 472 object IBIS_wide_M517_537345 537345 0.064283 924.0 1948.0 -0.25002885 1.0003082 0.0019541408 0.26152602 -0.0018821884 0.9999365 15964582266 400.10886
/home/declsp/obsbot/rawdata/DECam_01480159.fits.fz N4 1480159 219.9087 61175.26383 1.2 244.7747693382738 1.1248961334088676 244.7822833333333 1.2 M517 0.07290434 25.007008 1.0109352 0.8270283 21.911924 0.5149196 decam 4.8732038 -10.694747 539 object IBIS_wide_M517_537334 537334 0.081155 924.0 1948.0 -0.22436589 1.0001184 0.0020162694 0.14318465 -0.002056468 1.0000495 16014451924 427.07388
/home/declsp/obsbot/rawdata/DECam_01480160.fits.fz N4 1480160 206.2488 61175.26669503 1.21 245.92976589554544 2.066896125304917 245.93728333333334 2.142 M517 0.068334654 25.008312 1.0137726 0.8301083 21.920473 0.5134456 decam 15.298715 -10.013676 527 object IBIS_wide_M517_540323 540323 0.065286 924.0 1948.0 -0.058231503 1.0000737 0.0021016048 0.29902783 -0.0019348084 1.0000837 15938009013 401.6955
/home/declsp/obsbot/rawdata/DECam_01480161.fits.fz N4 1480161 261.8085 61175.26941493 1.21 247.70476128847503 2.1578961245216117 247.71227916666663 2.233 M517 0.06219287 24.941755 0.9534948 0.8702532 21.65536 0.81407386 decam 8.050812 -13.306313 548 object IBIS_wide_M517_537358 537358 0.064989 924.0 1948.0 -0.32704988 1.0001249 0.0020342816 0.061081253 -0.0021528518 1.0000198 16378800833 321.60287
/home/declsp/obsbot/rawdata/DECam_01480162.fits.fz N4 1480162 216.5987 61175.27276382 1.2 247.7297690888831 1.2178961326091007 247.73728333333332 1.293 M517 0.06437182 25.003675 1.007837 0.8440744 21.873669 0.55894005 decam 10.9935 -11.056205 583 object IBIS_wide_M517_537314 537314 0.07162 924.0 1948.0 0.014097458 1.0000757 0.002123655 0.19426036 -0.0019751422 1.000088 16030106044 387.51685
/home/declsp/obsbot/rawdata/DECam_01480163.fits.fz N4 1480163 236.3886 61175.27558619 1.21 248.49575915322535 1.697896128480298 248.50327499999997 1.7730000000000001 M517 0.07070912 24.995934 1.0022802 0.8616562 21.888428 0.58277464 decam 5.7795753 -9.755379 658 object IBIS_wide_M517_537356 537356 0.067632 924.0 1948.0 -0.1170711 1.0000595 0.002020061 0.2784872 -0.0019148805 1.000103 16046918870 405.6261
/home/declsp/obsbot/rawdata/DECam_01480164.fits.fz N4 1480164 225.0787 61175.27864781 1.22 249.2137604945494 2.312896123187192 249.22127916666665 2.388 M517 0.059528213 24.989813 0.9982458 0.89014786 21.909927 0.61653817 decam 10.216512 -5.718359 617 object IBIS_wide_M517_537357 537357 0.064069 924.0 1948.0 -0.5040046 1.0001732 0.002101446 0.067879066 -0.002199038 1.0001163 15991814296 365.06857
/home/declsp/obsbot/rawdata/DECam_01480165.fits.fz N4 1480165 227.6586 61175.28156376 1.23 249.88175262669998 2.928896117880876 249.889275 3.004 M517 0.059482984 25.001913 1.0110519 0.8919927 21.918116 0.600893 decam 5.169973 -7.230807 654 object IBIS_wide_M517_537360 537360 0.066483 924.0 1948.0 0.08120479 0.999897 0.0020738093 0.16384864 -0.002033835 1.0001197 15979819071 378.8671
/home/declsp/obsbot/rawdata/DECam_01480166.fits.fz N4 1480166 224.8487 61175.2845137 1.23 249.29275041373148 2.6218961205260727 249.30027083333331 2.697 M517 0.06079046 25.000237 1.009492 0.8876373 21.901482 0.60611326 decam 4.5213575 -5.0498533 647 object IBIS_wide_M517_540343 540343 0.06428 924.0 1948.0 -0.2988556 1.0002468 0.0021868567 0.20033315 -0.0020201062 1.0000614 16013180340 370.9681
/home/declsp/obsbot/rawdata/DECam_01480167.fits.fz N4 1480167 321.5581 61175.28899175 1.34 308.2815053373603 -14.664103728040391 308.2892708333333 -14.589 M517 0.043205343 24.968678 0.9980103 0.97387826 21.678854 0.94876134 decam -10.736094 -41.06777 694 object IBIS_wide_M517_548999 548999 0.041966 924.0 1948.0 -0.22831297 1.0002407 0.0019342381 0.067096666 -0.0021788187 1.0001969 16532196136 338.92413
/home/declsp/obsbot/rawdata/DECam_01480168.fits.fz N4 1480168 800.0 61175.29305213 1.34 309.01053904128014 -13.677103737065861 309.01827083333336 -13.602 M517 0.042734645 24.047407 0.42719558 0.99122846 21.491716 6.3727574 decam -3.12757 -33.48817 655 object IBIS_wide_M517_549000 549000 0.039854 924.0 1948.0 -0.106249906 1.0001973 0.001965546 0.1537395 -0.0020606818 1.0001909 18542424761 125.534355
/home/declsp/obsbot/rawdata/DECam_01480169.fits.fz N4 1480169 179.3189 61175.3033374 1.28 308.71756346950514 -13.04410374281417 308.725275 -12.969 M517 0.043898277 22.362425 0.089630984 1.0944539 21.38544 190.84053 decam 2.7487097 -43.101746 247 object IBIS_wide_M517_551992 551992 0.044381 924.0 1948.0 0.03578218 1.0002694 0.0018481016 0.23783109 -0.001865305 1.0000032 16111889306 0.9396269
