logs/db-2024-10-28.ecsv
# %ECSV 1.0
# ---
# datatype:
# - {name: filename, datatype: string}
# - {name: extension, datatype: string}
# - {name: expnum, datatype: int64}
# - {name: exptime, datatype: float32}
# - {name: mjd_obs, datatype: float64}
# - {name: airmass, datatype: float32}
# - {name: racenter, datatype: float64}
# - {name: deccenter, datatype: float64}
# - {name: rabore, datatype: float64}
# - {name: decbore, datatype: float64}
# - {name: band, datatype: string}
# - {name: ebv, datatype: float32}
# - {name: zeropoint, datatype: float32}
# - {name: transparency, datatype: float32}
# - {name: seeing, datatype: float32}
# - {name: sky, datatype: float32}
# - {name: expfactor, datatype: float32}
# - {name: camera, datatype: string}
# - {name: dx, datatype: float32}
# - {name: dy, datatype: float32}
# - {name: nmatched, datatype: int64}
# - {name: obstype, datatype: string}
# - {name: object, datatype: string}
# - {name: tileid, datatype: int64}
# - {name: tileebv, datatype: float32}
# - {name: affine_x0, datatype: float32}
# - {name: affine_y0, datatype: float32}
# - {name: affine_dx, datatype: float32}
# - {name: affine_dxx, datatype: float32}
# - {name: affine_dxy, datatype: float32}
# - {name: affine_dy, datatype: float32}
# - {name: affine_dyx, datatype: float32}
# - {name: affine_dyy, datatype: float32}
# - {name: checksum, datatype: string}
# - {name: efftime, datatype: float32}
# schema: astropy-2.0
filename extension expnum exptime mjd_obs airmass racenter deccenter rabore decbore band ebv zeropoint transparency seeing sky expfactor camera dx dy nmatched obstype object tileid tileebv affine_x0 affine_y0 affine_dx affine_dxx affine_dxy affine_dy affine_dyx affine_dyy checksum efftime
[from data line 45]
rawdata/DECam_01336382.fits.fz N4 1336382 20.0 60612.14099759 1.27 351.223767130557 -1.7871038415531966 351.23128333333335 -1.712 M490 0.049293548 25.099197 1.1601632 0.90111494 21.450092 0.99938554 decam 4.234201 32.27246 46 object "" 0 0.0 924.0 1948.0 -0.15897477 0.99921525 -8.175852e-05 0.24403277 -4.5359493e-06 0.9999834 15494989682 20.012297
rawdata/DECam_01336383.fits.fz N4 1336383 20.0 60612.1416161 1.27 351.223767130557 -1.7871038415531966 351.23128333333335 -1.712 M490 0.049293548 25.097923 1.1588013 0.91223776 21.449003 1.027572 decam -12.029592 25.22612 45 object "" 0 0.0 924.0 1948.0 0.0028739122 1.0000222 -7.127842e-05 0.20420091 -0.00030217218 1.0000325 15494143344 19.463356
rawdata/DECam_01336384.fits.fz N4 1336384 20.0 60612.14226316 1.27 351.223767130557 -1.7871038415531966 351.23128333333335 -1.712 M490 0.049293548 25.098047 1.158934 0.9454644 21.45093 1.1013516 decam 3.8847053 41.5162 45 object "" 0 0.0 924.0 1948.0 -0.02048073 1.0 -7.185843e-05 0.18701987 -0.00039386644 1.0000843 15493833633 18.159504
rawdata/DECam_01336385.fits.fz N4 1336385 20.0 60612.14284719 1.27 351.223767130557 -1.7871038415531966 351.23128333333335 -1.712 M490 0.049293548 25.093174 1.1537435 0.88583666 21.4548 0.9724414 decam 0.1295122 37.420624 46 object "" 0 0.0 924.0 1948.0 0.0106675355 0.9999779 -8.386947e-05 0.18831237 -0.0003582563 1.0000995 15493584059 20.566793
rawdata/DECam_01336386.fits.fz N4 1336386 225.0 60612.14461087 1.15 36.699723769102704 -6.105103804240898 36.707279166666666 -6.03 M490 0.033667758 25.140636 1.1750444 1.0311987 21.587883 0.9729649 decam -42.444786 21.620628 67 object IBIS_deep_xmm_M490_88 0 0.0 924.0 1948.0 0.93722856 1.0000508 -0.0015879311 0.04783487 0.0018018344 0.9999412 16403121090 231.25192
rawdata/DECam_01336387.fits.fz N4 1336387 207.0 60612.14794144 1.14 34.89373785269465 -5.006103813777643 34.90127916666666 -4.931 M490 0.020386744 25.162796 1.1967362 0.9656179 21.542837 0.7894204 decam -22.244259 -33.94214 48 object IBIS_deep_xmm_M490_5 0 0.0 924.0 1948.0 0.32446215 0.9999107 -0.0016087089 0.25578597 0.0017829082 0.9999865 16256233682 262.21768
rawdata/DECam_01336388.fits.fz N4 1336388 249.0 60612.15140629 1.14 36.55071931967042 -5.823103806691448 36.55827083333333 -5.748 M490 0.03065804 25.137579 1.1692611 0.9667914 21.596676 0.8383169 decam -17.559786 -36.030617 69 object IBIS_deep_xmm_M490_12 0 0.0 924.0 1948.0 0.67603654 1.0000405 -0.001564705 -0.32914844 0.0011622474 1.0001158 16223139565 297.0237
rawdata/DECam_01336389.fits.fz N4 1336389 242.0 60612.15466162 1.13 36.23872201286969 -5.619103808462646 36.246270833333334 -5.5440000000000005 M490 0.026346546 25.141043 1.1705148 0.9030968 21.580719 0.7192958 decam -14.103467 -52.51695 79 object IBIS_deep_xmm_M490_29 0 0.0 924.0 1948.0 -0.14268199 1.000837 -0.0015058169 -0.17086186 0.001217683 0.99987674 16219281360 336.44016
rawdata/DECam_01336390.fits.fz N4 1336390 244.0 60612.15781806 1.13 36.960726310801675 -5.922103805831434 36.96827916666667 -5.8469999999999995 M490 0.028302534 25.13496 1.1639768 0.8914437 21.567375 0.7259285 decam -14.248373 -57.875977 73 object IBIS_deep_xmm_M490_89 0 0.0 924.0 1948.0 0.6916404 0.9999514 -0.0015042832 0.02132489 0.001740871 1.0001655 16218235915 336.12128
rawdata/DECam_01336391.fits.fz N4 1336391 209.0 60612.16222892 1.12 35.74172988935768 -5.325103811013083 35.749275 -5.25 M490 0.023660546 25.146997 1.1744616 0.929096 21.536783 0.77159786 decam 7.4220705 -2.9245098 62 object IBIS_deep_xmm_M490_47 0 0.0 924.0 1948.0 -0.2626938 1.0002687 -0.0016637004 -0.3308591 0.0018413097 1.0001265 16143901961 270.8665
rawdata/DECam_01336392.fits.fz N4 1336392 214.0 60612.1650365 1.12 36.80572184415615 -5.632103808349813 36.813270833333334 -5.557 M490 0.028117586 25.148413 1.1759939 0.9180495 21.528605 0.7773766 decam -4.631448 4.776067 71 object IBIS_deep_xmm_M490_13 0 0.0 924.0 1948.0 0.48288977 1.0001205 -0.001554943 -0.4356573 0.0013514992 0.99971914 16135978191 275.28485
rawdata/DECam_01336393.fits.fz N4 1336393 235.0 60612.1678699 1.12 37.18172522701033 -5.69210380782898 37.189275 -5.617 M490 0.027122937 25.128298 1.1544083 0.98743 21.514725 0.9393387 decam 1.3623325 -1.4355786 60 object IBIS_deep_xmm_M490_90 0 0.0 924.0 1948.0 -0.060196098 1.0003984 -0.0018056816 -0.06893131 0.0011489358 1.0002303 16283005230 250.17601
rawdata/DECam_01336394.fits.fz N4 1336394 227.0 60612.17094759 1.11 36.515728148013 -5.465103809798902 36.523275 -5.39 M490 0.025040146 25.149788 1.1749926 0.98178965 21.505472 0.8892303 decam 5.36816 0.4404196 76 object IBIS_deep_xmm_M490_30 0 0.0 924.0 1948.0 -0.70100206 0.9998963 -0.0016547547 -0.14734519 0.0015474035 0.9999592 16273258356 255.27695
rawdata/DECam_01336395.fits.fz N4 1336395 274.0 60612.17393662 1.11 36.055725427431156 -5.349103810804979 36.063270833333334 -5.274 M490 0.024518557 25.157188 1.1830286 0.9409588 21.504145 0.80443007 decam -1.4019318 4.2182455 52 object IBIS_deep_xmm_M490_48 0 0.0 924.0 1948.0 0.23301226 0.99982285 -0.001672768 -0.1735906 0.0014408104 1.0001435 16380811403 340.61383
rawdata/DECam_01336396.fits.fz N4 1336396 266.0 60612.17747176 1.11 37.006724969599496 -5.3861038104841175 37.014270833333335 -5.311 M490 0.024202587 25.13451 1.1585737 0.9824119 21.50138 0.9146786 decam 1.9456663 13.449716 82 object IBIS_deep_xmm_M490_14 0 0.0 924.0 1948.0 0.30194378 0.9999474 -0.0016270159 -0.8094527 0.0021439493 1.000215 16435190021 290.81253
rawdata/DECam_01336397.fits.fz N4 1336397 240.0 60612.18092004 1.11 37.35373282939357 -5.424103810154543 37.36127916666666 -5.349 M490 0.024244979 25.136215 1.1603947 0.9228446 21.498617 0.8071229 decam -0.67510724 1.0242689 57 object IBIS_deep_xmm_M490_91 0 0.0 924.0 1948.0 0.47623575 0.999854 -0.0013564843 0.22797251 0.0016388126 0.99981636 16528376670 297.35248
rawdata/DECam_01336398.fits.fz N4 1336398 279.0 60612.18405673 1.11 36.72973521154652 -5.230103811836678 36.73727916666667 -5.155 M490 0.027766388 25.152706 1.1781555 0.89060247 21.493814 0.7480414 decam 5.881371 13.529508 67 object IBIS_deep_xmm_M490_31 0 0.0 924.0 1948.0 0.6159876 0.9998564 -0.0017775716 -0.2920573 0.0016614003 0.999906 16486777803 372.974
rawdata/DECam_01336399.fits.fz N4 1336399 247.0 60612.18764597 1.11 36.33673548813323 -5.207103812036035 36.34427916666667 -5.132 M490 0.028377183 25.146433 1.1713669 0.98140335 21.464432 0.94700825 decam 9.443021 10.703286 72 object IBIS_deep_xmm_M490_49 0 0.0 924.0 1948.0 1.0590483 1.0002416 -0.001759595 -0.5993635 0.0016657846 1.0002666 16329431033 260.82138
rawdata/DECam_01336400.fits.fz N4 1336400 226.0 60612.19089585 1.11 37.47273223843806 -5.130103812703347 37.480275 -5.055 M490 0.029684784 25.139385 1.1637886 0.9789713 21.463057 0.96328336 decam 16.703 24.408909 58 object IBIS_deep_xmm_M490_92 0 0.0 924.0 1948.0 0.3740647 1.0000566 -0.0017239504 -0.41800794 0.0015264866 0.99998796 16234141531 234.61424
rawdata/DECam_01336401.fits.fz N4 1336401 292.0 60612.19387178 1.11 37.14573258020209 -5.101103812954631 37.153275 -5.026 M490 0.03374427 25.137949 1.1622499 0.9646721 21.461197 0.96236175 decam 10.042191 31.660692 77 object IBIS_deep_xmm_M490_15 0 0.0 924.0 1948.0 0.42139482 1.0002694 -0.001640542 -0.17556153 0.0014830261 1.0001495 16472343126 303.4202
rawdata/DECam_01336406.fits.fz N4 1336406 334.0 60612.21344938 1.12 37.21874365672412 -4.474103818382221 37.226279166666664 -4.399 M490 0.02655103 25.13835 1.165145 1.094227 21.420433 1.2303323 decam 6.438213 34.607304 64 object IBIS_deep_xmm_M490_17 0 0.0 924.0 1948.0 0.93002284 1.0001246 -0.0017384276 -0.17133723 0.0020123888 0.9999435 16768111347 271.47137
rawdata/DECam_01336405.fits.fz N4 1336405 333.0 60612.2092049 1.11 36.907733711014906 -4.628103817050039 36.91527083333333 -4.553 M490 0.027006736 25.142258 1.166871 1.0673662 21.402367 1.1850951 decam -6.1972885 35.856976 68 object IBIS_deep_xmm_M490_33 0 0.0 924.0 1948.0 0.16627234 0.9999524 -0.0017598729 -0.37587443 0.0020472459 1.0000625 16886168025 280.9901
rawdata/DECam_01336404.fits.fz N4 1336404 342.0 60612.20487034 1.11 37.216731944313665 -4.791103815639372 37.224270833333335 -4.716 M490 0.039982494 25.142496 1.1671269 1.0519377 21.435312 1.2053951 decam 1.3124176 41.358242 69 object IBIS_deep_xmm_M490_16 0 0.0 924.0 1948.0 0.18213274 1.0001684 -0.0017085355 -0.31699598 0.0019247234 0.9999739 16701871135 283.7244
rawdata/DECam_01336402.fits.fz N4 1336402 285.0 60612.19760251 1.11 36.86273025247022 -4.942103814331957 36.870270833333336 -4.867 M490 0.027454946 25.14182 1.1664021 1.0203952 21.43479 1.055081 decam 15.702488 38.152184 54 object IBIS_deep_xmm_M490_32 0 0.0 924.0 1948.0 0.17616461 1.0003057 -0.0018048872 -0.14756915 0.0017897517 1.0000768 16647214328 270.12143
rawdata/DECam_01336403.fits.fz N4 1336403 277.0 60612.20128896 1.11 36.523730138551535 -4.952103814245354 36.53127083333333 -4.877 M490 0.026935395 25.13296 1.1569215 1.0203111 21.402306 1.1014407 decam 0.667368 50.033485 74 object IBIS_deep_xmm_M490_50 0 0.0 924.0 1948.0 0.13755573 1.0005761 -0.0015804941 -0.26810312 0.001987902 0.9997063 16496547549 251.4888
