logs/db-2025-05-28.ecsv
# %ECSV 1.0
# ---
# datatype:
# - {name: filename, datatype: string}
# - {name: extension, datatype: string}
# - {name: expnum, datatype: int64}
# - {name: exptime, datatype: float32}
# - {name: mjd_obs, datatype: float64}
# - {name: airmass, datatype: float32}
# - {name: racenter, datatype: float64}
# - {name: deccenter, datatype: float64}
# - {name: rabore, datatype: float64}
# - {name: decbore, datatype: float64}
# - {name: band, datatype: string}
# - {name: ebv, datatype: float32}
# - {name: zeropoint, datatype: float32}
# - {name: transparency, datatype: float32}
# - {name: seeing, datatype: float32}
# - {name: sky, datatype: float32}
# - {name: expfactor, datatype: float32}
# - {name: camera, datatype: string}
# - {name: dx, datatype: float32}
# - {name: dy, datatype: float32}
# - {name: nmatched, datatype: int64}
# - {name: obstype, datatype: string}
# - {name: object, datatype: string}
# - {name: tileid, datatype: int64}
# - {name: tileebv, datatype: float32}
# - {name: affine_x0, datatype: float32}
# - {name: affine_y0, datatype: float32}
# - {name: affine_dx, datatype: float32}
# - {name: affine_dxx, datatype: float32}
# - {name: affine_dxy, datatype: float32}
# - {name: affine_dy, datatype: float32}
# - {name: affine_dyx, datatype: float32}
# - {name: affine_dyy, datatype: float32}
# - {name: checksum, datatype: string}
# - {name: efftime, datatype: float32}
# schema: astropy-2.0
filename extension expnum exptime mjd_obs airmass racenter deccenter rabore decbore band ebv zeropoint transparency seeing sky expfactor camera dx dy nmatched obstype object tileid tileebv affine_x0 affine_y0 affine_dx affine_dxx affine_dxy affine_dy affine_dyx affine_dyy checksum efftime
rawdata/DECam_01391378.fits.fz N4 1391378 30.0 60823.95032257 1.0 157.36200211447724 -29.738714686663016 157.37065416666667 -29.663611111111113 r 0.049197465 26.869364 1.0484455 0.9974189 19.00767 4.0680275 decam -0.796694 -0.33031636 379 object pointing 0 0.0 924.0 1948.0 0.39947623 0.9999954 -0.0013375737 -0.081328794 0.0013024978 0.9999605 21261480541 7.3745813
rawdata/DECam_01391384.fits.fz N4 1391384 60.0 60823.97697739 1.01 157.36200211447724 -29.738714686663016 157.37065416666667 -29.663611111111113 r 0.049197465 26.848112 1.0290699 2.6648211 20.663616 6.5560966 decam -5.8635006 3.3493614 370 object "" 0 0.0 924.0 1948.0 0.5197595 1.0000017 -0.0014075781 -0.050006807 0.0011541545 0.99994 18276448987 9.151787
rawdata/DECam_01391385.fits.fz N4 1391385 60.0 60823.97914616 1.0 157.36200211447724 -29.738714686663016 157.37065416666667 -29.663611111111113 r 0.049197465 26.333063 0.6397724 1.35637 20.738993 4.096316 decam 3.8806977 913.0976 26 object "" 0 0.0 924.0 1948.0 0.18762074 0.99628294 0.00046104848 -0.09397369 -0.0002965539 0.99957496 17884710008 14.647308
rawdata/DECam_01391377.fits.fz N4 1391377 5.0 60823.94681852 1.0 157.36200211447724 -29.738714686663016 157.37065416666667 -29.663611111111113 r 0.049197465 26.875397 1.0542874 1.1737131 18.007755 13.9825735 decam 7.289847 50.12791 213 object pointing 0 0.0 924.0 1948.0 0.51059526 1.0001974 -0.0012681771 0.03652642 0.0011223975 1.0000249 17771195683 0.35758796
rawdata/DECam_01391382.fits.fz N4 1391382 60.0 60823.96564645 1.0 157.36200211447724 -29.738714686663016 157.37065416666667 -29.663611111111113 r 0.049197465 26.858711 1.0382088 1.2163593 20.626516 1.3879586 decam -7.4541564 11.60449 427 object "" 0 0.0 924.0 1948.0 0.49311423 0.99999857 -0.001290272 -0.09822173 0.0011729711 0.99999326 18225102227 43.228954
rawdata/DECam_01391381.fits.fz N4 1391381 90.0 60823.96064324 1.0 157.36200211447724 -29.738714686663016 157.37065416666667 -29.663611111111113 r 0.049197465 26.856215 1.0358229 1.1392763 20.513876 1.3572774 decam -1.4084102 8.707035 427 object "" 0 0.0 924.0 1948.0 0.37468338 0.9999036 -0.0013055305 -0.11941737 0.0011491347 0.9999657 20109856954 66.30922
rawdata/DECam_01391380.fits.fz N4 1391380 60.0 60823.95765018 1.0 157.36200211447724 -29.738714686663016 157.37065416666667 -29.663611111111113 r 0.049197465 26.868633 1.0477391 1.0847697 20.316868 1.44225 decam 8.058641 -1.1487721 437 object "" 0 0.0 924.0 1948.0 0.3861118 0.999928 -0.0013155523 -0.15448914 0.0010932504 0.9999578 19093785021 41.601665
rawdata/DECam_01391379.fits.fz N4 1391379 60.0 60823.95524621 1.0 157.36200211447724 -29.738714686663016 157.37065416666667 -29.663611111111113 r 0.049197465 26.866997 1.0461621 0.9538099 20.038671 1.4459311 decam -0.08867992 -12.0614 434 object "" 0 0.0 924.0 1948.0 0.4490082 0.9999829 -0.0013395321 -0.13669571 0.0011468739 0.99996626 20105891275 41.495754
rawdata/DECam_01391386.fits.fz N4 1391386 500.0 60823.98183393 1.09 168.2497198603044 -6.376103801883506 168.25727916666665 -6.301 M517 0.03482669 25.061718 1.0446031 2.3634288 21.519697 5.4388757 decam 28.85641 63.39981 130 object IBIS_wide_M517_528178 528178 0.041526 924.0 1948.0 -0.027469931 1.0001945 -0.0008279066 -0.12437046 0.0009567561 0.99998003 17290479170 91.93076
rawdata/DECam_01391387.fits.fz N4 1391387 500.0 60823.98801599 1.09 169.6227183521354 -6.193103803475665 169.630275 -6.118 M517 0.04687738 25.063969 1.046771 2.262257 21.529692 4.917303 decam 39.140118 63.000732 115 object IBIS_wide_M517_528187 528187 0.040337 924.0 1948.0 0.08918735 1.0000324 -0.0008446623 -0.26298118 0.0011221656 1.0000339 17218011356 101.68175
rawdata/DECam_01391388.fits.fz N4 1391388 500.0 60823.99483987 1.09 172.81771939060593 -6.120103804110478 172.825275 -6.045 M517 0.038349632 25.069515 1.0521312 1.2105939 21.544937 1.3760574 decam 7.8581033 -5.8475943 148 object IBIS_wide_M517_525118 525118 0.036879 924.0 1948.0 0.046974495 1.0000582 -0.00068939896 -0.008040458 0.0006275323 0.9998988 17311026828 363.35693
rawdata/DECam_01391389.fits.fz N4 1391389 500.0 60824.00172662 1.09 174.31071496904383 -6.138103803953966 174.31827083333334 -6.063 M517 0.031922966 25.058596 1.0416036 1.3539313 21.55705 1.736093 decam -2.440411 -8.087769 137 object IBIS_wide_M517_525269 525269 0.041645 924.0 1948.0 -0.030728864 1.0002103 -0.0005358577 -0.15516466 0.0007687147 0.9999846 17231503250 288.003
rawdata/DECam_01391390.fits.fz N4 1391390 500.0 60824.00790754 1.09 178.0107172721371 -6.268103802823277 178.018275 -6.193 M517 0.035224542 25.058657 1.0416608 1.3719056 21.5657 1.7680924 decam -8.023389 -14.644256 176 object IBIS_wide_M517_528246 528246 0.032966 924.0 1948.0 0.09066824 1.0000345 -0.0005003148 -0.020968793 0.00035939083 1.0000472 17351799342 282.79065
rawdata/DECam_01391391.fits.fz N4 1391391 500.0 60824.01405489 1.1 178.4477157735959 -6.081103804449555 178.45527083333334 -6.006 M517 0.03348752 25.076077 1.060206 1.2723432 21.574303 1.4614441 decam -12.624356 -14.4530735 158 object IBIS_wide_M517_525261 525261 0.031954 924.0 1948.0 -0.034361307 0.9997876 -0.0003437668 0.07498051 0.00059473474 0.9999345 17218735822 342.12732
rawdata/DECam_01391392.fits.fz N4 1391392 500.0 60824.02019753 1.09 180.68171909046947 -6.428103801430882 180.68927916666667 -6.353 M517 0.022222608 25.03467 1.0189 1.2415156 21.5895 1.4810113 decam -15.365542 -11.424213 156 object IBIS_wide_M517_533942 533942 0.024267 924.0 1948.0 0.090640195 0.9999186 -0.0003412823 -0.042629465 0.0001800268 0.99996614 17490684875 337.60715
rawdata/DECam_01391393.fits.fz N4 1391393 500.0 60824.02634848 1.1 182.09672077889815 -6.021103804971113 182.104275 -5.946 M517 0.05321772 25.061491 1.0460591 1.2031342 21.591599 1.321391 decam -25.152582 -15.214049 140 object IBIS_wide_M517_530961 530961 0.042646 924.0 1948.0 -0.030217847 0.999967 -0.00022548945 -0.0018360032 0.00028304997 0.9999555 17114564021 378.38913
rawdata/DECam_01391394.fits.fz N4 1391394 500.0 60824.03249042 1.1 182.45372446129866 -5.750103807325404 182.461275 -5.675 M517 0.045476485 25.0693 1.0536095 1.1479228 21.591667 1.1858463 decam -16.222849 -15.64139 156 object IBIS_wide_M517_533947 533947 0.042586 924.0 1948.0 -0.05165033 1.0000635 -0.00020235375 -0.103664875 1.1076018e-05 0.99988514 17143386402 421.6398
rawdata/DECam_01391395.fits.fz N4 1391395 500.0 60824.03865734 1.11 184.58673014660516 -5.304103811195164 184.594275 -5.229 M517 0.032588813 25.07017 1.0561457 1.059619 21.586885 1.0135906 decam -19.96686 -21.080795 166 object IBIS_wide_M517_533949 533949 0.038753 924.0 1948.0 0.023616437 1.0002698 -0.00020365069 0.065918624 0.00017301024 1.0000049 17168516598 493.29584
rawdata/DECam_01391396.fits.fz N4 1391396 444.0 60824.04479647 1.1 185.26672157078195 -5.653103808167533 185.27427083333333 -5.578 M517 0.033484038 25.06738 1.0517495 1.0215867 21.60058 0.93527704 decam -20.57414 -14.696193 165 object IBIS_wide_M517_533933 533933 0.034104 924.0 1948.0 0.04235838 0.9999205 -0.00025069554 -0.07812402 0.0002785255 0.99999243 16988734179 474.72565
rawdata/DECam_01391397.fits.fz N4 1391397 409.0 60824.0503027 1.12 186.7477426265263 -4.573103817525884 186.75527916666667 -4.498 M517 0.057222564 25.08003 1.0674913 1.075305 21.574282 1.0369335 decam -29.71828 -12.743876 160 object IBIS_wide_M517_534434 534434 0.045424 924.0 1948.0 0.034870856 1.0001265 -0.00014987469 0.13618559 -1.7502567e-05 0.9999417 16906642066 394.43222
rawdata/DECam_01391398.fits.fz N4 1391398 376.0 60824.05542982 1.12 187.66773628713625 -4.775103815777873 187.675275 -4.7 M517 0.040150173 25.065445 1.0532471 1.0234773 21.588583 0.95255303 decam -19.77753 -0.6791084 158 object IBIS_wide_M517_531447 531447 0.043463 924.0 1948.0 0.08562369 1.0000116 -6.316436e-05 0.094062336 0.00015209617 0.999819 16756759652 394.7287
rawdata/DECam_01391399.fits.fz N4 1391399 387.0 60824.06015371 1.12 189.04773536685138 -4.858103815059333 189.055275 -4.7829999999999995 M517 0.028731337 25.061361 1.0492917 1.1645756 21.606804 1.2212698 decam -26.571579 4.533299 157 object IBIS_wide_M517_531444 531444 0.034489 924.0 1948.0 -0.017886395 1.0002694 -1.5310912e-05 0.06393613 7.1854956e-06 0.9999471 16697473772 316.88327
rawdata/DECam_01391400.fits.fz N4 1391400 347.0 60824.06500364 1.13 190.19974460925928 -3.945103822954201 190.20727499999998 -3.87 M517 0.03179405 25.061966 1.0515602 1.1181433 21.613148 1.1181952 decam -26.323463 -2.2308273 139 object IBIS_wide_M517_534431 534431 0.029469 924.0 1948.0 -0.04133249 0.99991876 -9.4914205e-05 0.06203929 0.00019687464 0.9998045 16561972219 310.3215
rawdata/DECam_01391401.fits.fz N4 1391401 440.0 60824.06938805 1.12 191.91973817460504 -4.978103814020168 191.92727916666666 -4.9030000000000005 M517 0.030208448 25.052536 1.0407976 1.1742194 21.615377 1.2519649 decam -21.85208 7.563232 175 object IBIS_wide_M517_531432 531432 0.029408 924.0 1948.0 -0.112668514 0.999732 0.00025519982 0.101213425 -0.00028986676 0.99998415 16859486330 351.44754
rawdata/DECam_01391402.fits.fz N4 1391402 401.0 60824.07485529 1.13 191.68674025173894 -3.96610382277282 191.69427083333335 -3.891 M517 0.025854817 25.060402 1.0500473 1.179111 21.602543 1.2590328 decam -14.462062 1.6767075 170 object IBIS_wide_M517_534440 534440 0.027117 924.0 1948.0 -0.030864837 1.0001063 5.225124e-05 0.040182095 -0.00012737926 0.9999724 16960031448 318.49844
rawdata/DECam_01391403.fits.fz N4 1391403 451.0 60824.07986907 1.13 192.6517456193111 -4.279103820068271 192.65927916666666 -4.204 M517 0.025208868 25.056097 1.0458922 1.1317965 21.6117 1.1596093 decam -16.932882 12.011208 186 object IBIS_wide_M517_531433 531433 0.025634 924.0 1948.0 -0.06259384 1.0001229 0.000116176794 0.034244765 -4.146867e-05 0.99997073 16918687996 388.9241
rawdata/DECam_01391404.fits.fz N4 1391404 460.0 60824.08544817 1.13 193.00273581124512 -5.180103812270048 193.01027916666666 -5.105 M517 0.031342566 25.059605 1.0492755 1.1791075 21.597837 1.2663542 decam -7.3594723 8.535355 148 object IBIS_wide_M517_534416 534416 0.029761 924.0 1948.0 0.043620534 0.99994326 0.00011366234 -0.083873495 -2.2786113e-05 0.9999587 17031959335 363.2475
rawdata/DECam_01391405.fits.fz N4 1391405 416.0 60824.09114219 1.14 194.70373949995425 -4.861103815033358 194.71127916666666 -4.786 M517 0.023541933 25.059034 1.0504074 1.1752876 21.602528 1.2540689 decam -15.127121 1.0904007 191 object IBIS_wide_M517_531428 531428 0.027249 924.0 1948.0 -0.041822255 0.9998913 0.00025163245 0.14749956 -0.00034467308 1.0000147 17244288492 331.7202
rawdata/DECam_01391406.fits.fz N4 1391406 475.0 60824.09631541 1.14 196.10773933182065 -4.876103814903483 196.11527916666665 -4.801 M517 0.039735418 25.047497 1.0393039 1.2652717 21.601944 1.4851009 decam -13.074401 -0.4175165 163 object IBIS_wide_M517_531427 531427 0.03311 924.0 1948.0 -0.07005796 1.000023 0.00023861293 0.079105236 -0.0003339452 1.0000031 17058339633 319.8436
rawdata/DECam_01391407.fits.fz N4 1391407 474.0 60824.10219939 1.14 196.47872606277687 -5.62810380838453 196.486275 -5.553 M517 0.030708088 25.056673 1.0481255 1.3838675 21.601408 1.7471856 decam -20.480831 10.149147 178 object IBIS_wide_M517_534161 534161 0.035221 924.0 1948.0 -0.08315179 0.99983364 0.000181669 0.17856696 -0.00010055677 0.9999807 17007729747 271.29343
rawdata/DECam_01391408.fits.fz N4 1391408 500.0 60824.10806958 1.14 198.60472753756042 -5.17510381231338 198.61227083333333 -5.1 M517 0.040282875 25.063852 1.0550789 1.2064357 21.622828 1.2853658 decam -13.815663 2.4661694 165 object IBIS_wide_M517_534203 534203 0.036429 924.0 1948.0 0.06370409 1.0001621 0.00036290038 0.10493174 -0.00025210256 0.99996316 17146491018 388.99432
rawdata/DECam_01391409.fits.fz N4 1391409 500.0 60824.1142234 1.15 198.942724177139 -6.076103804493021 198.95027916666666 -6.001 M517 0.037907198 25.058367 1.051445 1.1660433 21.627811 1.207523 decam -9.358914 8.157196 170 object IBIS_wide_M517_531211 531211 0.041492 924.0 1948.0 -0.0018209959 1.0000426 0.00039405524 0.08002709 -0.00032860835 0.99997264 17064237598 414.07077
rawdata/DECam_01391410.fits.fz N4 1391410 500.0 60824.12036927 1.16 199.87672771615615 -5.160103812443374 199.88427083333332 -5.085 M517 0.050587606 25.044695 1.039954 1.2988499 21.623507 1.542012 decam -9.651659 3.0830564 209 object IBIS_wide_M517_534198 534198 0.037024 924.0 1948.0 0.0752637 0.9999605 0.00046477813 -0.14616331 -0.00024029611 1.0000331 17112496069 324.2517
rawdata/DECam_01391411.fits.fz N4 1391411 450.0 60824.12652792 1.16 202.8527276447809 -5.16610381239138 202.86027083333332 -5.091 M517 0.03189371 25.040154 1.0356127 1.2631048 21.630604 1.4610996 decam -16.833887 16.04389 174 object IBIS_wide_M517_534178 534178 0.031544 924.0 1948.0 -0.09690647 1.0001204 0.00061071664 0.035927206 -0.00027483734 1.000017 16919517406 307.9872
rawdata/DECam_01391412.fits.fz N4 1391412 500.0 60824.13211707 1.17 203.91473624017195 -4.384103819160506 203.92227083333333 -4.309 M517 0.029549988 25.053486 1.0500897 1.4071456 21.605429 1.8103004 decam -14.699098 1.1900275 192 object IBIS_wide_M517_531204 531204 0.032147 924.0 1948.0 0.12047121 1.000137 0.0005178639 0.048360467 -0.0005096813 0.999991 17490348205 276.19727
rawdata/DECam_01391413.fits.fz N4 1391413 500.0 60824.1382792 1.16 205.62271835213528 -6.193103803475665 205.63027499999998 -6.118 M517 0.029135771 25.04515 1.0403908 1.5650889 21.633415 2.2157364 decam -23.8068 6.277621 194 object IBIS_wide_M517_534179 534179 0.028091 924.0 1948.0 -0.30647767 1.000152 0.00066262204 0.054304693 -0.00049996254 1.0001124 17088637088 225.6586
rawdata/DECam_01391414.fits.fz N4 1391414 500.0 60824.14443163 1.19 205.96673306788665 -4.688103816530851 205.97427083333335 -4.6129999999999995 M517 0.02631857 25.001015 1.0037608 2.020016 21.64315 3.9663053 decam -16.672325 3.9284756 150 object IBIS_wide_M517_531199 531199 0.030021 924.0 1948.0 -0.13145716 1.0001376 0.00056540867 0.14140971 -0.0004969437 1.0000918 17057614504 126.061905
rawdata/DECam_01391415.fits.fz N4 1391415 500.0 60824.15059074 1.19 209.24574492941807 -3.414103827537616 209.25327083333335 -3.339 M517 0.042820588 25.016087 1.0177907 1.9338907 21.676125 3.4301918 decam -12.41436 -0.51437783 162 object IBIS_wide_M517_534280 534280 0.0451 924.0 1948.0 -0.13929002 1.0002211 0.00071248884 0.029380064 -0.00051142037 0.99997336 17020301268 145.76443
rawdata/DECam_01391416.fits.fz N4 1391416 500.0 60824.15674946 1.19 209.90473688771414 -5.089103813058604 209.91227916666668 -5.014 M517 0.02799668 25.024021 1.0252557 1.636606 21.685394 2.4010632 decam -13.724471 -6.917943 176 object IBIS_wide_M517_534253 534253 0.028856 924.0 1948.0 -0.12141948 1.0001788 0.0007538131 -0.018428704 -0.0009014005 1.000016 17043340458 208.24109
rawdata/DECam_01391417.fits.fz N4 1391417 500.0 60824.16290606 1.21 209.18272224581904 -5.601103808618868 209.19027083333333 -5.526 M517 0.028395623 25.053715 1.0570662 1.3670372 21.670357 1.6088331 decam -16.13364 -16.566322 200 object IBIS_wide_M517_534096 534096 0.028353 924.0 1948.0 -0.033283558 0.9999548 0.000803949 0.1592321 -0.00053317484 0.99989533 17091603350 310.78427
rawdata/DECam_01391418.fits.fz N4 1391418 500.0 60824.16905269 1.21 212.1747386802902 -4.55210381770755 212.182275 -4.477 M517 0.03172825 25.056227 1.0595144 1.2760892 21.689775 1.3709518 decam -18.130568 -11.774051 216 object IBIS_wide_M517_534251 534251 0.035247 924.0 1948.0 -0.2671995 1.0002426 0.0008663855 0.056187186 -0.0006263101 1.0000993 17171114416 364.71014
rawdata/DECam_01391419.fits.fz N4 1391419 500.0 60824.17533616 1.23 213.23174826471302 -4.0011038224705 213.23927916666668 -3.926 M517 0.044000227 25.053032 1.0597923 1.3049889 21.696516 1.4331899 decam -17.609894 -14.362297 207 object IBIS_wide_M517_531277 531277 0.044004 924.0 1948.0 -0.2695672 0.9999245 0.00080052373 0.14658798 -0.0008909696 0.9999356 16979339173 348.87213
