logs/db-2025-10-17.ecsv
# %ECSV 1.0
# ---
# datatype:
# - {name: filename, datatype: string}
# - {name: extension, datatype: string}
# - {name: expnum, datatype: int64}
# - {name: exptime, datatype: float32}
# - {name: mjd_obs, datatype: float64}
# - {name: airmass, datatype: float32}
# - {name: racenter, datatype: float64}
# - {name: deccenter, datatype: float64}
# - {name: rabore, datatype: float64}
# - {name: decbore, datatype: float64}
# - {name: band, datatype: string}
# - {name: ebv, datatype: float32}
# - {name: zeropoint, datatype: float32}
# - {name: transparency, datatype: float32}
# - {name: seeing, datatype: float32}
# - {name: sky, datatype: float32}
# - {name: expfactor, datatype: float32}
# - {name: camera, datatype: string}
# - {name: dx, datatype: float32}
# - {name: dy, datatype: float32}
# - {name: nmatched, datatype: int64}
# - {name: obstype, datatype: string}
# - {name: object, datatype: string}
# - {name: tileid, datatype: int64}
# - {name: tileebv, datatype: float32}
# - {name: affine_x0, datatype: float32}
# - {name: affine_y0, datatype: float32}
# - {name: affine_dx, datatype: float32}
# - {name: affine_dxx, datatype: float32}
# - {name: affine_dxy, datatype: float32}
# - {name: affine_dy, datatype: float32}
# - {name: affine_dyx, datatype: float32}
# - {name: affine_dyy, datatype: float32}
# - {name: checksum, datatype: string}
# - {name: efftime, datatype: float32}
# schema: astropy-2.0
filename extension expnum exptime mjd_obs airmass racenter deccenter rabore decbore band ebv zeropoint transparency seeing sky expfactor camera dx dy nmatched obstype object tileid tileebv affine_x0 affine_y0 affine_dx affine_dxx affine_dxy affine_dy affine_dyx affine_dyy checksum efftime
[from data line 43]
rawdata/DECam_01426505.fits.fz N4 1426505 373.4275 60966.21408338 1.05 23.30750248108779 -14.627103728380169 23.315266666666666 -14.552 M490 0.017495144 25.039282 1.0657431 1.1711082 21.814283 0.9685622 decam -6.374347 13.582231 95 object IBIS_wide_M490_401051 401051 0.017366 924.0 1948.0 0.20075096 1.0001773 -0.0016007529 -0.33315516 0.0014527921 0.9999064 16401610594 385.54828
rawdata/DECam_01426506.fits.fz N4 1426506 350.9978 60966.21874061 1.06 24.821553005437288 -13.375103739812108 24.829275000000003 -13.3 M490 0.020927932 25.036089 1.0645447 1.1513546 21.812315 0.9375096 decam -2.5624907 24.180199 102 object IBIS_wide_M490_404041 404041 0.01943 924.0 1948.0 0.17110385 1.0001197 -0.0014798711 -0.043790244 0.0012935771 1.0000874 16359360559 374.39383
rawdata/DECam_01426507.fits.fz N4 1426507 465.6069 60966.22312276 1.05 26.934525777667158 -13.951103734568132 26.942266666666665 -13.876 M490 0.013852859 25.036552 1.0630684 1.1899629 21.821056 0.9816999 decam 5.135784 25.88571 101 object IBIS_wide_M490_401048 401048 0.015026 924.0 1948.0 -0.038042396 0.9999894 -0.0014868182 -0.40679193 0.0018826262 0.99998206 16650121722 474.28638
rawdata/DECam_01426508.fits.fz N4 1426508 385.1475 60966.22883376 1.07 25.002514385147343 -14.286103731506262 25.010266666666666 -14.211 M490 0.018361349 25.027832 1.058398 1.236695 21.82524 1.0756973 decam -7.0791144 20.925117 102 object IBIS_wide_M490_404036 404036 0.017414 924.0 1948.0 0.42546952 0.99997365 -0.001438024 -0.13706511 0.0015847349 1.0000443 16431312387 358.04453
rawdata/DECam_01426509.fits.fz N4 1426509 422.9672 60966.23363749 1.07 28.092565254587754 -12.71510374579015 28.100266666666663 -12.64 M490 0.021913214 25.038988 1.0693282 1.2084692 21.800974 1.0468596 decam -6.3761415 28.111958 93 object IBIS_wide_M490_401092 401092 0.020147 924.0 1948.0 -0.23746607 1.0003408 -0.0014214766 -0.52115184 0.0017295588 0.9999543 17348355868 404.0343
rawdata/DECam_01426510.fits.fz N4 1426510 343.5577 60966.2388467 1.07 27.21949861018144 -14.736103727378877 27.22726666666667 -14.661 M490 0.01485747 25.025322 1.0559531 1.1671108 21.827362 0.9681207 decam -7.336589 18.973145 93 object IBIS_wide_M490_401046 401046 0.014508 924.0 1948.0 0.5511132 1.0000616 -0.0014643512 -0.11556752 0.001020279 1.0000569 16978063580 354.87073
rawdata/DECam_01426511.fits.fz N4 1426511 399.8573 60966.24317167 1.07 30.135551816249347 -13.150103741853668 30.143266666666666 -13.075 M490 0.018501475 25.012411 1.0434716 1.1043863 21.835527 0.8574706 decam 0.20977315 34.125996 91 object IBIS_wide_M490_402963 402963 0.018608 924.0 1948.0 0.24244775 0.99993634 -0.0017284686 -0.1608001 0.001519931 0.99996686 16466966516 466.3219
rawdata/DECam_01426512.fits.fz N4 1426512 360.0276 60966.24813092 1.08 29.691528754268667 -13.862103735380087 29.699266666666666 -13.787 M490 0.017087674 25.007711 1.0408518 1.1564138 21.819645 0.95634174 decam 3.3963137 23.134457 106 object IBIS_wide_M490_402960 402960 0.017456 924.0 1948.0 -0.13667423 0.9999357 -0.001546691 0.20681854 0.00204411 0.999799 16456242252 376.46335
rawdata/DECam_01426513.fits.fz N4 1426513 332.0278 60966.25262627 1.09 30.583560454794675 -13.007103743149251 30.591270833333336 -12.932 M490 0.018895242 25.025764 1.0602236 1.1250434 21.811113 0.90395135 decam -1.1972127 15.924203 96 object IBIS_wide_M490_405972 405972 0.018947 924.0 1948.0 0.39806828 1.0001317 -0.0016773891 -0.1646346 0.0014279417 1.000162 16441574618 367.30716
rawdata/DECam_01426514.fits.fz N4 1426514 334.0478 60966.25679937 1.09 31.80955575929288 -13.024103742995308 31.81726666666667 -12.949 M490 0.01960661 25.036972 1.0712247 1.0455852 21.822487 0.76888293 decam 6.7984133 31.193623 86 object IBIS_wide_M490_405971 405971 0.020459 924.0 1948.0 -0.41563976 1.0001819 -0.0017075918 -0.3193001 0.0017753908 0.99992937 16396167710 434.4586
rawdata/DECam_01426515.fits.fz N4 1426515 356.9476 60966.26098488 1.09 32.3825297528957 -13.832103735653636 32.39026666666666 -13.757 M490 0.025993248 25.033525 1.0678297 1.1332643 21.816559 0.9002213 decam 4.9734187 23.961319 90 object IBIS_wide_M490_405965 405965 0.021728 924.0 1948.0 0.5935076 1.0002009 -0.001760218 -0.14028981 0.0022696406 0.9999489 16342727050 396.51096
rawdata/DECam_01426516.fits.fz N4 1426516 327.7479 60966.26544941 1.09 33.34555357381607 -13.09410374236121 33.35326666666666 -13.019 M490 0.020624317 25.036968 1.0712214 1.1168226 21.804766 0.8898507 decam -6.8752055 33.59154 97 object IBIS_wide_M490_405976 405976 0.021107 924.0 1948.0 -0.35109052 0.9999912 -0.0017141815 -0.17886983 0.0017667111 1.0001109 16278882868 368.31787
rawdata/DECam_01426517.fits.fz N4 1426517 323.1578 60966.26954317 1.09 34.191492834034726 -14.897103725898075 34.19926666666667 -14.822 M490 0.026671706 25.02019 1.0547935 1.060944 21.812477 0.8061809 decam -0.77086693 31.80013 112 object IBIS_wide_M490_405954 405954 0.02444 924.0 1948.0 0.43154934 1.0001057 -0.0018001109 -0.20494446 0.0017348651 0.999993 16274471515 400.85025
rawdata/DECam_01426518.fits.fz N4 1426518 293.2681 60966.2736282 1.1 35.997553980654516 -13.081103742478998 36.005266666666664 -13.006 M490 0.017005095 25.027893 1.0642335 1.042074 21.7887 0.8073403 decam 9.564493 33.21334 86 object IBIS_wide_M490_406909 406909 0.019278 924.0 1948.0 0.7012788 1.0001158 -0.00182726 -0.8211718 0.0021763183 1.0001016 16207767325 363.25214
rawdata/DECam_01426519.fits.fz N4 1426519 480.7668 60966.27735113 1.1 37.045554059121635 -13.211103741300553 37.053270833333336 -13.136 M490 0.021268407 25.038166 1.074352 1.0927196 21.788427 0.87064487 decam -4.8136816 33.196033 99 object IBIS_wide_M490_409894 409894 0.019111 924.0 1948.0 0.036565993 1.0001533 -0.0019039 0.0462481 0.002178169 0.99994797 16748683949 552.1962
rawdata/DECam_01426520.fits.fz N4 1426520 332.3677 60966.28321922 1.11 37.50856697648271 -12.9311037438372 37.51627499999999 -12.856 M490 0.020575462 25.029083 1.0673361 1.0823698 21.781807 0.8464428 decam -5.591152 38.3387 91 object IBIS_wide_M490_406910 406910 0.019663 924.0 1948.0 0.19897358 1.0003135 -0.0019343509 -0.2983557 0.0017825715 1.0000826 16551480301 392.6641
rawdata/DECam_01426521.fits.fz N4 1426521 383.2075 60966.28739254 1.12 38.36559788207981 -11.736103754601025 38.37327083333333 -11.661 M490 0.024239248 25.027828 1.0680388 1.0778624 21.776293 0.8384299 decam 0.4706681 41.69343 107 object IBIS_wide_M490_409897 409897 0.023413 924.0 1948.0 0.27720216 1.0003449 -0.0019998874 -0.15528081 0.0018248004 1.0001377 16460273753 457.05368
rawdata/DECam_01426522.fits.fz N4 1426522 332.9978 60966.2921639 1.12 38.741539414032424 -13.79210373601826 38.749275 -13.717 M490 0.022922121 25.026037 1.0662792 1.079705 21.773457 0.84615815 decam -7.4507537 33.25567 92 object IBIS_wide_M490_406903 406903 0.021757 924.0 1948.0 -0.04435464 0.9999392 -0.002021071 -0.38827193 0.0021359483 0.9999627 16689546287 393.54086
rawdata/DECam_01426523.fits.fz N4 1426523 351.9377 60966.29634548 1.12 39.474545951844746 -13.335103740175331 39.48226666666666 -13.26 M490 0.025621478 25.036419 1.0765246 1.0934765 21.763975 0.88624763 decam 0.12681833 38.673275 92 object IBIS_wide_M490_406904 406904 0.02419 924.0 1948.0 0.458512 0.99996686 -0.0019420792 -0.32150775 0.0021253864 0.9999096 16656881883 397.1099
rawdata/DECam_01426524.fits.fz N4 1426524 392.2073 60966.3007554 1.13 39.188501131272666 -14.898103725888873 39.196275 -14.823 M490 0.02602636 24.838308 0.8986023 1.1132588 21.751343 1.3323138 decam -11.72069 36.85719 86 object IBIS_wide_M490_409880 409880 0.024344 924.0 1948.0 -0.52355903 1.0002133 -0.0020418286 -0.07062125 0.0020130246 1.0000559 16548599106 294.38058
rawdata/DECam_01426525.fits.fz N4 1426525 493.2968 60966.31150762 1.13 44.066561123530896 -13.119103742134657 44.074275 -13.044 M490 0.033382904 25.02412 1.0663311 1.1884859 21.776638 1.047726 decam -26.291338 40.65261 102 object IBIS_wide_M490_409849 409849 0.03653 924.0 1948.0 0.5038287 1.0005113 -0.0020007365 -0.21898492 0.0025041346 0.9999474 16848046355 470.82614
rawdata/DECam_01426526.fits.fz N4 1426526 533.4365 60966.31886171 1.13 45.697519412313376 -14.261103731735075 45.70527083333334 -14.186 M490 0.044079386 25.014256 1.0566871 1.2908388 21.787556 1.1883066 decam 17.10125 -15.068546 103 object IBIS_wide_M490_409841 409841 0.050298 924.0 1948.0 0.20758206 1.0001405 -0.0022870812 -0.33551005 0.0018602937 1.0001227 17174846856 448.9048
rawdata/DECam_01426527.fits.fz N4 1426527 579.1161 60966.32534291 1.14 46.2454987171481 -14.733103727406448 46.25326666666666 -14.658 M490 0.04618454 24.992405 1.0375146 1.3433735 21.782955 1.3623494 decam 14.962928 -14.773503 95 object IBIS_wide_M490_409839 409839 0.046976 924.0 1948.0 -0.1179289 0.9997967 -0.002235678 -0.29088458 0.00246295 1.0001032 17045956485 425.08633
rawdata/DECam_01426528.fits.fz N4 1426528 623.606 60966.33237428 1.17 46.549506577016416 -14.629103728361805 46.557270833333334 -14.554 M490 0.05185426 25.021776 1.0717825 1.2427692 21.75367 1.1811363 decam 19.686096 -17.771225 102 object IBIS_wide_M490_406854 406854 0.047643 924.0 1948.0 0.111949146 1.0001072 -0.0022922428 -0.05144028 0.002373105 1.000081 17293015100 527.97125
rawdata/DECam_01426529.fits.fz N4 1426529 498.1668 60966.33992991 1.17 49.44154061451735 -13.629103737502817 49.44927083333333 -13.554 M490 0.04999291 25.013298 1.0634462 1.1482054 21.744473 1.0039965 decam 18.849844 -19.312958 103 object IBIS_wide_M490_406847 406847 0.052737 924.0 1948.0 -0.46246293 1.000447 -0.0024699199 -0.56736 0.0021153213 1.0001888 17297447182 496.18384
rawdata/DECam_01426530.fits.fz N4 1426530 527.4866 60966.34601002 1.17 50.45849472140986 -14.960103725318026 50.46627083333333 -14.885 M490 0.040610768 25.020016 1.0700458 1.1854776 21.75925 1.0477451 decam 24.193161 -29.062622 139 object IBIS_wide_M490_409822 409822 0.046367 924.0 1948.0 -0.879063 1.0003138 -0.0024829619 -0.5171764 0.0024099825 1.0000533 16938034988 503.44937
rawdata/DECam_01426531.fits.fz N4 1426531 617.236 60966.35272979 1.17 55.32259546898586 -11.970103752500938 55.330275 -11.895 M490 0.07273579 25.009771 1.0599976 1.2036657 21.69574 1.1910329 decam 20.09293 -21.840508 99 object IBIS_wide_M490_410136 410136 0.071208 924.0 1948.0 -0.7053126 0.99997276 -0.002448478 0.006865102 0.0026093747 1.0001566 17490017731 518.2359
rawdata/DECam_01426532.fits.fz N4 1426532 150.0 60966.36270701 1.35 137.08540076632954 -37.274343482070755 137.09484166666667 -37.19924 M490 0.3093712 24.969038 1.0548601 1.0932646 21.301302 0.0 decam 33.88168 -71.33271 1967 object "Pyxis position 5" 0 0.0 924.0 1948.0 -0.35378546 1.0002792 -0.002342495 -0.28172362 0.0021720969 1.0001804 16736222802 0.0
rawdata/DECam_01426533.fits.fz N4 1426533 150.0 60966.36477455 1.33 136.9239151429941 -37.09243848453424 136.93333333333334 -37.017335 M490 0.32608593 24.965544 1.0476627 1.1516682 21.222956 0.0 decam 35.815628 -64.37153 1766 object "Pyxis position 6" 0 0.0 924.0 1948.0 0.17890719 1.0003314 -0.0023485527 -0.12371254 0.002293123 1.000222 16395801264 0.0
rawdata/DECam_01426534.fits.fz N4 1426534 150.0 60966.36683341 1.32 136.88634340548262 -37.33295348127449 136.89579166666667 -37.25785 M490 0.3547526 24.972137 1.0521338 1.1529244 21.067766 0.0 decam 37.083633 -69.07675 1714 object "Pyxis position 7" 0 0.0 924.0 1948.0 0.11979623 1.0000409 -0.0023286133 -0.08385391 0.0023357344 1.0002494 16933405851 0.0
rawdata/DECam_01426535.fits.fz N4 1426535 150.0 60966.36891762 1.31 137.13450629254874 -37.16352459468407 137.14393333333334 -37.08842111111111 M490 0.30613202 24.976997 1.0549372 1.1552949 20.869759 0.0 decam 43.00397 -54.276283 1843 object "Pyxis position 8" 0 0.0 924.0 1948.0 -0.23988217 1.0000285 -0.002315539 -0.2830299 0.002299448 1.0002642 16655654050 0.0
rawdata/DECam_01426536.fits.fz N4 1426536 150.0 60966.37099459 1.3 136.78716990371757 -37.15461348369356 136.79659583333333 -37.07951 M490 0.3558153 24.97536 1.0514389 1.1587833 20.595022 0.0 decam 39.712303 -44.54531 1736 object "Pyxis position 9" 0 0.0 924.0 1948.0 0.038283523 1.0002359 -0.0022809035 -0.18219472 0.0022979502 1.0001028 16728941515 0.0
rawdata/DECam_01426537.fits.fz N4 1426537 150.0 60966.37305352 1.29 137.05048175752353 -37.35929042536071 137.05993333333333 -37.28418694444444 M490 0.3210592 24.9814 1.0553864 1.1527915 20.160625 0.0 decam 39.043777 -45.785404 1347 object "Pyxis position 10" 0 0.0 924.0 1948.0 -0.052444343 1.000209 -0.0022916754 -0.35745528 0.0023135138 1.0002584 17927133665 0.0
rawdata/DECam_01426538.fits.fz N4 1426538 15.0 60966.37640736 1.0 89.0930033306711 -27.849770541142576 89.1015 -27.774666944444444 M490 0.038579706 25.056305 1.0728087 1.0542532 20.352242 2.9411368 decam 36.837975 -32.44774 188 object "LTT2415 N4" 0 0.0 924.0 1948.0 -0.13768025 1.0001032 -0.0029067954 -0.42045653 0.0028766245 0.99990624 15540218225 5.100069
rawdata/DECam_01426539.fits.fz N4 1426539 15.0 60966.37689072 1.0 88.74173249733775 -27.849770541142576 88.75022916666667 -27.774666944444444 M490 0.03469151 25.058376 1.0748559 0.9970778 20.247538 2.8865623 decam 27.097622 -24.500042 172 object "LTT2415 N5" 0 0.0 924.0 1948.0 0.32106063 1.0000392 -0.0030503124 -0.5901154 0.0029952573 1.0000244 15559167583 5.1964927
rawdata/DECam_01426540.fits.fz N4 1426540 15.0 60966.3773719 1.0 89.4442443826225 -28.016436650418257 89.45275416666667 -27.941333055555557 M490 0.029162224 25.056982 1.0734766 1.0326006 20.168173 3.3436797 decam 37.22129 -36.20561 225 object "LTT2415 S3" 0 0.0 924.0 1948.0 0.82781655 1.000513 -0.0028394118 -0.40610304 0.0029211 0.9999201 15592396387 4.4860754
rawdata/DECam_01426541.fits.fz N4 1426541 15.0 60966.37783587 1.0 89.09299021595584 -28.016436650418257 89.1015 -27.941333055555557 M490 0.035507463 25.061865 1.0783165 0.97331226 20.049847 3.2627113 decam 37.13949 -30.166922 173 object "LTT2415 S4" 0 0.0 924.0 1948.0 0.42080405 1.0002605 -0.0032400612 -0.2786882 0.0031717124 1.0001067 15593811835 4.597403
rawdata/DECam_01426542.fits.fz N4 1426542 15.0 60966.3783136 1.0 88.7417193826225 -28.016436650418257 88.75022916666667 -27.941333055555557 M490 0.034228936 25.053806 1.070341 1.1066712 19.926327 4.762434 decam 42.002056 -23.38693 175 object "LTT2415 S5" 0 0.0 924.0 1948.0 -0.45586973 1.0001488 -0.003150099 -0.69008046 0.003152839 1.0000478 15620170526 3.1496499
rawdata/DECam_01426543.fits.fz N4 1426543 5.0 60966.37960453 1.2 101.29829884968848 2.1454791801840543 101.30581666666667 2.2205830555555557 M490 0.8802997 24.983784 1.0405761 1.115562 19.283478 0.0 decam 55.61156 -31.214907 498 object "Hilt600 N4" 0 0.0 924.0 1948.0 0.0044915127 1.0003027 -0.0025907494 -0.44704357 0.0021543314 0.9999521 15537844563 0.0
rawdata/DECam_01426544.fits.fz N4 1426544 5.0 60966.37997288 1.2 100.98752801635516 2.1454791801840543 100.99504583333334 2.2205830555555557 M490 0.9783205 24.98293 1.0397558 1.1017753 19.190664 0.0 decam 47.256313 -30.112242 503 object "Hilt600 N5" 0 0.0 924.0 1948.0 0.5374169 1.0003296 -0.002373314 -0.47554585 0.0021559473 1.0001036 15539781403 0.0
rawdata/DECam_01426545.fits.fz N4 1426545 5.0 60966.38033823 1.2 101.60906630372423 1.978813070507472 101.61658333333332 2.0539169444444445 M490 1.0643058 24.977291 1.034371 1.0819426 19.095179 0.0 decam 52.829235 -17.98718 457 object "Hilt600 S3" 0 0.0 924.0 1948.0 0.45048845 1.0000815 -0.0025629695 -0.4064465 0.0025930754 1.0001276 15554380505 0.0
rawdata/DECam_01426546.fits.fz N4 1426546 5.0 60966.38069326 1.19 101.29829963705757 1.9788130705074725 101.30581666666667 2.0539169444444445 M490 0.98470473 24.992247 1.0468161 1.1692498 19.04963 0.0 decam 49.04647 -10.489888 447 object "Hilt600 S4" 0 0.0 924.0 1948.0 0.3418462 1.0004966 -0.0025812623 -0.58090293 0.002514517 1.0001508 15566657401 0.0
rawdata/DECam_01426547.fits.fz N4 1426547 5.0 60966.38105617 1.19 100.98752880372425 1.978813070507473 100.99504583333334 2.0539169444444445 M490 0.9138202 24.997826 1.0522097 1.0665666 18.929796 0.0 decam 47.211002 -22.910847 391 object "Hilt600 S5" 0 0.0 924.0 1948.0 -0.099438384 1.0002298 -0.0024427155 -0.12235172 0.0022313935 1.0000032 15579123212 0.0
