logs/db-2026-04-17.ecsv
# %ECSV 1.0
# ---
# datatype:
# - {name: filename, datatype: string}
# - {name: extension, datatype: string}
# - {name: expnum, datatype: int64}
# - {name: exptime, datatype: float32}
# - {name: mjd_obs, datatype: float64}
# - {name: airmass, datatype: float32}
# - {name: racenter, datatype: float64}
# - {name: deccenter, datatype: float64}
# - {name: rabore, datatype: float64}
# - {name: decbore, datatype: float64}
# - {name: band, datatype: string}
# - {name: ebv, datatype: float32}
# - {name: zeropoint, datatype: float32}
# - {name: transparency, datatype: float32}
# - {name: seeing, datatype: float32}
# - {name: sky, datatype: float32}
# - {name: expfactor, datatype: float32}
# - {name: camera, datatype: string}
# - {name: dx, datatype: float32}
# - {name: dy, datatype: float32}
# - {name: nmatched, datatype: int64}
# - {name: obstype, datatype: string}
# - {name: object, datatype: string}
# - {name: tileid, datatype: int64}
# - {name: tileebv, datatype: float32}
# - {name: affine_x0, datatype: float32}
# - {name: affine_y0, datatype: float32}
# - {name: affine_dx, datatype: float32}
# - {name: affine_dxx, datatype: float32}
# - {name: affine_dxy, datatype: float32}
# - {name: affine_dy, datatype: float32}
# - {name: affine_dyx, datatype: float32}
# - {name: affine_dyy, datatype: float32}
# - {name: checksum, datatype: string}
# - {name: efftime, datatype: float32}
# schema: astropy-2.0
filename extension expnum exptime mjd_obs airmass racenter deccenter rabore decbore band ebv zeropoint transparency seeing sky expfactor camera dx dy nmatched obstype object tileid tileebv affine_x0 affine_y0 affine_dx affine_dxx affine_dxy affine_dy affine_dyx affine_dyy checksum efftime
[from data line 41]
/home/declsp/obsbot/rawdata/DECam_01476280.fits.fz N4 1476280 205.9487 61148.39425022 1.22 311.30750248108774 -14.627103728380169 311.3152666666666 -14.552 M464 0.03995803 24.893497 0.98678565 0.9467362 21.447899 1.1137791 decam 0.01392443 -43.69534 541 object IBIS_wide_M464_348987 348987 0.047446 924.0 1948.0 -0.09643936 1.0002825 0.0019202124 0.22806916 -0.002039555 1.0001884 16174718533 184.90984
/home/declsp/obsbot/rawdata/DECam_01476281.fits.fz N4 1476281 265.9883 61148.39695048 1.21 309.78658344869007 -12.099103751341652 309.79426666666666 -12.024 M464 0.043422252 24.895376 0.98646724 0.94447863 21.46545 1.0869422 decam -1.6558255 -40.297096 604 object IBIS_wide_M464_349018 349018 0.045196 924.0 1948.0 -0.56165355 1.0002874 0.0018412011 0.112803556 -0.0020743231 1.0001818 16732911912 244.71248
/home/declsp/obsbot/rawdata/DECam_01476282.fits.fz N4 1476282 343.4878 61148.40035446 1.2 311.10053860115283 -13.563103738103344 311.1082666666666 -13.488 M464 0.049940955 24.892805 0.9821151 0.9199109 21.458048 1.0432727 decam -2.0665145 -38.20453 614 object IBIS_wide_M464_351995 351995 0.045019 924.0 1948.0 -0.069987744 1.0001655 0.0019059224 0.21422891 -0.0020524354 1.0001707 16661230142 329.24066
/home/declsp/obsbot/rawdata/DECam_01476283.fits.fz N4 1476283 150.0 61148.41057447 1.3 255.05154109799642 -0.6752388511155631 255.05905416666667 -0.600135 M464 0.39217314 24.78393 0.9068422 1.0855548 21.531853 1.6573963 decam 5.568991 7.37489 641 object "Pal15 position 5" 0 0.0 924.0 1948.0 -0.32126036 1.0001732 0.002203669 0.2199721 -0.0017904225 1.0001239 15881563188 90.5034
/home/declsp/obsbot/rawdata/DECam_01476284.fits.fz N4 1476284 150.0 61148.41266782 1.31 254.92281217463952 -0.4932799637909666 254.930325 -0.41817611111111114 M464 0.3351416 24.765436 0.8933596 0.969357 21.364092 1.596703 decam -3.2319434 11.558549 760 object "Pal15 position 6" 0 0.0 924.0 1948.0 -0.6149296 1.0002698 0.0022201801 0.49882674 -0.0020879523 1.000045 15964175050 93.94358
/home/declsp/obsbot/rawdata/DECam_01476285.fits.fz N4 1476285 150.0 61148.41473008 1.32 254.89303683688075 -0.7338127395008716 254.90054999999998 -0.6587088888888889 M464 0.38099632 24.777721 0.9053835 0.9095488 21.091017 1.7679409 decam -7.162436 9.883591 620 object "Pal15 position 7" 0 0.0 924.0 1948.0 -0.43266326 1.0003678 0.0021099842 0.07211587 -0.0020443103 1.0001202 16138816484 84.84447
/home/declsp/obsbot/rawdata/DECam_01476286.fits.fz N4 1476286 150.0 61148.41679975 1.33 255.09084125512695 -0.5644788520677737 255.09835416666667 -0.489375 M464 0.3796709 24.779097 0.9083951 0.90817416 20.706997 2.5041804 decam -18.238514 15.717866 607 object "Pal15 position 8" 0 0.0 924.0 1948.0 0.44744822 1.0000652 0.0021497696 0.12049118 -0.001991708 1.0001199 16454234745 59.899837
/home/declsp/obsbot/rawdata/DECam_01476287.fits.fz N4 1476287 150.0 61148.41885122 1.34 254.81374543320072 -0.5555788521442859 254.8212583333333 -0.480475 M464 0.34635824 24.767218 0.9003578 0.9218245 20.234262 4.0755134 decam -22.009815 10.880103 582 object "Pal15 position 9" 0 0.0 924.0 1948.0 -0.48848924 1.0003645 0.0020337952 -0.101830244 -0.0019650308 1.000174 17057857338 36.80518
/home/declsp/obsbot/rawdata/DECam_01476306.fits.fz N4 1476306 15.0 61148.42974985 1.04 279.0992446105669 -44.30093643183224 279.10974166666665 -44.225833055555555 M464 0.050970625 24.911795 0.9671321 0.80070597 17.800463 22.187426 decam 6.326003 -11.35475 1150 object "LTT7379 N4" 0 0.0 924.0 1948.0 0.03359001 0.9999067 0.002936656 -0.0024119257 -0.003127661 1.0000482 16975609508 0.6760586
/home/declsp/obsbot/rawdata/DECam_01476307.fits.fz N4 1476307 15.0 61148.43022642 1.04 278.66524877723356 -44.30093643183225 278.67574583333334 -44.225833055555555 M464 0.07475387 24.91206 0.9673692 0.8929752 17.65483 31.517122 decam -3.0144422 -8.951327 1124 object "LTT7379 N5" 0 0.0 924.0 1948.0 -0.22774778 1.0002425 0.0030152663 0.4120431 -0.0028539386 1.0001569 17187090028 0.47593176
/home/declsp/obsbot/rawdata/DECam_01476308.fits.fz N4 1476308 15.0 61148.43070831 1.04 279.53320634919174 -44.467603373471604 279.54373333333336 -44.3925 M464 0.06628882 24.90711 0.962968 0.8599176 17.517368 33.483788 decam -13.93572 -12.28885 937 object "LTT7379 S3" 0 0.0 924.0 1948.0 0.076799124 0.99983746 0.0030190558 0.11995135 -0.0029113113 1.0002038 17437785723 0.447978
/home/declsp/obsbot/rawdata/DECam_01476309.fits.fz N4 1476309 15.0 61148.4311961 1.04 279.09921468252503 -44.467603373471604 279.10974166666665 -44.3925 M464 0.06489883 24.907938 0.963703 0.899554 17.371775 41.823784 decam -3.6784236 -15.7693205 927 object "LTT7379 S4" 0 0.0 924.0 1948.0 -0.13805544 1.0000567 0.0030298305 -0.0020030995 -0.0029911536 1.0000311 17750378767 0.3586476
