logs/db-2026-04-08.ecsv
# %ECSV 1.0
# ---
# datatype:
# - {name: filename, datatype: string}
# - {name: extension, datatype: string}
# - {name: expnum, datatype: int64}
# - {name: exptime, datatype: float32}
# - {name: mjd_obs, datatype: float64}
# - {name: airmass, datatype: float32}
# - {name: racenter, datatype: float64}
# - {name: deccenter, datatype: float64}
# - {name: rabore, datatype: float64}
# - {name: decbore, datatype: float64}
# - {name: band, datatype: string}
# - {name: ebv, datatype: float32}
# - {name: zeropoint, datatype: float32}
# - {name: transparency, datatype: float32}
# - {name: seeing, datatype: float32}
# - {name: sky, datatype: float32}
# - {name: expfactor, datatype: float32}
# - {name: camera, datatype: string}
# - {name: dx, datatype: float32}
# - {name: dy, datatype: float32}
# - {name: nmatched, datatype: int64}
# - {name: obstype, datatype: string}
# - {name: object, datatype: string}
# - {name: tileid, datatype: int64}
# - {name: tileebv, datatype: float32}
# - {name: affine_x0, datatype: float32}
# - {name: affine_y0, datatype: float32}
# - {name: affine_dx, datatype: float32}
# - {name: affine_dxx, datatype: float32}
# - {name: affine_dxy, datatype: float32}
# - {name: affine_dy, datatype: float32}
# - {name: affine_dyx, datatype: float32}
# - {name: affine_dyy, datatype: float32}
# - {name: checksum, datatype: string}
# - {name: efftime, datatype: float32}
# schema: astropy-2.0
filename extension expnum exptime mjd_obs airmass racenter deccenter rabore decbore band ebv zeropoint transparency seeing sky expfactor camera dx dy nmatched obstype object tileid tileebv affine_x0 affine_y0 affine_dx affine_dxx affine_dxy affine_dy affine_dyx affine_dyy checksum efftime
/home/declsp/obsbot/rawdata/DECam_01473157.fits.fz N4 1473157 5.0 61138.97726764 1.0 111.98787036198318 -29.230935525756777 111.99647916666666 -29.155831944444444 r 0.3056461 27.845692 2.5767782 1.1252593 19.32341 0.52641785 decam -2.3990555 365.79642 511 object pointing 0 0.0 924.0 1948.0 -0.13261504 1.000635 0.00010170473 0.21413973 -0.00015925984 0.9996371 16260221355 9.498158
/home/declsp/obsbot/rawdata/DECam_01473158.fits.fz N4 1473158 30.0 61138.97786409 1.0 119.08611846880409 -30.36038051286391 119.094825 -30.285276944444444 r 1.0359645 26.783098 0.9683649 1.2320484 19.472546 3.8936715 decam 10.308187 30.955927 2919 object pointing 0 0.0 924.0 1948.0 0.17274283 1.0000242 -0.002262326 -0.020961829 0.0020989175 0.9999733 19451686795 7.70481
/home/declsp/obsbot/rawdata/DECam_01473159.fits.fz N4 1473159 15.0 61138.98402568 1.13 89.0930033306711 -27.849770541142576 89.1015 -27.774666944444444 M464 0.038579706 23.208712 0.20524868 1.3366903 22.355612 21.406246 decam -20.048271 38.419975 90 object "LTT2415 N4" 0 0.0 924.0 1948.0 1.2630903 0.9999476 -0.002946077 -0.36333984 0.00260799 1.0000266 15390069460 0.70073
/home/declsp/obsbot/rawdata/DECam_01473160.fits.fz N4 1473160 15.0 61138.98449025 1.13 88.74173249733775 -27.849770541142576 88.75022916666667 -27.774666944444444 M464 0.03469151 23.092983 0.18449707 1.1943884 22.66112 15.96991 decam -20.24446 34.715553 93 object "LTT2415 N5" 0 0.0 924.0 1948.0 0.6670248 1.00035 -0.002941386 -0.74177873 0.0030405107 1.0000002 15382839172 0.93926644
/home/declsp/obsbot/rawdata/DECam_01473161.fits.fz N4 1473161 15.0 61138.98495422 1.13 89.4442443826225 -28.016436650418257 89.45275416666667 -27.941333055555557 M464 0.029162224 23.297644 0.22276846 1.1274246 22.591831 10.405605 decam -19.687595 34.047333 130 object "LTT2415 S3" 0 0.0 924.0 1948.0 1.0709237 1.000422 -0.0026410557 -0.38752386 0.0029408145 0.99982476 15385657266 1.4415307
/home/declsp/obsbot/rawdata/DECam_01473162.fits.fz N4 1473162 15.0 61138.98541849 1.13 89.09299021595584 -28.016436650418257 89.1015 -27.941333055555557 M464 0.035507463 23.197363 0.20311451 1.1157436 22.696283 11.134834 decam -19.433 33.08451 86 object "LTT2415 S4" 0 0.0 924.0 1948.0 0.42104664 1.000406 -0.0031924746 -0.022654822 0.0033259082 1.0000933 15380045882 1.3471237
/home/declsp/obsbot/rawdata/DECam_01473163.fits.fz N4 1473163 15.0 61138.98588295 1.13 88.7417193826225 -28.016436650418257 88.75022916666667 -27.941333055555557 M464 0.034228936 23.070684 0.18074647 1.1959314 22.725018 15.729054 decam -19.120499 33.940495 82 object "LTT2415 S5" 0 0.0 924.0 1948.0 -0.9251287 1.0001289 -0.0030608964 -0.69827473 0.0028746896 1.0000145 15379270413 0.95364916
/home/declsp/obsbot/rawdata/DECam_01473164.fits.fz N4 1473164 10.0 61138.99187005 1.01 130.3761489802335 -32.93424242676747 130.3851 -32.859138888888886 M517 0.33464447 25.060303 1.0299517 1.5144247 21.494581 2.2928677 decam -11.002365 11.041393 830 object "LTT3218 N4" 0 0.0 924.0 1948.0 -0.2101135 1.0000875 -0.0020651633 -0.15242356 0.002194114 1.0000315 15417276242 4.3613505
/home/declsp/obsbot/rawdata/DECam_01473165.fits.fz N4 1473165 10.0 61138.99228764 1.01 130.00609898023347 -32.93424242676747 130.01505 -32.859138888888886 M517 0.29259276 25.06019 1.029845 1.2227492 21.603975 1.3525232 decam -6.354504 -1.961292 1148 object "LTT3218 N5" 0 0.0 924.0 1948.0 0.0355707 1.0000155 -0.0020221334 -0.22597118 0.0023750376 0.9999473 15410815334 7.3935885
/home/declsp/obsbot/rawdata/DECam_01473166.fits.fz N4 1473166 10.0 61138.99546087 1.01 130.74619871054136 -33.10090964695198 130.75516666666667 -33.02580611111111 M517 0.41609186 25.110603 1.0787903 1.5037675 21.342108 2.3713782 decam -6.2686377 18.683655 743 object "LTT3218 S3" 0 0.0 924.0 1948.0 0.022736207 1.0000042 -0.0020084144 -0.15401132 0.0019196345 1.000138 15443650544 4.216957
/home/declsp/obsbot/rawdata/DECam_01473167.fits.fz N4 1473167 10.0 61138.99588438 1.01 130.37613204387472 -33.100909646952 130.3851 -33.02580611111111 M517 0.3320199 25.057621 1.0274106 1.4770828 21.539867 2.1025608 decam 9.394147 2.61777 845 object "LTT3218 S4" 0 0.0 924.0 1948.0 -0.31154588 0.9998905 -0.0019038278 -0.13749303 0.00221228 0.99990374 15411063045 4.756105
/home/declsp/obsbot/rawdata/DECam_01473168.fits.fz N4 1473168 10.0 61138.99630843 1.0 130.00608204387473 -33.10090964695198 130.01505 -33.02580611111111 M517 0.27418688 25.038908 1.0082384 1.3469769 21.602335 1.7090032 decam 2.070554 4.1964765 1053 object "LTT3218 S5" 0 0.0 924.0 1948.0 0.14519003 1.0001265 -0.002063938 -0.3321845 0.0021042975 1.000178 15409897745 5.851364
/home/declsp/obsbot/rawdata/DECam_01473169.fits.fz N4 1473169 10.0 61138.99740291 1.0 130.3761489802335 -32.93424242676747 130.3851 -32.859138888888886 M464 0.33464447 24.866144 0.91972476 1.2710336 21.666237 1.7244912 decam -4.1056194 10.706342 801 object "LTT3218 N4" 0 0.0 924.0 1948.0 -0.17596412 0.99992985 -0.002156088 -0.16876432 0.002203669 0.99999464 15404128076 5.798812
/home/declsp/obsbot/rawdata/DECam_01473170.fits.fz N4 1473170 10.0 61138.99784312 1.0 130.00609898023347 -32.93424242676747 130.01505 -32.859138888888886 M464 0.29259276 24.869688 0.9227319 1.3406074 21.711966 1.8270689 decam 8.65909 -6.8574347 948 object "LTT3218 N5" 0 0.0 924.0 1948.0 0.10875133 1.0000125 -0.00206838 -0.2522182 0.002352191 0.9999172 15401475635 5.473247
/home/declsp/obsbot/rawdata/DECam_01473171.fits.fz N4 1473171 10.0 61138.99827727 1.0 130.74619871054136 -33.10090964695198 130.75516666666667 -33.02580611111111 M464 0.41609186 24.847889 0.90438896 1.1542196 21.501183 1.7127489 decam -6.3737807 10.067954 731 object "LTT3218 S3" 0 0.0 924.0 1948.0 0.065189354 1.0003787 -0.002043558 0.21653156 0.0017866424 1.0000236 15424105056 5.8385677
/home/declsp/obsbot/rawdata/DECam_01473172.fits.fz N4 1473172 10.0 61138.99871302 1.0 130.37613204387472 -33.100909646952 130.3851 -33.02580611111111 M464 0.3320199 24.863546 0.9175267 1.1469456 21.672306 1.4035782 decam -9.788833 -9.3424835 816 object "LTT3218 S4" 0 0.0 924.0 1948.0 -0.058303084 0.9999241 -0.0018758497 0.21486157 0.0020890133 1.000022 15401017606 7.1246476
/home/declsp/obsbot/rawdata/DECam_01473173.fits.fz N4 1473173 10.0 61138.99914304 1.0 130.00608204387473 -33.10090964695198 130.01505 -33.02580611111111 M464 0.27418688 24.880621 0.9320694 1.2335403 21.673914 1.5705183 decam -6.131728 1.5947278 977 object "LTT3218 S5" 0 0.0 924.0 1948.0 0.08946139 1.0001997 -0.0020823132 -0.011279993 0.0018984784 1.0000384 15402098503 6.367325
/home/declsp/obsbot/rawdata/DECam_01473174.fits.fz N4 1473174 35.0 61139.00066836 1.14 140.5887417369765 -4.250103820318943 140.596275 -4.175 M464 0.03821035 24.899174 0.97579175 1.3563418 21.933807 1.4439485 decam -10.870309 0.17636529 110 object "pointing test" 0 0.0 924.0 1948.0 0.10539087 1.0002894 -0.0016254813 -0.3105818 0.0017232655 0.999982 15459170917 24.239092
/home/declsp/obsbot/rawdata/DECam_01473175.fits.fz N4 1473175 792.8848 61139.00269608 1.15 146.09672077889817 -6.021103804971113 146.104275 -5.946 M464 0.04199359 24.900145 0.97867346 1.2610278 21.960098 1.2163593 decam -5.1309543 3.28295 184 object IBIS_wide_M464_324969 324969 0.047463 924.0 1948.0 -0.09050142 1.0001123 -0.0014406828 -0.061238658 0.0015197983 1.0000021 17536357557 651.8508
/home/declsp/obsbot/rawdata/DECam_01473176.fits.fz N4 1473176 621.4059 61139.01221916 1.15 146.80273436215447 -5.300103811229842 146.81027916666665 -5.225 M464 0.06776968 24.893925 0.97308284 1.2018131 21.935728 1.1430887 decam 8.995459 -10.396589 200 object IBIS_wide_M464_324970 324970 0.059839 924.0 1948.0 0.07686599 1.000169 -0.0013520421 -0.31381643 0.0016795619 1.0000823 17017802207 543.62
/home/declsp/obsbot/rawdata/DECam_01473177.fits.fz N4 1473177 474.5869 61139.01975259 1.15 148.91774073878503 -4.74910381600292 148.92527916666666 -4.6739999999999995 M464 0.039996225 24.919552 0.9963249 1.174833 21.94602 1.0322256 decam 2.713811 -16.790663 171 object IBIS_wide_M464_324972 324972 0.03366 924.0 1948.0 0.16142628 1.0000279 -0.0014259262 -0.020560749 0.0013317982 0.99988925 16710127786 459.77054
/home/declsp/obsbot/rawdata/DECam_01473178.fits.fz N4 1473178 429.3371 61139.02557517 1.14 149.2857387639941 -4.5441038177767545 149.293275 -4.469 M464 0.026146978 24.905556 0.9815448 1.0998455 21.975039 0.90403867 decam 14.343975 -21.04962 155 object IBIS_wide_M464_327958 327958 0.029255 924.0 1948.0 0.12847859 1.0000631 -0.0013254049 -0.1950314 0.0013510215 0.9999683 16448019811 474.9101
/home/declsp/obsbot/rawdata/DECam_01473179.fits.fz N4 1473179 451.697 61139.03092626 1.14 153.13572454128192 -6.05010380471904 153.14327916666664 -5.975 M464 0.038212426 24.90347 0.9796604 1.1756625 21.974312 1.0373772 decam 4.350326 -12.308404 156 object IBIS_wide_M464_325447 325447 0.038626 924.0 1948.0 0.27402228 1.0001509 -0.0012710543 -0.08040417 0.0011075985 1.0000482 16437638833 435.42212
/home/declsp/obsbot/rawdata/DECam_01473180.fits.fz N4 1473180 415.8272 61139.03650026 1.14 156.31271333376074 -6.804103798155273 156.32027916666667 -6.729 M464 0.042533208 24.91634 0.99134386 1.1406239 21.980568 0.94821244 decam 8.13333 -13.877273 138 object IBIS_wide_M464_328406 328406 0.043307 924.0 1948.0 -0.038699172 0.99990946 -0.0010745403 -0.22617431 0.0012005718 0.9999467 16390742514 438.53802
/home/declsp/obsbot/rawdata/DECam_01473181.fits.fz N4 1473181 449.4471 61139.04164236 1.13 155.93972036063917 -6.051103804710349 155.947275 -5.976 M464 0.03947859 24.89105 0.96653134 1.1239731 21.98924 0.9570197 decam 1.914625 -12.823492 146 object IBIS_wide_M464_325427 325427 0.041081 924.0 1948.0 0.26309046 0.99993414 -0.0010825953 -0.11549113 0.0009845436 1.0000005 16421432137 469.63205
/home/declsp/obsbot/rawdata/DECam_01473182.fits.fz N4 1473182 385.2975 61139.04715938 1.13 157.37671892271482 -6.15310380382353 157.384275 -6.078 M464 0.04257963 24.903887 0.97802603 1.1035715 21.987202 0.9027949 decam 0.71467817 -6.3124804 163 object IBIS_wide_M464_325432 325432 0.040259 924.0 1948.0 0.16433185 0.99998736 -0.0011530275 0.019901909 0.0010744078 1.000037 16244069262 426.78296
/home/declsp/obsbot/rawdata/DECam_01473183.fits.fz N4 1473183 398.6074 61139.0519329 1.12 157.6967200953185 -5.765103807195152 157.70427083333334 -5.6899999999999995 M464 0.03805412 24.915535 0.9865476 1.0791374 21.98897 0.8436372 decam 4.361269 -7.615696 149 object IBIS_wide_M464_328418 328418 0.039774 924.0 1948.0 -0.064425066 1.0001192 -0.0011000484 -0.21750343 0.00096843863 0.9998124 16287562552 472.48672
/home/declsp/obsbot/rawdata/DECam_01473184.fits.fz N4 1473184 466.107 61139.05687963 1.12 158.05273242800268 -5.456103809876974 158.06027916666665 -5.381 M464 0.040415794 24.903223 0.97542334 1.0892849 21.996483 0.8731983 decam 2.2380958 6.0222964 158 object IBIS_wide_M464_325433 325433 0.039782 924.0 1948.0 0.4085512 0.9999191 -0.0009641931 0.010850066 0.0009756324 0.99998605 16458175031 533.79285
/home/declsp/obsbot/rawdata/DECam_01473185.fits.fz N4 1473185 458.457 61139.06259498 1.12 159.28472821099365 -5.460103809842274 159.292275 -5.385 M464 0.04979113 24.907063 0.9788784 1.0608871 21.999166 0.8204889 decam 6.307199 4.140028 135 object IBIS_wide_M464_325434 325434 0.047765 924.0 1948.0 -0.10523317 1.0003805 -0.00093652686 0.12394375 0.0008795109 0.9998926 16406030160 558.76074
/home/declsp/obsbot/rawdata/DECam_01473186.fits.fz N4 1473186 344.4579 61139.06825144 1.11 158.43772782306144 -5.151103812521368 158.44527083333335 -5.076 M464 0.040080756 24.91632 0.9852369 1.0162034 22.008001 0.7342447 decam -4.9635496 21.037064 141 object IBIS_wide_M464_328419 328419 0.040355 924.0 1948.0 0.20703748 1.0000187 -0.0010976581 -0.09681342 0.00080194534 0.9999602 16155720138 469.13226
/home/declsp/obsbot/rawdata/DECam_01473187.fits.fz N4 1473187 334.6678 61139.07260266 1.12 162.3577324028362 -5.458103809859625 162.36527916666665 -5.383 M464 0.035450492 24.918003 0.9887934 1.0155233 21.96014 0.7639408 decam -6.9762807 13.818066 137 object IBIS_wide_M464_325225 325225 0.03413 924.0 1948.0 -0.15982533 1.0003757 -0.00078182155 -0.2544564 0.0009907509 0.9999163 17040447946 438.08078
/home/declsp/obsbot/rawdata/DECam_01473188.fits.fz N4 1473188 303.1281 61139.07678435 1.11 161.1797295193613 -5.006103813777644 161.18727083333332 -4.931 M464 0.044089694 24.912508 0.98178256 0.9813238 22.018963 0.6827269 decam -9.408238 21.965351 133 object IBIS_wide_M464_328170 328170 0.043482 924.0 1948.0 0.2604924 0.9998743 -0.0008334173 0.047198564 0.00085342507 1.0000116 16038887087 443.99612
/home/declsp/obsbot/rawdata/DECam_01473189.fits.fz N4 1473189 425.8574 61139.08067456 1.11 165.77972207573617 -5.927103805787992 165.78727500000002 -5.852 M464 0.04599427 24.895912 0.96688944 1.1138556 22.015997 0.9088465 decam -18.550613 19.741749 135 object IBIS_wide_M464_325199 325199 0.041607 924.0 1948.0 -0.0071922853 1.000161 -0.0007295191 -0.14860702 0.0007588286 1.00007 16348270984 468.5691
/home/declsp/obsbot/rawdata/DECam_01473190.fits.fz N4 1473190 560.4965 61139.08591179 1.11 165.02972710677824 -5.547103809087475 165.037275 -5.472 M464 0.037149925 24.924501 0.99268776 1.0608261 22.032675 0.77031493 decam -10.31891 22.463037 130 object IBIS_wide_M464_325221 325221 0.034951 924.0 1948.0 -0.015485834 0.999937 -0.00081257086 -0.13083805 0.0007189001 1.0000556 16660080769 727.61993
/home/declsp/obsbot/rawdata/DECam_01473191.fits.fz N4 1473191 369.0777 61139.09271073 1.11 166.4357220128697 -5.619103808462647 166.44327083333332 -5.5440000000000005 M464 0.06709414 24.901707 0.97206336 1.0277066 22.018518 0.7639762 decam -13.915863 18.310015 149 object IBIS_wide_M464_325200 325200 0.0517 924.0 1948.0 0.2668356 1.000327 -0.0006979472 0.08133663 0.000698819 1.0000461 16191120442 483.10104
/home/declsp/obsbot/rawdata/DECam_01473192.fits.fz N4 1473192 356.7678 61139.09729646 1.11 167.92972260667548 -5.57310380886186 167.93727083333334 -5.498 M464 0.048739202 24.89947 0.97006303 1.0032084 22.00623 0.73940015 decam -17.646719 23.473108 155 object IBIS_wide_M464_325209 325209 0.042668 924.0 1948.0 -0.21420217 1.0002404 -0.0007763667 -0.0070408955 0.0005671434 1.000016 16213925090 482.50977
/home/declsp/obsbot/rawdata/DECam_01473193.fits.fz N4 1473193 366.9277 61139.10180663 1.11 172.36571984556005 -6.377103801874804 172.37327916666666 -6.302 M464 0.03294676 24.927252 0.99520546 1.0913649 21.992462 0.84168714 decam -14.139369 24.45838 142 object IBIS_wide_M464_328103 328103 0.038942 924.0 1948.0 0.065364525 1.0003401 -0.00035929194 0.01559252 0.00075729133 1.0001291 16364066230 435.9431
/home/declsp/obsbot/rawdata/DECam_01473194.fits.fz N4 1473194 348.8878 61139.10642445 1.11 176.40271153455436 -6.6521037994800585 176.410275 -6.577 M464 0.03139409 24.908096 0.977802 1.1078622 21.97299 0.91467726 decam -18.579628 14.701299 150 object IBIS_wide_M464_325259 325259 0.035685 924.0 1948.0 -0.014570307 1.0001928 -0.00024903557 0.06667231 0.000474882 0.9997504 16398765058 381.43268
/home/declsp/obsbot/rawdata/DECam_01473195.fits.fz N4 1473195 327.8879 61139.11079169 1.11 176.80171575259143 -6.372103801918321 176.809275 -6.297 M464 0.03330256 24.888403 0.9602261 1.0477922 21.956018 0.86197585 decam -5.9041176 14.766725 138 object IBIS_wide_M464_328245 328245 0.031458 924.0 1948.0 0.023098461 1.0000504 -0.00030398442 0.11170264 6.195817e-05 0.99996156 16121167640 380.39105
/home/declsp/obsbot/rawdata/DECam_01473196.fits.fz N4 1473196 267.9883 61139.11492824 1.11 173.90473688771417 -5.089103813058604 173.91227916666668 -5.014 M517 0.047611967 25.019423 1.007917 0.92957795 21.688412 0.7805711 decam 0.97334284 12.104381 149 object IBIS_wide_M517_528261 528261 0.046917 924.0 1948.0 -0.010886118 1.0000315 -0.00033851626 0.092528224 0.00043442522 0.999812 16322508990 343.3234
