logs/db-2025-04-29.ecsv
# %ECSV 1.0
# ---
# datatype:
# - {name: filename, datatype: string}
# - {name: extension, datatype: string}
# - {name: expnum, datatype: int64}
# - {name: exptime, datatype: float32}
# - {name: mjd_obs, datatype: float64}
# - {name: airmass, datatype: float32}
# - {name: racenter, datatype: float64}
# - {name: deccenter, datatype: float64}
# - {name: rabore, datatype: float64}
# - {name: decbore, datatype: float64}
# - {name: band, datatype: string}
# - {name: ebv, datatype: float32}
# - {name: zeropoint, datatype: float32}
# - {name: transparency, datatype: float32}
# - {name: seeing, datatype: float32}
# - {name: sky, datatype: float32}
# - {name: expfactor, datatype: float32}
# - {name: camera, datatype: string}
# - {name: dx, datatype: float32}
# - {name: dy, datatype: float32}
# - {name: nmatched, datatype: int64}
# - {name: obstype, datatype: string}
# - {name: object, datatype: string}
# - {name: tileid, datatype: int64}
# - {name: tileebv, datatype: float32}
# - {name: affine_x0, datatype: float32}
# - {name: affine_y0, datatype: float32}
# - {name: affine_dx, datatype: float32}
# - {name: affine_dxx, datatype: float32}
# - {name: affine_dxy, datatype: float32}
# - {name: affine_dy, datatype: float32}
# - {name: affine_dyx, datatype: float32}
# - {name: affine_dyy, datatype: float32}
# - {name: checksum, datatype: string}
# - {name: efftime, datatype: float32}
# schema: astropy-2.0
filename extension expnum exptime mjd_obs airmass racenter deccenter rabore decbore band ebv zeropoint transparency seeing sky expfactor camera dx dy nmatched obstype object tileid tileebv affine_x0 affine_y0 affine_dx affine_dxx affine_dxy affine_dy affine_dyx affine_dyy checksum efftime
[from data line 86]
rawdata/DECam_01383009.fits.fz N4 1383009 500.0 60795.32299333 1.38 234.96675252567238 3.5068961128966096 234.97427916666666 3.582 M517 0.06548751 25.035444 1.0681343 1.5622988 21.617153 2.2816043 decam 10.759615 -11.721631 287 object IBIS_wide_M517_537688 537688 0.059848 924.0 1948.0 -0.14178841 1.0003005 0.0015416141 0.08535909 -0.00131017 1.000085 17143676301 219.14406
rawdata/DECam_01383010.fits.fz N4 1383010 500.0 60795.32913812 1.38 234.71776220891707 1.9628961262000124 234.72527916666667 2.038 M517 0.060045563 25.035326 1.0680176 1.3000602 21.608248 1.5940218 decam 7.0611277 -18.797497 333 object IBIS_wide_M517_540500 540500 0.061674 924.0 1948.0 -0.02501357 1.0000973 0.0014891025 0.13447498 -0.0011726592 1.00011 17247501853 313.672
rawdata/DECam_01383011.fits.fz N4 1383011 500.0 60795.33529281 1.37 236.98976797267295 1.5678961295986935 236.99728333333334 1.643 M517 0.1139201 25.037912 1.0688502 1.2522594 21.5203 1.5963058 decam 5.4240093 -19.887333 245 object IBIS_wide_M517_537662 537662 0.10435 924.0 1948.0 -0.36563766 1.0000852 0.0014581194 0.29536265 -0.0014859203 1.000196 20186617500 313.22318
rawdata/DECam_01383012.fits.fz N4 1383012 500.0 60795.34148378 1.37 241.57374728480602 3.0988961164154953 241.58127083333335 3.174 M517 0.10224712 25.01702 1.0484798 1.3274198 21.644056 1.6629486 decam 3.2910361 -13.972624 422 object IBIS_wide_M517_540656 540656 0.087869 924.0 1948.0 -0.2171303 1.0003134 0.001655815 0.19258873 -0.0015763328 1.0001091 17078384190 300.67075
rawdata/DECam_01383013.fits.fz N4 1383013 500.0 60795.34761907 1.38 241.01476480885773 1.2578961322650977 241.02227916666666 1.333 M517 0.13897516 25.03264 1.0653784 1.3072875 21.616203 1.607937 decam 4.1212463 -23.224895 397 object IBIS_wide_M517_540317 540317 0.12153 924.0 1948.0 -0.23302358 1.0001274 0.0016838912 0.024306314 -0.0015849769 1.0001329 17199079781 310.95746
rawdata/DECam_01383014.fits.fz N4 1383014 500.0 60795.35378223 1.37 244.4747661248106 2.0178961257266588 244.48228333333333 2.093 M517 0.089082025 25.016201 1.0476887 1.2231169 21.627464 1.4361525 decam 5.563375 -18.99637 555 object IBIS_wide_M517_540322 540322 0.077927 924.0 1948.0 -0.0334324 1.0000786 0.0017005662 0.112392396 -0.001566055 1.0000852 17257402521 348.15244
rawdata/DECam_01383015.fits.fz N4 1383015 500.0 60795.35992706 1.38 245.19276027696208 1.378896131224424 245.200275 1.454 M517 0.077833116 25.01893 1.0520107 1.2899679 21.598104 1.6327107 decam 12.400249 -29.966635 527 object IBIS_wide_M517_540320 540320 0.074928 924.0 1948.0 -0.29318717 1.0002426 0.001824995 0.042767357 -0.001569161 1.0001884 17252971518 306.2392
rawdata/DECam_01383016.fits.fz N4 1383016 500.0 60795.36607251 1.39 246.99476790040842 1.587896129426642 247.0022833333333 1.663 M517 0.062177084 25.019995 1.0547317 1.3167994 21.576977 1.731265 decam 8.008372 -26.260511 526 object IBIS_wide_M517_537316 537316 0.064659 924.0 1948.0 -0.10827573 1.0002055 0.0017500545 0.22518896 -0.001623106 1.0002216 18683556783 288.80615
rawdata/DECam_01383017.fits.fz N4 1383017 500.0 60795.37376741 1.13 306.4155294741954 -13.965103734440357 306.42327083333333 -13.89 M517 0.05138198 25.061586 1.0511928 1.2612069 21.417889 1.703397 decam -51.840343 -58.825832 804 object IBIS_wide_M517_549004 549004 0.053853 924.0 1948.0 -0.12241882 1.0002877 0.0016499427 0.12345725 -0.0016516198 1.0001166 17694687652 293.5311
rawdata/DECam_01383018.fits.fz N4 1383018 500.0 60795.379951 1.12 306.63854923813597 -13.492103738748987 306.646275 -13.417 M517 0.05599945 25.063353 1.051218 1.2587886 21.43105 1.6709932 decam -33.96837 -51.625523 775 object IBIS_wide_M517_551990 551990 0.050739 924.0 1948.0 -0.21074662 1.0002283 0.0017229292 0.109494925 -0.001773759 1.000024 18093618767 299.22324
rawdata/DECam_01383019.fits.fz N4 1383019 500.0 60795.38611156 1.11 307.7395231317284 -14.274103731616098 307.747275 -14.199 M517 0.056096148 25.059109 1.045441 1.3189414 21.425165 1.8586897 decam -23.212395 -45.204845 753 object IBIS_wide_M517_549005 549005 0.049323 924.0 1948.0 -0.24033031 1.0001907 0.0016260245 -0.025931709 -0.001813793 1.0002222 17502198652 269.0067
rawdata/DECam_01383020.fits.fz N4 1383020 500.0 60795.39227402 1.1 307.0925534798678 -13.097103742334026 307.10026666666664 -13.022 M517 0.051362183 25.06043 1.0450392 1.3916405 21.434557 2.0461202 decam -13.761966 -33.327652 736 object IBIS_wide_M517_549007 549007 0.047609 924.0 1948.0 -0.15911403 1.0002149 0.0016440765 0.14223875 -0.0017089235 1.0000718 18471584318 244.36493
rawdata/DECam_01383021.fits.fz N4 1383021 500.0 60795.39843247 1.09 307.1395684253736 -12.884103744262433 307.147275 -12.809 M517 0.039179888 25.061714 1.0445998 1.3526151 21.446772 1.9069788 decam -12.01126 -30.503815 722 object IBIS_wide_M517_551993 551993 0.047361 924.0 1948.0 -0.05419503 1.0000439 0.0017113232 0.030690275 -0.0016442089 1.0001376 17727758579 262.19482
