logs/db-2026-03-24.ecsv
# %ECSV 1.0
# ---
# datatype:
# - {name: filename, datatype: string}
# - {name: extension, datatype: string}
# - {name: expnum, datatype: int64}
# - {name: exptime, datatype: float32}
# - {name: mjd_obs, datatype: float64}
# - {name: airmass, datatype: float32}
# - {name: racenter, datatype: float64}
# - {name: deccenter, datatype: float64}
# - {name: rabore, datatype: float64}
# - {name: decbore, datatype: float64}
# - {name: band, datatype: string}
# - {name: ebv, datatype: float32}
# - {name: zeropoint, datatype: float32}
# - {name: transparency, datatype: float32}
# - {name: seeing, datatype: float32}
# - {name: sky, datatype: float32}
# - {name: expfactor, datatype: float32}
# - {name: camera, datatype: string}
# - {name: dx, datatype: float32}
# - {name: dy, datatype: float32}
# - {name: nmatched, datatype: int64}
# - {name: obstype, datatype: string}
# - {name: object, datatype: string}
# - {name: tileid, datatype: int64}
# - {name: tileebv, datatype: float32}
# - {name: affine_x0, datatype: float32}
# - {name: affine_y0, datatype: float32}
# - {name: affine_dx, datatype: float32}
# - {name: affine_dxx, datatype: float32}
# - {name: affine_dxy, datatype: float32}
# - {name: affine_dy, datatype: float32}
# - {name: affine_dyx, datatype: float32}
# - {name: affine_dyy, datatype: float32}
# - {name: checksum, datatype: string}
# - {name: efftime, datatype: float32}
# schema: astropy-2.0
filename extension expnum exptime mjd_obs airmass racenter deccenter rabore decbore band ebv zeropoint transparency seeing sky expfactor camera dx dy nmatched obstype object tileid tileebv affine_x0 affine_y0 affine_dx affine_dxx affine_dxy affine_dy affine_dyx affine_dyy checksum efftime
[from data line 41]
/home/declsp/obsbot/rawdata/DECam_01466076.fits.fz N4 1466076 652.0461 61124.3819475 1.19 239.6207684331905 1.433896130751356 239.62828333333334 1.509 M464 0.083878465 24.872936 0.9623258 1.0135794 21.833847 0.9289056 decam -17.8441 18.9412 378 object IBIS_wide_M464_340641 340641 0.091652 924.0 1948.0 -0.43826604 1.0001338 0.0017324869 0.13653901 -0.0017387148 1.0000778 17121435320 701.95087
/home/declsp/obsbot/rawdata/DECam_01466077.fits.fz N4 1466077 598.3264 61124.38979889 1.19 241.01476480885773 1.2578961322650977 241.02227916666666 1.333 M464 0.13897516 24.864172 0.95458955 0.9588973 21.78513 0.88393897 decam -13.875733 22.713915 395 object IBIS_wide_M464_340317 340317 0.12153 924.0 1948.0 -0.20523174 1.0002604 0.0019220745 -0.071593754 -0.0019185882 1.0000207 17103251039 676.8866
/home/declsp/obsbot/rawdata/DECam_01466078.fits.fz N4 1466078 150.0 61124.3987038 1.17 219.89309712522018 -26.613993610135296 219.9015 -26.53889 M464 0.09919632 24.881516 0.965984 0.9485415 21.610582 0.9839235 decam -32.433765 17.137083 587 object "NGC5694 position 0" 0 0.0 924.0 1948.0 -0.06844779 1.0000465 0.0016113699 -0.26869977 -0.0013456078 1.0001374 15920247274 152.45088
/home/declsp/obsbot/rawdata/DECam_01466079.fits.fz N4 1466079 150.0 61124.40079526 1.18 219.85105382316084 -26.57951666606151 219.85945416666667 -26.504413055555556 M464 0.09875956 24.880184 0.9667839 0.91848856 21.496054 1.0279051 decam -18.636189 7.1244125 818 object "NGC5694 position 1" 0 0.0 924.0 1948.0 -0.5852597 0.9998512 0.0016706649 -0.3470788 -0.0013993856 1.0001096 15949205668 145.92787
/home/declsp/obsbot/rawdata/DECam_01466080.fits.fz N4 1466080 150.0 61124.40285906 1.18 219.90014183225378 -26.685885553806113 219.90855 -26.610781944444444 M464 0.0998924 24.883192 0.969466 0.9340597 21.290422 1.2774931 decam -12.637998 -3.3475025 452 object "NGC5694 position 2" 0 0.0 924.0 1948.0 0.08195996 1.0001987 0.0014991257 0.10075997 -0.0014177432 1.0001183 16552728926 117.417465
/home/declsp/obsbot/rawdata/DECam_01466081.fits.fz N4 1466081 150.0 61124.4049507 1.19 219.95317727137098 -26.54383555533378 219.96157499999998 -26.468731944444443 M464 0.10165784 24.86189 0.95258665 0.98699903 21.06448 1.8261225 decam -0.94987285 -9.480426 819 object "NGC5694 position 3" 0 0.0 924.0 1948.0 0.44359732 0.9999582 0.001568354 0.27088368 -0.0015070658 1.000174 16213228106 82.14126
/home/declsp/obsbot/rawdata/DECam_01466082.fits.fz N4 1466082 150.0 61124.40701498 1.2 219.78074582149165 -26.631726665500114 219.78914999999998 -26.556623055555555 M464 0.097460225 24.872627 0.96403104 1.1301177 20.694012 3.2997162 decam -7.7225695 -11.416466 536 object "NGC5694 position 4" 0 0.0 924.0 1948.0 -0.33781782 1.0002614 0.0015071741 -0.009974256 -0.0014989085 1.0000811 16561867911 45.458454
/home/declsp/obsbot/rawdata/DECam_01466083.fits.fz N4 1466083 150.0 61124.40909382 1.21 220.00076345366145 -26.675198609476727 220.00917083333334 -26.600095 M464 0.1015648 24.877018 0.9699277 1.0334464 20.2207 4.234324 decam -4.5574737 -14.473201 423 object "NGC5694 position 5" 0 0.0 924.0 1948.0 -0.09864464 1.000143 0.0015134873 0.09133625 -0.0014299761 1.0002041 17665693287 35.42478
/home/declsp/obsbot/rawdata/DECam_01466084.fits.fz N4 1466084 150.0 61124.41115215 1.22 219.85686430167692 -26.493274722543287 219.86525833333332 -26.41817111111111 M464 0.09862915 24.86711 0.9630913 1.0661135 19.683586 7.525358 decam -1.0630221 -16.477213 730 object "NGC5694 position 6" 0 0.0 924.0 1948.0 -1.0082642 0.99997604 0.0015099759 0.5923923 -0.001653606 1.0001196 18218995062 19.932606
/home/declsp/obsbot/rawdata/DECam_01466085.fits.fz N4 1466085 150.0 61124.41323784 1.23 219.82345912720416 -26.733795553290005 219.83187083333334 -26.658691944444445 M464 0.09772608 24.880405 0.9769634 1.0156418 19.09821 11.429101 decam -2.763297 -7.5277214 369 object "NGC5694 position 7" 0 0.0 924.0 1948.0 -0.15976034 1.00015 0.0013989203 0.115668945 -0.0014400438 1.0002091 20743816984 13.124392
/home/declsp/obsbot/rawdata/DECam_01466086.fits.fz N4 1466086 15.0 61124.41620299 1.79 189.70078795747543 -49.79143632983654 189.712425 -49.71633305555556 M464 0.12849489 24.743134 0.9658757 1.2842432 18.127485 57.482662 decam -6.4313416 -8.312717 560 object "LTT4861 N4" 0 0.0 924.0 1948.0 -0.09003054 1.0000554 0.00082959794 0.22664413 -0.0007809439 1.0002109 16546039365 0.26094824
/home/declsp/obsbot/rawdata/DECam_01466087.fits.fz N4 1466087 15.0 61124.41667893 1.8 189.21964629080875 -49.79143632983654 189.23128333333335 -49.71633305555556 M464 0.123391315 24.739014 0.9641964 1.2580322 17.978956 63.732525 decam -16.241535 -7.8730187 503 object "LTT4861 N5" 0 0.0 924.0 1948.0 -0.41748428 0.9997444 0.00087705144 0.23255599 -0.0010834249 1.0004363 16719479679 0.23535864
/home/declsp/obsbot/rawdata/DECam_01466088.fits.fz N4 1466088 15.0 61124.4171622 1.78 190.1818893914288 -49.95810327083149 190.19356666666667 -49.883 M464 0.13002166 24.757784 0.97698826 1.0944018 17.845684 52.70426 decam -28.01721 -15.675803 557 object "LTT4861 S3" 0 0.0 924.0 1948.0 -0.1938309 1.0001485 0.0008208579 -0.16187638 -0.0009021217 1.0002844 16894733743 0.28460696
/home/declsp/obsbot/rawdata/DECam_01466089.fits.fz N4 1466089 15.0 61124.41762618 1.8 189.70074772476212 -49.95810327083149 189.712425 -49.883 M464 0.11683266 24.748188 0.97237873 1.1138624 17.697372 63.69771 decam -22.407108 -16.725473 568 object "LTT4861 S4" 0 0.0 924.0 1948.0 -0.040938985 0.9998469 0.0009005774 -0.108782694 -0.0009895054 1.0005198 17114675075 0.23548728
/home/declsp/obsbot/rawdata/DECam_01466090.fits.fz N4 1466090 15.0 61124.41808798 1.82 189.21960605809545 -49.95810327083149 189.23128333333335 -49.883 M464 0.12251485 24.748877 0.9770004 1.0275807 17.548388 62.128345 decam -23.188158 -17.316925 525 object "LTT4861 S5" 0 0.0 924.0 1948.0 -0.14584464 0.99993575 0.00081521244 0.031103158 -0.0005228377 1.0006175 17368719056 0.24143569
/home/declsp/obsbot/rawdata/DECam_01466091.fits.fz N4 1466091 15.0 61124.41975171 1.1 234.74177384719718 -28.584297477454864 234.7503291666667 -28.509193888888888 M464 0.11373475 24.891935 0.9613778 0.97999203 17.63512 40.092777 decam -32.76975 10.208574 383 object "LTT6248 N4" 0 0.0 924.0 1948.0 -0.3019178 0.99988085 0.0020165816 0.071783744 -0.0017483084 1.0001063 17224850585 0.37413222
/home/declsp/obsbot/rawdata/DECam_01466092.fits.fz N4 1466092 15.0 61124.42023997 1.1 234.38807384719718 -28.584297477454868 234.39662916666666 -28.509193888888888 M464 0.22622195 24.850248 0.92516506 0.8988532 17.481565 41.97431 decam -23.198738 3.7942226 230 object "LTT6248 N5" 0 0.0 924.0 1948.0 -0.36958095 1.0004051 0.001977769 0.044789724 -0.0021957352 1.0002187 17494405788 0.35736144
/home/declsp/obsbot/rawdata/DECam_01466093.fits.fz N4 1466093 15.0 61124.42073959 1.1 235.09544772966674 -28.750964697816126 235.10401666666667 -28.67586111111111 M464 0.13145722 24.886286 0.9563885 0.94668835 17.341103 49.572735 decam -13.727561 19.092703 339 object "LTT6248 S3" 0 0.0 924.0 1948.0 -0.059023865 0.9999859 0.0019278398 0.103898294 -0.0019658655 1.0001032 17791349914 0.3025857
/home/declsp/obsbot/rawdata/DECam_01466094.fits.fz N4 1466094 15.0 61124.42123319 1.1 234.74176022966677 -28.750964697816126 234.7503291666667 -28.67586111111111 M464 0.12067507 24.891207 0.96073246 0.89350647 17.186298 50.484535 decam -27.551283 26.578716 284 object "LTT6248 S4" 0 0.0 924.0 1948.0 -0.547126 0.99994123 0.0020274972 0.13233638 -0.0018183707 1.0001272 18160254618 0.2971207
/home/declsp/obsbot/rawdata/DECam_01466095.fits.fz N4 1466095 15.0 61124.42172698 1.11 234.38806022966676 -28.750964697816126 234.39662916666666 -28.67586111111111 M464 0.33074725 28.169546 19.716513 0.45436734 17.068975 0.034988567 decam 438.66867 532.44336 9 object "LTT6248 S5" 0 0.0 924.0 1948.0 2.2701595 1.0080063 -0.0036586705 -2.0060205 0.008665051 0.9986121 18478475063 428.71146
