logs/db-2025-03-03.ecsv
# %ECSV 1.0
# ---
# datatype:
# - {name: filename, datatype: string}
# - {name: extension, datatype: string}
# - {name: expnum, datatype: int64}
# - {name: exptime, datatype: float32}
# - {name: mjd_obs, datatype: float64}
# - {name: airmass, datatype: float32}
# - {name: racenter, datatype: float64}
# - {name: deccenter, datatype: float64}
# - {name: rabore, datatype: float64}
# - {name: decbore, datatype: float64}
# - {name: band, datatype: string}
# - {name: ebv, datatype: float32}
# - {name: zeropoint, datatype: float32}
# - {name: transparency, datatype: float32}
# - {name: seeing, datatype: float32}
# - {name: sky, datatype: float32}
# - {name: expfactor, datatype: float32}
# - {name: camera, datatype: string}
# - {name: dx, datatype: float32}
# - {name: dy, datatype: float32}
# - {name: nmatched, datatype: int64}
# - {name: obstype, datatype: string}
# - {name: object, datatype: string}
# - {name: tileid, datatype: int64}
# - {name: tileebv, datatype: float32}
# - {name: affine_x0, datatype: float32}
# - {name: affine_y0, datatype: float32}
# - {name: affine_dx, datatype: float32}
# - {name: affine_dxx, datatype: float32}
# - {name: affine_dxy, datatype: float32}
# - {name: affine_dy, datatype: float32}
# - {name: affine_dyx, datatype: float32}
# - {name: affine_dyy, datatype: float32}
# - {name: checksum, datatype: string}
# - {name: efftime, datatype: float32}
# schema: astropy-2.0
filename extension expnum exptime mjd_obs airmass racenter deccenter rabore decbore band ebv zeropoint transparency seeing sky expfactor camera dx dy nmatched obstype object tileid tileebv affine_x0 affine_y0 affine_dx affine_dxx affine_dxy affine_dy affine_dyx affine_dyy checksum efftime
[from data line 45]
rawdata/DECam_01370497.fits.fz N4 1370497 107.5493 60738.12836135 1.2 150.60376550516082 0.9868961345955268 150.61127916666666 1.062 M517 0.024570351 25.02823 1.0308896 1.0254161 21.579483 1.0326228 decam 6.6861415 -7.416538 103 object IBIS_deep_cosmos_M517_11 0 0.0 924.0 1948.0 0.95440006 0.9999077 -0.001582649 -0.14130545 0.0013531175 1.0000741 15770889078 104.15159
rawdata/DECam_01370498.fits.fz N4 1370498 299.218 60738.12994274 1.2 150.8967610483862 1.1078961335550566 150.904275 1.183 M490 0.025700815 25.000462 1.056683 1.0063988 21.662394 0.88465023 decam 12.750774 3.6274812 101 object IBIS_deep_cosmos_M490_12 0 0.0 924.0 1948.0 0.4177158 1.0002143 -0.0016566735 0.051314972 0.0013743996 0.999972 16319542318 338.2331
rawdata/DECam_01370499.fits.fz N4 1370499 237.6786 60738.13377134 1.19 150.8967610483862 1.1078961335550566 150.904275 1.183 M517 0.025700815 25.025896 1.0270286 0.9335048 21.58239 0.857616 decam 7.037644 -6.643307 107 object IBIS_deep_cosmos_M517_12 0 0.0 924.0 1948.0 0.37047368 1.0001723 -0.001739055 -0.008946605 0.0013329306 0.99998885 16224017669 277.1387
rawdata/DECam_01370500.fits.fz N4 1370500 270.3583 60738.13687137 1.19 151.1507688555271 1.298896131912484 151.15828333333332 1.374 M490 0.030693015 25.00037 1.0546784 0.95150065 21.669395 0.78604966 decam 4.380737 -5.6900787 106 object IBIS_deep_cosmos_M490_13 0 0.0 924.0 1948.0 0.08612126 1.0000587 -0.0014179061 0.08878295 0.0014448616 0.9999898 16273918296 343.9456
rawdata/DECam_01370501.fits.fz N4 1370501 214.7586 60738.14035762 1.19 151.1507688555271 1.298896131912484 151.15828333333332 1.374 M517 0.030693015 25.028023 1.0290422 0.9171333 21.594185 0.8157368 decam 5.1331773 -5.3890963 108 object IBIS_deep_cosmos_M517_13 0 0.0 924.0 1948.0 0.066065714 1.0000513 -0.0014392949 0.08799139 0.0014295263 0.9999965 16170357736 263.26947
rawdata/DECam_01370502.fits.fz N4 1370502 288.7082 60738.14318379 1.19 151.35176805817977 1.543896129805151 151.35928333333334 1.619 M490 0.033871163 25.003345 1.0575726 0.963497 21.66414 0.8054228 decam 3.5225554 1.7451539 102 object IBIS_deep_cosmos_M490_14 0 0.0 924.0 1948.0 0.14414644 1.000458 -0.0013639609 -0.060139257 0.0014153161 1.0000575 16276261572 358.45547
rawdata/DECam_01370503.fits.fz N4 1370503 212.1787 60738.14687277 1.18 151.35176805817977 1.543896129805151 151.35928333333334 1.619 M517 0.033871163 25.02947 1.0287648 0.9215251 21.60257 0.81503487 decam 2.2818708 -4.784151 104 object IBIS_deep_cosmos_M517_14 0 0.0 924.0 1948.0 0.16312097 1.00029 -0.0013440268 -0.15260978 0.0016769838 1.0000386 16111026249 260.33084
rawdata/DECam_01370504.fits.fz N4 1370504 233.6585 60738.14965903 1.19 151.49075862416356 1.8288961273531466 151.498275 1.904 M490 0.037249584 24.997133 1.0515392 0.8721689 21.6799 0.65833855 decam 7.013982 6.780213 99 object IBIS_deep_cosmos_M490_15 0 0.0 924.0 1948.0 -0.10274746 1.0000314 -0.001646741 -0.072738074 0.0013257918 0.9998533 16096035892 354.9215
rawdata/DECam_01370505.fits.fz N4 1370505 179.8089 60738.15271797 1.18 151.49075862416356 1.8288961273531466 151.498275 1.904 M517 0.037249584 25.024143 1.0237299 0.84708107 21.606306 0.69344676 decam 0.54254836 4.3533287 99 object IBIS_deep_cosmos_M517_15 0 0.0 924.0 1948.0 -0.01126285 0.9999489 -0.0016524931 -0.14802614 0.0011835913 0.9999046 15998833286 259.29733
rawdata/DECam_01370506.fits.fz N4 1370506 238.4685 60738.15516603 1.19 151.56275721533152 2.138896124685166 151.570275 2.214 M490 0.050979055 25.005198 1.0593774 0.91001475 21.68004 0.70586526 decam 3.4399173 17.950665 111 object IBIS_deep_cosmos_M490_16 0 0.0 924.0 1948.0 0.08816685 1.000187 -0.0015981646 -0.14272816 0.0014361151 0.9998575 16162894606 337.83856
rawdata/DECam_01370507.fits.fz N4 1370507 182.8888 60738.15828222 1.18 151.56275721533152 2.138896124685166 151.570275 2.214 M517 0.050979055 25.030626 1.029861 0.87334 21.61754 0.72070986 decam 3.6177492 10.751865 114 object IBIS_deep_cosmos_M517_16 0 0.0 924.0 1948.0 0.14219545 1.0001241 -0.0016696485 -0.11435163 0.0014173258 0.99989283 16045640576 253.76204
rawdata/DECam_01370508.fits.fz N4 1370508 229.2586 60738.16074941 1.19 151.5657555464638 2.4558961219558246 151.573275 2.531 M490 0.03702531 25.009817 1.063895 0.91112477 21.673923 0.70555043 decam 8.741916 21.200914 87 object IBIS_deep_cosmos_M490_17 0 0.0 924.0 1948.0 -0.19425838 1.0003774 -0.0015104184 -0.07719214 0.001725818 0.99993384 16395453455 324.93582
rawdata/DECam_01370509.fits.fz N4 1370509 190.8289 60738.16375215 1.19 151.5657555464638 2.4558961219558246 151.573275 2.531 M517 0.03702531 25.03274 1.0335215 0.8670261 21.593657 0.7233399 decam 8.477865 17.539522 92 object IBIS_deep_cosmos_M517_17 0 0.0 924.0 1948.0 -0.083935685 1.000401 -0.0014403294 -0.03551896 0.0017249928 0.99993145 16328377713 263.81635
rawdata/DECam_01370510.fits.fz N4 1370510 236.2085 60738.16630653 1.19 151.50174951801077 2.766896119276884 151.50927083333335 2.842 M490 0.027651554 25.000332 1.054642 0.90149224 21.69084 0.6920618 decam 8.942924 27.474945 102 object IBIS_deep_cosmos_M490_18 0 0.0 924.0 1948.0 0.33186603 1.000403 -0.0015249993 -0.2017025 0.0017376263 0.99998546 16210467483 341.31128
rawdata/DECam_01370511.fits.fz N4 1370511 177.8089 60738.16942082 1.19 151.50174951801077 2.766896119276884 151.50927083333335 2.842 M517 0.027651554 25.02381 1.0250572 0.85875976 21.628986 0.6983293 decam 19.87704 24.12677 102 object IBIS_deep_cosmos_M517_18 0 0.0 924.0 1948.0 0.27561542 1.0004709 -0.0015838506 -0.14958835 0.0017007145 0.999992 16067845651 254.6204
rawdata/DECam_01370512.fits.fz N4 1370512 210.0886 60738.17184969 1.19 151.37475590767073 3.0578961167689527 151.38227916666665 3.133 M490 0.021720773 25.002457 1.0567067 0.8781962 21.68671 0.656794 decam 9.805158 27.947922 99 object IBIS_deep_cosmos_M490_19 0 0.0 924.0 1948.0 0.17255038 1.0002488 -0.0015968387 -0.21636166 0.0015418046 0.9999443 16107979230 319.86984
rawdata/DECam_01370513.fits.fz N4 1370513 159.309 60738.17464376 1.2 151.37475590767073 3.0578961167689527 151.38227916666665 3.133 M517 0.021720773 25.02508 1.0279032 0.8699792 21.614426 0.72461134 decam 10.738176 24.446178 99 object IBIS_deep_cosmos_M517_19 0 0.0 924.0 1948.0 0.2640225 1.0002066 -0.0016091904 -0.16321775 0.0015286658 0.9999913 16001698855 219.85442
rawdata/DECam_01370514.fits.fz N4 1370514 218.1487 60738.17686136 1.2 151.1927456650206 3.3188961145184166 151.20027083333332 3.394 M490 0.020695146 25.011366 1.0673494 0.8720174 21.683056 0.63921905 decam 0.77373254 39.073452 100 object IBIS_deep_cosmos_M490_20 0 0.0 924.0 1948.0 -0.059532825 1.0004148 -0.001628522 -0.026429169 0.0017802606 1.0000712 16069902714 341.27377
rawdata/DECam_01370515.fits.fz N4 1370515 177.6589 60738.17973282 1.2 151.1927456650206 3.3188961145184166 151.20027083333332 3.394 M517 0.020695146 25.02279 1.0257384 0.84855604 21.607885 0.6965772 decam 0.6881426 28.116997 101 object IBIS_deep_cosmos_M517_20 0 0.0 924.0 1948.0 -0.06325446 1.0003119 -0.0016407651 0.022893926 0.0019534824 1.0000653 16011560626 255.04552
rawdata/DECam_01370516.fits.fz N4 1370516 201.2188 60738.18214 1.21 150.96274810833103 3.5378961126291215 150.97027500000002 3.613 M490 0.022124961 25.0122 1.0701077 0.8698868 21.68907 0.6316277 decam 8.423216 29.07269 99 object IBIS_deep_cosmos_M490_21 0 0.0 924.0 1948.0 0.34430847 0.99981874 -0.0016107848 -0.20359157 0.0016792226 0.99987257 16010807425 318.57184
rawdata/DECam_01370517.fits.fz N4 1370517 156.1989 60738.18617657 1.21 150.96274810833103 3.5378961126291215 150.97027500000002 3.613 M517 0.022124961 25.02416 1.0286789 0.821649 21.608362 0.6513223 decam -2.9640155 -3.281215 107 object IBIS_deep_cosmos_M517_21 0 0.0 924.0 1948.0 0.22452198 0.99989724 -0.0015999783 -0.20317797 0.0013860621 0.9998843 15931759671 239.81813
rawdata/DECam_01370518.fits.fz N4 1370518 205.1587 60738.18833653 1.22 150.6957466771457 3.709896111144668 150.703275 3.785 M490 0.019253459 25.009062 1.068958 0.8488754 21.678175 0.61117107 decam -1.7354338 -2.067484 105 object IBIS_deep_cosmos_M490_22 0 0.0 924.0 1948.0 0.25578797 1.0000482 -0.0016593284 -0.023797033 0.0012459422 1.000076 16211405930 335.6813
rawdata/DECam_01370519.fits.fz N4 1370519 179.3489 60738.1910715 1.22 150.6957466771457 3.709896111144668 150.703275 3.785 M517 0.019253459 25.030924 1.0367684 0.85159993 21.594158 0.69992745 decam 3.7352467 -4.8863015 104 object IBIS_deep_cosmos_M517_22 0 0.0 924.0 1948.0 0.081295595 0.9999916 -0.0016846982 -0.04551664 0.0013614162 1.0001601 16192872964 256.23926
rawdata/DECam_01370520.fits.fz N4 1370520 210.0587 60738.19350327 1.23 150.4007414714658 3.829896110108663 150.40827083333335 3.905 M490 0.020609915 25.012094 1.0738944 0.8640158 21.686407 0.6248084 decam 2.9364877 -1.5226533 110 object IBIS_deep_cosmos_M490_23 0 0.0 924.0 1948.0 0.20921522 1.000001 -0.0015812158 -0.10496257 0.0013774427 0.9999303 16141539554 336.19702
rawdata/DECam_01370521.fits.fz N4 1370521 188.6388 60738.19627924 1.23 150.4007414714658 3.829896110108663 150.40827083333335 3.905 M517 0.020609915 25.031803 1.0392728 0.8732655 21.601355 0.7298245 decam 5.267749 -3.18329 113 object IBIS_deep_cosmos_M517_23 0 0.0 924.0 1948.0 0.21830595 1.0000287 -0.0016755036 -0.19784053 0.0016890761 0.99998254 16149394718 258.47147
rawdata/DECam_01370522.fits.fz N4 1370522 257.8184 60738.19881933 1.21 149.5927615328088 2.1078961249520094 149.60027916666667 2.183 M490 0.019542078 25.001793 1.0599008 0.9643944 21.69612 0.7857447 decam 3.28864 1.1057314 104 object IBIS_deep_cosmos_M490_24 0 0.0 924.0 1948.0 0.417729 1.0002961 -0.0016277796 -0.018838912 0.0014878281 0.99972165 16198759977 328.11978
rawdata/DECam_01370523.fits.fz N4 1370523 239.3385 60738.20215534 1.22 149.5927615328088 2.1078961249520094 149.60027916666667 2.183 M517 0.019542078 25.021797 1.0280888 0.99915665 21.607016 0.96738166 decam 10.542485 -1.7738199 104 object IBIS_deep_cosmos_M517_24 0 0.0 924.0 1948.0 0.42728037 0.99985737 -0.001607837 -0.28490415 0.0018413144 0.99979556 16243058436 247.40855
rawdata/DECam_01370524.fits.fz N4 1370524 289.8182 60738.20527091 1.22 149.56775876526 1.7948961276457052 149.575275 1.87 M490 0.019714534 24.988468 1.0488747 1.0306805 21.70033 0.91590244 decam 14.221686 0.53092676 99 object IBIS_deep_cosmos_M490_25 0 0.0 924.0 1948.0 -0.09758115 1.0000341 -0.0016411887 -0.15913045 0.0014434658 1.0000064 16308809834 316.4291
rawdata/DECam_01370525.fits.fz N4 1370525 223.3586 60738.20896551 1.23 149.56775876526 1.7948961276457052 149.575275 1.87 M517 0.019714534 25.014967 1.0232812 0.96548307 21.621698 0.9025836 decam 19.170708 0.69452363 100 object IBIS_deep_cosmos_M517_25 0 0.0 924.0 1948.0 -0.076556064 0.99998534 -0.001662737 -0.1654572 0.0015810846 1.0000672 16185155984 247.46584
rawdata/DECam_01370526.fits.fz N4 1370526 256.8983 60738.21190908 1.23 149.71076815973865 1.5148961300546144 149.71828333333335 1.5899999999999999 M490 0.022857705 24.998049 1.0600916 0.9591358 21.695654 0.7829366 decam 20.600765 12.264932 111 object IBIS_deep_cosmos_M490_26 0 0.0 924.0 1948.0 -0.108590096 1.0004687 -0.0019714835 -0.17217618 0.0017323954 0.9999649 16180568055 328.1215
rawdata/DECam_01370527.fits.fz N4 1370527 191.2288 60738.21526515 1.24 149.71076815973865 1.5148961300546144 149.71828333333335 1.5899999999999999 M517 0.022857705 25.01686 1.0267096 0.9055413 21.598377 0.8087041 decam 10.994568 0.116973504 109 object IBIS_deep_cosmos_M517_26 0 0.0 924.0 1948.0 -0.25492737 1.0002911 -0.0019185682 -0.27158043 0.0017628793 0.99997145 16060674381 236.46326
rawdata/DECam_01370528.fits.fz N4 1370528 324.0579 60738.21786815 1.24 149.96576876528388 1.3288961316544667 149.97328333333334 1.404 M490 0.02084288 24.995018 1.0590563 1.0828288 21.684639 1.013122 decam 0.6179938 17.502913 105 object IBIS_deep_cosmos_M490_27 0 0.0 924.0 1948.0 0.005704314 1.0001615 -0.001491424 0.019522654 0.001956658 1.0001235 16461165179 319.86072
rawdata/DECam_01370529.fits.fz N4 1370529 264.9384 60738.22198109 1.26 149.96576876528388 1.3288961316544667 149.97328333333334 1.404 M517 0.02084288 25.013977 1.0272747 1.0604801 21.602276 1.110108 decam 0.062381856 6.441216 109 object IBIS_deep_cosmos_M517_27 0 0.0 924.0 1948.0 0.1065365 1.0003549 -0.0015378632 -0.09291462 0.0018214692 1.000241 16374216099 238.66003
rawdata/DECam_01370530.fits.fz N4 1370530 271.5983 60738.22541 1.26 150.27476896687475 1.260896132239297 150.28228333333334 1.336 M490 0.020846782 25.004185 1.071919 0.98252964 21.692043 0.81496173 decam -1.690817 15.054736 95 object IBIS_deep_cosmos_M490_28 0 0.0 924.0 1948.0 0.119822554 1.0002301 -0.0015503956 -0.097107 0.0020589575 0.9999903 16219593090 333.2651
rawdata/DECam_01370531.fits.fz N4 1370531 234.1686 60738.2289065 1.27 150.27476896687475 1.260896132239297 150.28228333333334 1.336 M517 0.020846782 25.021948 1.0365038 0.9359519 21.59645 0.8572257 decam -3.718376 10.053315 97 object IBIS_deep_cosmos_M517_28 0 0.0 924.0 1948.0 0.12889118 1.0002091 -0.0014361069 -0.14718638 0.0020985382 0.99988496 16208212034 273.1703
rawdata/DECam_01370532.fits.fz N4 1370532 305.388 60738.23196586 1.28 150.58676881667495 1.3118961318006772 150.59428333333332 1.387 M490 0.025361596 24.991661 1.0634785 1.0057971 21.676258 0.886641 decam -10.701864 15.191205 122 object IBIS_deep_cosmos_M490_29 0 0.0 924.0 1948.0 0.42510545 1.000308 -0.0018185326 -0.08820664 0.002142352 1.0000564 16336318380 344.43253
rawdata/DECam_01370533.fits.fz N4 1370533 239.0784 60738.23586119 1.3 150.58676881667495 1.3118961318006772 150.59428333333332 1.387 M517 0.025361596 25.007998 1.0282031 0.9711633 21.590654 0.951838 decam -2.6643202 8.20415 122 object IBIS_deep_cosmos_M517_29 0 0.0 924.0 1948.0 0.41486663 1.0002432 -0.0017420795 -0.16584551 0.0020972665 1.0000407 16227780456 251.1755
rawdata/DECam_01370534.fits.fz N4 1370534 296.0681 60738.23899853 1.31 150.86276832359965 1.4668961304675043 150.87028333333333 1.542 M490 0.025614554 24.98783 1.0655154 0.9822378 21.667442 0.858627 decam -5.126512 17.27584 111 object IBIS_deep_cosmos_M490_30 0 0.0 924.0 1948.0 0.02549038 1.0002314 -0.0016626588 -0.28409687 0.0017913409 1.0001839 16520721220 344.8157
rawdata/DECam_01370535.fits.fz N4 1370535 246.7884 60738.24277715 1.33 150.86276832359965 1.4668961304675043 150.87028333333333 1.542 M517 0.025614554 25.014883 1.0397322 1.025634 21.58175 1.056565 decam -7.6142945 6.807619 111 object IBIS_deep_cosmos_M517_30 0 0.0 924.0 1948.0 -0.012247752 1.000392 -0.0016024816 -0.3406575 0.00210153 1.0002018 16447579999 233.57614
rawdata/DECam_01370536.fits.fz N4 1370536 316.8379 60738.24598564 1.34 151.07576747488324 1.700896128454487 151.08328333333333 1.776 M490 0.027686026 24.991 1.0744632 0.9304023 21.654934 0.7750143 decam -15.402342 3.7832372 108 object IBIS_deep_cosmos_M490_31 0 0.0 924.0 1948.0 0.11726463 1.0005727 -0.001515656 -0.23621434 0.0016802611 1.0001029 16435823448 408.81555
rawdata/DECam_01370537.fits.fz N4 1370537 237.8284 60738.25000467 1.36 151.07576747488324 1.700896128454487 151.08328333333333 1.776 M517 0.027686026 25.001198 1.0316572 0.947076 21.550339 0.95142055 decam -12.059835 3.9672256 102 object IBIS_deep_cosmos_M517_31 0 0.0 924.0 1948.0 0.21179743 1.0005308 -0.0015216446 -0.18679373 0.001675365 1.0000548 16290102216 249.9719
rawdata/DECam_01370538.fits.fz N4 1370538 291.6282 60738.2531424 1.38 151.20875792456846 1.9888961259762499 151.216275 2.064 M490 0.032464612 24.975758 1.0672023 0.9395678 21.63564 0.8273923 decam -16.684822 -8.981401 110 object IBIS_deep_cosmos_M490_32 0 0.0 924.0 1948.0 -0.05856973 1.0002456 -0.0015287924 -0.24853602 0.0019984425 0.9999985 16377973319 352.46667
rawdata/DECam_01370539.fits.fz N4 1370539 261.1884 60738.25688046 1.4 151.20875792456846 1.9888961259762499 151.216275 2.064 M517 0.032464612 25.004543 1.0414954 0.96012914 21.517988 1.0011369 decam -11.5209 -11.180803 114 object IBIS_deep_cosmos_M517_32 0 0.0 924.0 1948.0 -0.044458564 1.000245 -0.001535246 -0.29937965 0.0019244616 1.0001082 16417648677 260.8918
