logs/db-2025-12-25.ecsv
# %ECSV 1.0
# ---
# datatype:
# - {name: filename, datatype: string}
# - {name: extension, datatype: string}
# - {name: expnum, datatype: int64}
# - {name: exptime, datatype: float32}
# - {name: mjd_obs, datatype: float64}
# - {name: airmass, datatype: float32}
# - {name: racenter, datatype: float64}
# - {name: deccenter, datatype: float64}
# - {name: rabore, datatype: float64}
# - {name: decbore, datatype: float64}
# - {name: band, datatype: string}
# - {name: ebv, datatype: float32}
# - {name: zeropoint, datatype: float32}
# - {name: transparency, datatype: float32}
# - {name: seeing, datatype: float32}
# - {name: sky, datatype: float32}
# - {name: expfactor, datatype: float32}
# - {name: camera, datatype: string}
# - {name: dx, datatype: float32}
# - {name: dy, datatype: float32}
# - {name: nmatched, datatype: int64}
# - {name: obstype, datatype: string}
# - {name: object, datatype: string}
# - {name: tileid, datatype: int64}
# - {name: tileebv, datatype: float32}
# - {name: affine_x0, datatype: float32}
# - {name: affine_y0, datatype: float32}
# - {name: affine_dx, datatype: float32}
# - {name: affine_dxx, datatype: float32}
# - {name: affine_dxy, datatype: float32}
# - {name: affine_dy, datatype: float32}
# - {name: affine_dyx, datatype: float32}
# - {name: affine_dyy, datatype: float32}
# - {name: checksum, datatype: string}
# - {name: efftime, datatype: float32}
# schema: astropy-2.0
filename extension expnum exptime mjd_obs airmass racenter deccenter rabore decbore band ebv zeropoint transparency seeing sky expfactor camera dx dy nmatched obstype object tileid tileebv affine_x0 affine_y0 affine_dx affine_dxx affine_dxy affine_dy affine_dyx affine_dyy checksum efftime
rawdata/DECam_01444262.fits.fz N4 1444262 35.0 61035.19822685 1.29 56.28150533736033 -14.664103728040391 56.28927083333333 -14.589 M517 0.054502755 25.011324 1.0297072 1.0984117 21.731817 1.4927409 decam -5.615146 59.998177 65 object "pointing test" 0 0.0 924.0 1948.0 -0.1272722 1.0002577 -0.0025685322 -0.18980366 0.0025817372 1.0002656 15454543002 23.446802
rawdata/DECam_01444263.fits.fz N4 1444263 453.3075 61035.20328655 1.34 129.84476407979284 -2.420103836104497 129.85228333333333 -2.3449999999999998 M517 0.02700517 24.994125 1.0216784 1.3761793 21.673527 2.1476135 decam 7.954236 -39.720745 345 object IBIS_wide_M517_519250 519250 0.028195 924.0 1948.0 0.16820587 1.0002365 -0.0019658739 -0.13792148 0.0019266122 1.0000888 16952982375 211.07498
rawdata/DECam_01444264.fits.fz N4 1444264 397.7978 61035.2088666 1.31 131.3667470984926 -3.660103825414904 131.374275 -3.585 M517 0.017451135 25.002558 1.0247047 1.24493 21.656221 1.6568489 decam 2.5312629 -39.752186 319 object IBIS_wide_M517_519242 519242 0.02009 924.0 1948.0 0.050206102 1.0000145 -0.0018742485 -0.30894592 0.0018715921 1.0001671 17268048496 240.09297
rawdata/DECam_01444265.fits.fz N4 1444265 383.5979 61035.21380776 1.29 132.60173122254898 -4.85610381507665 132.60927083333334 -4.781 M517 0.01840186 25.00254 1.0214107 1.2373822 21.71642 1.5578378 decam -3.1261752 -28.61892 354 object IBIS_wide_M517_519218 519218 0.019204 924.0 1948.0 -0.016618265 1.0001625 -0.0019636261 -0.21244262 0.0018243511 1.0001266 16862126910 246.23738
rawdata/DECam_01444266.fits.fz N4 1444266 349.758 61035.21863006 1.3 137.03970872501236 -6.832103797911142 137.047275 -6.757 M517 0.040365662 25.007252 1.027498 1.1624084 21.742336 1.5267721 decam 2.95585 -24.00214 266 object IBIS_wide_M517_522105 522105 0.040827 924.0 1948.0 -0.46589753 1.0001616 -0.0017844111 -0.07478992 0.0015727907 1.0002154 16510803292 229.0833
rawdata/DECam_01444267.fits.fz N4 1444267 233.3187 61035.22303374 1.28 133.9937429402293 -3.659103825423536 134.00127083333334 -3.584 M517 0.01576124 25.015709 1.032218 1.0345957 21.736713 1.0269445 decam -2.8574486 -22.932333 300 object IBIS_wide_M517_519222 519222 0.016977 924.0 1948.0 -0.0028308553 1.0001923 -0.0018382018 -0.11697195 0.001652813 1.0001132 16107043540 227.19698
rawdata/DECam_01444268.fits.fz N4 1444268 216.0888 61035.22607584 1.27 136.22872468338724 -5.409103810284639 136.23627083333332 -5.334 M517 0.021165762 25.010832 1.0259463 0.9957029 21.756977 0.97454953 decam 2.7462108 -16.453938 261 object IBIS_wide_M517_519128 519128 0.022309 924.0 1948.0 -0.018172631 1.0002139 -0.0018179729 0.0051173163 0.0017507131 1.0001847 16123951692 221.732
rawdata/DECam_01444269.fits.fz N4 1444269 239.4687 61035.2288851 1.26 134.38875373646346 -3.353103828063809 134.3962791666667 -3.278 M517 0.014513565 25.02029 1.033266 1.0014157 21.757547 0.92879343 decam 4.5182934 -19.15709 296 object IBIS_wide_M517_522208 522208 0.016796 924.0 1948.0 -0.39955783 1.0003866 -0.0018856877 -0.12115275 0.0016750052 1.000015 16121751318 257.82773
rawdata/DECam_01444270.fits.fz N4 1444270 192.8289 61035.23198412 1.26 136.8367395670609 -4.855103815085307 136.84427916666667 -4.78 M517 0.018941496 25.014128 1.0274177 0.93387735 21.7816 0.8217757 decam 3.2591555 -12.124405 250 object IBIS_wide_M517_519285 519285 0.021517 924.0 1948.0 -0.17498599 1.0002234 -0.0018590931 -0.13784692 0.0017721105 1.0001906 15991711319 234.64908
rawdata/DECam_01444271.fits.fz N4 1444271 212.8488 61035.23454711 1.25 136.24874561931114 -4.279103820068271 136.25627916666667 -4.204 M517 0.016417809 25.017578 1.0290368 0.97716546 21.73442 0.9189 decam 13.426593 -15.835644 282 object IBIS_wide_M517_519309 519309 0.020275 924.0 1948.0 -0.113226585 1.0002086 -0.0018755185 -0.22318386 0.0017303969 1.0000882 16322046309 231.63434
rawdata/DECam_01444272.fits.fz N4 1444272 225.4888 61035.23735115 1.24 135.4447522001138 -3.5471038263901105 135.45227916666667 -3.472 M517 0.018641287 25.017193 1.027025 0.98956233 21.776192 0.9200695 decam 0.6224673 -18.916563 289 object IBIS_wide_M517_519311 519311 0.019651 924.0 1948.0 0.84734994 1.0002394 -0.0019068719 -0.2448445 0.0017114993 1.0001645 16147790671 245.078
rawdata/DECam_01444273.fits.fz N4 1444273 242.5285 61035.24028148 1.23 137.21273345476865 -4.6521038168423745 137.22027083333333 -4.577 M517 0.021640187 25.017431 1.0256062 1.0493321 21.771544 1.0578903 decam 4.3793287 -9.10485 249 object IBIS_wide_M517_522271 522271 0.022502 924.0 1948.0 -0.11557701 1.0003744 -0.0017491741 0.00019117071 0.0013557455 1.0001576 16177715171 229.25676
rawdata/DECam_01444274.fits.fz N4 1444274 285.2184 61035.24340851 1.22 136.36974135507225 -3.843103823835061 136.3772708333333 -3.768 M517 0.019138478 25.016478 1.0230644 1.1555573 21.773155 1.2628642 decam -2.7300065 -11.270059 240 object IBIS_wide_M517_522295 522295 0.020247 924.0 1948.0 0.13703026 1.0000713 -0.0018265714 -0.100421846 0.0015929238 1.0001808 16936332052 225.85042
rawdata/DECam_01444275.fits.fz N4 1444275 319.7881 61035.2470523 1.22 139.51872452730586 -6.051103804710349 139.52627916666665 -5.976 M517 0.03608822 25.02155 1.0278538 1.159986 21.793255 1.375806 decam -2.7507277 -2.9003494 231 object IBIS_wide_M517_519276 519276 0.033195 924.0 1948.0 0.12250697 1.0004164 -0.0016759196 -0.1389828 0.0014766349 1.0000616 16398032891 232.4369
rawdata/DECam_01444276.fits.fz N4 1444276 290.9483 61035.25109923 1.21 140.00372423537016 -5.767103807177786 140.011275 -5.692 M517 0.02995172 25.020405 1.0251274 1.1603864 21.800297 1.3191923 decam -9.995495 -14.868165 255 object IBIS_wide_M517_522262 522262 0.031286 924.0 1948.0 0.43147966 1.0000678 -0.0017265093 -0.18714648 0.0015443594 1.0001699 16239339953 220.55034
rawdata/DECam_01444277.fits.fz N4 1444277 271.6485 61035.25477411 1.2 139.28173593048413 -5.170103812356713 139.2892791666667 -5.095 M517 0.033857714 25.020037 1.0231397 1.098123 21.816444 1.1937947 decam -8.118959 -14.4004135 261 object IBIS_wide_M517_522264 522264 0.031821 924.0 1948.0 0.11243432 1.000361 -0.0016410216 -0.095124245 0.0016823492 1.0001822 16200888347 227.55043
rawdata/DECam_01444278.fits.fz N4 1444278 235.8785 61035.25825366 1.2 138.90674589387112 -4.2511038203103 138.91427916666666 -4.176 M517 0.032070532 25.006363 1.010334 1.053708 21.81496 1.11643 decam 1.7398723 -10.753074 245 object IBIS_wide_M517_519287 519287 0.031734 924.0 1948.0 0.25904095 1.0001247 -0.0017838873 -0.10317403 0.0017255238 1.0001421 16029679639 211.27924
rawdata/DECam_01444279.fits.fz N4 1444279 230.3786 61035.26134403 1.19 142.01071727213713 -6.268103802823277 142.01827500000002 -6.193 M517 0.0380769 25.01801 1.019595 1.0358936 21.795282 1.1166129 decam 3.2049592 -13.556868 235 object IBIS_wide_M517_522254 522254 0.0371 924.0 1948.0 0.24217068 1.0003784 -0.0016642958 -0.13263793 0.0016374493 1.0001024 16149932888 206.31912
rawdata/DECam_01444280.fits.fz N4 1444280 266.2184 61035.26435997 1.19 141.40373441927886 -4.561103817629695 141.41127083333333 -4.486 M517 0.03446404 25.008055 1.0102904 1.064026 21.820946 1.1455674 decam 12.996881 -24.226107 232 object IBIS_wide_M517_522266 522266 0.034575 924.0 1948.0 -0.06094346 1.0001734 -0.0016918889 -0.18878633 0.0017897402 1.0000974 16126244345 232.39
rawdata/DECam_01444281.fits.fz N4 1444281 239.6685 61035.26778837 1.19 143.9947264337716 -5.913103805909631 144.00227916666668 -5.838 M517 0.028771337 25.016487 1.0181671 1.0509055 21.84562 1.0380297 decam 16.141573 -13.523525 209 object IBIS_wide_M517_527951 527951 0.030745 924.0 1948.0 0.41686678 1.0001774 -0.0015806654 -0.1673142 0.0015519119 1.0001101 16092935741 230.88791
rawdata/DECam_01444282.fits.fz N4 1444282 317.7581 61035.27090031 1.18 145.44270883570704 -6.825103797972178 145.450275 -6.75 M517 0.027107753 25.01274 1.013033 1.2330668 21.83925 1.4315902 decam 6.30899 -30.279772 206 object IBIS_wide_M517_524963 524963 0.03034 924.0 1948.0 -0.00970804 1.0001913 -0.0015624652 -0.15163018 0.0013824905 1.0001599 16509666493 221.96162
rawdata/DECam_01444283.fits.fz N4 1444283 254.0285 61035.27491274 1.18 145.24772608873985 -5.62610380840189 145.255275 -5.551 M517 0.045121904 25.011484 1.0118634 1.0876462 21.839342 1.24986 decam -1.4527802 -25.983875 184 object IBIS_wide_M517_524975 524975 0.037232 924.0 1948.0 0.4025404 1.0002253 -0.0015688374 -0.2304843 0.0013997989 1.0000836 16089712791 203.24556
rawdata/DECam_01444284.fits.fz N4 1444284 378.8878 61035.27818748 1.18 147.855711040389 -6.948103796899441 147.86327916666667 -6.873 M517 0.07823545 25.0351 1.0341147 1.1853426 21.826345 1.7683303 decam 13.118182 -20.769686 179 object IBIS_wide_M517_527937 527937 0.074151 924.0 1948.0 0.0885535 1.0001247 -0.0015062832 -0.32688692 0.0014226802 1.0000926 16593903226 214.26302
rawdata/DECam_01444286.fits.fz N4 1444286 301.6282 61035.28751459 1.16 147.52872437341367 -6.062103804614727 147.53627916666667 -5.987 M517 0.0566353 25.03662 1.032247 1.1159521 20.949982 3.0619695 decam 8.67997 -14.214158 159 object IBIS_wide_M517_524968 524968 0.060027 924.0 1948.0 0.047405656 1.0000263 -0.0014068643 -0.369276 0.0016575268 1.0000424 17357823749 98.507904
rawdata/DECam_01444287.fits.fz N4 1444287 287.7983 61035.29137914 1.16 148.59372015469523 -6.356103802057568 148.60127916666667 -6.281 M517 0.048635148 25.029654 1.0256461 1.0884625 21.845598 1.2302818 decam 8.442716 -29.451433 167 object IBIS_wide_M517_527938 527938 0.0496 924.0 1948.0 -0.19058904 1.0002018 -0.001523154 -0.1984039 0.0013225733 1.0001099 16161656160 233.92877
rawdata/DECam_01444288.fits.fz N4 1444288 384.9778 61035.29508311 1.15 148.89072456922705 -6.048103804736425 148.89827916666667 -5.973 M517 0.041437645 25.031595 1.0258367 1.1882908 21.832973 1.4126877 decam 14.046416 -31.683702 198 object IBIS_wide_M517_524955 524955 0.040422 924.0 1948.0 0.027639607 1.0001478 -0.0014306561 -0.27363044 0.0014270326 1.0001466 16575966707 272.51447
rawdata/DECam_01444289.fits.fz N4 1444289 327.8782 61035.29990112 1.14 150.66570650286283 -6.9711037966987845 150.67327500000002 -6.896 M517 0.04278886 25.024612 1.0176274 1.2142926 21.843287 1.4925944 decam 20.762499 -30.60986 159 object IBIS_wide_M517_527933 527933 0.03848 924.0 1948.0 -0.064910434 1.0004091 -0.0012811403 -0.022962064 0.0010874735 1.00003 16334593437 219.67
rawdata/DECam_01444290.fits.fz N4 1444290 388.5478 61035.30407142 1.14 147.60973945516992 -4.865103814998726 147.61727916666666 -4.79 M517 0.03957014 25.037228 1.02952 1.3503542 21.826784 1.7940143 decam 12.714603 -38.17141 169 object IBIS_wide_M517_524973 524973 0.043508 924.0 1948.0 0.08958465 1.0002776 -0.001530117 -0.1531781 0.0013199314 1.0000365 16541369956 216.5801
rawdata/DECam_01444291.fits.fz N4 1444291 358.338 61035.30908118 1.14 153.45470420969176 -6.854103797719305 153.46227083333335 -6.779 M517 0.042990774 25.034124 1.0265822 1.2464275 21.805271 1.602268 decam 10.628472 -29.518057 172 object IBIS_wide_M517_528410 528410 0.039782 924.0 1948.0 0.17479677 1.0001751 -0.0013275703 -0.0644288 0.00092664827 1.0000674 16435559666 223.64424
rawdata/DECam_01444292.fits.fz N4 1444292 289.6283 61035.31361625 1.14 153.13572454128192 -6.05010380471904 153.14327916666664 -5.975 M517 0.038212426 25.033636 1.0261202 1.1225967 21.796564 1.2732793 decam 12.820101 -46.379185 163 object IBIS_wide_M517_525447 525447 0.038626 924.0 1948.0 0.083780885 1.0002501 -0.0012784166 -0.047126975 0.0012020004 1.000105 16218375586 227.46643
rawdata/DECam_01444293.fits.fz N4 1444293 289.2884 61035.31734648 1.14 156.31271333376074 -6.804103798155273 156.32027916666667 -6.729 M517 0.042533208 25.0376 1.0298738 1.0634184 21.772371 1.1918173 decam 6.674201 -41.010506 146 object IBIS_wide_M517_528406 528406 0.043307 924.0 1948.0 0.101299316 1.0001305 -0.0010995597 -0.1878895 0.0011232629 0.99997395 16267662881 242.7288
rawdata/DECam_01444294.fits.fz N4 1444294 238.5586 61035.32105383 1.13 153.82573242800274 -5.456103809876974 153.83327916666667 -5.381 M517 0.039829753 25.043274 1.0336123 1.0239918 21.786852 1.0612179 decam 9.192591 -47.62521 122 object IBIS_wide_M517_525450 525450 0.042271 924.0 1948.0 0.12910958 1.0001599 -0.0012288593 -0.10678951 0.0012601417 1.0000246 16066286746 224.797
rawdata/DECam_01444295.fits.fz N4 1444295 209.1088 61035.32480964 1.13 155.93972036063917 -6.051103804710349 155.947275 -5.976 M517 0.03947859 25.035603 1.0263343 0.9560434 21.777191 0.94486344 decam -1.0435884 -8.401529 152 object IBIS_wide_M517_525427 525427 0.041081 924.0 1948.0 0.04687248 1.0003072 -0.0010953123 -0.09875254 0.001152573 1.0002742 15987702158 221.31113
rawdata/DECam_01444296.fits.fz N4 1444296 244.0687 61035.32760016 1.13 157.65971092765167 -6.955103796838372 157.66727916666667 -6.88 M517 0.04648429 25.041939 1.0323412 0.99267143 21.774984 1.0537984 decam 4.915396 2.6498423 156 object IBIS_wide_M517_528405 528405 0.046856 924.0 1948.0 0.04234464 0.999932 -0.0010185716 -0.01963198 0.0008855816 1.0001606 16316892549 231.60852
rawdata/DECam_01444297.fits.fz N4 1444297 261.9085 61035.33080104 1.13 159.11670653516134 -6.969103796716235 159.124275 -6.894 M517 0.057808295 25.04259 1.0329599 0.959247 21.74208 1.0875443 decam 7.8569837 -7.091929 134 object IBIS_wide_M517_528165 528165 0.052321 924.0 1948.0 0.13236451 1.0007083 -0.0009251411 -0.114193834 0.0010969412 1.00012 16169286811 240.82559
rawdata/DECam_01444298.fits.fz N4 1444298 232.8687 61035.33418946 1.12 158.48671088585823 -6.694103799114081 158.49427500000002 -6.619 M517 0.042758998 25.053493 1.0417161 0.98259664 21.764229 0.9974058 decam 19.953753 4.5026116 173 object IBIS_wide_M517_528416 528416 0.044787 924.0 1948.0 0.0025057355 1.0001973 -0.0011139183 -0.06695089 0.00082338514 1.0002217 16065251109 233.47437
rawdata/DECam_01444299.fits.fz N4 1444299 10.0 61035.33881036 1.03 130.3761489802335 -32.93424242676747 130.3851 -32.859138888888886 M517 0.33464447 25.117102 1.0887511 1.1345297 21.726463 7.5773625 decam -13.753116 42.731 963 object "LTT3218 N4" 0 0.0 924.0 1948.0 0.056112368 1.0000978 -0.002129278 -0.2857199 0.0021744408 1.0001266 15390152818 1.3197204
rawdata/DECam_01444300.fits.fz N4 1444300 10.0 61035.33931132 1.03 130.00609898023347 -32.93424242676747 130.01505 -32.859138888888886 M517 0.29259276 25.083506 1.0555784 1.0621502 21.65367 5.8115664 decam -23.579266 41.963478 1229 object "LTT3218 N5" 0 0.0 924.0 1948.0 0.3655162 1.0002306 -0.002166413 -0.097876884 0.00231594 1.0001186 15378226217 1.7207065
rawdata/DECam_01444301.fits.fz N4 1444301 10.0 61035.33981856 1.03 130.74619871054136 -33.10090964695198 130.75516666666667 -33.02580611111111 M517 0.41609186 25.146679 1.1188184 0.9278306 21.521955 9.645704 decam -30.460178 30.32094 902 object "LTT3218 S3" 0 0.0 924.0 1948.0 0.014604444 1.0001414 -0.0021023452 0.18182197 0.002018313 1.0001212 15400185478 1.0367309
rawdata/DECam_01444302.fits.fz N4 1444302 10.0 61035.34034152 1.03 130.37613204387472 -33.100909646952 130.3851 -33.02580611111111 M517 0.3320199 25.10221 1.073919 0.9735575 21.685453 5.8628716 decam -16.92407 47.301247 1045 object "LTT3218 S4" 0 0.0 924.0 1948.0 -0.055889662 1.0000716 -0.0021016195 -0.053137377 0.0023076357 1.0001038 15375377654 1.7056488
rawdata/DECam_01444303.fits.fz N4 1444303 10.0 61035.34085271 1.03 130.00608204387473 -33.10090964695198 130.01505 -33.02580611111111 M517 0.27418688 25.082607 1.0547045 0.8946495 21.665773 3.6439168 decam -24.436346 32.20075 1279 object "LTT3218 S5" 0 0.0 924.0 1948.0 0.26896903 1.0001609 -0.0022366468 -0.09171117 0.0021404652 1.00005 15375437465 2.7442997
rawdata/DECam_01444304.fits.fz N4 1444304 15.0 61035.34234063 1.02 158.0489082850337 -35.62021461516044 158.05815 -35.54511111111111 M517 0.09512646 25.056887 1.0283632 0.9678844 21.831572 1.2537593 decam -21.58417 21.967953 337 object "LTT3864 N4" 0 0.0 924.0 1948.0 0.31165045 1.0002245 -0.0012430446 0.015772892 0.0012440163 1.0000843 15391730562 11.964019
