logs/db-2025-12-18.ecsv
# %ECSV 1.0
# ---
# datatype:
# - {name: filename, datatype: string}
# - {name: extension, datatype: string}
# - {name: expnum, datatype: int64}
# - {name: exptime, datatype: float32}
# - {name: mjd_obs, datatype: float64}
# - {name: airmass, datatype: float32}
# - {name: racenter, datatype: float64}
# - {name: deccenter, datatype: float64}
# - {name: rabore, datatype: float64}
# - {name: decbore, datatype: float64}
# - {name: band, datatype: string}
# - {name: ebv, datatype: float32}
# - {name: zeropoint, datatype: float32}
# - {name: transparency, datatype: float32}
# - {name: seeing, datatype: float32}
# - {name: sky, datatype: float32}
# - {name: expfactor, datatype: float32}
# - {name: camera, datatype: string}
# - {name: dx, datatype: float32}
# - {name: dy, datatype: float32}
# - {name: nmatched, datatype: int64}
# - {name: obstype, datatype: string}
# - {name: object, datatype: string}
# - {name: tileid, datatype: int64}
# - {name: tileebv, datatype: float32}
# - {name: affine_x0, datatype: float32}
# - {name: affine_y0, datatype: float32}
# - {name: affine_dx, datatype: float32}
# - {name: affine_dxx, datatype: float32}
# - {name: affine_dxy, datatype: float32}
# - {name: affine_dy, datatype: float32}
# - {name: affine_dyx, datatype: float32}
# - {name: affine_dyy, datatype: float32}
# - {name: checksum, datatype: string}
# - {name: efftime, datatype: float32}
# schema: astropy-2.0
filename extension expnum exptime mjd_obs airmass racenter deccenter rabore decbore band ebv zeropoint transparency seeing sky expfactor camera dx dy nmatched obstype object tileid tileebv affine_x0 affine_y0 affine_dx affine_dxx affine_dxy affine_dy affine_dyx affine_dyy checksum efftime
[from data line 85]
rawdata/DECam_01442488.fits.fz N4 1442488 394.4777 61028.32365253 1.14 151.35971977180304 -6.382103801831287 151.36727916666666 -6.307 M464 0.038118713 24.932325 1.0060474 1.0705729 21.954641 1.0911113 decam 7.2137237 0.4986103 153 object IBIS_wide_M464_327934 327934 0.036797 924.0 1948.0 0.31918722 1.0000578 -0.0013282638 -0.25092125 0.0013175994 1.0000533 16309209068 361.53754
rawdata/DECam_01442489.fits.fz N4 1442489 392.3778 61028.32857183 1.14 152.494704874308 -6.812103798085526 152.50227083333334 -6.737 M464 0.030776909 24.9343 1.0078778 1.0529163 21.929276 1.0214907 decam 8.992318 0.06915467 148 object IBIS_wide_M464_325446 325446 0.03447 924.0 1948.0 0.1819977 1.0002643 -0.0013400123 -0.2152253 0.0013831247 1.0001249 16319443761 384.12274
rawdata/DECam_01442490.fits.fz N4 1442490 362.8679 61028.33347669 1.13 153.45470420969176 -6.854103797719305 153.46227083333335 -6.779 M464 0.042990774 24.918606 0.9913752 1.0131961 21.880554 1.111396 decam 13.86804 4.714877 169 object IBIS_wide_M464_328410 328410 0.039782 924.0 1948.0 0.26906067 1.0004056 -0.001273242 -0.12832575 0.0009746784 1.0001214 16308447477 326.4974
rawdata/DECam_01442491.fits.fz N4 1442491 150.0 61028.33959669 1.01 137.1900701766948 -37.25245348236783 137.19950833333334 -37.17735 M438 0.3036501 24.851116 1.0605685 0.97968245 21.79523 6.8313117 decam 19.70642 18.400599 1687 object "Pyxis position 13" 0 0.0 924.0 1948.0 -0.13676973 1.0000492 -0.0019249291 -0.32372546 0.0017966081 1.0000669 15798656085 21.957716
rawdata/DECam_01442492.fits.fz N4 1442492 150.0 61028.34171748 1.01 136.82708205865956 -37.05687848501443 136.83649583333334 -36.981775 M438 0.31991524 24.846714 1.0562772 0.9542672 21.719957 7.920525 decam 5.1059084 8.650404 1699 object "Pyxis position 14" 0 0.0 924.0 1948.0 0.30233926 1.0002952 -0.0020657568 -0.3266017 0.0018078843 1.0000422 15790480181 18.938139
rawdata/DECam_01442493.fits.fz N4 1442493 150.0 61028.34383519 1.01 136.93256296954672 -37.4091584802373 136.94202083333334 -37.334055 M438 0.3547214 24.846678 1.056241 0.97806007 21.508442 13.15139 decam -8.67555 2.2948086 1496 object "Pyxis position 15" 0 0.0 924.0 1948.0 0.19465683 1.0002097 -0.0018880563 -0.21137238 0.001994304 1.000047 16374960480 11.405639
rawdata/DECam_01442494.fits.fz N4 1442494 150.0 61028.34595147 1.01 137.1600040081281 -37.08145154023821 137.16942083333333 -37.006348055555556 M438 0.29236436 24.84068 1.050422 1.1918305 21.302912 14.8808365 decam -6.561808 2.3335478 1491 object "Pyxis position 16" 0 0.0 924.0 1948.0 0.022412715 1.0002232 -0.001966043 -0.1330159 0.00186838 0.99993354 16082292101 10.080078
rawdata/DECam_01442495.fits.fz N4 1442495 150.0 61028.34806457 1.01 136.70085121762503 -37.204173483022444 136.71028333333334 -37.12907 M438 0.38261816 24.840275 1.0500308 1.0626053 21.01978 30.406446 decam -13.698388 -3.0126762 1453 object "Pyxis position 17" 0 0.0 924.0 1948.0 0.3624423 1.0001982 -0.0019689978 -0.20038427 0.0020630993 1.0000414 16182487697 4.9331646
rawdata/DECam_01442496.fits.fz N4 1442496 150.0 61028.3501679 1.01 137.1574184473768 -37.36572236971764 137.16687083333332 -37.290618888888886 M438 0.32692304 24.843904 1.0535474 1.1301273 20.669367 30.960764 decam -15.012167 0.95665896 1383 object "Pyxis position 18" 0 0.0 924.0 1948.0 -0.013889258 1.0003232 -0.0018934415 0.03943222 0.0017733567 1.0000734 16892717239 4.8448415
rawdata/DECam_01442497.fits.fz N4 1442497 150.0 61028.35227966 1.01 136.95171105723202 -36.99095737479233 136.96111666666667 -36.91585388888889 M438 0.3097695 24.844227 1.0538598 1.1807925 20.285057 42.26629 decam -15.994788 0.55023336 1402 object "Pyxis position 19" 0 0.0 924.0 1948.0 0.060237948 1.0001129 -0.0019111902 -0.040101912 0.0019122405 1.0001204 16848465282 3.5489275
rawdata/DECam_01442498.fits.fz N4 1442498 150.0 61028.35438534 1.01 136.78066144248098 -37.388239591633344 136.79011666666668 -37.31313611111111 M438 0.39302567 24.833654 1.0436467 1.2442081 19.848045 134.24521 decam -11.670537 7.0894513 1189 object "Pyxis position 20" 0 0.0 924.0 1948.0 0.27982524 1.0000968 -0.0019952706 -0.11322262 0.001988092 1.000066 17731447534 1.1173583
rawdata/DECam_01442499.fits.fz N4 1442499 10.0 61028.35703153 1.03 130.3761489802335 -32.93424242676747 130.3851 -32.859138888888886 M438 0.33464447 24.840506 1.0555485 1.014743 19.407406 85.17721 decam -26.893003 16.103577 599 object "LTT3218 N4" 0 0.0 924.0 1948.0 -0.15547077 1.0000309 -0.0022470457 -0.16579293 0.0023452623 1.0001733 15558454916 0.1174023
rawdata/DECam_01442500.fits.fz N4 1442500 10.0 61028.35754809 1.03 130.00609898023347 -32.93424242676747 130.01505 -32.859138888888886 M438 0.29259276 24.83557 1.0507611 1.022147 19.30647 69.648964 decam -14.3991375 28.353683 788 object "LTT3218 N5" 0 0.0 924.0 1948.0 0.3848308 1.0002863 -0.0021608234 -0.29867527 0.0023371724 1.000054 15577038706 0.14357716
rawdata/DECam_01442501.fits.fz N4 1442501 10.0 61028.35804349 1.03 130.74619871054136 -33.10090964695198 130.75516666666667 -33.02580611111111 M438 0.41609186 24.842148 1.0571473 1.089834 19.174425 224.6009 decam -4.4752727 31.544464 493 object "LTT3218 S3" 0 0.0 924.0 1948.0 0.21508913 1.0004698 -0.0022262244 0.013327453 0.0020393245 1.0001744 15622209168 0.044523418
rawdata/DECam_01442502.fits.fz N4 1442502 10.0 61028.35854241 1.03 130.37613204387472 -33.100909646952 130.3851 -33.02580611111111 M438 0.3320199 24.846977 1.0618597 1.0213163 19.089361 112.03222 decam -12.867405 24.769682 601 object "LTT3218 S4" 0 0.0 924.0 1948.0 -0.24093798 0.9999324 -0.0019379291 -0.29061246 0.0022170197 1.0001552 15625733298 0.089260034
rawdata/DECam_01442503.fits.fz N4 1442503 10.0 61028.3590491 1.03 130.00608204387473 -33.10090964695198 130.01505 -33.02580611111111 M438 0.27418688 24.824503 1.0401053 1.2192924 18.980518 118.74422 decam -5.8304315 34.34127 683 object "LTT3218 S5" 0 0.0 924.0 1948.0 0.19803524 1.0000771 -0.002192577 -0.28092492 0.0021454366 1.0002875 15656181178 0.08421463
rawdata/DECam_01442504.fits.fz N4 1442504 10.0 61028.35956121 1.03 130.3761489802335 -32.93424242676747 130.3851 -32.859138888888886 M464 0.33464447 24.90455 0.9587304 1.0702688 18.844873 167.55827 decam -17.406057 26.454082 693 object "LTT3218 N4" 0 0.0 924.0 1948.0 -0.143839 0.99998784 -0.0021862993 -0.29285884 0.0021781218 1.0000834 15760426620 0.05968073
rawdata/DECam_01442505.fits.fz N4 1442505 10.0 61028.36004428 1.03 130.00609898023347 -32.93424242676747 130.01505 -32.859138888888886 M464 0.29259276 24.916983 0.9697714 0.9813654 18.7199 114.429085 decam -19.807068 27.743212 893 object "LTT3218 N5" 0 0.0 924.0 1948.0 0.48994127 1.0002799 -0.0021713695 -0.21570605 0.0023919228 1.0000857 15808609948 0.08739037
rawdata/DECam_01442506.fits.fz N4 1442506 10.0 61028.36055243 1.03 130.74619871054136 -33.10090964695198 130.75516666666667 -33.02580611111111 M464 0.41609186 24.869614 0.92837113 0.9219795 18.609364 295.06628 decam -27.57484 18.555525 610 object "LTT3218 S3" 0 0.0 924.0 1948.0 0.13563022 1.0005231 -0.0022580342 -0.089948565 0.0021983664 1.0001824 15879653490 0.03389069
rawdata/DECam_01442507.fits.fz N4 1442507 10.0 61028.36105861 1.03 130.37613204387472 -33.100909646952 130.3851 -33.02580611111111 M464 0.3320199 24.906038 0.9600439 0.9066527 18.49923 161.94124 decam -14.030987 29.388641 711 object "LTT3218 S4" 0 0.0 924.0 1948.0 -0.07580603 1.000021 -0.0020307824 -0.2199907 0.002183047 1.0001068 15918708135 0.061750792
rawdata/DECam_01442508.fits.fz N4 1442508 10.0 61028.36156471 1.03 130.00608204387473 -33.10090964695198 130.01505 -33.02580611111111 M464 0.27418688 24.920084 0.97254497 0.9183643 18.375376 120.022484 decam -16.220272 14.190076 871 object "LTT3218 S5" 0 0.0 924.0 1948.0 0.1041116 1.0002 -0.002206204 -0.22144306 0.0021392382 1.0001066 15987503645 0.08331772
rawdata/DECam_01442509.fits.fz N4 1442509 15.0 61028.36301103 1.02 158.0489082850337 -35.62021461516044 158.05815 -35.54511111111111 M490 0.09512646 25.027792 1.0488001 1.0456073 18.037537 48.38922 decam 10.765247 0.93393266 229 object "LTT3864 N4" 0 0.0 924.0 1948.0 0.4439896 1.0003674 -0.001107684 0.13707253 0.0010376879 1.0001259 16663360927 0.30998638
rawdata/DECam_01442510.fits.fz N4 1442510 15.0 61028.36355193 1.02 157.66682911836705 -35.62021461516044 157.67607083333334 -35.54511111111111 M490 0.097239666 25.039808 1.0604728 0.96639335 17.914743 45.93472 decam -2.6353395 -17.54675 185 object "LTT3864 N5" 0 0.0 924.0 1948.0 0.1630815 1.0003353 -0.0011752957 -0.03468516 0.0012361554 1.0001656 16817940033 0.3265504
rawdata/DECam_01442511.fits.fz N4 1442511 15.0 61028.36407137 1.02 158.43095561147695 -35.78688155743227 158.44021666666666 -35.711778055555556 M490 0.09434271 25.022938 1.0441209 0.9641919 17.7818 52.2892 decam 9.001688 -11.347644 206 object "LTT3864 S3" 0 0.0 924.0 1948.0 -0.05666871 1.000131 -0.0011379358 0.006789188 0.0007692395 1.0001371 17005435729 0.28686613
rawdata/DECam_01442512.fits.fz N4 1442512 15.0 61028.36457847 1.02 158.0488889448103 -35.78688155743227 158.05815 -35.711778055555556 M490 0.10869775 25.025627 1.0467116 1.0051689 17.6619 69.509544 decam 10.262221 -2.2182405 236 object "LTT3864 S4" 0 0.0 924.0 1948.0 0.2992229 1.0000849 -0.0011956344 -0.023759414 0.0011905088 1.0001446 17200690481 0.2157977
