logs/db-2026-02-20.ecsv
# %ECSV 1.0
# ---
# datatype:
# - {name: filename, datatype: string}
# - {name: extension, datatype: string}
# - {name: expnum, datatype: int64}
# - {name: exptime, datatype: float32}
# - {name: mjd_obs, datatype: float64}
# - {name: airmass, datatype: float32}
# - {name: racenter, datatype: float64}
# - {name: deccenter, datatype: float64}
# - {name: rabore, datatype: float64}
# - {name: decbore, datatype: float64}
# - {name: band, datatype: string}
# - {name: ebv, datatype: float32}
# - {name: zeropoint, datatype: float32}
# - {name: transparency, datatype: float32}
# - {name: seeing, datatype: float32}
# - {name: sky, datatype: float32}
# - {name: expfactor, datatype: float32}
# - {name: camera, datatype: string}
# - {name: dx, datatype: float32}
# - {name: dy, datatype: float32}
# - {name: nmatched, datatype: int64}
# - {name: obstype, datatype: string}
# - {name: object, datatype: string}
# - {name: tileid, datatype: int64}
# - {name: tileebv, datatype: float32}
# - {name: affine_x0, datatype: float32}
# - {name: affine_y0, datatype: float32}
# - {name: affine_dx, datatype: float32}
# - {name: affine_dxx, datatype: float32}
# - {name: affine_dxy, datatype: float32}
# - {name: affine_dy, datatype: float32}
# - {name: affine_dyx, datatype: float32}
# - {name: affine_dyy, datatype: float32}
# - {name: checksum, datatype: string}
# - {name: efftime, datatype: float32}
# schema: astropy-2.0
filename extension expnum exptime mjd_obs airmass racenter deccenter rabore decbore band ebv zeropoint transparency seeing sky expfactor camera dx dy nmatched obstype object tileid tileebv affine_x0 affine_y0 affine_dx affine_dxx affine_dxy affine_dy affine_dyx affine_dyy checksum efftime
[from data line 82]
/home/declsp/obsbot/rawdata/DECam_01458468.fits.fz N4 1458468 451.9573 61092.37841302 1.1 214.14573188282284 -5.160103812443375 214.153275 -5.085 M490 0.037068117 24.989374 1.0271395 1.1001904 21.692827 1.3444431 decam -3.081585 32.13365 232 object IBIS_wide_M490_434241 434241 0.038652 924.0 1948.0 -0.3556656 1.0003042 0.0013259081 0.10311577 -0.0011406498 1.0001155 16978912007 336.16693
/home/declsp/obsbot/rawdata/DECam_01458469.fits.fz N4 1458469 15.0 61092.39518029 1.17 189.70078795747543 -49.79143632983654 189.712425 -49.71633305555556 M490 0.12849489 24.965584 1.0177224 1.0969136 19.861654 13.914681 decam -56.35886 35.674465 891 object "LTT4861 N4" 0 0.0 924.0 1948.0 -0.14665641 1.0000508 0.00063013594 0.2590802 -0.00092270254 1.000019 15594286054 1.077998
/home/declsp/obsbot/rawdata/DECam_01458470.fits.fz N4 1458470 15.0 61092.39566914 1.18 189.21964629080875 -49.79143632983654 189.23128333333335 -49.71633305555556 M490 0.123391315 24.973667 1.02719 0.99640083 19.747852 12.144883 decam -51.13668 22.001165 923 object "LTT4861 N5" 0 0.0 924.0 1948.0 -0.27050516 0.9999824 0.00065390114 0.17848106 -0.0010318753 1.0000901 15621584338 1.235088
/home/declsp/obsbot/rawdata/DECam_01458471.fits.fz N4 1458471 15.0 61092.39614578 1.17 190.1818893914288 -49.95810327083149 190.19356666666667 -49.883 M490 0.13002166 24.973848 1.0254996 1.0358464 19.629623 15.2922535 decam -41.906013 13.724351 891 object "LTT4861 S3" 0 0.0 924.0 1948.0 -0.18970884 1.0001663 0.0007303408 -0.097174376 -0.0008868684 1.0000993 15651624049 0.9808888
/home/declsp/obsbot/rawdata/DECam_01458472.fits.fz N4 1458472 15.0 61092.39660955 1.18 189.70074772476212 -49.95810327083149 189.712425 -49.883 M490 0.11683266 24.974384 1.0278698 0.9502704 19.506298 13.191454 decam -39.478767 15.800133 955 object "LTT4861 S4" 0 0.0 924.0 1948.0 0.1403133 1.0001582 0.00073686073 0.15391329 -0.00069964427 1.000203 15685784862 1.1370999
/home/declsp/obsbot/rawdata/DECam_01458473.fits.fz N4 1458473 15.0 61092.39707932 1.18 189.21960605809545 -49.95810327083149 189.23128333333335 -49.883 M490 0.12251485 24.968664 1.0224684 1.0161729 19.377806 17.819197 decam -31.523653 14.9937525 885 object "LTT4861 S5" 0 0.0 924.0 1948.0 -0.22226699 0.9999902 0.0006471781 0.33231246 -0.00061926735 1.0002064 15725183194 0.84178877
/home/declsp/obsbot/rawdata/DECam_01458474.fits.fz N4 1458474 15.0 61092.39877252 1.01 234.74177384719718 -28.584297477454864 234.7503291666667 -28.509193888888888 M490 0.11373475 24.997032 1.0176561 1.0392908 19.05723 22.40629 decam 2.6642976 -12.425156 536 object "LTT6248 N4" 0 0.0 924.0 1948.0 -0.3580881 1.0000958 0.0022053318 0.16160214 -0.0019623188 1.0000445 15854194437 0.6694549
/home/declsp/obsbot/rawdata/DECam_01458475.fits.fz N4 1458475 15.0 61092.39923631 1.01 234.38807384719718 -28.584297477454868 234.39662916666666 -28.509193888888888 M490 0.22622195 25.011082 1.0309104 0.9231416 18.941612 40.73823 decam 9.23199 -15.231901 378 object "LTT6248 N5" 0 0.0 924.0 1948.0 -0.5544563 1.0000443 0.0022920151 -0.047269084 -0.0021730557 1.000219 15897240352 0.3682045
/home/declsp/obsbot/rawdata/DECam_01458476.fits.fz N4 1458476 15.0 61092.39971133 1.01 235.09544772966674 -28.750964697816126 235.10401666666667 -28.67586111111111 M490 0.13145722 25.005007 1.0251578 0.9147332 18.809298 24.217941 decam 12.494938 -6.672046 500 object "LTT6248 S3" 0 0.0 924.0 1948.0 -0.21887435 1.0001168 0.002130707 0.2138434 -0.0020259144 1.0000423 15967294816 0.6193755
/home/declsp/obsbot/rawdata/DECam_01458477.fits.fz N4 1458477 15.0 61092.40017551 1.01 234.74176022966677 -28.750964697816126 234.7503291666667 -28.67586111111111 M490 0.12067507 25.008438 1.0284032 1.0415726 18.698048 32.137497 decam 13.277802 -8.465868 428 object "LTT6248 S4" 0 0.0 924.0 1948.0 0.0034191546 1.000029 0.002191704 0.3821873 -0.0021234418 1.0001379 16039269606 0.4667445
/home/declsp/obsbot/rawdata/DECam_01458478.fits.fz N4 1458478 15.0 61092.40069319 1.01 234.38806022966676 -28.750964697816126 234.39662916666666 -28.67586111111111 M490 0.33074725 25.008686 1.0286375 1.0360403 18.552048 148.53375 decam 4.5904303 -17.67932 339 object "LTT6248 S5" 0 0.0 924.0 1948.0 -0.65350646 0.99987745 0.0021629974 0.6104767 -0.0023195646 1.0000027 16135205757 0.10098715
