logs/db-2026-06-11.ecsv
# %ECSV 1.0
# ---
# datatype:
# - {name: filename, datatype: string}
# - {name: extension, datatype: string}
# - {name: expnum, datatype: int64}
# - {name: exptime, datatype: float32}
# - {name: mjd_obs, datatype: float64}
# - {name: airmass, datatype: float32}
# - {name: racenter, datatype: float64}
# - {name: deccenter, datatype: float64}
# - {name: rabore, datatype: float64}
# - {name: decbore, datatype: float64}
# - {name: band, datatype: string}
# - {name: ebv, datatype: float32}
# - {name: zeropoint, datatype: float32}
# - {name: transparency, datatype: float32}
# - {name: seeing, datatype: float32}
# - {name: sky, datatype: float32}
# - {name: expfactor, datatype: float32}
# - {name: camera, datatype: string}
# - {name: dx, datatype: float32}
# - {name: dy, datatype: float32}
# - {name: nmatched, datatype: int64}
# - {name: obstype, datatype: string}
# - {name: object, datatype: string}
# - {name: tileid, datatype: int64}
# - {name: tileebv, datatype: float32}
# - {name: affine_x0, datatype: float32}
# - {name: affine_y0, datatype: float32}
# - {name: affine_dx, datatype: float32}
# - {name: affine_dxx, datatype: float32}
# - {name: affine_dxy, datatype: float32}
# - {name: affine_dy, datatype: float32}
# - {name: affine_dyx, datatype: float32}
# - {name: affine_dyy, datatype: float32}
# - {name: checksum, datatype: string}
# - {name: efftime, datatype: float32}
# schema: astropy-2.0
filename extension expnum exptime mjd_obs airmass racenter deccenter rabore decbore band ebv zeropoint transparency seeing sky expfactor camera dx dy nmatched obstype object tileid tileebv affine_x0 affine_y0 affine_dx affine_dxx affine_dxy affine_dy affine_dyx affine_dyy checksum efftime
/home/declsp/obsbot/rawdata/DECam_01488064.fits.fz N4 1488064 10.0 61202.9431525 1.0 166.96779494895944 -30.24982468080557 166.97649166666665 -30.17472111111111 r 0.066124 26.394682 0.6771313 1.142355 17.083035 61.852875 decam -7.2726545 51.68331 122 object focus 0 0.0 924.0 1948.0 0.15870592 1.0001986 -0.0007955489 0.069973364 0.000555767 0.9999411 26690793865 0.16167398
/home/declsp/obsbot/rawdata/DECam_01488065.fits.fz N4 1488065 10.0 61202.94358319 1.0 166.96779494895944 -30.24982468080557 166.97649166666665 -30.17472111111111 r 0.066124 26.287714 0.61359996 1.1917248 17.114487 79.62265 decam -15.236091 64.242935 117 object focus 0 0.0 924.0 1948.0 0.2088293 1.0001527 -0.00081793754 0.07273949 0.00044323702 0.9999504 26391144243 0.12559241
/home/declsp/obsbot/rawdata/DECam_01488066.fits.fz N4 1488066 10.0 61202.94401775 1.0 166.96779494895944 -30.24982468080557 166.97649166666665 -30.17472111111111 r 0.066124 26.411901 0.687956 1.1735156 17.320938 50.78726 decam -1.0353847 74.73633 133 object focus 0 0.0 924.0 1948.0 0.2095548 0.9998605 -0.000790579 0.120192595 0.00036917956 1.0001732 24480205714 0.19689979
/home/declsp/obsbot/rawdata/DECam_01488067.fits.fz N4 1488067 10.0 61202.94446473 1.0 166.96779494895944 -30.24982468080557 166.97649166666665 -30.17472111111111 r 0.066124 26.44977 0.7123738 1.1555681 17.451513 40.72569 decam -18.650732 85.3708 144 object focus 0 0.0 924.0 1948.0 0.30320448 1.0001123 -0.00080011523 0.09280943 0.00043547156 0.999999 23469716108 0.24554527
/home/declsp/obsbot/rawdata/DECam_01488068.fits.fz N4 1488068 10.0 61202.94489515 1.0 166.96779494895944 -30.24982468080557 166.97649166666665 -30.17472111111111 r 0.066124 26.34735 0.6482453 1.3493419 17.392344 70.779785 decam -2.0874352 79.400734 127 object focus 0 0.0 924.0 1948.0 0.26949245 1.0001695 -0.00076561095 0.011607721 0.00058977964 1.0000317 23906436925 0.14128327
/home/declsp/obsbot/rawdata/DECam_01488069.fits.fz N4 1488069 10.0 61202.94532536 1.0 166.96779494895944 -30.24982468080557 166.97649166666665 -30.17472111111111 r 0.066124 26.367636 0.6604718 1.1091863 17.5199 40.99291 decam -14.327648 72.12256 142 object focus 0 0.0 924.0 1948.0 0.26763248 1.0001067 -0.0008499969 0.039355855 0.0006099056 0.99992025 22951202372 0.24394463
/home/declsp/obsbot/rawdata/DECam_01488070.fits.fz N4 1488070 30.0 61202.94619608 1.0 166.96779494895944 -30.24982468080557 166.97649166666665 -30.17472111111111 r 0.066124 26.103714 0.5179472 1.120784 17.474531 70.95951 decam -20.301098 82.16127 152 object pointing 0 0.0 924.0 1948.0 0.21949613 1.0001471 -0.00080405007 0.01598266 0.0006402247 0.99995905 39054421429 0.4227763
/home/declsp/obsbot/rawdata/DECam_01488090.fits.fz N4 1488090 35.0 61202.97988855 1.11 173.66072691460457 -5.562103808957317 173.668275 -5.487 M464 0.044754427 24.235844 0.52644074 1.417762 21.170591 10.812334 decam 20.454542 34.588142 41 object "pointing test" 0 0.0 924.0 1948.0 0.22441764 1.0002964 -0.00055585365 -0.020436121 0.0004843382 1.0000383 15636617388 3.2370439
/home/declsp/obsbot/rawdata/DECam_01488091.fits.fz N4 1488091 800.0 61202.9823516 1.11 183.6097394551699 -4.865103814998726 183.61727916666666 -4.79 M464 0.0632103 24.695873 0.80419475 1.2948902 21.566914 2.6837034 decam 15.94449 25.334986 150 object IBIS_wide_M464_330965 330965 0.040154 924.0 1948.0 -0.23422033 1.000362 -6.857532e-05 0.051001403 -0.00017787708 0.99999934 18040395638 298.09552
/home/declsp/obsbot/rawdata/DECam_01488092.fits.fz N4 1488092 641.0363 61202.99216467 1.11 182.55473429319298 -4.573103817525883 182.56227083333334 -4.498 M464 0.031702816 24.869236 0.9434226 1.2635772 21.663467 1.6989996 decam -2.2121334 -13.060786 169 object IBIS_wide_M464_333954 333954 0.032756 924.0 1948.0 -0.03598489 1.0000288 -0.00013686012 0.049040318 -9.342129e-05 0.99994236 17382802843 377.30222
/home/declsp/obsbot/rawdata/DECam_01488093.fits.fz N4 1488093 702.5661 61203.00004142 1.11 188.8277403063728 -3.9601038228246455 188.83527083333334 -3.885 M464 0.033088636 24.881096 0.9537851 1.2158685 21.692984 1.4980357 decam 3.9235625 -18.429943 120 object IBIS_wide_M464_334436 334436 0.036695 924.0 1948.0 -0.26401135 0.9999002 0.00020125989 0.12917383 -0.00014355384 1.0000162 17461969444 468.99158
/home/declsp/obsbot/rawdata/DECam_01488094.fits.fz N4 1488094 649.9563 61203.00848329 1.11 190.19974460925928 -3.945103822954201 190.20727499999998 -3.87 M464 0.03179405 24.909708 0.9792545 1.2643912 21.710289 1.5123214 decam -0.8121583 -20.62511 137 object IBIS_wide_M464_334431 334431 0.029469 924.0 1948.0 0.018041266 0.9999151 9.781082e-06 0.09276108 -0.00019122633 0.99983555 17293829097 429.77393
/home/declsp/obsbot/rawdata/DECam_01488095.fits.fz N4 1488095 524.2869 61203.01632043 1.12 192.2907494541066 -3.3681038279344238 192.298275 -3.293 M464 0.027492465 24.89264 0.96596104 1.1911833 21.738321 1.3501074 decam 0.72657067 -26.214632 155 object IBIS_wide_M464_334441 334441 0.025079 924.0 1948.0 0.18378977 1.0000169 0.0003501742 0.15756077 -0.0001359648 0.9998128 16894038051 388.32977
/home/declsp/obsbot/rawdata/DECam_01488096.fits.fz N4 1488096 555.4573 61203.02269656 1.13 190.88674944637546 -3.3691038279257977 190.89427500000002 -3.294 M464 0.026560837 24.901817 0.97616494 1.1689746 21.716717 1.304215 decam 1.1861573 -24.305569 143 object IBIS_wide_M464_334442 334442 0.02771 924.0 1948.0 0.00827316 1.0001619 0.00012548189 0.07972666 -0.00012759461 0.999898 17054548214 425.89395
/home/declsp/obsbot/rawdata/DECam_01488097.fits.fz N4 1488097 520.7875 61203.02949524 1.13 194.41374952303644 -2.7661038331241525 194.42127083333332 -2.691 M464 0.023605859 24.900902 0.9753415 1.1255653 21.737646 1.18824 decam -6.262642 -23.160582 148 object IBIS_wide_M464_334423 334423 0.021775 924.0 1948.0 -0.086418815 1.0001011 0.00016848689 0.17553791 -0.00025866056 0.9999483 17026989738 438.28473
/home/declsp/obsbot/rawdata/DECam_01488098.fits.fz N4 1488098 726.5965 61203.03602101 1.13 200.73076128744805 -2.158103838360266 200.73827916666664 -2.083 M464 0.034394797 24.873821 0.9513149 1.3848948 21.812422 1.7638401 decam 1.1339552 -33.08446 159 object IBIS_wide_M464_334221 334221 0.031968 924.0 1948.0 0.09167786 1.0000353 0.0006905019 -0.099716455 -0.00028455802 0.9998429 17461279533 411.94012
/home/declsp/obsbot/rawdata/DECam_01488099.fits.fz N4 1488099 800.0 61203.04473432 1.14 202.50376262482956 -1.8681038408562074 202.51127916666667 -1.793 M464 0.037297055 24.86943 0.9494244 1.4896119 21.772497 2.133912 decam -3.6893108 -33.8 163 object IBIS_wide_M464_331237 331237 0.036833 924.0 1948.0 0.13350523 1.0000389 0.0006078186 0.12150561 -0.00078774046 0.9999165 19040801625 374.8983
/home/declsp/obsbot/rawdata/DECam_01488100.fits.fz N4 1488100 800.0 61203.05432258 1.14 203.79176559654135 -2.129103838609901 203.79928333333334 -2.054 M464 0.04913359 24.88059 0.9592334 1.4676201 21.80797 1.9640617 decam -2.451108 -37.50769 150 object IBIS_wide_M464_334217 334217 0.036848 924.0 1948.0 -0.07853066 1.0000633 0.0007254647 0.04190693 -0.00075303356 0.9999391 17530394925 407.31918
/home/declsp/obsbot/rawdata/DECam_01488101.fits.fz N4 1488101 796.5862 61203.06553709 1.14 206.42476125277986 -2.1651038383000083 206.43227916666666 -2.09 M464 0.050991613 24.881094 0.959678 1.4017373 21.838982 1.7398133 decam 2.0030985 7.222974 175 object IBIS_wide_M464_334289 334289 0.044727 924.0 1948.0 -0.13820177 1.0000788 0.0008483085 -0.047728155 -0.00093383784 0.9999083 17472593458 457.85727
/home/declsp/obsbot/rawdata/DECam_01488102.fits.fz N4 1488102 800.0 61203.07507887 1.15 208.69876381602245 -1.5651038434631568 208.70627916666666 -1.49 M464 0.04864652 24.886116 0.96610993 1.4550853 21.70371 2.1037643 decam -0.6235354 15.468726 126 object IBIS_wide_M464_334291 334291 0.049402 924.0 1948.0 -0.0076719117 0.9999118 0.00090961356 0.19215111 -0.00092766434 1.0000495 21905254991 380.27075
/home/declsp/obsbot/rawdata/DECam_01488103.fits.fz N4 1488103 692.6866 61203.08486431 1.14 214.8987570761873 -2.1671038382827916 214.906275 -2.092 M464 0.05766711 24.871683 0.95139545 1.3196208 21.812328 1.6081594 decam -0.74727404 20.967411 174 object IBIS_wide_M464_334266 334266 0.057742 924.0 1948.0 -0.18620023 0.99996203 0.0012241832 -0.033266284 -0.0011229885 0.9998571 17744268899 430.73254
/home/declsp/obsbot/rawdata/DECam_01488104.fits.fz N4 1488104 725.7864 61203.09320583 1.14 216.4307677374219 -1.632103842886773 216.43828333333332 -1.557 M464 0.045279633 24.885666 0.9637273 1.2657288 21.886232 1.3471597 decam -8.841169 28.492014 216 object IBIS_wide_M464_339960 339960 0.046581 924.0 1948.0 -0.28376666 1.00003 0.0011455291 0.23531239 -0.0010270947 0.9998282 17224350238 538.753
/home/declsp/obsbot/rawdata/DECam_01488105.fits.fz N4 1488105 800.0 61203.10193535 1.14 216.9187592600723 -2.5351038351141 216.92627916666666 -2.46 M464 0.056797888 24.869135 0.94916505 1.2239407 21.862846 1.3270426 decam -7.181405 28.036638 230 object IBIS_wide_M464_336972 336972 0.056439 924.0 1948.0 -0.3078567 1.000049 0.0012513464 0.16034584 -0.0010835088 1.0000726 17421398835 602.84424
/home/declsp/obsbot/rawdata/DECam_01488106.fits.fz N4 1488106 424.4478 61203.11152114 1.13 218.55473429319298 -4.573103817525884 218.56227083333334 -4.498 M464 0.076255456 24.834118 0.9171558 1.1325918 21.891161 1.1811917 decam -6.9911256 32.45465 212 object IBIS_wide_M464_339946 339946 0.083826 924.0 1948.0 -0.3106348 1.0001787 0.0013358197 0.14035617 -0.0011320447 0.99999344 16772003898 359.33865
/home/declsp/obsbot/rawdata/DECam_01488107.fits.fz N4 1488107 373.398 61203.11674539 1.14 219.31874769958955 -4.062103821943537 219.32627916666667 -3.987 M464 0.10844672 24.838255 0.92255 1.123137 21.888577 1.15552 decam -10.332713 41.579914 180 object IBIS_wide_M464_339949 339949 0.095414 924.0 1948.0 -0.3738539 0.9998519 0.0012900718 0.04454545 -0.0013932987 1.0001584 16376129175 323.14285
/home/declsp/obsbot/rawdata/DECam_01488108.fits.fz N4 1488108 800.0 61203.12141787 1.15 222.22976376558222 -2.4761038356222387 222.23728333333335 -2.401 M464 0.07207893 24.532684 0.6976763 1.1397147 21.785578 2.2968614 decam -16.73354 46.56102 201 object IBIS_wide_M464_337532 337532 0.069533 924.0 1948.0 -0.22920911 1.0001444 0.0014596265 0.19085032 -0.0012984305 1.0000705 17571866558 348.3014
/home/declsp/obsbot/rawdata/DECam_01488109.fits.fz N4 1488109 800.0 61203.13258749 1.17 222.67376540455425 -2.1681038382741833 222.6812833333333 -2.093 M464 0.06541434 23.227455 0.21054569 1.4805658 21.547071 53.41239 decam 6.605945 -4.516414 146 object IBIS_wide_M464_340518 340518 0.06617 924.0 1948.0 -0.1430585 1.0004212 0.0012535343 0.325662 -0.0014357633 0.99991155 18133341822 14.9777975
/home/declsp/obsbot/rawdata/DECam_01488110.fits.fz N4 1488110 800.0 61203.14217954 1.19 223.355759606184 -1.5771038433599267 223.36327500000002 -1.502 M464 0.051509302 24.497993 0.68131155 1.2501639 21.746012 3.0543113 decam 3.181766 -2.0944438 212 object IBIS_wide_M464_340519 340519 0.0554 924.0 1948.0 0.04667878 1.0001174 0.0013569015 0.20027256 -0.0012768771 1.0000179 17639527941 261.92484
/home/declsp/obsbot/rawdata/DECam_01488111.fits.fz N4 1488111 800.0 61203.15209003 1.21 232.20476433363166 2.373896122661954 232.21228333333335 2.449 M464 0.05114109 23.034586 0.17773235 2.6067975 21.5651 232.13924 decam -1.033064 0.1851637 129 object IBIS_wide_M464_337519 337519 0.047258 924.0 1948.0 -0.5243419 1.0001105 0.0015510772 0.69664526 -0.0016656113 0.9998939 18034860035 3.4462075
/home/declsp/obsbot/rawdata/DECam_01488112.fits.fz N4 1488112 800.0 61203.16167782 1.24 230.66675684133833 2.213896124039531 230.674275 2.289 M464 0.0398051 24.804066 0.9125032 2.170176 21.860176 4.7095585 decam -9.662027 10.251724 247 object IBIS_wide_M464_337520 337520 0.04415 924.0 1948.0 -0.15778343 1.0003124 0.0016961555 0.06161543 -0.0015891771 0.9999801 18222609490 169.86731
/home/declsp/obsbot/rawdata/DECam_01488113.fits.fz N4 1488113 800.0 61203.17125508 1.24 233.54675631727787 2.314896123169972 233.554275 2.39 M464 0.046121743 23.824005 0.37000737 2.043323 21.66327 30.44416 decam 3.305591 4.2264075 190 object IBIS_wide_M464_337516 337516 0.048118 924.0 1948.0 0.30268472 0.99975735 0.0016926405 0.37194976 -0.0016232219 1.00001 17844012240 26.277617
/home/declsp/obsbot/rawdata/DECam_01488114.fits.fz N4 1488114 800.0 61203.18089725 1.25 237.41775537510097 3.1328961161223634 237.42527916666666 3.208 M464 0.13324888 23.262897 0.2211357 2.0945196 21.542822 100.47389 decam -4.341808 8.523216 162 object IBIS_wide_M464_340651 340651 0.11333 924.0 1948.0 -0.0010470226 1.0001558 0.0016406496 0.19705293 -0.0017910933 1.0000547 18092602970 7.9622674
/home/declsp/obsbot/rawdata/DECam_01488115.fits.fz N4 1488115 800.0 61203.1904592 1.25 239.5467546344002 2.6128961206035983 239.55427500000002 2.688 M464 0.121030666 24.722267 0.8480217 2.1112409 21.821095 5.372176 decam -14.24384 -0.28339112 316 object IBIS_wide_M464_340646 340646 0.12184 924.0 1948.0 -0.37759095 1.0002277 0.0018219582 0.16848148 -0.0015913701 1.0000434 17610018669 148.91545
