logs/db-2026-03-20.ecsv
# %ECSV 1.0
# ---
# datatype:
# - {name: filename, datatype: string}
# - {name: extension, datatype: string}
# - {name: expnum, datatype: int64}
# - {name: exptime, datatype: float32}
# - {name: mjd_obs, datatype: float64}
# - {name: airmass, datatype: float32}
# - {name: racenter, datatype: float64}
# - {name: deccenter, datatype: float64}
# - {name: rabore, datatype: float64}
# - {name: decbore, datatype: float64}
# - {name: band, datatype: string}
# - {name: ebv, datatype: float32}
# - {name: zeropoint, datatype: float32}
# - {name: transparency, datatype: float32}
# - {name: seeing, datatype: float32}
# - {name: sky, datatype: float32}
# - {name: expfactor, datatype: float32}
# - {name: camera, datatype: string}
# - {name: dx, datatype: float32}
# - {name: dy, datatype: float32}
# - {name: nmatched, datatype: int64}
# - {name: obstype, datatype: string}
# - {name: object, datatype: string}
# - {name: tileid, datatype: int64}
# - {name: tileebv, datatype: float32}
# - {name: affine_x0, datatype: float32}
# - {name: affine_y0, datatype: float32}
# - {name: affine_dx, datatype: float32}
# - {name: affine_dxx, datatype: float32}
# - {name: affine_dxy, datatype: float32}
# - {name: affine_dy, datatype: float32}
# - {name: affine_dyx, datatype: float32}
# - {name: affine_dyy, datatype: float32}
# - {name: checksum, datatype: string}
# - {name: efftime, datatype: float32}
# schema: astropy-2.0
filename extension expnum exptime mjd_obs airmass racenter deccenter rabore decbore band ebv zeropoint transparency seeing sky expfactor camera dx dy nmatched obstype object tileid tileebv affine_x0 affine_y0 affine_dx affine_dxx affine_dxy affine_dy affine_dyx affine_dyy checksum efftime
/home/declsp/obsbot/rawdata/DECam_01464934.fits.fz N4 1464934 35.0 61120.1404558 1.21 133.96673306788665 -4.688103816530851 133.97427083333332 -4.6129999999999995 M517 0.016962452 24.942043 0.9537481 2.1481903 21.660917 5.468613 decam -26.996262 20.858448 146 object "pointing test" 0 0.0 924.0 1948.0 0.0013391569 1.0001429 -0.0021081336 -0.27956784 0.0022702466 0.9999939 15500394218 6.4001603
/home/declsp/obsbot/rawdata/DECam_01464935.fits.fz N4 1464935 800.0 61120.14400879 1.11 166.85272764478097 -5.166103812391379 166.86027083333335 -5.091 M517 0.061782185 24.960278 0.95448047 2.0895512 21.69681 6.4046345 decam 5.779711 -48.50756 147 object IBIS_wide_M517_528186 528186 0.053457 924.0 1948.0 0.18990712 1.0000775 -0.0006328411 -0.08926432 0.00033358738 1.0000173 18050032619 124.909546
/home/declsp/obsbot/rawdata/DECam_01464936.fits.fz N4 1464936 800.0 61120.15361072 1.11 165.8757351988227 -4.873103814929458 165.883275 -4.798 M517 0.04082999 24.918304 0.91828585 2.2193322 21.706358 6.7877316 decam 20.89961 -34.05016 123 object IBIS_wide_M517_525222 525222 0.046791 924.0 1948.0 -0.0095318 1.0001645 -0.00073487015 -0.29049736 0.00080345303 0.9999587 17894891455 117.859695
/home/declsp/obsbot/rawdata/DECam_01464937.fits.fz N4 1464937 800.0 61120.16336679 1.11 172.4747276566827 -5.1651038124000435 172.48227083333333 -5.09 M517 0.049048383 22.738329 0.12330685 2.5605817 21.570816 597.57874 decam 17.114208 -35.64288 55 object IBIS_wide_M517_528106 528106 0.049641 924.0 1948.0 0.21022178 1.0003681 -0.00044743402 -0.4929213 0.001768291 1.000585 18206087541 1.3387357
/home/declsp/obsbot/rawdata/DECam_01464938.fits.fz N4 1464938 429.4074 61120.17297347 1.11 169.96673306788665 -4.688103816530851 169.97427083333332 -4.6129999999999995 M517 0.05227501 21.238123 0.030967414 2.6266127 21.587532 10016.892 decam 18.998837 -3.7635972 27 object IBIS_wide_M517_525207 525207 0.044032 924.0 1948.0 0.39981532 0.9992714 -0.0007184166 -0.21830757 0.00092692306 1.0000871 16869314571 0.04286833
/home/declsp/obsbot/rawdata/DECam_01464939.fits.fz N4 1464939 800.0 61120.19167508 1.1 177.03873455553153 -4.93010381443588 177.04627499999998 -4.855 M517 0.024460617 24.926374 0.92365444 2.202139 21.69304 6.017799 decam 9.685679 -18.873371 136 object IBIS_wide_M517_525272 525272 0.025264 924.0 1948.0 -0.043456797 1.0004433 -0.0002980668 -0.015739542 0.00040070797 1.0000783 18080703787 132.93896
/home/declsp/obsbot/rawdata/DECam_01464940.fits.fz N4 1464940 800.0 61120.20132659 1.1 180.44673177572847 -5.169103812365379 180.454275 -5.094 M517 0.025064467 24.90038 0.901803 2.028564 21.682753 5.4289393 decam 17.539894 -4.8810053 136 object IBIS_wide_M517_533944 533944 0.026029 924.0 1948.0 -0.28482112 1.000486 -7.564402e-05 0.2656574 -2.2924367e-05 0.999889 17988783190 147.35843
/home/declsp/obsbot/rawdata/DECam_01464941.fits.fz N4 1464941 800.0 61120.21094701 1.1 181.7607316684449 -5.178103812287381 181.768275 -5.103 M517 0.03574683 24.848804 0.8599671 2.2679374 21.672985 8.048076 decam 15.56884 4.7702346 138 object IBIS_wide_M517_533953 533953 0.031633 924.0 1948.0 0.060465325 0.99981195 -7.184242e-06 0.09692426 0.00018208277 0.9999845 17999404260 99.40264
/home/declsp/obsbot/rawdata/DECam_01464942.fits.fz N4 1464942 800.0 61120.22059485 1.11 184.21673733513978 -4.274103820111492 184.22427083333332 -4.199 M517 0.034478605 24.943008 0.9394195 2.2577515 21.655596 6.759841 decam 14.011817 8.970594 165 object IBIS_wide_M517_530966 530966 0.03781 924.0 1948.0 -0.10675058 0.9999665 9.6958735e-05 -0.032679085 5.326161e-06 0.9999709 18206373101 118.34598
/home/declsp/obsbot/rawdata/DECam_01464943.fits.fz N4 1464943 800.0 61120.23029397 1.11 188.8277403063728 -3.9601038228246455 188.83527083333334 -3.885 M517 0.033088636 24.950405 0.9458407 2.1727805 21.671106 6.0358896 decam 28.572508 10.92429 110 object IBIS_wide_M517_534436 534436 0.036695 924.0 1948.0 -0.1722304 1.0001047 0.0002133461 0.12005841 -0.0004053873 1.0001577 17968134609 132.54053
/home/declsp/obsbot/rawdata/DECam_01464944.fits.fz N4 1464944 800.0 61120.23999664 1.12 193.25274288135714 -3.6661038253631157 193.26027083333335 -3.591 M517 0.021264974 24.96499 0.96017087 1.9857024 21.652725 4.6365137 decam 19.349863 -0.5110254 156 object IBIS_wide_M517_531436 531436 0.021217 924.0 1948.0 0.07004554 1.0002694 0.00020928564 0.0317426 -0.0005191439 1.0000947 18073584448 172.54344
/home/declsp/obsbot/rawdata/DECam_01464945.fits.fz N4 1464945 800.0 61120.24959623 1.12 193.81774946956193 -3.366103827951675 193.825275 -3.291 M517 0.02068047 24.968105 0.9629292 1.8897215 21.66182 4.1254625 decam 11.563709 -0.49484152 161 object IBIS_wide_M517_534422 534422 0.020612 924.0 1948.0 -0.05805016 1.0003163 0.00036068933 0.02920301 -0.00027279655 0.9998997 18116004915 193.91765
/home/declsp/obsbot/rawdata/DECam_01464946.fits.fz N4 1464946 800.0 61120.25928033 1.12 198.18174757288034 -3.0581038306076054 198.18927083333332 -2.983 M517 0.028335355 24.961025 0.95666945 1.9134736 21.671974 4.453314 decam 9.515298 -10.33619 167 object IBIS_wide_M517_531474 531474 0.029098 924.0 1948.0 -0.1561663 1.0001982 0.00059765 -0.018733244 -0.000559584 0.99998975 18290558121 179.64151
/home/declsp/obsbot/rawdata/DECam_01464947.fits.fz N4 1464947 800.0 61120.26893506 1.12 202.20474541082427 -3.3521038280724342 202.21227083333335 -3.277 M517 0.044257633 24.962414 0.9578946 1.9085376 21.702213 4.7470975 decam 8.8099575 -16.82475 150 object IBIS_wide_M517_534213 534213 0.037884 924.0 1948.0 -0.054758728 1.0004517 0.0009005816 0.2314549 -0.0005962693 1.0000337 17929978654 168.52403
/home/declsp/obsbot/rawdata/DECam_01464948.fits.fz N4 1464948 800.0 61120.27852089 1.12 203.36674709849254 -3.660103825414904 203.37427499999998 -3.585 M517 0.037676986 24.961157 0.95678616 1.9103334 21.711746 4.5350823 decam 5.5501237 -21.892866 155 object IBIS_wide_M517_531226 531226 0.035653 924.0 1948.0 -0.018411214 1.0007434 0.00086209644 -0.032425117 -0.0009857812 0.99995476 18006187192 176.40253
/home/declsp/obsbot/rawdata/DECam_01464949.fits.fz N4 1464949 800.0 61120.28813404 1.11 206.33474118498245 -4.70810381635777 206.34227916666666 -4.633 M517 0.02551937 24.97738 0.9696356 2.0452385 21.721344 4.6346464 decam 3.184325 -19.266487 171 object IBIS_wide_M517_534185 534185 0.030164 924.0 1948.0 -0.13942827 1.0003117 0.0008108782 0.15962453 -0.001283659 1.0001081 18261115886 172.61295
/home/declsp/obsbot/rawdata/DECam_01464950.fits.fz N4 1464950 800.0 61120.29776722 1.11 209.21273345476862 -4.652103816842374 209.22027083333333 -4.577 M517 0.029582944 24.96256 0.9564895 2.1357582 21.743216 5.2208724 decam 2.4611974 -28.132538 177 object IBIS_wide_M517_534255 534255 0.028945 924.0 1948.0 -0.15270935 1.0001848 0.0009892983 0.08293239 -0.0011394373 1.0000751 17880529977 153.2311
/home/declsp/obsbot/rawdata/DECam_01464951.fits.fz N4 1464951 800.0 61120.30741394 1.13 211.99875365167475 -3.3641038279689264 212.00627916666667 -3.289 M517 0.05869132 24.933462 0.9341854 2.547319 21.745235 9.379295 decam 7.0217586 -17.726435 166 object IBIS_wide_M517_534258 534258 0.059651 924.0 1948.0 -0.1307446 1.000251 0.0010969518 0.185498 -0.0009354118 1.0001373 17820173963 85.29425
/home/declsp/obsbot/rawdata/DECam_01464952.fits.fz N4 1464952 800.0 61120.31706053 1.12 214.78973732531205 -4.2751038201028475 214.79727083333336 -4.2 M517 0.046834216 24.938013 0.9366071 2.4023921 21.754576 7.6167417 decam 3.692037 -13.044787 205 object IBIS_wide_M517_531258 531258 0.047885 924.0 1948.0 0.03188972 1.0001361 0.0012583979 0.16956805 -0.0010427012 1.0001563 17856882024 105.03179
/home/declsp/obsbot/rawdata/DECam_01464953.fits.fz N4 1464953 800.0 61120.32665879 1.12 216.3107371677523 -4.2911038199645395 216.31827083333334 -4.216 M517 0.06525741 24.983814 0.9769625 2.0390244 21.743633 5.7162867 decam 3.0301259 -10.676471 204 object IBIS_wide_M517_536968 536968 0.062738 924.0 1948.0 -0.21744038 1.0002968 0.0013715157 0.1441584 -0.0012204882 1.000102 17942272516 139.95099
/home/declsp/obsbot/rawdata/DECam_01464954.fits.fz N4 1464954 800.0 61120.33629173 1.12 219.84873904539626 -4.517103818010305 219.856275 -4.442 M517 0.10146154 24.978151 0.97187984 1.9986577 21.73219 7.0320168 decam 1.2675116 3.974211 214 object IBIS_wide_M517_539943 539943 0.087061 924.0 1948.0 -0.12480551 1.0001104 0.0014444863 0.14809904 -0.0013312859 1.0000385 17910886836 113.76537
/home/declsp/obsbot/rawdata/DECam_01464955.fits.fz N4 1464955 800.0 61120.34588304 1.13 221.9767485941837 -3.9651038227814586 221.98427916666668 -3.89 M517 0.10227551 25.00455 0.99739784 1.7082549 21.73116 4.9239044 decam 7.13929 13.782606 235 object IBIS_wide_M517_540512 540512 0.094483 924.0 1948.0 -0.2186867 1.0003948 0.0014201405 -0.0032148375 -0.0013147858 0.9999852 18175947174 162.47269
/home/declsp/obsbot/rawdata/DECam_01464956.fits.fz N4 1464956 800.0 61120.35550083 1.14 222.97774317652002 -4.100103821615222 222.985275 -4.025 M517 0.08283133 25.008251 1.0024083 1.5213137 21.70625 3.515562 decam 0.7892841 1.6569899 266 object IBIS_wide_M517_537441 537441 0.093837 924.0 1948.0 -0.35320893 1.0003533 0.0014253361 0.049096324 -0.0013739181 1.0001125 18645066834 227.55963
/home/declsp/obsbot/rawdata/DECam_01464957.fits.fz N4 1464957 800.0 61120.3651088 1.16 225.45275663551962 -2.2541038375338194 225.460275 -2.179 M517 0.07615749 24.997015 0.99527264 1.6854455 21.733995 4.1179914 decam -9.59956 18.88845 228 object IBIS_wide_M517_540442 540442 0.076755 924.0 1948.0 0.34390616 0.999952 0.0014442055 0.09341221 -0.0013927509 1.0001104 17973762992 194.26947
/home/declsp/obsbot/rawdata/DECam_01464958.fits.fz N4 1464958 800.0 61120.3747411 1.2 222.00075795755373 -2.7501038332620094 222.00827916666668 -2.675 M517 0.071171045 24.99361 0.99853766 1.6737711 21.69926 4.09019 decam 5.751934 5.1945887 260 object IBIS_wide_M517_540515 540515 0.077582 924.0 1948.0 0.2859174 1.0002557 0.0013968776 0.33137852 -0.0012099377 1.0000896 18023343010 195.58994
/home/declsp/obsbot/rawdata/DECam_01464959.fits.fz N4 1464959 800.0 61120.38468217 1.21 233.54675631727787 2.314896123169972 233.554275 2.39 M517 0.046121743 24.945463 0.9567562 2.3566427 21.747883 7.2420454 decam 4.5695534 2.2711036 242 object IBIS_wide_M517_537516 537516 0.048118 924.0 1948.0 0.2161092 1.0002536 0.001739383 0.4218529 -0.0016801603 1.0000508 17984791127 110.46603
/home/declsp/obsbot/rawdata/DECam_01464960.fits.fz N4 1464960 150.0 61120.39504183 1.12 220.15209109876386 -26.582575554917522 220.16049166666667 -26.507471944444443 M517 0.10568706 25.022358 1.0122676 1.4109085 21.653502 3.5681899 decam -9.11178 -1.0235782 498 object "NGC5694 position 21" 0 0.0 924.0 1948.0 -0.3428055 1.0001003 0.001666853 0.09183764 -0.0015905323 1.0001708 15973630078 42.03812
/home/declsp/obsbot/rawdata/DECam_01464961.fits.fz N4 1464961 150.0 61120.3971208 1.13 219.67374881404714 -26.47712166716105 219.68214166666667 -26.402018055555555 M517 0.09820092 25.016207 1.008162 1.3936272 21.613459 3.486489 decam -1.4476397 -7.9336176 459 object "NGC5694 position 22" 0 0.0 924.0 1948.0 -0.46206906 1.0000384 0.0016507967 0.28565067 -0.0017634431 1.0001397 15989196068 43.023224
/home/declsp/obsbot/rawdata/DECam_01464962.fits.fz N4 1464962 150.0 61120.39919513 1.13 219.9532461368341 -26.85274971867338 219.96166666666667 -26.77764611111111 M517 0.102471665 25.015322 1.0073416 1.4933842 21.534264 4.429311 decam -8.090131 -0.5903367 482 object "NGC5694 position 23" 0 0.0 924.0 1948.0 0.004876312 0.999999 0.0016900713 0.06300601 -0.0016579144 1.000141 15969974927 33.865314
/home/declsp/obsbot/rawdata/DECam_01464963.fits.fz N4 1464963 150.0 61120.40125776 1.14 220.0317879797759 -26.39701472357545 220.040175 -26.32191111111111 M517 0.09824884 25.011314 1.0052392 1.5922716 21.395844 5.6116133 decam -7.6116257 3.9510767 442 object "NGC5694 position 24" 0 0.0 924.0 1948.0 0.09975475 1.0001249 0.0016774953 0.1938292 -0.0016711057 1.0001774 16052113805 26.730282
/home/declsp/obsbot/rawdata/DECam_01464964.fits.fz N4 1464964 15.0 61120.40413813 1.58 189.70078795747543 -49.79143632983654 189.712425 -49.71633305555556 M517 0.12849489 24.934437 1.0049465 1.9710828 20.98437 17.476562 decam -18.36756 -13.314362 703 object "LTT4861 N4" 0 0.0 924.0 1948.0 0.0490522 1.0002334 0.00066479575 0.2123246 -0.0009768287 1.0003097 15492115885 0.85829234
/home/declsp/obsbot/rawdata/DECam_01464965.fits.fz N4 1464965 15.0 61120.40477506 1.59 189.21964629080875 -49.79143632983654 189.23128333333335 -49.71633305555556 M517 0.123391315 24.886438 0.96302897 2.4139557 20.845705 31.508736 decam -6.1793513 -28.52177 552 object "LTT4861 N5" 0 0.0 924.0 1948.0 -0.18568878 0.9996746 0.00084367325 0.31663525 -0.0012285769 1.000292 15497696552 0.47605845
/home/declsp/obsbot/rawdata/DECam_01464966.fits.fz N4 1464966 15.0 61120.40526866 1.57 190.1818893914288 -49.95810327083149 190.19356666666667 -49.883 M517 0.13002166 24.934954 1.0038147 2.2067492 20.779186 26.686834 decam -20.025658 -35.871708 619 object "LTT4861 S3" 0 0.0 924.0 1948.0 -0.35643467 1.0001523 0.0009062346 -0.1662938 -0.0011795895 1.0003539 15503848280 0.5620749
/home/declsp/obsbot/rawdata/DECam_01464967.fits.fz N4 1464967 15.0 61120.40576428 1.59 189.70074772476212 -49.95810327083149 189.712425 -49.883 M517 0.11683266 24.914782 0.98849994 2.3196387 20.723896 29.65414 decam -8.194781 -48.271465 625 object "LTT4861 S4" 0 0.0 924.0 1948.0 -0.021354793 0.99999785 0.00075279956 0.11671474 -0.0008685164 1.0002549 15506774134 0.50583154
/home/declsp/obsbot/rawdata/DECam_01464968.fits.fz N4 1464968 15.0 61120.40622859 1.6 189.21960605809545 -49.95810327083149 189.23128333333335 -49.883 M517 0.12251485 24.910748 0.9864136 2.3130014 20.623035 33.77411 decam -11.556851 -46.98742 599 object "LTT4861 S5" 0 0.0 924.0 1948.0 -0.25998065 0.99998194 0.00085901626 -0.14385925 -0.00055673876 1.0005153 15515433114 0.4441272
/home/declsp/obsbot/rawdata/DECam_01464969.fits.fz N4 1464969 15.0 61120.40789645 1.05 234.74177384719718 -28.584297477454864 234.7503291666667 -28.509193888888888 M517 0.11373475 25.022417 1.0010294 1.50109 20.65784 10.623046 decam 5.6471243 -45.90541 531 object "LTT6248 N4" 0 0.0 924.0 1948.0 -0.12507233 1.00006 0.0020928187 0.1067618 -0.0019388658 1.0001222 15527796563 1.4120244
/home/declsp/obsbot/rawdata/DECam_01464970.fits.fz N4 1464970 15.0 61120.40838031 1.05 234.38807384719718 -28.584297477454868 234.39662916666666 -28.509193888888888 M517 0.22622195 25.10545 1.0805874 1.3056284 20.512926 15.919356 decam -4.306016 -36.053043 397 object "LTT6248 N5" 0 0.0 924.0 1948.0 -0.33175087 1.0004135 0.0021336144 -0.02741491 -0.0019637293 1.000158 15523918292 0.9422492
/home/declsp/obsbot/rawdata/DECam_01464971.fits.fz N4 1464971 15.0 61120.40887411 1.05 235.09544772966674 -28.750964697816126 235.10401666666667 -28.67586111111111 M517 0.13145722 25.025417 1.0037991 1.4623444 20.454569 13.506643 decam 11.329981 -30.047195 506 object "LTT6248 S3" 0 0.0 924.0 1948.0 -0.074326105 1.0001347 0.0020980842 0.12796856 -0.0020414358 1.0001801 15534130102 1.1105646
/home/declsp/obsbot/rawdata/DECam_01464972.fits.fz N4 1464972 15.0 61120.40936722 1.05 234.74176022966677 -28.750964697816126 234.7503291666667 -28.67586111111111 M517 0.12067507 25.02694 1.0052078 1.6101273 20.365332 16.569386 decam 1.7745026 -20.064413 426 object "LTT6248 S4" 0 0.0 924.0 1948.0 0.0020031158 1.0001713 0.0021455358 -0.12906894 -0.001933099 1.0001978 15543972873 0.90528405
/home/declsp/obsbot/rawdata/DECam_01464973.fits.fz N4 1464973 15.0 61120.40985577 1.05 234.38806022966676 -28.750964697816126 234.39662916666666 -28.67586111111111 M517 0.33074725 25.105856 1.0809916 1.3923625 20.24109 44.635372 decam -9.458485 -7.878979 373 object "LTT6248 S5" 0 0.0 924.0 1948.0 -0.5955201 1.0001831 0.0022559061 0.33159667 -0.0021220627 1.0000144 15563662554 0.33605635
