logs/db-2025-12-21.ecsv
# %ECSV 1.0
# ---
# datatype:
# - {name: filename, datatype: string}
# - {name: extension, datatype: string}
# - {name: expnum, datatype: int64}
# - {name: exptime, datatype: float32}
# - {name: mjd_obs, datatype: float64}
# - {name: airmass, datatype: float32}
# - {name: racenter, datatype: float64}
# - {name: deccenter, datatype: float64}
# - {name: rabore, datatype: float64}
# - {name: decbore, datatype: float64}
# - {name: band, datatype: string}
# - {name: ebv, datatype: float32}
# - {name: zeropoint, datatype: float32}
# - {name: transparency, datatype: float32}
# - {name: seeing, datatype: float32}
# - {name: sky, datatype: float32}
# - {name: expfactor, datatype: float32}
# - {name: camera, datatype: string}
# - {name: dx, datatype: float32}
# - {name: dy, datatype: float32}
# - {name: nmatched, datatype: int64}
# - {name: obstype, datatype: string}
# - {name: object, datatype: string}
# - {name: tileid, datatype: int64}
# - {name: tileebv, datatype: float32}
# - {name: affine_x0, datatype: float32}
# - {name: affine_y0, datatype: float32}
# - {name: affine_dx, datatype: float32}
# - {name: affine_dxx, datatype: float32}
# - {name: affine_dxy, datatype: float32}
# - {name: affine_dy, datatype: float32}
# - {name: affine_dyx, datatype: float32}
# - {name: affine_dyy, datatype: float32}
# - {name: checksum, datatype: string}
# - {name: efftime, datatype: float32}
# schema: astropy-2.0
filename extension expnum exptime mjd_obs airmass racenter deccenter rabore decbore band ebv zeropoint transparency seeing sky expfactor camera dx dy nmatched obstype object tileid tileebv affine_x0 affine_y0 affine_dx affine_dxx affine_dxy affine_dy affine_dyx affine_dyy checksum efftime
rawdata/DECam_01443163.fits.fz N4 1443163 5.0 61031.02465777 1.0 27.322301136119613 -31.147880503697408 27.331079166666665 -31.072776944444445 r 0.01763494 22.552298 0.019666146 2.1411366 16.905457 325035.78 decam -4.456916 -6.936101 5 object pointing 0 0.0 924.0 1948.0 -0.029676344 1.001804 -0.0011334551 0.7144797 0.0027922743 1.0005801 22027000647 1.5382922e-05
rawdata/DECam_01443164.fits.fz N4 1443164 30.0 61031.02575879 1.0 27.322301136119613 -31.147880503697408 27.331079166666665 -31.072776944444445 r 0.01763494 23.845243 0.06469899 1.6681181 17.355494 12047.003 decam -7.4151416 -8.3215 8 object pointing 0 0.0 924.0 1948.0 -0.1598605 0.99966323 -0.0014536327 0.537978 0.0018173956 0.99987584 41754470680 0.002490246
rawdata/DECam_01443165.fits.fz N4 1443165 30.0 61031.03035373 1.35 346.9799643468638 -15.772881773359078 346.9877708333333 -15.697778055555556 M517 0.03529571 22.063314 0.068815425 1.7975466 18.259722 19787.443 decam -16.907904 32.97593 14 object Pointing 0 0.0 924.0 1948.0 -0.6931223 0.9997633 -0.00026583584 -0.27314556 -0.00023650972 0.99998367 17585134995 0.0015161129
rawdata/DECam_01443166.fits.fz N4 1443166 60.0 61031.03260495 1.37 346.9799643468638 -15.772881773359078 346.9877708333333 -15.697778055555556 z 0.03529571 25.903002 0.597696 1.6783376 17.944641 9.365328 decam -16.59723 35.217415 112 object Pointing 0 0.0 924.0 1948.0 -0.025306148 0.9998581 0.00042032046 -0.06631105 -7.113046e-06 0.9999758 37984299885 6.4066095
rawdata/DECam_01443167.fits.fz N4 1443167 150.0 61031.03480535 1.38 346.98104351799907 -15.772765662249046 346.98885 -15.697661944444445 M517 0.03530337 23.671686 0.3041741 1.9327168 19.493967 379.26825 decam -6.3099465 6.676614 43 object "NGC7492 position 18" 0 0.0 924.0 1948.0 -0.33602047 0.9990416 -0.000119311786 -0.35080528 0.0005594696 1.0000367 18922274144 0.39549842
rawdata/DECam_01443168.fits.fz N4 1443168 150.0 61031.03689194 1.41 346.8109869179663 -15.397901776833228 346.8187791666667 -15.322798055555555 M517 0.034114573 23.208645 0.19952361 1.7762388 19.784395 571.08594 decam -18.372961 12.535168 39 object "NGC7492 position 19" 0 0.0 924.0 1948.0 0.04486235 0.9998092 0.00028501273 -0.04359351 6.67075e-05 0.9999431 18087966101 0.2626575
rawdata/DECam_01443169.fits.fz N4 1443169 150.0 61031.03898274 1.42 346.66973431775375 -15.795273717595665 346.6775416666666 -15.72017 M517 0.03547789 23.620598 0.2920593 1.7199349 19.959644 215.17093 decam -6.520533 14.082437 54 object "NGC7492 position 20" 0 0.0 924.0 1948.0 -0.016751295 1.0000937 0.0004690908 0.09351183 -0.00030486644 1.0000535 17679265967 0.6971202
rawdata/DECam_01443170.fits.fz N4 1443170 150.0 61031.04104368 1.43 347.0621713849674 -15.588789830621815 347.06997083333334 -15.513686111111111 M517 0.036505133 23.512493 0.26480424 1.8195562 20.182785 240.805 decam -11.403442 11.510754 226 object "NGC7492 position 21" 0 0.0 924.0 1948.0 -0.373 1.0001884 4.766261e-05 0.6569356 -0.00085578405 1.0000875 17249084708 0.6229107
rawdata/DECam_01443171.fits.fz N4 1443171 150.0 61031.04311244 1.46 346.61784620915404 -15.483305664931972 346.62564166666664 -15.408201944444444 M517 0.03384142 24.386808 0.5953048 1.7075076 20.527308 30.340063 decam -4.989823 20.187933 65 object "NGC7492 position 22" 0 0.0 924.0 1948.0 -0.31717533 1.0002378 0.0003910814 -0.07311125 -0.00032350575 1.0001467 16770228805 4.9439583
rawdata/DECam_01443172.fits.fz N4 1443172 150.0 61031.04516731 1.47 346.8774485275817 -15.858865661449537 346.88525833333335 -15.783761944444445 M517 0.034571603 24.072603 0.4464302 1.6213319 20.62994 44.603374 decam -8.66588 13.702025 71 object "NGC7492 position 23" 0 0.0 924.0 1948.0 0.007238904 0.9999886 0.00029315212 0.057074055 -0.00014574008 1.0002292 16619346756 3.3629742
rawdata/DECam_01443173.fits.fz N4 1443173 150.0 61031.04726348 1.49 346.9505325545067 -15.4031548323402 346.958325 -15.328051111111112 M517 0.03479696 24.642117 0.75674725 1.8173069 20.849777 16.049507 decam -5.5054502 31.340065 85 object "NGC7492 position 24" 0 0.0 924.0 1948.0 -0.07132072 1.0000948 0.0003426872 -0.14681354 -1.6628628e-05 1.0000702 16407094034 9.346082
rawdata/DECam_01443174.fits.fz N4 1443174 35.0 61031.05068333 1.07 25.543539992502964 -13.648103737329878 25.551270833333334 -13.573 M517 0.018647308 23.40166 0.22570263 1.5729059 21.265072 72.871376 decam -10.531918 41.0891 19 object "pointing test" 0 0.0 924.0 1948.0 0.2783185 0.9999846 -0.0015097315 -0.27953264 0.001166259 1.000082 15527958242 0.48029834
rawdata/DECam_01443175.fits.fz N4 1443175 499.6068 61031.05377248 1.07 30.482600430847306 -11.794103754080826 30.490274999999997 -11.719 M517 0.020984912 22.41852 0.09125995 2.0477877 21.152275 850.1847 decam 5.7206173 4.65826 29 object IBIS_wide_M517_504080 504080 0.021569 924.0 1948.0 0.0061842673 1.0007449 -0.0016656845 -0.38644543 0.000637329 1.0002415 18008851322 0.58764505
rawdata/DECam_01443176.fits.fz N4 1443176 0.0 61031.29998007 0.0 0.0 0.0 346.9875 -15.697778055555556 z 0.0 0.0 0.0 0.0 0.0 0.0 decam 0.0 0.0 -1 zero "" 0 0.0 0.0 0.0 0.0 0.0 0.0 0.0 0.0 0.0 "" 0.0
rawdata/DECam_01443177.fits.fz N4 1443177 0.0 61031.30026296 0.0 0.0 0.0 346.9875 -15.697778055555556 z 0.0 0.0 0.0 0.0 0.0 0.0 decam 0.0 0.0 -1 zero "" 0 0.0 0.0 0.0 0.0 0.0 0.0 0.0 0.0 0.0 "" 0.0
rawdata/DECam_01443179.fits.fz N4 1443179 30.0 61031.30675716 1.13 146.79071402470626 -6.76010379853885 146.79827916666665 -6.6850000000000005 z 0.053898517 26.554403 1.0746853 1.5174078 18.994902 0.9258109 decam 25.40459 -35.73402 189 object Pointing 0 0.0 924.0 1948.0 0.31512263 1.0001919 -0.001418532 -0.07386935 0.0014934209 1.0002183 19709454168 32.404026
rawdata/DECam_01443180.fits.fz N4 1443180 522.3766 61031.30820166 1.13 146.79071402470626 -6.76010379853885 146.79827916666665 -6.6850000000000005 M517 0.053898517 25.040388 1.0308691 1.3076966 21.670687 2.112341 decam 3.7367425 -8.074377 198 object IBIS_wide_M517_524967 524967 0.056953 924.0 1948.0 0.3986124 1.0003806 -0.0014210972 0.122089304 0.0012114375 1.0001204 17151123928 247.29749
rawdata/DECam_01443181.fits.fz N4 1443181 305.118 61031.31458603 1.12 146.09672077889817 -6.021103804971113 146.104275 -5.946 M517 0.04199359 25.057467 1.0455344 1.0607558 21.681343 1.2390603 decam 11.725574 -1.341224 189 object IBIS_wide_M517_524969 524969 0.047463 924.0 1948.0 -0.11845088 1.0006486 -0.0013397274 -0.08613146 0.001444157 1.0001277 16490513807 246.24953
rawdata/DECam_01443182.fits.fz N4 1443182 309.698 61031.31924733 1.14 151.35971977180304 -6.382103801831287 151.36727916666666 -6.307 M517 0.038118713 25.064253 1.0554687 1.0944775 21.683971 1.2683039 decam 7.857365 10.100072 155 object IBIS_wide_M517_527934 527934 0.036797 924.0 1948.0 0.35028213 1.0001535 -0.0013552159 -0.07868004 0.0013562125 1.0000372 16387501823 244.1828
rawdata/DECam_01443183.fits.fz N4 1443183 328.3578 61031.32314798 1.13 152.494704874308 -6.812103798085526 152.50227083333334 -6.737 M517 0.030776909 25.052538 1.0424694 1.0744636 21.682425 1.1948162 decam 10.799545 -0.22275896 155 object IBIS_wide_M517_525446 525446 0.03447 924.0 1948.0 0.10768698 1.0002527 -0.0013661091 -0.20744182 0.0012968003 1.0001444 16446878597 274.81866
rawdata/DECam_01443184.fits.fz N4 1443184 328.6479 61031.32726856 1.13 154.005715701221 -6.652103799480058 154.01327916666665 -6.577 M517 0.057499513 25.049562 1.0396159 1.0766053 21.673548 1.4369818 decam 11.264957 5.3092594 176 object IBIS_wide_M517_525425 525425 0.04324 924.0 1948.0 0.17636518 1.0002077 -0.0012703156 -0.11023857 0.0011084788 1.0001557 16464875971 228.70706
rawdata/DECam_01443185.fits.fz N4 1443185 331.2479 61031.33158787 1.13 155.2447156704254 -6.654103799462632 155.25227916666668 -6.579 M517 0.041484367 25.068218 1.0576338 1.1302036 21.65843 1.4035922 decam 11.764527 0.8716148 168 object IBIS_wide_M517_525426 525426 0.042569 924.0 1948.0 0.20678483 0.99991286 -0.0010569807 -0.3958545 0.0011251329 1.0001997 16471118527 236.00009
rawdata/DECam_01443186.fits.fz N4 1443186 150.0 61031.3381359 1.01 136.70085121762503 -37.204173483022444 136.71028333333334 -37.12907 M517 0.38261816 25.14574 1.1142749 1.0459536 21.698988 8.458279 decam 12.247194 13.939283 1896 object "Pyxis position 17" 0 0.0 924.0 1948.0 0.33829203 1.0001292 -0.0020675058 -0.36333865 0.002008308 1.0000936 16080658116 17.734104
rawdata/DECam_01443187.fits.fz N4 1443187 150.0 61031.34020956 1.01 137.1574184473768 -37.36572236971764 137.16687083333332 -37.290618888888886 M517 0.32692304 25.13261 1.1008811 1.0298628 21.65467 6.179999 decam -0.3762931 10.587834 1849 object "Pyxis position 18" 0 0.0 924.0 1948.0 0.095934466 1.0002683 -0.001957042 0.032767292 0.0018693109 1.0001051 16574446757 24.271849
rawdata/DECam_01443188.fits.fz N4 1443188 150.0 61031.34225867 1.01 136.95171105723202 -36.99095737479233 136.96111666666667 -36.91585388888889 M517 0.3097695 25.117947 1.0861124 1.0508596 21.611015 6.18212 decam -1.3306413 14.374269 1943 object "Pyxis position 19" 0 0.0 924.0 1948.0 0.1354097 1.0000166 -0.002027606 -0.38070086 0.001842224 1.0001131 16123046418 24.263521
rawdata/DECam_01443189.fits.fz N4 1443189 150.0 61031.34433736 1.01 136.78066144248098 -37.388239591633344 136.79011666666668 -37.31313611111111 M517 0.39302567 25.146643 1.1152 1.1371446 21.520454 12.5505085 decam 3.5220923 17.354574 1859 object "Pyxis position 20" 0 0.0 924.0 1948.0 0.15235862 1.000021 -0.002003997 -0.16552478 0.0020286131 1.00012 16456888114 11.951707
rawdata/DECam_01443190.fits.fz N4 1443190 150.0 61031.34640401 1.01 137.25514986791808 -37.18162042777241 137.26457916666666 -37.106516944444444 M517 0.29679164 25.1174 1.085564 1.1138403 21.401815 7.771378 decam 3.645112 17.455723 1852 object "Pyxis position 21" 0 0.0 924.0 1948.0 0.049895514 1.0001205 -0.0019512431 -0.16683659 0.0019106573 1.0000259 16124423584 19.301596
rawdata/DECam_01443191.fits.fz N4 1443191 150.0 61031.34845485 1.02 136.7185379936529 -37.07620042919801 136.72795416666665 -37.00109694444444 M517 0.33961394 25.129976 1.0999746 1.1480505 21.22974 12.349758 decam 2.3929653 20.403608 1880 object "Pyxis position 22" 0 0.0 924.0 1948.0 0.2558338 1.0001059 -0.0019925258 -0.13124236 0.0021073995 1.0000172 16315328781 12.145987
rawdata/DECam_01443192.fits.fz N4 1443192 150.0 61031.35051137 1.02 137.03209506658652 -37.451909590765624 137.0415583333333 -37.37680611111111 M517 0.34890202 25.14077 1.1109637 1.1571567 20.9851 16.327745 decam -3.411508 18.177942 1746 object "Pyxis position 23" 0 0.0 924.0 1948.0 0.16480893 1.0000936 -0.0019215122 -0.1612405 0.0019790647 1.0000657 16572822536 9.186816
rawdata/DECam_01443193.fits.fz N4 1443193 150.0 61031.3525677 1.02 137.12003958225128 -36.99614543027798 137.12944583333334 -36.92104194444445 M517 0.29558417 25.093683 1.0638137 1.391977 20.709307 23.79576 decam -7.888661 16.598186 1668 object "Pyxis position 24" 0 0.0 924.0 1948.0 0.17399311 1.0002141 -0.0019888012 -0.047989044 0.0018979622 1.0000257 16733472657 6.303644
rawdata/DECam_01443194.fits.fz N4 1443194 10.0 61031.35531368 1.04 130.3761489802335 -32.93424242676747 130.3851 -32.859138888888886 M517 0.33464447 25.128391 1.1018965 1.2424827 20.33417 32.078297 decam -8.243303 26.75052 899 object "LTT3218 N4" 0 0.0 924.0 1948.0 -0.09658292 0.9999103 -0.0021565126 -0.26588517 0.0022866395 1.000104 15490654254 0.31173724
rawdata/DECam_01443195.fits.fz N4 1443195 10.0 61031.35571947 1.04 130.00609898023347 -32.93424242676747 130.01505 -32.859138888888886 M517 0.29259276 25.097235 1.0707252 1.1627979 20.256025 24.59485 decam -6.5924196 25.287388 1145 object "LTT3218 N5" 0 0.0 924.0 1948.0 0.053017676 1.0001525 -0.002106192 -0.031005478 0.002406253 1.000059 15494910535 0.40658918
rawdata/DECam_01443196.fits.fz N4 1443196 10.0 61031.35612515 1.04 130.74619871054136 -33.10090964695198 130.75516666666667 -33.02580611111111 M517 0.41609186 25.158297 1.1326677 1.2602491 20.126966 62.86836 decam -5.906596 25.331184 800 object "LTT3218 S3" 0 0.0 924.0 1948.0 0.07156259 1.0002719 -0.0021601652 0.14159045 0.0019390181 1.0001968 15529809774 0.15906253
rawdata/DECam_01443197.fits.fz N4 1443197 10.0 61031.35653129 1.04 130.37613204387472 -33.100909646952 130.3851 -33.02580611111111 M517 0.3320199 25.116268 1.0896603 1.2477734 20.103632 40.243027 decam -6.1348453 21.356373 895 object "LTT3218 S4" 0 0.0 924.0 1948.0 -0.27144024 1.0000614 -0.0020482405 0.011997418 0.002125354 1.0000398 15510261233 0.24849026
rawdata/DECam_01443198.fits.fz N4 1443198 10.0 61031.35693729 1.04 130.00608204387473 -33.10090964695198 130.01505 -33.02580611111111 M517 0.27418688 25.085176 1.0588989 1.3123015 20.032164 35.074383 decam -5.4918475 23.991158 1044 object "LTT3218 S5" 0 0.0 924.0 1948.0 0.042425323 1.0002177 -0.0021648647 -0.3235966 0.0021213952 1.0001861 15521110505 0.28510836
rawdata/DECam_01443199.fits.fz N4 1443199 15.0 61031.35834397 1.01 158.0489082850337 -35.62021461516044 158.05815 -35.54511111111111 M517 0.09512646 25.076855 1.0457742 1.1776329 19.771908 11.915167 decam 13.617222 4.2815976 292 object "LTT3864 N4" 0 0.0 924.0 1948.0 0.24748115 1.0002146 -0.0012946763 -0.1367878 0.0010831353 1.0001618 15649896925 1.2588997
rawdata/DECam_01443200.fits.fz N4 1443200 15.0 61031.3588311 1.01 157.66682911836705 -35.62021461516044 157.67607083333334 -35.54511111111111 M517 0.097239666 25.075779 1.0447384 1.1703479 19.678152 13.026147 decam 15.824184 -11.435403 227 object "LTT3864 N5" 0 0.0 924.0 1948.0 0.09460164 1.0005879 -0.0011841198 -0.1150533 0.0009256807 1.0001754 15674267787 1.15153
rawdata/DECam_01443201.fits.fz N4 1443201 15.0 61031.35930779 1.01 158.43095561147695 -35.78688155743227 158.44021666666666 -35.711778055555556 M517 0.09434271 25.08105 1.0498229 1.168445 19.576252 13.870413 decam 16.189997 -3.592063 279 object "LTT3864 S3" 0 0.0 924.0 1948.0 0.0070578097 1.0001185 -0.0011485375 0.04848317 0.0007501436 1.000217 15702997531 1.0814387
rawdata/DECam_01443202.fits.fz N4 1443202 15.0 61031.35977741 1.01 158.0488889448103 -35.78688155743227 158.05815 -35.711778055555556 M517 0.10869775 25.081 1.0497746 1.1537207 19.475023 16.23935 decam 16.335468 -9.395501 298 object "LTT3864 S4" 0 0.0 924.0 1948.0 0.22134691 1.0001479 -0.0012022172 0.0070541785 0.0010726277 1.0001608 15738049900 0.92368233
rawdata/DECam_01443203.fits.fz N4 1443203 15.0 61031.36028469 1.01 157.66680977814363 -35.78688155743227 157.67607083333334 -35.711778055555556 M517 0.09514436 25.077372 1.0462718 1.1230934 19.370382 15.676014 decam 11.325671 -14.391281 287 object "LTT3864 S5" 0 0.0 924.0 1948.0 -0.20239104 1.0001398 -0.0012471749 0.1207124 0.00097229943 1.0001805 15772382591 0.9568759
rawdata/DECam_01443204.fits.fz N4 1443204 15.0 61031.36140067 1.01 158.0489082850337 -35.62021461516044 158.05815 -35.54511111111111 M490 0.09512646 25.047209 1.0657899 1.2078792 18.810629 30.551857 decam 12.667173 -7.3821297 256 object "LTT3864 N4" 0 0.0 924.0 1948.0 0.38824272 1.000436 -0.0012901886 -0.07035031 0.0012648329 1.0001526 16010875741 0.49096853
rawdata/DECam_01443205.fits.fz N4 1443205 15.0 61031.36186591 1.01 157.66682911836705 -35.62021461516044 157.67607083333334 -35.54511111111111 M490 0.097239666 25.030409 1.049426 1.5287231 18.707554 56.25822 decam 10.473166 -14.751834 163 object "LTT3864 N5" 0 0.0 924.0 1948.0 0.1267494 1.000434 -0.0012381669 -0.07571966 0.0012174137 1.0003221 16073845935 0.2666277
rawdata/DECam_01443206.fits.fz N4 1443206 15.0 61031.36233215 1.01 158.43095561147695 -35.78688155743227 158.44021666666666 -35.711778055555556 M490 0.09434271 25.02713 1.0462607 1.3763305 18.59401 49.968388 decam 10.600766 -13.306242 204 object "LTT3864 S3" 0 0.0 924.0 1948.0 0.050242648 1.0002456 -0.0011718005 0.032690052 0.00071189157 1.0001465 16149416358 0.3001898
rawdata/DECam_01443207.fits.fz N4 1443207 15.0 61031.36280693 1.01 158.0488889448103 -35.78688155743227 158.05815 -35.711778055555556 M490 0.10869775 25.039858 1.0585974 1.3216317 18.486193 54.730762 decam 8.100913 -20.40389 252 object "LTT3864 S4" 0 0.0 924.0 1948.0 0.16310132 1.0002059 -0.0012004428 -0.16552943 0.0010119893 1.0002435 16233576455 0.2740689
rawdata/DECam_01443208.fits.fz N4 1443208 15.0 61031.36328206 1.01 157.66680977814363 -35.78688155743227 157.67607083333334 -35.711778055555556 M490 0.09514436 25.05192 1.0704247 1.086304 18.379013 36.475315 decam 10.154481 -10.36177 240 object "LTT3864 S5" 0 0.0 924.0 1948.0 -0.17086104 1.0001562 -0.0012317545 -0.056212217 0.0011070489 1.0002801 16319902440 0.41123703
rawdata/DECam_01443209.fits.fz N4 1443209 15.0 61031.36376333 1.01 158.0489082850337 -35.62021461516044 158.05815 -35.54511111111111 M438 0.09512646 24.849152 1.0586501 1.2254274 18.17343 62.277855 decam 13.162129 -11.022148 171 object "LTT3864 N4" 0 0.0 924.0 1948.0 0.08377395 1.0003124 -0.001183128 -0.073445514 0.001196842 1.0002177 16329388876 0.24085608
rawdata/DECam_01443210.fits.fz N4 1443210 15.0 61031.36424422 1.01 157.66682911836705 -35.62021461516044 157.67607083333334 -35.54511111111111 M438 0.097239666 24.831505 1.0415825 1.3352151 18.064116 85.80771 decam 2.0937927 -17.522755 117 object "LTT3864 N5" 0 0.0 924.0 1948.0 0.3634409 1.0005926 -0.0012002054 0.014542858 0.001078389 1.0002518 16431996019 0.17480947
rawdata/DECam_01443211.fits.fz N4 1443211 15.0 61031.3647227 1.01 158.43095561147695 -35.78688155743227 158.44021666666666 -35.711778055555556 M438 0.09434271 24.838198 1.0480238 1.271241 17.947582 83.69346 decam 1.9369895 -11.91168 154 object "LTT3864 S3" 0 0.0 924.0 1948.0 0.16493525 1.0000489 -0.0011058121 0.042668503 0.0006377246 1.0001172 16551721344 0.17922547
rawdata/DECam_01443212.fits.fz N4 1443212 15.0 61031.36520409 1.01 158.0488889448103 -35.78688155743227 158.05815 -35.711778055555556 M438 0.10869775 24.84091 1.0506444 1.2269734 17.838089 95.65404 decam 12.847663 -15.774861 153 object "LTT3864 S4" 0 0.0 924.0 1948.0 -0.1074247 1.0000993 -0.001147378 -0.03459525 0.0011371139 1.0002719 16678680447 0.15681513
rawdata/DECam_01443213.fits.fz N4 1443213 15.0 61031.3656806 1.01 157.66680977814363 -35.78688155743227 157.67607083333334 -35.711778055555556 M438 0.09514436 24.839445 1.049229 1.3214972 17.734434 110.46137 decam 8.153943 -6.2808933 150 object "LTT3864 S5" 0 0.0 924.0 1948.0 -0.35816962 0.9999305 -0.0012907751 -0.16727263 0.0008775876 1.0002333 16815738529 0.13579407
