logs/db-2025-12-16.ecsv
# %ECSV 1.0
# ---
# datatype:
# - {name: filename, datatype: string}
# - {name: extension, datatype: string}
# - {name: expnum, datatype: int64}
# - {name: exptime, datatype: float32}
# - {name: mjd_obs, datatype: float64}
# - {name: airmass, datatype: float32}
# - {name: racenter, datatype: float64}
# - {name: deccenter, datatype: float64}
# - {name: rabore, datatype: float64}
# - {name: decbore, datatype: float64}
# - {name: band, datatype: string}
# - {name: ebv, datatype: float32}
# - {name: zeropoint, datatype: float32}
# - {name: transparency, datatype: float32}
# - {name: seeing, datatype: float32}
# - {name: sky, datatype: float32}
# - {name: expfactor, datatype: float32}
# - {name: camera, datatype: string}
# - {name: dx, datatype: float32}
# - {name: dy, datatype: float32}
# - {name: nmatched, datatype: int64}
# - {name: obstype, datatype: string}
# - {name: object, datatype: string}
# - {name: tileid, datatype: int64}
# - {name: tileebv, datatype: float32}
# - {name: affine_x0, datatype: float32}
# - {name: affine_y0, datatype: float32}
# - {name: affine_dx, datatype: float32}
# - {name: affine_dxx, datatype: float32}
# - {name: affine_dxy, datatype: float32}
# - {name: affine_dy, datatype: float32}
# - {name: affine_dyx, datatype: float32}
# - {name: affine_dyy, datatype: float32}
# - {name: checksum, datatype: string}
# - {name: efftime, datatype: float32}
# schema: astropy-2.0
filename extension expnum exptime mjd_obs airmass racenter deccenter rabore decbore band ebv zeropoint transparency seeing sky expfactor camera dx dy nmatched obstype object tileid tileebv affine_x0 affine_y0 affine_dx affine_dxx affine_dxy affine_dy affine_dyx affine_dyy checksum efftime
[from data line 43]
rawdata/DECam_01441785.fits.fz N4 1441785 269.0682 61026.12849252 1.09 42.15650646033988 -14.514103729417151 42.16426666666667 -14.439 M464 0.024480566 24.937386 1.0004203 1.0345025 22.097336 0.8029871 decam -1.3370609 11.541927 86 object IBIS_wide_M464_306859 306859 0.025551 924.0 1948.0 1.0986074 0.9999054 -0.0020788203 0.094266936 0.0019542945 0.99988526 15927556786 335.0841
rawdata/DECam_01441786.fits.fz N4 1441786 275.4282 61026.13192684 1.1 43.34157355671606 -12.438103748289775 43.34926666666667 -12.363 M464 0.028023716 24.92736 0.9932622 1.083135 22.06259 0.9493761 decam -8.333873 6.0030046 85 object IBIS_wide_M464_309907 309907 0.029503 924.0 1948.0 0.12488345 0.99998873 -0.0020514068 -0.063591726 0.0021587294 0.9999253 16093955566 290.11493
rawdata/DECam_01441787.fits.fz N4 1441787 415.1172 61026.13543906 1.11 45.637621437723446 -10.85410376248537 45.645270833333335 -10.779 M464 0.068664744 24.920908 0.98940694 1.0041565 22.015816 1.1530524 decam -1.2883581 18.440042 80 object IBIS_wide_M464_309920 309920 0.064867 924.0 1948.0 0.8577378 1.000152 -0.002251699 0.03598258 0.0021222262 0.999945 16397644389 360.01587
rawdata/DECam_01441788.fits.fz N4 1441788 339.6577 61026.14061801 1.09 46.2454987171481 -14.733103727406448 46.25326666666666 -14.658 M464 0.04618454 24.893261 0.9605769 1.0100121 22.062174 1.0015739 decam 14.208923 19.829342 92 object IBIS_wide_M464_309839 309839 0.046976 924.0 1948.0 -0.19807443 1.0000026 -0.002211294 -0.18527678 0.0022310186 1.0000774 16093739006 339.12396
rawdata/DECam_01441789.fits.fz N4 1441789 369.7877 61026.14504822 1.11 47.66762018107713 -11.222103759201637 47.67527916666667 -11.147 M464 0.07674896 24.927229 0.9951838 0.9854402 22.00239 1.1774851 decam 22.19214 25.489908 102 object IBIS_wide_M464_309863 309863 0.072398 924.0 1948.0 0.65395445 0.9999815 -0.0022310412 -0.23453249 0.0020199097 1.0000236 16269556951 314.0487
rawdata/DECam_01441790.fits.fz N4 1441790 357.3277 61026.14968295 1.11 46.549506577016416 -14.629103728361805 46.557270833333334 -14.554 M464 0.05185426 24.924421 0.9926141 1.0258029 22.027437 1.0487928 decam 11.77406 14.096032 96 object IBIS_wide_M464_306854 306854 0.047643 924.0 1948.0 0.047647938 0.99997896 -0.0022377262 -0.004318619 0.002370019 1.0000182 16192257475 340.7038
rawdata/DECam_01441791.fits.fz N4 1441791 431.0671 61026.15416786 1.11 47.91050547752384 -14.5421037291603 47.91826666666667 -14.467 M464 0.051965065 24.927032 0.9950047 1.0456755 22.008831 1.1041133 decam 9.786385 31.942421 95 object IBIS_wide_M464_306843 306843 0.048825 924.0 1948.0 -0.31397015 0.9999626 -0.0022423672 -0.04332663 0.0019718907 1.0001289 16320591321 390.41925
rawdata/DECam_01441792.fits.fz N4 1441792 800.0 61026.15947992 1.11 50.05153454709269 -13.938103734686774 50.059275 -13.863 M464 0.059200786 24.905619 0.9755729 0.9890953 21.998224 1.093066 decam -0.78927666 33.289715 109 object IBIS_wide_M464_306845 306845 0.054177 924.0 1948.0 -0.29524076 1.0003595 -0.0022149603 -0.18576577 0.002250252 1.0000031 17318097049 731.8863
rawdata/DECam_01441793.fits.fz N4 1441793 423.5772 61026.16908013 1.13 52.092542712432646 -13.436103739257963 52.10026666666666 -13.361 M464 0.079535484 24.900272 0.97477555 1.0222396 21.993269 1.3695704 decam -12.792009 30.317476 102 object IBIS_wide_M464_307147 307147 0.071068 924.0 1948.0 0.24721836 1.0000154 -0.002317942 -0.03674324 0.0025480834 0.99997205 16470022278 309.27744
rawdata/DECam_01441794.fits.fz N4 1441794 362.7776 61026.1743072 1.13 53.271535989616424 -13.643103737375393 53.27926666666667 -13.568 M464 0.0406013 24.924395 0.9966765 1.060127 21.981562 1.0780863 decam -16.141397 34.578 88 object IBIS_wide_M464_310131 310131 0.049595 924.0 1948.0 -0.029807804 1.0001645 -0.002451324 -0.18517846 0.0025945166 0.9999552 16518064016 336.50143
rawdata/DECam_01441795.fits.fz N4 1441795 328.8479 61026.1788432 1.14 54.046559489884025 -13.038103742868516 54.054270833333334 -12.963 M464 0.05455411 24.929655 1.003575 0.9454447 22.032028 0.8961377 decam -26.835518 23.033087 121 object IBIS_wide_M464_310132 310132 0.054434 924.0 1948.0 0.6515682 1.0000477 -0.0024416456 0.06541189 0.0025844555 1.0000062 16086452246 366.96133
rawdata/DECam_01441796.fits.fz N4 1441796 295.828 61026.18313395 1.16 52.086502905290274 -14.615103728490338 52.09426666666667 -14.54 M464 0.068574354 24.91713 0.9961486 0.8667248 22.035728 0.8494818 decam -17.894926 25.575663 108 object IBIS_wide_M464_306838 306838 0.071554 924.0 1948.0 0.40129867 1.0000844 -0.0023562869 -0.26613528 0.002527611 1.0000387 16013865230 348.24524
rawdata/DECam_01441797.fits.fz N4 1441797 306.028 61026.18689058 1.18 52.55056331356232 -13.049103742768885 52.558275 -12.974 M464 0.04785801 24.923363 1.006008 0.8805317 21.998632 0.7733655 decam -28.759592 26.047234 123 object IBIS_wide_M464_310133 310133 0.062112 924.0 1948.0 0.5695516 1.0002881 -0.0021351676 0.02811062 0.0024811774 1.0000057 16091964560 395.7094
rawdata/DECam_01441798.fits.fz N4 1441798 340.8378 61026.19078248 1.2 52.74357284521967 -12.462103748073414 52.751266666666666 -12.387 M464 0.06096765 24.904165 0.9924437 0.97178066 22.018566 1.0516182 decam -16.969166 15.418333 114 object IBIS_wide_M464_307148 307148 0.058029 924.0 1948.0 -0.18229164 0.9998913 -0.0023298068 -0.12068468 0.0025022272 1.0001093 16298122530 324.1079
rawdata/DECam_01441799.fits.fz N4 1441799 286.1281 61026.19507024 1.22 53.88063398597831 -10.68810376396396 53.88827916666667 -10.613 M464 0.05538809 24.91766 1.0089918 0.8887146 21.987444 0.8488025 decam -26.287485 3.0161839 109 object IBIS_wide_M464_310144 310144 0.052445 924.0 1948.0 -0.092612185 1.0001674 -0.002459333 -0.18026523 0.0025699758 1.0000607 16022652055 337.09622
rawdata/DECam_01441800.fits.fz N4 1441800 266.5383 61026.19870096 1.24 53.58162322349421 -10.784103763109071 53.58927083333333 -10.709 M464 0.041459333 24.90502 1.0014185 0.9013594 21.991903 0.8056241 decam -21.000298 8.345305 128 object IBIS_wide_M464_307158 307158 0.049692 924.0 1948.0 -0.04065604 1.0001688 -0.0024981287 -0.045592777 0.0025632796 1.000054 16078319768 330.84695
rawdata/DECam_01441801.fits.fz N4 1441801 388.0575 61026.2020914 1.25 52.12656508845766 -12.857103744506643 52.13427083333333 -12.782 M464 0.065109625 24.904818 1.0032921 0.9235455 21.974123 1.0182928 decam -21.144762 1.8268386 115 object IBIS_wide_M464_307154 307154 0.06734 924.0 1948.0 1.0064887 1.0000014 -0.0024388102 -0.453074 0.0026705775 1.0000399 16394938222 381.08636
rawdata/DECam_01441802.fits.fz N4 1441802 422.7572 61026.206921 1.28 52.85459988373484 -11.512103756608022 52.86226666666667 -11.437 M464 0.045834802 24.902668 1.007496 0.9495359 21.974846 0.9408316 decam -23.724026 10.636806 130 object IBIS_wide_M464_307157 307157 0.055119 924.0 1948.0 -0.0095093055 1.0002472 -0.0023612329 -0.14684571 0.0025561068 1.000098 16412622900 449.34418
rawdata/DECam_01441803.fits.fz N4 1441803 290.8181 61026.21422185 1.4 132.12371811919627 -6.493103800864976 132.13127916666667 -6.418 M464 0.024326827 24.89441 1.0248113 0.9563552 21.926464 0.8687799 decam -23.072678 -14.293884 319 object IBIS_wide_M464_319200 319200 0.023444 924.0 1948.0 0.3705506 1.0000374 -0.0019744644 -0.024334703 0.0018904714 1.0002192 17326349069 334.74313
rawdata/DECam_01441804.fits.fz N4 1441804 316.388 61026.21791129 1.38 131.57372439491954 -5.755103807281987 131.581275 -5.68 M464 0.020721816 24.906006 1.0315689 0.94068664 21.944092 0.78901154 decam -17.31555 -20.786978 384 object IBIS_wide_M464_322192 322192 0.02091 924.0 1948.0 0.3178903 1.0001152 -0.0020458517 -0.101756275 0.0017079504 1.0001785 16233282914 400.99286
rawdata/DECam_01441805.fits.fz N4 1441805 275.0082 61026.22190538 1.35 130.4837374822777 -4.25910382024115 130.49127083333335 -4.184 M464 0.020213967 24.906229 1.025443 0.94043446 21.926176 0.7984764 decam -9.300918 -21.560978 336 object IBIS_wide_M464_319241 319241 0.021189 924.0 1948.0 0.05212214 1.0004058 -0.0020109823 -0.22341056 0.0018698118 1.0001993 16068773882 344.4162
rawdata/DECam_01441806.fits.fz N4 1441806 309.208 61026.22542417 1.34 131.92972260667548 -5.57310380886186 131.93727083333334 -5.498 M464 0.020258792 24.913507 1.030222 0.9363034 21.938322 0.7725163 decam -15.245567 -27.755745 341 object IBIS_wide_M464_319217 319217 0.021336 924.0 1948.0 -0.24096045 1.0000691 -0.0020021915 -0.20283964 0.0017767191 1.000254 16210139214 400.2608
rawdata/DECam_01441807.fits.fz N4 1441807 307.5679 61026.22933047 1.32 129.45174942764137 -2.7811038329949094 129.45927083333333 -2.706 M464 0.026889345 24.914852 1.0272706 0.9058615 21.93686 0.75748265 decam -11.942499 -28.757473 366 object IBIS_wide_M464_322235 322235 0.028071 924.0 1948.0 -0.12340656 1.0001774 -0.0019889772 -0.11283278 0.0017777442 1.0001278 16245506960 406.03952
rawdata/DECam_01441808.fits.fz N4 1441808 270.3482 61026.23319668 1.31 131.53673563107517 -4.444103818641671 131.54427083333334 -4.369 M464 0.023478225 24.913685 1.0240618 0.91070294 21.95125 0.738886 decam -18.163397 -30.704283 335 object IBIS_wide_M464_322205 322205 0.020638 924.0 1948.0 0.1981312 1.0002208 -0.0018710628 -0.1357004 0.0018636544 1.0001166 16139373673 365.88623
rawdata/DECam_01441809.fits.fz N4 1441809 297.0381 61026.23665658 1.29 130.44875178859536 -3.051103830667948 130.456275 -2.976 M464 0.028256161 24.91849 1.0243872 0.9035015 21.95362 0.7442886 decam -27.954523 -27.877943 339 object IBIS_wide_M464_319244 319244 0.025892 924.0 1948.0 0.18298806 1.0003259 -0.0020416067 -0.29229715 0.0020368686 1.0000939 16443993357 399.0899
rawdata/DECam_01441810.fits.fz N4 1441810 239.2685 61026.24047051 1.28 133.99971623589371 -6.048103804736426 134.00727083333334 -5.973 M464 0.029341673 24.92064 1.0243117 0.87480515 21.986385 0.6797334 decam -21.704987 -33.103996 300 object IBIS_wide_M464_319210 319210 0.025137 924.0 1948.0 -0.0015728846 1.000033 -0.0020202762 -0.21317852 0.0016030918 1.0002661 16019328985 352.00345
rawdata/DECam_01441811.fits.fz N4 1441811 305.068 61026.24358473 1.28 134.29371822321784 -5.904103805987823 134.30127083333335 -5.829 M464 0.02684845 24.925083 1.0285115 0.9657403 21.971428 0.81784654 decam -20.9178 -24.332323 277 object IBIS_wide_M464_322196 322196 0.024811 924.0 1948.0 -0.12597838 1.0000447 -0.001915323 -0.10381448 0.0020614183 1.0000645 16130435698 373.01373
rawdata/DECam_01441812.fits.fz N4 1441812 284.0082 61026.24741837 1.26 134.98471473034652 -6.441103801317716 134.992275 -6.366 M464 0.028763987 24.91789 1.0175325 0.94306314 22.0018 0.77918357 decam -24.490608 -26.243574 314 object IBIS_wide_M464_322110 322110 0.031984 924.0 1948.0 0.16837473 1.0000225 -0.0018826048 -0.14234741 0.0016374923 1.000128 16062356011 364.4946
rawdata/DECam_01441813.fits.fz N4 1441813 250.7184 61026.25103394 1.26 136.36571984556008 -6.377103801874803 136.3732791666667 -6.302 M464 0.033979326 24.91487 1.0147042 0.9004925 22.002638 0.7411528 decam -25.80569 -30.995256 335 object IBIS_wide_M464_322111 322111 0.033977 924.0 1948.0 -0.08179226 1.000406 -0.001774745 -0.3056915 0.0014891217 1.0001284 16026332174 338.28165
rawdata/DECam_01441814.fits.fz N4 1441814 209.0286 61026.25424832 1.25 135.68172930168228 -5.699103807768207 135.68927916666667 -5.624 M464 0.024033202 24.918774 1.0162705 0.8437397 21.99832 0.6043412 decam -18.64295 -28.260586 293 object IBIS_wide_M464_322113 322113 0.023856 924.0 1948.0 -0.09905355 1.0002613 -0.0018434162 -0.103934996 0.0017321275 1.0001049 15907107855 345.87845
rawdata/DECam_01441815.fits.fz N4 1441815 254.2784 61026.25699918 1.25 137.54971040437982 -6.725103798843916 137.557275 -6.65 M464 0.037889 24.929146 1.0260265 0.8522189 21.9991 0.6673217 decam -16.564623 -26.419945 265 object IBIS_wide_M464_319120 319120 0.040263 924.0 1948.0 0.04560398 1.000174 -0.0017738661 -0.15032506 0.001636763 1.0001748 15967229747 381.0432
rawdata/DECam_01441816.fits.fz N4 1441816 262.3583 61026.26025946 1.24 137.88571587038552 -6.3641038019879455 137.89327500000002 -6.289 M464 0.038121916 24.927656 1.0225167 0.8861855 21.979599 0.73770964 decam -15.751095 -27.099392 281 object IBIS_wide_M464_322106 322106 0.035665 924.0 1948.0 0.111311495 1.0003903 -0.0016532104 -0.22533597 0.0018174971 1.0002269 16005102951 355.63898
rawdata/DECam_01441817.fits.fz N4 1441817 269.0283 61026.26362382 1.23 138.3107149690438 -6.138103803953967 138.31827083333332 -6.063 M464 0.035129614 24.929914 1.0225444 0.8861435 21.986387 0.71455115 decam -21.717075 -28.75204 235 object IBIS_wide_M464_319277 319277 0.034745 924.0 1948.0 0.06431746 1.0002358 -0.0018523757 -0.1061117 0.0016360484 1.0000985 16035219952 376.4997
rawdata/DECam_01441818.fits.fz N4 1441818 236.9184 61026.2670462 1.23 138.57072743764192 -5.839103806552477 138.57827916666665 -5.764 M464 0.03256064 24.930037 1.0226593 0.86179805 21.981342 0.6665948 decam -14.051147 -29.741392 246 object IBIS_wide_M464_322263 322263 0.033489 924.0 1948.0 0.38976836 1.0001031 -0.0019103963 -0.0030158842 0.0016662575 1.0000852 15923962252 355.4159
rawdata/DECam_01441819.fits.fz N4 1441819 250.2883 61026.27012653 1.22 140.12171084705378 -6.960103796794753 140.12927916666666 -6.885 M464 0.03642792 24.935345 1.0255617 0.82665867 22.002922 0.61228925 decam -28.460436 -35.197636 256 object IBIS_wide_M464_322252 322252 0.035246 924.0 1948.0 0.14783086 1.0000956 -0.0017917735 -0.18038781 0.0015751313 1.000114 15978614278 408.7746
rawdata/DECam_01441820.fits.fz N4 1441820 231.0585 61026.2733653 1.21 139.51872452730586 -6.051103804710349 139.52627916666665 -5.976 M464 0.03608822 24.927818 1.0163866 0.8305217 22.004923 0.62396216 decam -16.964828 -35.576424 219 object IBIS_wide_M464_319276 319276 0.033195 924.0 1948.0 -0.0039380444 1.000418 -0.0017329444 -0.088482864 0.0016035573 1.0001216 15935937828 370.3085
rawdata/DECam_01441821.fits.fz N4 1441821 285.7482 61026.27637766 1.21 140.80171575259143 -6.372103801918321 140.809275 -6.297 M464 0.029856417 24.939442 1.0273273 0.8408494 22.008528 0.5967178 decam -27.179882 -39.67877 232 object IBIS_wide_M464_322253 322253 0.031651 924.0 1948.0 -0.028079567 1.0002127 -0.0017267436 -0.043474365 0.0016920657 1.0000899 16025444973 478.86658
rawdata/DECam_01441822.fits.fz N4 1441822 221.5186 61026.28003228 1.2 140.00372423537016 -5.767103807177786 140.011275 -5.692 M464 0.02995172 24.94015 1.025887 0.84847325 22.026115 0.59741664 decam -10.235657 -36.97879 246 object IBIS_wide_M464_322262 322262 0.031286 924.0 1948.0 0.32841063 1.0000908 -0.0017473118 -0.24888143 0.0016072309 1.0001787 15873098693 370.79416
rawdata/DECam_01441823.fits.fz N4 1441823 257.3183 61026.28295078 1.2 142.77470238464036 -6.96810379672496 142.78227083333334 -6.893 M464 0.03602416 24.933817 1.0199211 0.87523216 22.031364 0.66829985 decam -2.7533379 -28.96884 220 object IBIS_wide_M464_322248 322248 0.036476 924.0 1948.0 0.0032683965 1.0004851 -0.0016772747 -0.16706443 0.0011243154 1.0000222 15953957589 385.0342
rawdata/DECam_01441824.fits.fz N4 1441824 223.4086 61026.28625502 1.19 141.4107224716318 -5.898103806039951 141.418275 -5.823 M464 0.03109703 24.928473 1.0128301 0.8579067 21.905266 0.7032088 decam -7.9782248 -35.826344 164 object IBIS_wide_M464_322256 322256 0.03396 924.0 1948.0 0.2838862 1.0002136 -0.0015919363 -0.24966012 0.0016301358 1.0001911 16341772199 317.69882
rawdata/DECam_01441825.fits.fz N4 1441825 253.5884 61026.28915465 1.19 141.92772932797823 -5.697103807785571 141.93527916666667 -5.622 M464 0.03962072 24.927343 1.011779 0.8907803 21.998276 0.7409587 decam -4.5076976 -39.42537 228 object IBIS_wide_M464_319271 319271 0.037416 924.0 1948.0 0.14394636 1.0000297 -0.0014466601 -0.11415867 0.0015471611 1.0001982 16156163738 342.24362
