logs/db-2024-11-29.ecsv
# %ECSV 1.0
# ---
# datatype:
# - {name: filename, datatype: string}
# - {name: extension, datatype: string}
# - {name: expnum, datatype: int64}
# - {name: exptime, datatype: float32}
# - {name: mjd_obs, datatype: float64}
# - {name: airmass, datatype: float32}
# - {name: racenter, datatype: float64}
# - {name: deccenter, datatype: float64}
# - {name: rabore, datatype: float64}
# - {name: decbore, datatype: float64}
# - {name: band, datatype: string}
# - {name: ebv, datatype: float32}
# - {name: zeropoint, datatype: float32}
# - {name: transparency, datatype: float32}
# - {name: seeing, datatype: float32}
# - {name: sky, datatype: float32}
# - {name: expfactor, datatype: float32}
# - {name: camera, datatype: string}
# - {name: dx, datatype: float32}
# - {name: dy, datatype: float32}
# - {name: nmatched, datatype: int64}
# - {name: obstype, datatype: string}
# - {name: object, datatype: string}
# - {name: tileid, datatype: int64}
# - {name: tileebv, datatype: float32}
# - {name: affine_x0, datatype: float32}
# - {name: affine_y0, datatype: float32}
# - {name: affine_dx, datatype: float32}
# - {name: affine_dxx, datatype: float32}
# - {name: affine_dxy, datatype: float32}
# - {name: affine_dy, datatype: float32}
# - {name: affine_dyx, datatype: float32}
# - {name: affine_dyy, datatype: float32}
# - {name: checksum, datatype: string}
# - {name: efftime, datatype: float32}
# schema: astropy-2.0
filename extension expnum exptime mjd_obs airmass racenter deccenter rabore decbore band ebv zeropoint transparency seeing sky expfactor camera dx dy nmatched obstype object tileid tileebv affine_x0 affine_y0 affine_dx affine_dxx affine_dxy affine_dy affine_dyx affine_dyy checksum efftime
[from data line 44]
rawdata/DECam_01344149.fits.fz N4 1344149 321.0 60644.19367512 1.15 42.34455536966652 -13.301103740483974 42.352275 -13.226 M464 0.028077474 24.96049 1.0346074 1.0976112 21.779139 1.191214 decam -15.391278 15.258814 78 object IBIS_wide_M464_306918 306918 0.02671 924.0 1948.0 0.63611 1.0000418 -0.0019472452 0.06723092 0.0018486012 1.0000921 16222241641 269.473
rawdata/DECam_01344150.fits.fz N4 1344150 315.0 60644.19774326 1.15 41.95349732543828 -14.888103725980914 41.96127083333334 -14.813 M464 0.025703207 24.964867 1.0387875 1.068492 21.787088 1.0930337 decam -6.995044 20.072025 67 object IBIS_wide_M464_309802 309802 0.025386 924.0 1948.0 0.14789972 1.0002605 -0.0019794567 -0.13096863 0.0017603127 0.99994975 16173997223 288.18875
rawdata/DECam_01344151.fits.fz N4 1344151 379.0 60644.201764 1.16 43.2325413318443 -13.734103736546745 43.240275 -13.659 M464 0.029968537 24.957691 1.0340669 1.1017572 21.802004 1.1973457 decam -10.263571 6.3051786 63 object IBIS_wide_M464_309846 309846 0.033766 924.0 1948.0 0.35499087 1.000006 -0.0018874778 -0.13312343 0.0013690398 1.0003065 16336565159 316.53348
rawdata/DECam_01344152.fits.fz N4 1344152 432.0 60644.20652195 1.15 45.875548914479126 -13.502103738658075 45.883275 -13.427 M464 0.06360843 24.948107 1.0228747 1.0903513 21.82533 1.4857842 decam -12.154991 8.17489 88 object IBIS_wide_M464_309842 309842 0.063343 924.0 1948.0 -0.5508504 1.0002993 -0.0020159506 -0.21160735 0.001964935 0.99993235 16469030531 290.75555
rawdata/DECam_01344153.fits.fz N4 1344153 428.0 60644.21189118 1.17 45.697519412313376 -14.261103731735075 45.70527083333334 -14.186 M464 0.044079386 24.954567 1.0332156 1.1000408 21.836231 1.286697 decam -9.616474 14.5401535 77 object IBIS_wide_M464_309841 309841 0.050298 924.0 1948.0 0.20695159 0.9998734 -0.0017138217 -0.073410936 0.001601421 1.0002027 16662470696 332.63464
rawdata/DECam_01344154.fits.fz N4 1344154 403.0 60644.21721523 1.16 48.52753481523465 -13.930103734759776 48.535275 -13.855 M464 0.040901713 24.936407 1.0139934 1.0622618 21.828487 1.2216566 decam -9.744137 17.013601 65 object IBIS_wide_M464_306844 306844 0.047022 924.0 1948.0 0.3706533 0.9997485 -0.0020565537 -0.55766666 0.0024424933 1.0000712 16381389111 329.87994
rawdata/DECam_01344155.fits.fz N4 1344155 407.0 60644.22223462 1.15 51.079510030547546 -14.531103729261213 51.087270833333335 -14.456 M464 0.05397269 24.956842 1.0311385 1.0314345 21.823666 1.2234364 decam -7.858465 20.096586 70 object IBIS_wide_M464_309825 309825 0.054213 924.0 1948.0 -0.029440051 1.0003027 -0.0020738256 -0.09079321 0.0020866857 1.0001103 16507634098 332.66953
rawdata/DECam_01344156.fits.fz N4 1344156 395.0 60644.22729865 1.14 53.81052309730576 -14.275103731606942 53.818275 -14.2 M464 0.045433108 24.948883 1.021507 0.9666551 21.831894 1.0184786 decam -6.391212 16.307335 85 object IBIS_wide_M464_310045 310045 0.051731 924.0 1948.0 0.7186394 1.0002756 -0.0022366566 -0.12649165 0.00203914 0.999854 16357938971 387.83337
rawdata/DECam_01344157.fits.fz N4 1344157 348.0 60644.23224581 1.13 56.95949162914557 -15.045103724534885 56.96727083333334 -14.97 M464 0.040333975 24.967224 1.0367783 0.9723706 21.808777 0.9813072 decam -10.762859 17.526674 89 object IBIS_wide_M464_307053 307053 0.050016 924.0 1948.0 0.5637257 0.9996866 -0.0020458566 -0.2180508 0.0023695026 0.9999764 16766084397 354.629
rawdata/DECam_01344158.fits.fz N4 1344158 338.0 60644.23664931 1.15 56.28150533736033 -14.664103728040391 56.28927083333333 -14.589 M464 0.054502755 24.953922 1.0283685 0.9665945 21.78775 1.121183 decam -4.66237 7.83181 65 object IBIS_wide_M464_307055 307055 0.057519 924.0 1948.0 0.20337877 1.0002799 -0.002313681 -0.14580514 0.0023878545 1.0001878 16298897300 301.4673
rawdata/DECam_01344159.fits.fz N4 1344159 346.0 60644.24094208 1.16 56.03350058951737 -14.913103725750796 56.041275 -14.838 M464 0.041493464 24.945385 1.0224117 0.99207246 21.790468 1.090379 decam -1.4577194 12.046339 82 object IBIS_wide_M464_310038 310038 0.056353 924.0 1948.0 -0.43838513 1.000028 -0.002539892 -0.71022063 0.0025904835 1.000102 16326212877 317.32086
rawdata/DECam_01344160.fits.fz N4 1344160 360.0 60644.24531845 1.19 55.53250246500226 -14.861103726229382 55.540274999999994 -14.786 M464 0.0545706 24.956722 1.0395296 1.0184304 21.757595 1.2734079 decam 8.982803 19.303696 101 object IBIS_wide_M464_307052 307052 0.056881 924.0 1948.0 0.14287494 1.0001345 -0.0020481676 -0.38240787 0.0022107116 1.0001415 16411282116 282.70596
rawdata/DECam_01344161.fits.fz N4 1344161 408.0 60644.24983416 1.21 55.73952313172839 -14.274103731616098 55.747275 -14.199 M464 0.07852052 24.93712 1.0251322 0.9952584 21.766973 1.483533 decam 8.141263 14.618745 84 object IBIS_wide_M464_307061 307061 0.060858 924.0 1948.0 -0.68528014 1.0003372 -0.0025653485 -0.4755833 0.0020501714 1.0003487 16474936006 275.01917
rawdata/DECam_01344162.fits.fz N4 1344162 453.0 60644.25492513 1.23 56.290550342035615 -13.328103740238879 56.29827083333333 -13.253 M464 0.07872839 24.928305 1.0210286 1.0765632 21.772438 1.757339 decam 3.0015213 15.591495 90 object IBIS_wide_M464_307062 307062 0.071093 924.0 1948.0 -0.23236993 0.99982893 -0.002347744 -0.31303674 0.002466654 1.0001258 16976805983 257.7761
rawdata/DECam_01344163.fits.fz N4 1344163 411.0 60644.26053494 1.26 54.965507762973026 -14.713103727590244 54.973275 -14.638 M464 0.050524663 24.923822 1.0231061 1.1377683 21.734365 1.6751618 decam 4.528555 11.766063 98 object IBIS_wide_M464_307058 307058 0.057919 924.0 1948.0 0.39036378 1.000279 -0.0022703577 0.14400612 0.0023236843 1.0001822 16499346334 245.34943
rawdata/DECam_01344164.fits.fz N4 1344164 500.0 60644.26569049 1.29 55.34653581925794 -13.900103735033484 55.354274999999994 -13.825 M464 0.06693765 24.92482 1.0303773 1.089668 21.664953 1.8387617 decam -2.370405 0.0393277 82 object IBIS_wide_M464_310044 310044 0.060994 924.0 1948.0 -0.0010135245 0.99968493 -0.002197535 -0.2197931 0.00234944 1.000094 16928454354 271.92212
rawdata/DECam_01344165.fits.fz N4 1344165 500.0 60644.27184062 1.33 56.011564904231946 -12.86310374445238 56.01927083333333 -12.788 M464 0.09688231 24.915592 1.0300846 1.1015158 21.641474 2.4189181 decam -3.8807588 -4.2295027 80 object IBIS_wide_M464_307064 307064 0.070748 924.0 1948.0 0.5026345 0.99986535 -0.002047861 0.0076338886 0.0025192855 1.0001031 17041826503 206.70398
rawdata/DECam_01344166.fits.fz N4 1344166 500.0 60644.27848038 1.38 55.87057796021899 -12.430103748361887 55.87827083333333 -12.355 M464 0.110415764 24.912722 1.0379704 1.0531945 21.637169 2.4590485 decam -4.450123 -11.525826 97 object IBIS_wide_M464_310050 310050 0.072678 924.0 1948.0 0.69840086 1.0001122 -0.002422055 -0.26757643 0.0025544718 1.0002781 16919849089 203.33067
rawdata/DECam_01344167.fits.fz N4 1344167 60.0 60644.28659325 1.25 130.85272764478097 -5.16610381239138 130.86027083333335 -5.091 g 0.021161413 26.679285 1.108444 1.1440508 21.598625 1.2552745 decam -41.65072 -26.439512 235 object Pointing 0 0.0 924.0 1948.0 0.037352655 1.0002468 -0.0015896894 -0.08311017 0.001573847 1.0002843 16340376401 47.79831
rawdata/DECam_01344168.fits.fz N4 1344168 377.0 60644.28981994 1.24 130.85272764478097 -5.16610381239138 130.86027083333335 -5.091 M464 0.021161413 24.959167 1.0526284 1.1348071 21.732996 1.2674348 decam 12.882292 7.717127 242 object IBIS_wide_M464_322194 322194 0.021636 924.0 1948.0 -0.02506092 1.0003802 -0.0016882806 -0.2526517 0.0017060532 1.0003335 16557555663 297.4512
rawdata/DECam_01344169.fits.fz N4 1344169 60.0 60644.30014975 1.61 148.48775406118847 2.706896119793825 148.495275 2.782 g 0.04436313 26.61095 1.1011853 1.4229724 21.365486 3.1298583 decam 23.275488 32.305458 84 object Pointing 0 0.0 924.0 1948.0 0.8338084 1.0002702 -0.0009993865 -0.2751351 0.00048486012 1.0004508 16453309112 19.170197
rawdata/DECam_01344170.fits.fz N4 1344170 500.0 60644.30241737 1.59 148.48775406118847 2.706896119793825 148.495275 2.782 M464 0.04436313 24.891418 1.0626624 1.1782007 21.534319 2.1935465 decam -0.5283357 4.168362 93 object IBIS_deep_cosmos_M464_45 0 0.0 924.0 1948.0 0.696503 1.0002561 -0.001096516 -0.21184836 0.0007200781 1.000412 17096040639 227.94138
rawdata/DECam_01344171.fits.fz N4 1344171 500.0 60644.30855973 1.55 149.31376090609155 2.233896123867351 149.32127916666667 2.309 M464 0.021011224 24.899971 1.0623024 1.1827226 21.547667 1.8188785 decam 3.0199018 -5.7415714 116 object IBIS_deep_cosmos_M464_4 0 0.0 924.0 1948.0 0.044757143 1.0006233 -0.0014371007 -0.22779721 0.00077126565 1.0001168 17048477389 274.89465
rawdata/DECam_01344172.fits.fz N4 1344172 497.0 60644.31470238 1.5 149.5927615328088 2.1078961249520094 149.60027916666667 2.183 M464 0.019542078 24.89871 1.0502291 1.366709 21.54741 2.4084923 decam 9.71482 -7.236417 100 object IBIS_deep_cosmos_M464_24 0 0.0 924.0 1948.0 0.13938898 1.0004307 -0.0012916281 -0.19067709 0.00097419316 0.99991715 17069846952 206.35316
rawdata/DECam_01344173.fits.fz N4 1344173 482.0 60644.32082381 1.45 149.56775876526 1.7948961276457052 149.575275 1.87 M464 0.019714534 24.913338 1.0535976 1.2929913 21.556812 2.08317 decam 1.4537836 -9.32305 98 object IBIS_deep_cosmos_M464_25 0 0.0 924.0 1948.0 -0.048998557 1.0002584 -0.0011056812 -0.074970484 0.0006726302 1.0002311 17016735701 231.37814
rawdata/DECam_01344174.fits.fz N4 1344174 500.0 60644.32677019 1.41 149.96576876528388 1.3288961316544667 149.97328333333334 1.404 M464 0.02084288 24.919968 1.0513788 1.2877649 21.559263 2.0531912 decam 2.9119124 -14.30673 102 object IBIS_deep_cosmos_M464_27 0 0.0 924.0 1948.0 -0.09251367 1.0001255 -0.0010140699 -0.0280046 0.0010501506 1.0003945 17107331529 243.52335
rawdata/DECam_01344175.fits.fz N4 1344175 500.0 60644.33292162 1.41 151.20875792456846 1.9888961259762499 151.216275 2.064 M464 0.032464612 24.921738 1.0530931 1.3636049 21.489754 2.6578164 decam 8.518156 -9.514001 100 object IBIS_deep_cosmos_M464_32 0 0.0 924.0 1948.0 -0.22101185 1.0004508 -0.0010544821 0.030042572 0.0010585571 1.0002236 17197246524 188.12436
rawdata/DECam_01344176.fits.fz N4 1344176 500.0 60644.33907556 1.38 151.25476054743604 2.3028961232732925 151.26227916666667 2.378 M464 0.03004282 24.925972 1.0507145 1.2695894 21.27268 2.7446606 decam 9.481171 -17.700674 101 object IBIS_deep_cosmos_M464_33 0 0.0 924.0 1948.0 -0.16840976 1.000229 -0.0012000699 0.035322994 0.00086061546 1.0001732 17623119387 182.17189
rawdata/DECam_01344177.fits.fz N4 1344177 150.0 60644.34641194 1.03 136.96453759435042 -37.21315959401179 136.97397083333334 -37.13805611111111 M438 0.32769462 0.0 0.0 0.0 21.05499 0.0 decam 0.0 0.0 0 object "Pyxis M438" 0 0.0 0.0 0.0 0.0 0.0 0.0 0.0 0.0 0.0 16076330088 0.0
rawdata/DECam_01344178.fits.fz N4 1344178 150.0 60644.34853478 1.03 136.9978458367654 -37.37982542508124 137.0073 -37.304721944444445 M438 0.3276871 0.0 0.0 0.0 20.658537 0.0 decam 0.0 0.0 0 object "Pyxis M438" 0 0.0 0.0 0.0 0.0 0.0 0.0 0.0 0.0 0.0 16818703526 0.0
rawdata/DECam_01344179.fits.fz N4 1344179 150.0 60644.35062462 1.02 136.68119905229673 -37.22149237167661 136.69063333333332 -37.146388888888886 M438 0.3887554 0.0 0.0 0.0 20.367588 0.0 decam 0.0 0.0 0 object "Pyxis M438" 0 0.0 0.0 0.0 0.0 0.0 0.0 0.0 0.0 0.0 16722489538 0.0
rawdata/DECam_01344180.fits.fz N4 1344180 150.0 60644.35272951 1.02 136.66451561923702 -37.38815959163442 136.67397083333333 -37.31305611111111 M438 0.4292886 0.0 0.0 0.0 19.942158 0.0 decam 0.0 0.0 0 object "Pyxis M438" 0 0.0 0.0 0.0 0.0 0.0 0.0 0.0 0.0 0.0 17470528993 0.0
rawdata/DECam_01344181.fits.fz N4 1344181 150.0 60644.35484261 1.02 137.29236467737718 -37.196492372015406 137.30179583333333 -37.12138888888889 M438 0.30323255 0.0 0.0 0.0 19.485683 0.0 decam 0.0 0.0 0 object "Pyxis M438" 0 0.0 0.0 0.0 0.0 0.0 0.0 0.0 0.0 0.0 18278461470 0.0
