logs/db-2025-10-17.ecsv
# %ECSV 1.0
# ---
# datatype:
# - {name: filename, datatype: string}
# - {name: extension, datatype: string}
# - {name: expnum, datatype: int64}
# - {name: exptime, datatype: float32}
# - {name: mjd_obs, datatype: float64}
# - {name: airmass, datatype: float32}
# - {name: racenter, datatype: float64}
# - {name: deccenter, datatype: float64}
# - {name: rabore, datatype: float64}
# - {name: decbore, datatype: float64}
# - {name: band, datatype: string}
# - {name: ebv, datatype: float32}
# - {name: zeropoint, datatype: float32}
# - {name: transparency, datatype: float32}
# - {name: seeing, datatype: float32}
# - {name: sky, datatype: float32}
# - {name: expfactor, datatype: float32}
# - {name: camera, datatype: string}
# - {name: dx, datatype: float32}
# - {name: dy, datatype: float32}
# - {name: nmatched, datatype: int64}
# - {name: obstype, datatype: string}
# - {name: object, datatype: string}
# - {name: tileid, datatype: int64}
# - {name: tileebv, datatype: float32}
# - {name: affine_x0, datatype: float32}
# - {name: affine_y0, datatype: float32}
# - {name: affine_dx, datatype: float32}
# - {name: affine_dxx, datatype: float32}
# - {name: affine_dxy, datatype: float32}
# - {name: affine_dy, datatype: float32}
# - {name: affine_dyx, datatype: float32}
# - {name: affine_dyy, datatype: float32}
# - {name: checksum, datatype: string}
# - {name: efftime, datatype: float32}
# schema: astropy-2.0
filename extension expnum exptime mjd_obs airmass racenter deccenter rabore decbore band ebv zeropoint transparency seeing sky expfactor camera dx dy nmatched obstype object tileid tileebv affine_x0 affine_y0 affine_dx affine_dxx affine_dxy affine_dy affine_dyx affine_dyy checksum efftime
rawdata/DECam_01426457.fits.fz N4 1426457 15.0 60965.99034213 1.15 279.0992446105669 -44.30093643183224 279.10974166666665 -44.225833055555555 M490 0.050970625 25.015371 1.0616189 1.1522886 18.468307 0.0 decam -38.94774 12.972002 1256 object "LTT7379 N4" 0 0.0 924.0 1948.0 -0.15162519 0.9997868 0.0026133822 -0.09567241 -0.0027312713 0.9998802 16277137509 0.0
rawdata/DECam_01426458.fits.fz N4 1426458 15.0 60965.990848 1.15 278.66524877723356 -44.30093643183225 278.67574583333334 -44.225833055555555 M490 0.07475387 25.005629 1.052134 1.2187536 18.589304 0.0 decam -53.828926 -2.900492 1287 object "LTT7379 N5" 0 0.0 924.0 1948.0 -0.16694221 1.0000416 0.002597914 0.16518666 -0.0025930924 1.0000145 16175716782 0.0
rawdata/DECam_01426459.fits.fz N4 1426459 15.0 60965.99133086 1.15 279.53320634919174 -44.467603373471604 279.54373333333336 -44.3925 M490 0.06628882 25.01353 1.0598199 1.0816005 18.728336 0.0 decam -63.582672 8.512593 1190 object "LTT7379 S3" 0 0.0 924.0 1948.0 0.07427838 0.9997879 0.0026394257 -0.092371665 -0.002548583 1.0000917 16087789483 0.0
rawdata/DECam_01426460.fits.fz N4 1426460 15.0 60965.99182381 1.15 279.09921468252503 -44.467603373471604 279.10974166666665 -44.3925 M490 0.06489883 25.004234 1.0507854 1.1596706 18.846743 0.0 decam -51.044853 -3.3289316 1278 object "LTT7379 S4" 0 0.0 924.0 1948.0 -0.19770285 0.9998941 0.0027465485 0.24085318 -0.0027813222 1.0000042 16035782566 0.0
rawdata/DECam_01426461.fits.fz N4 1426461 15.0 60965.99231782 1.16 278.6652188491917 -44.467603373471604 278.67574583333334 -44.3925 M490 0.057193663 25.017117 1.065258 1.0745265 18.95886 0.0 decam -51.55777 11.166001 1454 object "LTT7379 S5" 0 0.0 924.0 1948.0 -0.09634367 0.9999588 0.002537531 0.18801701 -0.0028509921 1.0000266 15975075973 0.0
rawdata/DECam_01426467.fits.fz N4 1426467 150.0 60965.99676049 1.2 346.92160119213435 -15.681326774208499 346.9294041666667 -15.606223055555555 M490 0.03558435 25.008501 1.0645353 1.4744394 20.396387 5.818596 decam 2.9720552 16.348892 129 object "NGC7492 position 5" 0 0.0 924.0 1948.0 -0.15037951 1.0001744 0.00038336738 -0.039267603 -0.0005333273 1.0000603 16895806985 25.779415
rawdata/DECam_01426468.fits.fz N4 1426468 150.0 60965.99884744 1.19 346.78797476938405 -15.49938677589423 346.79577083333334 -15.424283055555556 M490 0.03427077 25.002565 1.0568138 1.4201574 20.799337 3.8651514 decam -8.231995 25.87242 107 object "NGC7492 position 6" 0 0.0 924.0 1948.0 -0.28516817 1.0001076 0.00034761266 0.0043136603 -0.00043002173 0.99999917 16422646707 38.80831
rawdata/DECam_01426469.fits.fz N4 1426469 150.0 60966.00091571 1.18 346.75700311413834 -15.739913718109475 346.76480833333335 -15.66481 M490 0.03516305 25.007732 1.0599291 1.2801458 21.109703 2.30208 decam -6.2380786 12.39557 112 object "NGC7492 position 7" 0 0.0 924.0 1948.0 -0.12012699 1.0002131 0.0003959239 0.018677043 -0.00041035246 0.99989957 16181481531 65.15847
rawdata/DECam_01426470.fits.fz N4 1426470 150.0 60966.00299553 1.17 346.96233041072753 -15.570545664124165 346.97012916666665 -15.495441944444444 M490 0.03632592 25.009712 1.0599394 1.4715624 21.333118 2.565109 decam -4.199459 29.190159 441 object "NGC7492 position 8" 0 0.0 924.0 1948.0 -0.6041243 1.0000327 0.0006752024 -0.042981036 -0.0004025669 0.9998342 16053237401 58.477047
rawdata/DECam_01426471.fits.fz N4 1426471 150.0 60966.0050792 1.16 346.67479741499466 -15.561641775317755 346.6825958333333 -15.486538055555556 M490 0.034417696 25.008934 1.0572603 1.3023047 21.472246 1.7173145 decam -2.6478202 16.951582 113 object "NGC7492 position 9" 0 0.0 924.0 1948.0 -0.13080707 1.0000409 0.0003185016 -0.0063987407 -0.00060037494 1.0000471 16055977558 87.34568
rawdata/DECam_01426475.fits.fz N4 1426475 579.626 60966.02876372 1.04 331.2074954099461 -14.941103725492999 331.21527083333336 -14.866 M490 0.035409488 25.02978 1.0545413 1.2940286 21.638693 1.4182379 decam 15.03503 31.806343 217 object IBIS_wide_M490_457779 457779 0.035007 924.0 1948.0 -0.27620465 1.0000972 0.0009432849 0.12801236 -0.0010668666 0.9998687 17355207256 408.69446
rawdata/DECam_01426474.fits.fz N4 1426474 553.9361 60966.0220521 1.05 329.2765269360759 -14.16310373263152 329.284275 -14.088 M490 0.052726626 25.024889 1.0517089 1.2062467 21.630838 1.222997 decam 13.104225 30.242043 224 object IBIS_wide_M490_457818 457818 0.047394 924.0 1948.0 -0.2804644 0.9997984 0.0010791263 0.15151703 -0.00087416556 0.9999049 17353464802 452.93335
rawdata/DECam_01426473.fits.fz N4 1426473 608.3056 60966.01468272 1.05 328.14052335427795 -14.023103733910819 328.1482666666667 -13.948 M490 0.046773456 25.035742 1.0622735 1.2271502 21.613829 1.2649267 decam 2.8465142 25.321611 251 object IBIS_wide_M490_454834 454834 0.051404 924.0 1948.0 -0.04751822 0.9999713 0.0010449804 0.01874123 -0.0011369291 0.99998283 17418791590 480.9019
rawdata/DECam_01426472.fits.fz N4 1426472 30.0 60966.00811949 1.06 329.95349732543826 -14.888103725980914 329.96127083333334 -14.813 M490 0.04255127 25.028337 1.0569715 1.2284033 21.556723 1.3498636 decam 9.834218 2.288145 127 object pointing 0 0.0 924.0 1948.0 -0.13735047 1.0000921 0.0010265062 0.04046531 -0.0011203384 0.99997866 15500536570 22.224466
rawdata/DECam_01426476.fits.fz N4 1426476 550.836 60966.03581025 1.04 330.86552687914633 -14.042103733737294 330.8732708333333 -13.967 M490 0.0388401 25.016277 1.0415083 1.2463248 21.631536 1.3017704 decam 0.7054779 28.771423 195 object IBIS_wide_M490_454796 454796 0.038054 924.0 1948.0 -0.110811174 1.0000197 0.00086879305 0.02107945 -0.00096042565 0.9999497 17328533399 423.14374
rawdata/DECam_01426477.fits.fz N4 1426477 500.0 60966.04277659 1.04 336.5105138335528 -14.302103731359797 336.5182666666667 -14.227 M490 0.040144145 25.02158 1.0466076 1.2939116 21.642715 1.3905808 decam 6.7337785 21.175274 154 object IBIS_wide_M490_457765 457765 0.039683 924.0 1948.0 -0.2067684 0.9999778 0.00082889444 0.046208415 -0.0005992078 0.9998555 17141837561 359.56198
rawdata/DECam_01426478.fits.fz N4 1426478 491.1566 60966.04889152 1.04 335.2625258783435 -13.948103734595515 335.27026666666666 -13.873 M490 0.033483554 25.033146 1.057817 1.1861522 21.655321 1.1677389 decam -1.3360982 26.998777 185 object IBIS_wide_M490_454801 454801 0.037091 924.0 1948.0 0.05214182 1.0000434 0.0007546321 0.0033278994 -0.00078764174 0.99989146 17332440598 420.6048
rawdata/DECam_01426479.fits.fz N4 1426479 500.0 60966.0549404 1.04 338.85751394590625 -14.419103730288136 338.86527083333334 -14.344 M490 0.043299034 25.03166 1.0563694 1.2082498 21.690596 1.1577814 decam -5.8367662 33.929726 156 object IBIS_wide_M490_454775 454775 0.050387 924.0 1948.0 -0.09169332 1.0001519 0.000508578 0.038612124 -0.0008760813 1.0000082 16924832924 431.86047
rawdata/DECam_01426480.fits.fz N4 1426480 489.0 60966.06106611 1.04 337.1415440672786 -13.523103738467134 337.14927083333333 -13.448 M490 0.049095776 25.031708 1.0564165 1.1658201 21.680677 1.0888764 decam 4.1350775 47.963047 149 object IBIS_wide_M490_457766 457766 0.049293 924.0 1948.0 -0.06357801 0.99995726 0.0005344291 0.09575554 -0.00062942365 1.0000658 16893842882 449.08682
rawdata/DECam_01426481.fits.fz N4 1426481 500.0 60966.06708373 1.04 338.34453917261493 -13.673103737102283 338.35227083333336 -13.598 M490 0.07412893 25.031954 1.056656 1.1694615 21.66961 1.0983143 decam -12.491358 51.57432 154 object IBIS_wide_M490_457767 457767 0.055881 924.0 1948.0 -0.06425487 1.0002103 0.00063906604 -0.039689917 -0.000429768 1.0000398 16980143400 455.24313
rawdata/DECam_01426482.fits.fz N4 1426482 491.0 60966.07322244 1.05 340.5505633135623 -13.049103742768885 340.558275 -12.974 M490 0.060454316 25.012835 1.040097 1.3341163 21.680527 1.4620887 decam -2.4977176 54.634712 155 object IBIS_wide_M490_458069 458069 0.0576 924.0 1948.0 -0.10337144 1.0002899 0.00058907905 -0.021558383 -0.0009277356 0.9997754 16990992021 335.82095
rawdata/DECam_01426483.fits.fz N4 1426483 466.0 60966.07925525 1.05 342.4355660120042 -12.69010374601597 342.44326666666666 -12.615 M490 0.047491595 25.028214 1.054935 1.3292016 21.682056 1.4173454 decam -9.705251 50.249157 148 object IBIS_wide_M490_458071 458071 0.047041 924.0 1948.0 -0.01874293 0.99997574 0.0004497394 0.021515153 -0.00050854357 0.99995506 16847650924 328.78366
rawdata/DECam_01426484.fits.fz N4 1426484 500.0 60966.08609559 1.06 342.860592299034 -12.081103751503479 342.868275 -12.006 M490 0.04010897 25.02398 1.0527364 1.4107144 21.6569 1.6142325 decam 13.695831 -8.67223 134 object IBIS_wide_M490_455086 455086 0.042892 924.0 1948.0 0.124646135 0.9996405 0.00043298994 -0.032088064 -0.0001738804 0.99980253 17286272891 309.74472
rawdata/DECam_01426485.fits.fz N4 1426485 500.0 60966.09227483 1.06 346.4336078898438 -11.524103756500587 346.44127499999996 -11.449 M490 0.037985034 25.02595 1.0546488 1.3347571 21.675083 1.4377873 decam 10.567129 -3.0571675 147 object IBIS_wide_M490_455013 455013 0.036194 924.0 1948.0 0.0781997 1.0001254 0.00038369067 -0.0882412 -0.00028414343 1.0000154 17027208360 347.7566
rawdata/DECam_01426486.fits.fz N4 1426486 467.0969 60966.09840707 1.06 346.83561852263654 -11.12710376005013 346.843275 -11.052 M490 0.03437934 25.025764 1.0544686 1.2318792 21.675697 1.2581267 decam 6.969166 -4.107504 119 object IBIS_wide_M490_457999 457999 0.034396 924.0 1948.0 0.052273143 1.0000073 0.0002637468 0.085568056 -0.00019816337 1.0000076 16886488266 371.2638
rawdata/DECam_01426487.fits.fz N4 1426487 500.0 60966.10413844 1.07 349.21163704234306 -10.397103766552057 349.219275 -10.322 M490 0.028950287 25.02156 1.0523013 1.3699416 21.639463 1.5758284 decam -4.383514 -2.6149912 123 object IBIS_wide_M490_455052 455052 0.030624 924.0 1948.0 -0.012348456 1.0001992 0.00020244549 0.038742106 -7.874033e-05 0.999953 17586239695 317.29343
rawdata/DECam_01426488.fits.fz N4 1426488 483.0 60966.11026638 1.07 348.30764288328385 -9.979103770261275 348.31527083333333 -9.904 M490 0.038421284 25.024055 1.0547221 1.3270347 21.645485 1.4708683 decam 14.081486 10.7064705 116 object IBIS_wide_M490_458043 458043 0.034914 924.0 1948.0 -0.13627286 0.9999511 0.00030945623 -0.050509147 9.638497e-05 0.9998861 17158860181 328.37744
rawdata/DECam_01426489.fits.fz N4 1426489 500.0 60966.1162714 1.07 353.0476559898411 -9.402103775365878 353.05527083333334 -9.327 M490 0.029071443 25.024244 1.0549061 1.3041981 21.667797 1.4074069 decam 4.8263364 2.6391597 123 object IBIS_wide_M490_458029 458029 0.028848 924.0 1948.0 -0.11210985 0.99979126 -6.641863e-05 -0.0648123 -7.882495e-05 0.999963 17098670333 355.2633
rawdata/DECam_01426490.fits.fz N4 1426490 500.0 60966.12240278 1.08 350.2956603671077 -9.580103773793013 350.30327916666664 -9.505 M490 0.030126864 25.033861 1.0662245 1.337632 21.66339 1.4571389 decam 16.806889 5.745269 149 object IBIS_wide_M490_458041 458041 0.030518 924.0 1948.0 -0.06574284 1.0000111 0.00015658158 -0.11542936 -0.000114845934 1.0000091 16994190436 343.13818
rawdata/DECam_01426491.fits.fz N4 1426491 475.2069 60966.12861973 1.08 355.20068128915625 -8.595103782476984 355.20827916666667 -8.52 M490 0.03269876 25.031525 1.0639312 1.2427386 21.711796 1.2207987 decam 3.7146235 16.02107 110 object IBIS_wide_M490_458031 458031 0.029699 924.0 1948.0 0.06351436 1.0000963 -0.000169531 -0.088032424 0.00010510766 1.0000092 16991039324 389.259
rawdata/DECam_01426492.fits.fz N4 1426492 558.4664 60966.13445172 1.09 354.13468141499544 -8.378103784383862 354.142275 -8.303 M490 0.030341584 25.023712 1.0582219 1.2857709 21.702202 1.3310436 decam 1.9502474 20.12912 110 object IBIS_wide_M490_455047 455047 0.029766 924.0 1948.0 0.036287095 1.000119 -0.00018408289 -0.099997915 6.319484e-05 0.9999627 17384874957 419.5703
rawdata/DECam_01426493.fits.fz N4 1426493 572.1962 60966.14130635 1.1 358.5787048878266 -7.320103793651604 358.58627916666666 -7.245 M490 0.044864964 25.012478 1.0492306 1.3163539 21.707169 1.4077103 decam 1.3301772 22.644932 102 object IBIS_wide_M490_455214 455214 0.038593 924.0 1948.0 -0.08858207 1.0000451 -0.0003487272 -0.21686627 0.0006155368 1.0000547 17111684515 406.473
rawdata/DECam_01426494.fits.fz N4 1426494 654.7457 60966.14827487 1.11 357.0397059866138 -7.255103794219484 357.04727916666667 -7.18 M490 0.026275134 25.029238 1.0674881 1.356214 21.705294 1.5017874 decam -6.860878 33.332897 124 object IBIS_wide_M490_455217 455217 0.028199 924.0 1948.0 -0.18333907 0.9999714 -0.00038630265 -0.16367051 -0.00016453248 0.9999282 17336016740 435.97763
rawdata/DECam_01426495.fits.fz N4 1426495 643.1858 60966.15617472 1.13 358.4477157735958 -6.081103804449554 358.4552708333333 -6.006 M490 0.03395826 25.015686 1.058079 1.406898 21.685686 1.6722944 decam -18.48168 35.357384 118 object IBIS_wide_M490_455221 455221 0.030312 924.0 1948.0 0.11023491 0.99996954 -0.00019676586 -0.036474746 0.00040948146 1.0000756 17383689989 384.6128
rawdata/DECam_01426496.fits.fz N4 1426496 647.3358 60966.16437183 1.04 10.549506577016421 -14.629103728361805 10.557270833333334 -14.554 M490 0.019781552 25.00955 1.0350754 1.4757669 21.814436 1.5652663 decam -16.450062 24.258488 125 object IBIS_wide_M490_400862 400862 0.019039 924.0 1948.0 0.23767605 1.0001743 -0.0009453883 -0.23386033 0.00081250654 0.999946 17200365902 413.56274
rawdata/DECam_01426497.fits.fz N4 1426497 503.3367 60966.17220293 1.05 9.69751941231337 -14.261103731735075 9.705270833333334 -14.186 M490 0.02082065 25.028399 1.0551133 1.3540066 21.782097 1.3448995 decam -3.1791377 17.75491 111 object IBIS_wide_M490_403849 403849 0.020734 924.0 1948.0 -0.07321711 1.0000831 -0.0007928066 0.023317372 0.0007366618 1.0000858 17074218765 374.256
rawdata/DECam_01426498.fits.fz N4 1426498 422.9773 60966.17851662 1.04 15.079510030547535 -14.531103729261213 15.087270833333333 -14.456 M490 0.022364417 25.040056 1.0645704 1.2843702 21.81675 1.1607571 decam -20.519918 16.47742 103 object IBIS_wide_M490_403833 403833 0.02211 924.0 1948.0 0.19441079 0.9999841 -0.0010173626 -0.28129917 0.0010275065 1.0000218 16565374237 364.3978
rawdata/DECam_01426499.fits.fz N4 1426499 457.967 60966.18375388 1.05 15.370537396037504 -13.727103736610509 15.378270833333332 -13.652 M490 0.023892395 25.046722 1.073072 1.2732584 21.809526 1.1583245 decam -9.0913725 29.477053 112 object IBIS_wide_M490_400848 400848 0.022358 924.0 1948.0 0.20594661 1.0000402 -0.0009867018 -0.42130926 0.0013052352 1.0000409 16638295211 395.3702
rawdata/DECam_01426500.fits.fz N4 1426500 410.3173 60966.18938908 1.05 17.810523097305758 -14.275103731606942 17.818275 -14.2 M490 0.018952133 25.059898 1.0861745 1.218879 21.820116 1.077207 decam -8.6947155 20.17966 111 object IBIS_wide_M490_404053 404053 0.022131 924.0 1948.0 -0.19117428 1.0001044 -0.0010531949 -0.14395878 0.0010245831 0.99993783 16548495197 380.9085
rawdata/DECam_01426501.fits.fz N4 1426501 376.2076 60966.19444555 1.05 18.63854923813597 -13.49210373874899 18.646275 -13.417 M490 0.025108697 25.056725 1.0830033 1.2063242 21.810816 0.9896228 decam -11.202348 19.596867 111 object IBIS_wide_M490_404054 404054 0.021561 924.0 1948.0 0.2967691 1.0003563 -0.0011432458 -0.28563935 0.0009174266 1.0000027 17719865256 380.15253
rawdata/DECam_01426502.fits.fz N4 1426502 369.3076 60966.19913509 1.05 21.699546845172545 -13.307103740429511 21.707266666666666 -13.232 M490 0.021886911 25.025333 1.0521389 1.2061858 21.795109 1.0078118 decam -12.223843 8.52955 109 object IBIS_wide_M490_401075 401075 0.020642 924.0 1948.0 0.60018075 1.000159 -0.0012619186 -0.054169886 0.0013325755 1.0000147 16476709404 366.445
rawdata/DECam_01426503.fits.fz N4 1426503 431.3872 60966.20375599 1.05 21.6235006979171 -14.910103725778411 21.631275000000002 -14.835 M490 0.019029949 25.041416 1.0678403 1.238527 21.80057 1.1222663 decam -2.9065883 19.01119 113 object IBIS_wide_M490_404047 404047 0.018352 924.0 1948.0 0.5263799 0.9999386 -0.001280842 -0.099398755 0.0012803714 0.9998979 16596262393 384.38934
