logs/db-2025-12-16.ecsv
# %ECSV 1.0
# ---
# datatype:
# - {name: filename, datatype: string}
# - {name: extension, datatype: string}
# - {name: expnum, datatype: int64}
# - {name: exptime, datatype: float32}
# - {name: mjd_obs, datatype: float64}
# - {name: airmass, datatype: float32}
# - {name: racenter, datatype: float64}
# - {name: deccenter, datatype: float64}
# - {name: rabore, datatype: float64}
# - {name: decbore, datatype: float64}
# - {name: band, datatype: string}
# - {name: ebv, datatype: float32}
# - {name: zeropoint, datatype: float32}
# - {name: transparency, datatype: float32}
# - {name: seeing, datatype: float32}
# - {name: sky, datatype: float32}
# - {name: expfactor, datatype: float32}
# - {name: camera, datatype: string}
# - {name: dx, datatype: float32}
# - {name: dy, datatype: float32}
# - {name: nmatched, datatype: int64}
# - {name: obstype, datatype: string}
# - {name: object, datatype: string}
# - {name: tileid, datatype: int64}
# - {name: tileebv, datatype: float32}
# - {name: affine_x0, datatype: float32}
# - {name: affine_y0, datatype: float32}
# - {name: affine_dx, datatype: float32}
# - {name: affine_dxx, datatype: float32}
# - {name: affine_dxy, datatype: float32}
# - {name: affine_dy, datatype: float32}
# - {name: affine_dyx, datatype: float32}
# - {name: affine_dyy, datatype: float32}
# - {name: checksum, datatype: string}
# - {name: efftime, datatype: float32}
# schema: astropy-2.0
filename extension expnum exptime mjd_obs airmass racenter deccenter rabore decbore band ebv zeropoint transparency seeing sky expfactor camera dx dy nmatched obstype object tileid tileebv affine_x0 affine_y0 affine_dx affine_dxx affine_dxy affine_dy affine_dyx affine_dyy checksum efftime
[from data line 85]
rawdata/DECam_01441827.fits.fz N4 1441827 234.6285 61026.29550986 1.18 144.01471793610804 -6.2221038032234315 144.022275 -6.147 M464 0.025576472 24.939545 1.0211123 0.87554055 22.03059 0.61457396 decam 1.1395298 -45.30192 204 object IBIS_wide_M464_328241 328241 0.029859 924.0 1948.0 0.37702513 1.000231 -0.0016006741 -0.17351443 0.0013639863 1.0001324 15929720187 381.77423
rawdata/DECam_01441828.fits.fz N4 1441828 270.4583 61026.29854969 1.17 144.6817190904695 -6.428103801430884 144.68927916666667 -6.353 M464 0.027478348 24.932602 1.0125228 0.9138057 22.042088 0.6799407 decam -12.164416 -41.246593 185 object IBIS_wide_M464_327950 327950 0.028651 924.0 1948.0 0.53355974 0.9999386 -0.001502473 -0.1501974 0.0017234575 1.0001382 15971830365 397.7675
rawdata/DECam_01441829.fits.fz N4 1441829 268.0883 61026.30307513 1.16 145.44270883570704 -6.825103797972178 145.450275 -6.75 M464 0.027107753 24.936365 1.0139539 0.97665584 22.036314 0.7730936 decam 1.555873 3.8984969 198 object IBIS_wide_M464_324963 324963 0.03034 924.0 1948.0 0.14686286 1.0000983 -0.0016547221 -0.086605884 0.0014051561 1.0001374 16099960453 346.7734
rawdata/DECam_01441830.fits.fz N4 1441830 243.3784 61026.30651498 1.16 145.24772608873985 -5.62610380840189 145.255275 -5.551 M464 0.045121904 24.93228 1.010145 0.9040005 22.049036 0.7505398 decam 3.1820316 -4.3063226 183 object IBIS_wide_M464_324975 324975 0.037232 924.0 1948.0 0.27485788 1.0002807 -0.0016524562 -0.14227329 0.0014089651 1.0001557 15898035536 324.27115
rawdata/DECam_01441831.fits.fz N4 1441831 276.2482 61026.3096425 1.16 145.76073166844498 -5.178103812287381 145.76827500000002 -5.103 M464 0.07114778 24.921846 1.000485 0.9177236 22.040508 0.9571112 decam -1.156667 0.36195087 194 object IBIS_wide_M464_327961 327961 0.048208 924.0 1948.0 0.38825515 1.000106 -0.0016327723 -0.19460294 0.0012930984 1.0001531 15965906550 288.62708
rawdata/DECam_01441832.fits.fz N4 1441832 255.7884 61026.31320826 1.16 149.2367010528059 -7.050103796009426 149.24427083333333 -6.975 M464 0.043953195 24.93224 1.0101076 0.84414333 22.026361 0.66303855 decam -1.6872799 -5.0981116 151 object IBIS_wide_M464_327936 327936 0.051877 924.0 1948.0 -0.052520677 1.0001061 -0.0014611601 -0.03438717 0.0013290467 1.0001289 15969999346 385.7821
rawdata/DECam_01441833.fits.fz N4 1441833 242.7285 61026.31647978 1.16 148.59372015469523 -6.356103802057568 148.60127916666667 -6.281 M464 0.048635148 24.932516 1.0103648 0.83041126 22.020067 0.6670719 decam 2.2030249 0.7012092 161 object IBIS_wide_M464_327938 327938 0.0496 924.0 1948.0 -0.13383205 1.0001669 -0.0014654602 -0.19197115 0.0013399461 1.0001291 15924081660 363.87158
rawdata/DECam_01441834.fits.fz N4 1441834 255.2183 61026.31960619 1.15 149.59770946601975 -6.7851037983209155 149.605275 -6.71 M464 0.034787398 24.946712 1.0215628 0.87582684 22.024727 0.6517167 decam -1.9500111 2.6295629 173 object IBIS_wide_M464_324953 324953 0.040764 924.0 1948.0 0.03233923 1.0000731 -0.001411298 -0.15424122 0.0013863692 1.0002447 15926063413 391.60928
rawdata/DECam_01441835.fits.fz N4 1441835 243.1985 61026.32289959 1.15 150.66570650286283 -6.9711037966987845 150.67327500000002 -6.896 M464 0.04278886 24.930046 1.0060004 0.8742168 21.999784 0.7254593 decam -10.995088 3.4939234 145 object IBIS_wide_M464_327933 327933 0.03848 924.0 1948.0 -0.123391666 1.0004566 -0.001386258 0.0673712 0.0012516227 1.0001307 15952338611 335.23386
rawdata/DECam_01441836.fits.fz N4 1441836 260.6483 61026.32605415 1.14 149.96571193885393 -6.348103802127187 149.97327083333334 -6.273 M464 0.03761734 24.938427 1.0117168 0.8755981 21.971092 0.7090847 decam -1.1289338 9.709894 149 object IBIS_wide_M464_327939 327939 0.03766 924.0 1948.0 -0.16865432 1.0003223 -0.0013798139 -0.24588859 0.0013631003 1.0001112 16057926359 367.58414
rawdata/DECam_01441837.fits.fz N4 1441837 259.6883 61026.32942515 1.14 151.03370971073616 -6.498103800821439 151.04127083333333 -6.423 M464 0.035550624 24.939486 1.0127032 0.9421384 21.95728 0.8173137 decam -18.212189 3.8861759 144 object IBIS_wide_M464_324948 324948 0.037083 924.0 1948.0 0.37998006 1.0004427 -0.0012783954 -0.017634982 0.001329957 1.0002645 15981397825 317.73395
rawdata/DECam_01441838.fits.fz N4 1441838 320.088 61026.33277342 1.13 150.29472424729008 -6.07110380453649 150.30227916666666 -5.996 M464 0.0391751 24.939528 1.0106648 0.9224473 21.905294 0.84353995 decam -10.890554 14.333841 165 object IBIS_wide_M464_324954 324954 0.036622 924.0 1948.0 -0.06789151 1.0002325 -0.0014188101 -0.15046662 0.0014549097 1.0002187 16238471181 379.45804
rawdata/DECam_01441840.fits.fz N4 1441840 150.0 61026.34430324 1.01 136.88634340548262 -37.33295348127449 136.89579166666667 -37.25785 M438 0.3547526 24.844158 1.0537938 0.9445292 21.431168 13.236706 decam -5.609675 20.822397 1567 object "Pyxis position 7" 0 0.0 924.0 1948.0 0.09218876 1.0001425 -0.0019827718 0.0033113698 0.0018309549 1.0000504 16406208219 11.332125
rawdata/DECam_01441841.fits.fz N4 1441841 150.0 61026.34636999 1.01 137.13450629254874 -37.16352459468407 137.14393333333334 -37.08842111111111 M438 0.30613202 24.85334 1.0627425 0.9220476 21.21011 10.52937 decam -7.623866 12.082255 1665 object "Pyxis position 8" 0 0.0 924.0 1948.0 -0.03349371 1.0000892 -0.0019643619 -0.26656997 0.0019536302 1.0000926 16136849111 14.245866
rawdata/DECam_01441842.fits.fz N4 1441842 150.0 61026.34845481 1.01 136.78716990371757 -37.15461348369356 136.79659583333333 -37.07951 M438 0.3558153 24.847776 1.0573101 0.87012297 20.907528 18.22967 decam -3.9820938 27.474745 1577 object "Pyxis position 9" 0 0.0 924.0 1948.0 0.3193609 1.0002115 -0.0019385185 -0.19965428 0.0018127107 1.000027 16193742423 8.228344
rawdata/DECam_01441843.fits.fz N4 1441843 150.0 61026.35053997 1.01 137.05048175752353 -37.35929042536071 137.05993333333333 -37.28418694444444 M438 0.3210592 24.852535 1.0619547 0.8983561 20.465685 22.247047 decam -7.034508 13.793612 1215 object "Pyxis position 10" 0 0.0 924.0 1948.0 0.11443715 1.0003972 -0.0018475666 -0.21281126 0.0019829967 1.000128 17088358776 6.742468
rawdata/DECam_01441844.fits.fz N4 1441844 150.0 61026.35262269 1.01 137.02796187396896 -37.05164959619613 137.037375 -36.97654611111111 M438 0.3068103 24.847372 1.0569166 0.8439057 20.13304 24.185833 decam -17.118214 19.03046 1461 object "Pyxis position 11" 0 0.0 924.0 1948.0 0.09567806 1.000266 -0.002004617 -0.2724103 0.001974093 1.0001385 17155230512 6.2019777
rawdata/DECam_01441845.fits.fz N4 1441845 150.0 61026.3547233 1.01 136.7724348406158 -37.301641537255605 136.78187916666667 -37.22653805555556 M438 0.38689458 24.852898 1.0623103 0.8517547 19.68836 67.281044 decam -9.268763 29.289553 1353 object "Pyxis position 12" 0 0.0 924.0 1948.0 0.55483806 1.0000584 -0.0019023783 -0.33334342 0.0018951694 1.0000224 18007955679 2.229454
rawdata/DECam_01441846.fits.fz N4 1441846 10.0 61026.357794 1.02 130.3761489802335 -32.93424242676747 130.3851 -32.859138888888886 M438 0.33464447 24.860672 1.0726373 0.806635 19.19511 63.148884 decam -15.987628 27.998226 650 object "LTT3218 N4" 0 0.0 924.0 1948.0 -0.27841204 0.9998977 -0.0020839395 -0.35804635 0.0021881019 1.0001785 15637776132 0.15835592
rawdata/DECam_01441847.fits.fz N4 1441847 10.0 61026.35821938 1.02 130.00609898023347 -32.93424242676747 130.01505 -32.859138888888886 M438 0.29259276 24.856712 1.0687326 0.80350125 19.088305 50.68237 decam -5.444791 33.16949 835 object "LTT3218 N5" 0 0.0 924.0 1948.0 0.04579131 1.0001543 -0.0021268288 -0.27905166 0.002357449 1.0000623 15660472175 0.19730727
rawdata/DECam_01441848.fits.fz N4 1441848 10.0 61026.35862681 1.02 130.74619871054136 -33.10090964695198 130.75516666666667 -33.02580611111111 M438 0.41609186 24.86048 1.072446 0.8143564 18.973345 146.15482 decam -6.116546 33.275562 536 object "LTT3218 S3" 0 0.0 924.0 1948.0 0.038458798 1.0002382 -0.0020230578 -0.17865929 0.0020179213 1.0001699 15706799525 0.0684206
rawdata/DECam_01441849.fits.fz N4 1441849 10.0 61026.35906377 1.02 130.37613204387472 -33.100909646952 130.3851 -33.02580611111111 M438 0.3320199 24.864403 1.0763295 0.8275255 18.891584 85.566185 decam 6.1782737 20.129622 652 object "LTT3218 S4" 0 0.0 924.0 1948.0 -0.24490722 1.0001237 -0.0019411986 0.21542053 0.0022231669 1.0001087 15712427160 0.1168686
rawdata/DECam_01441850.fits.fz N4 1441850 10.0 61026.35947047 1.02 130.00608204387473 -33.10090964695198 130.01505 -33.02580611111111 M438 0.27418688 24.847094 1.0593055 0.82443994 18.802555 61.474857 decam 2.7648196 18.439741 793 object "LTT3218 S5" 0 0.0 924.0 1948.0 0.18105869 1.0001961 -0.0022365227 -0.22714524 0.0020265128 1.0001886 15742289121 0.16266812
rawdata/DECam_01441851.fits.fz N4 1441851 15.0 61026.3609172 1.02 158.0489082850337 -35.62021461516044 158.05815 -35.54511111111111 M464 0.09512646 24.950497 0.9981203 0.81716824 18.387241 24.735151 decam 18.467453 -2.4804807 247 object "LTT3864 N4" 0 0.0 924.0 1948.0 0.3000752 1.000369 -0.0012775201 -0.063352324 0.0011648401 1.0001428 16309091668 0.60642445
rawdata/DECam_01441852.fits.fz N4 1441852 15.0 61026.36141823 1.02 157.66682911836705 -35.62021461516044 157.67607083333334 -35.54511111111111 M464 0.097239666 24.951092 0.9986673 0.84521574 18.270826 29.86553 decam 28.93669 -20.92356 186 object "LTT3864 N5" 0 0.0 924.0 1948.0 0.09936992 1.0004506 -0.0013621598 -0.24419795 0.0011559136 1.0000613 16406854593 0.50225127
rawdata/DECam_01441853.fits.fz N4 1441853 15.0 61026.36188048 1.02 158.43095561147695 -35.78688155743227 158.44021666666666 -35.711778055555556 M464 0.09434271 24.949947 0.9976156 0.8134786 18.162128 30.02279 decam 32.510967 -22.54066 213 object "LTT3864 S3" 0 0.0 924.0 1948.0 -0.021202175 1.0002526 -0.001059066 0.03149111 0.00078762264 1.000213 16520124303 0.49962044
rawdata/DECam_01441854.fits.fz N4 1441854 15.0 61026.36235645 1.02 158.0488889448103 -35.78688155743227 158.05815 -35.711778055555556 M464 0.10869775 24.946789 0.9947162 0.82707345 18.055428 38.155704 decam 23.484386 -20.018375 247 object "LTT3864 S4" 0 0.0 924.0 1948.0 0.18370153 1.0001371 -0.0011032587 -0.2172298 0.00080718275 1.000146 16640607114 0.393126
