logs/db-2026-02-14.ecsv
# %ECSV 1.0
# ---
# datatype:
# - {name: filename, datatype: string}
# - {name: extension, datatype: string}
# - {name: expnum, datatype: int64}
# - {name: exptime, datatype: float32}
# - {name: mjd_obs, datatype: float64}
# - {name: airmass, datatype: float32}
# - {name: racenter, datatype: float64}
# - {name: deccenter, datatype: float64}
# - {name: rabore, datatype: float64}
# - {name: decbore, datatype: float64}
# - {name: band, datatype: string}
# - {name: ebv, datatype: float32}
# - {name: zeropoint, datatype: float32}
# - {name: transparency, datatype: float32}
# - {name: seeing, datatype: float32}
# - {name: sky, datatype: float32}
# - {name: expfactor, datatype: float32}
# - {name: camera, datatype: string}
# - {name: dx, datatype: float32}
# - {name: dy, datatype: float32}
# - {name: nmatched, datatype: int64}
# - {name: obstype, datatype: string}
# - {name: object, datatype: string}
# - {name: tileid, datatype: int64}
# - {name: tileebv, datatype: float32}
# - {name: affine_x0, datatype: float32}
# - {name: affine_y0, datatype: float32}
# - {name: affine_dx, datatype: float32}
# - {name: affine_dxx, datatype: float32}
# - {name: affine_dxy, datatype: float32}
# - {name: affine_dy, datatype: float32}
# - {name: affine_dyx, datatype: float32}
# - {name: affine_dyy, datatype: float32}
# - {name: checksum, datatype: string}
# - {name: efftime, datatype: float32}
# schema: astropy-2.0
filename extension expnum exptime mjd_obs airmass racenter deccenter rabore decbore band ebv zeropoint transparency seeing sky expfactor camera dx dy nmatched obstype object tileid tileebv affine_x0 affine_y0 affine_dx affine_dxx affine_dxy affine_dy affine_dyx affine_dyy checksum efftime
/home/declsp/obsbot/rawdata/DECam_01456879.fits.fz N4 1456879 15.0 61086.02006884 1.01 88.7417193826225 -28.016436650418257 88.75022916666667 -27.941333055555557 M490 0.034228936 25.020676 1.0400591 1.112983 19.635736 8.474177 decam 27.710419 -0.074271664 170 object "LTT2415 S5" 0 0.0 924.0 1948.0 -0.21125637 0.9997175 -0.0026411973 -0.65004665 0.002790559 0.9999313 15650406796 1.7700833
/home/declsp/obsbot/rawdata/DECam_01456875.fits.fz N4 1456875 15.0 61086.01797785 1.01 89.0930033306711 -27.849770541142576 89.1015 -27.774666944444444 M490 0.038579706 25.015673 1.0352787 1.2311851 19.082905 17.922516 decam 15.794568 -9.835461 164 object "LTT2415 N4" 0 0.0 924.0 1948.0 0.184787 1.0000045 -0.0025928987 -0.27872717 0.002657699 1.0000488 15849429433 0.83693606
/home/declsp/obsbot/rawdata/DECam_01456878.fits.fz N4 1456878 15.0 61086.01943173 1.01 89.09299021595584 -28.016436650418257 89.1015 -27.941333055555557 M490 0.035507463 25.019207 1.0386544 1.0893476 19.454142 9.705624 decam 30.843874 -10.257289 161 object "LTT2415 S4" 0 0.0 924.0 1948.0 0.18666488 1.0001572 -0.002813871 0.054866422 0.0029170876 1.000073 15695243727 1.5454957
/home/declsp/obsbot/rawdata/DECam_01456876.fits.fz N4 1456876 15.0 61086.0184836 1.01 88.74173249733775 -27.849770541142576 88.75022916666667 -27.774666944444444 M490 0.03469151 25.017544 1.0370634 1.0612782 19.209984 11.508503 decam 32.256413 -17.885153 154 object "LTT2415 N5" 0 0.0 924.0 1948.0 0.4525527 1.0001048 -0.0027275456 -0.6091091 0.0025391055 0.99993473 15792146679 1.3033841
/home/declsp/obsbot/rawdata/DECam_01456877.fits.fz N4 1456877 15.0 61086.01894853 1.01 89.4442443826225 -28.016436650418257 89.45275416666667 -27.941333055555557 M490 0.029162224 25.02422 1.043459 1.0650109 19.33046 9.872859 decam 34.658897 -15.286626 198 object "LTT2415 S3" 0 0.0 924.0 1948.0 0.7299856 1.0003848 -0.002591885 -0.3462732 0.0025858087 0.9997845 15757213560 1.5193168
/home/declsp/obsbot/rawdata/DECam_01456889.fits.fz N4 1456889 660.6756 61086.04124528 1.26 54.30964436778025 -10.267103767706688 54.31727916666667 -10.192 M490 0.070651524 24.980854 1.0491298 1.1452948 21.575886 2.063852 decam 6.9449034 -1.395577 122 object IBIS_wide_M490_407169 407169 0.058059 924.0 1948.0 0.100852735 1.0002341 -0.0019940378 -0.24241623 0.0022681574 0.9995982 17617350553 320.1177
/home/declsp/obsbot/rawdata/DECam_01456890.fits.fz N4 1456890 637.9657 61086.04922735 1.31 53.88063398597831 -10.68810376396396 53.88827916666667 -10.613 M490 0.05538809 24.969643 1.0478164 1.1392703 21.55768 1.9140211 decam 3.3294692 -14.683693 117 object IBIS_wide_M490_410144 410144 0.052445 924.0 1948.0 -0.12726618 1.000062 -0.0020167753 -0.079581924 0.0020177492 1.0000993 17552340750 333.31174
/home/declsp/obsbot/rawdata/DECam_01456891.fits.fz N4 1456891 596.6761 61086.05693194 1.36 53.58162322349421 -10.784103763109071 53.58927083333333 -10.709 M490 0.041459333 24.967237 1.0550263 1.1380574 21.541914 1.7730724 decam 2.624106 -21.689173 135 object IBIS_wide_M490_407158 407158 0.049692 924.0 1948.0 -0.2110858 1.0002056 -0.002198263 -0.06630939 0.0021227393 0.99986583 17745898664 336.521
/home/declsp/obsbot/rawdata/DECam_01456892.fits.fz N4 1456892 564.0762 61086.06618508 1.34 130.84575785636983 -2.766103833124153 130.85327916666668 -2.691 M490 0.028679756 24.974083 1.0578525 1.2842035 21.626196 1.892836 decam 6.779977 -61.210457 323 object IBIS_wide_M490_422230 422230 0.026859 924.0 1948.0 -0.09633534 1.000049 -0.0018694502 -0.20184825 0.001648499 1.0000361 17314207786 298.00583
/home/declsp/obsbot/rawdata/DECam_01456893.fits.fz N4 1456893 526.9265 61086.07307521 1.3 133.99971623589371 -6.048103804736426 134.00727083333334 -5.973 M490 0.029341673 24.98124 1.0571486 1.2857689 21.667883 1.8100692 decam 12.796006 -60.415447 309 object IBIS_wide_M490_419210 419210 0.025137 924.0 1948.0 0.01829486 1.0001171 -0.001768924 -0.33306476 0.0013388495 1.0000662 17289992930 291.1085
/home/declsp/obsbot/rawdata/DECam_01456894.fits.fz N4 1456894 528.4265 61086.07951369 1.28 131.89475161290423 -3.0761038304524315 131.902275 -3.001 M490 0.022022659 24.98141 1.0534831 1.3546607 21.65254 1.9394188 decam 8.93747 -58.588654 275 object IBIS_wide_M490_419245 419245 0.020851 924.0 1948.0 -0.026608268 1.0002092 -0.0018128931 -0.10283987 0.0016543652 1.000028 17387530356 272.46643
/home/declsp/obsbot/rawdata/DECam_01456895.fits.fz N4 1456895 719.3354 61086.08595611 1.26 132.56374756552154 -3.604103825898224 132.57127499999999 -3.529 M490 0.017634574 24.983269 1.0514667 1.4271462 21.641186 2.104625 decam 0.12106158 -56.987297 341 object IBIS_wide_M490_419223 419223 0.019477 924.0 1948.0 -0.178034 1.0002693 -0.0017430761 -0.10794415 0.0015592794 1.0000354 17878466490 341.7879
/home/declsp/obsbot/rawdata/DECam_01456896.fits.fz N4 1456896 506.8268 61086.09466154 1.23 136.36571984556008 -6.377103801874803 136.3732791666667 -6.302 M490 0.033979326 24.989613 1.0518876 1.2066886 21.689564 1.5877106 decam 6.5439663 -53.606567 348 object IBIS_wide_M490_422111 422111 0.033977 924.0 1948.0 -0.17179449 1.0003148 -0.0016357248 -0.25402898 0.0014071288 1.0000236 17123059103 319.21863
/home/declsp/obsbot/rawdata/DECam_01456897.fits.fz N4 1456897 487.2068 61086.10181922 1.21 137.03970872501236 -6.832103797911142 137.047275 -6.757 M490 0.040365662 24.985653 1.0442613 1.182324 21.696012 1.5931463 decam -15.741823 11.553308 254 object IBIS_wide_M490_422105 422105 0.040827 924.0 1948.0 -0.3178744 0.99994475 -0.0016830972 -0.006854824 0.001373115 1.0000898 16955793797 305.8142
/home/declsp/obsbot/rawdata/DECam_01456898.fits.fz N4 1456898 465.067 61086.10781159 1.19 136.22872468338724 -5.409103810284639 136.23627083333332 -5.334 M490 0.021165762 24.987862 1.0425977 1.2538047 21.696777 1.5675415 decam -1.7361213 1.8606575 254 object IBIS_wide_M490_419128 419128 0.022309 924.0 1948.0 0.10703522 1.0001309 -0.0016628128 0.041281566 0.0016233842 1.0000542 17018442207 296.6856
/home/declsp/obsbot/rawdata/DECam_01456899.fits.fz N4 1456899 549.8764 61086.11355274 1.19 137.90473688771414 -5.089103813058604 137.91227916666665 -5.014 M490 0.025219772 24.993067 1.0476071 1.2217274 21.702038 1.507554 decam -15.868057 12.436999 266 object IBIS_wide_M490_422269 422269 0.027995 924.0 1948.0 0.32156646 1.0003207 -0.0015794253 -0.018936584 0.0015045074 1.0000789 17128305245 364.74738
/home/declsp/obsbot/rawdata/DECam_01456900.fits.fz N4 1456900 589.9261 61086.12023969 1.18 140.40271153455436 -6.652103799480058 140.410275 -6.577 M490 0.031995527 24.990822 1.0435491 1.3214074 21.703325 1.8504887 decam -3.272835 7.0488153 225 object IBIS_wide_M490_419267 419267 0.032814 924.0 1948.0 0.47318512 1.0001245 -0.0015125121 -0.116915815 0.0015214776 1.000063 17795194054 318.79477
/home/declsp/obsbot/rawdata/DECam_01456901.fits.fz N4 1456901 688.0056 61086.12739209 1.17 139.57573948876168 -4.862103815024702 139.58327916666667 -4.787 M490 0.030675942 25.000175 1.0506692 1.302625 21.69467 1.7660791 decam 7.074887 3.421412 255 object IBIS_wide_M490_419281 419281 0.031941 924.0 1948.0 0.024645198 1.0004131 -0.0014998474 -0.2798775 0.0013387727 1.0000445 17997448735 389.5667
/home/declsp/obsbot/rawdata/DECam_01456902.fits.fz N4 1456902 565.8563 61086.13569243 1.15 142.01071727213713 -6.268103802823277 142.01827500000002 -6.193 M490 0.0380769 24.997663 1.0444455 1.2951972 21.691454 1.8487563 decam 0.99298453 8.083884 231 object IBIS_wide_M490_422254 422254 0.0371 924.0 1948.0 0.22513548 1.0004414 -0.0014012281 -0.24362849 0.0014401327 0.99986595 17386806635 306.07404
/home/declsp/obsbot/rawdata/DECam_01456903.fits.fz N4 1456903 448.8472 61086.14259841 1.15 145.44270883570704 -6.825103797972178 145.450275 -6.75 M490 0.027107753 24.993814 1.0407481 1.1780612 21.712313 1.404429 decam 15.755945 -4.965032 205 object IBIS_wide_M490_424963 424963 0.03034 924.0 1948.0 -0.045955315 1.0000714 -0.0014107623 -0.072706684 0.0012910025 1.0000199 17035073025 319.5941
/home/declsp/obsbot/rawdata/DECam_01456904.fits.fz N4 1456904 531.5765 61086.14811463 1.15 146.79071402470626 -6.76010379853885 146.79827916666665 -6.6850000000000005 M490 0.053898517 24.973206 1.0211796 1.1605687 21.717405 1.6862816 decam 10.171518 -7.450662 189 object IBIS_wide_M490_424967 424967 0.056953 924.0 1948.0 0.3652809 1.0003071 -0.0011810062 -0.018470196 0.0010938658 1.0000303 17009592186 315.2359
/home/declsp/obsbot/rawdata/DECam_01456905.fits.fz N4 1456905 556.8065 61086.15457772 1.15 147.52872437341367 -6.062103804614727 147.53627916666667 -5.987 M490 0.0566353 24.99568 1.0425385 1.1490165 21.70545 1.6331375 decam 12.9525 -12.534629 175 object IBIS_wide_M490_424968 424968 0.060027 924.0 1948.0 -0.044657543 1.000018 -0.0011859675 -0.273291 0.0012228256 1.0000038 17130004320 340.94284
/home/declsp/obsbot/rawdata/DECam_01456906.fits.fz N4 1456906 508.6667 61086.16135579 1.14 147.15573191847895 -5.157103812469373 147.163275 -5.082 M490 0.04887772 24.999945 1.0447439 1.1871156 21.718075 1.6228203 decam 6.0192842 -10.781464 175 object IBIS_wide_M490_427956 427956 0.054454 924.0 1948.0 0.51263756 1.0002145 -0.0012297825 -0.1829682 0.0014688912 1.0001637 17015313451 313.4461
/home/declsp/obsbot/rawdata/DECam_01456907.fits.fz N4 1456907 421.7673 61086.16759599 1.13 149.96571193885393 -6.348103802127187 149.97327083333334 -6.273 M490 0.03761734 25.007519 1.050151 1.1408048 21.727924 1.3583405 decam 10.873353 1.0042347 155 object IBIS_wide_M490_427939 427939 0.03766 924.0 1948.0 -0.1790276 1.0001607 -0.0011727529 -0.17775492 0.0010825025 1.0000273 16774808977 310.5019
/home/declsp/obsbot/rawdata/DECam_01456908.fits.fz N4 1456908 421.2273 61086.17280723 1.13 152.494704874308 -6.812103798085526 152.50227083333334 -6.737 M490 0.030776909 25.005949 1.0486336 1.1200553 21.749336 1.2299416 decam -0.3172237 -0.5729291 150 object IBIS_wide_M490_425446 425446 0.03447 924.0 1948.0 0.025319386 1.000439 -0.0010988073 -0.1807925 0.001014501 1.0000643 16599184933 342.47748
/home/declsp/obsbot/rawdata/DECam_01456909.fits.fz N4 1456909 491.4768 61086.17800618 1.13 152.74572100309152 -6.298103802562269 152.75327916666666 -6.223 M490 0.033405095 25.00802 1.050635 1.2273304 21.75694 1.4863876 decam -5.7900596 2.7497633 151 object IBIS_wide_M490_428432 428432 0.037441 924.0 1948.0 0.10129063 1.0001979 -0.0010840226 -0.10180153 0.0010911468 1.0000454 16899133622 330.65186
/home/declsp/obsbot/rawdata/DECam_01456910.fits.fz N4 1456910 425.5772 61086.18403741 1.13 155.2447156704254 -6.654103799462632 155.25227916666668 -6.579 M490 0.041484367 25.011612 1.0541164 1.117198 21.75916 1.2893362 decam -8.423796 10.164936 169 object IBIS_wide_M490_425426 425426 0.042569 924.0 1948.0 0.2276419 1.0000236 -0.0009113814 -0.2325699 0.0009896628 1.0000746 16590502899 330.07465
/home/declsp/obsbot/rawdata/DECam_01456911.fits.fz N4 1456911 430.1072 61086.18931757 1.12 154.52672058397414 -6.0351038048494265 154.53427499999998 -5.96 M490 0.054067895 25.005318 1.0461235 1.0789747 21.761366 1.3211651 decam 1.4418199 -2.4133599 179 object IBIS_wide_M490_425428 425428 0.045466 924.0 1948.0 0.1946966 1.0000867 -0.00090922933 -0.11262205 0.0009108171 0.9999329 16598237788 325.55145
/home/declsp/obsbot/rawdata/DECam_01456912.fits.fz N4 1456912 433.3071 61086.19465139 1.12 156.70471455141725 -6.453103801213245 156.712275 -6.378 M490 0.04232944 25.00194 1.0428736 1.130401 21.759256 1.351165 decam -16.949669 6.3781533 142 object IBIS_wide_M490_425421 425421 0.041564 924.0 1948.0 -0.1859227 1.0002446 -0.0007559738 -0.08991459 0.0009431426 1.0000846 18100743789 320.69147
/home/declsp/obsbot/rawdata/DECam_01456913.fits.fz N4 1456913 429.1672 61086.20000022 1.11 159.11670653516134 -6.969103796716235 159.124275 -6.894 M490 0.057808295 25.001251 1.0403236 1.0893714 21.75207 1.4032103 decam -3.4287722 5.217074 130 object IBIS_wide_M490_428165 428165 0.052321 924.0 1948.0 0.30646494 1.0002838 -0.00090646796 -0.024522655 0.0009866016 1.0000578 16630116914 305.84668
/home/declsp/obsbot/rawdata/DECam_01456914.fits.fz N4 1456914 427.1872 61086.20531771 1.11 159.3967166511905 -6.590103800020194 159.40427916666667 -6.515 M490 0.04582194 25.01927 1.0577321 1.0875579 21.764015 1.2348402 decam -15.5071535 3.6294484 152 object IBIS_wide_M490_425180 425180 0.048832 924.0 1948.0 -0.04805639 1.0001279 -0.00092515664 0.10094808 0.0010696921 1.0000421 16569906832 345.94534
/home/declsp/obsbot/rawdata/DECam_01456915.fits.fz N4 1456915 528.3265 61086.21058213 1.11 158.61072442940738 -6.058103804649498 158.61827916666667 -5.983 M490 0.0443812 25.007336 1.0461693 1.2183186 21.731798 1.6154097 decam -8.027878 15.742136 149 object IBIS_wide_M490_425431 425431 0.043784 924.0 1948.0 0.085367896 1.0002438 -0.0007601199 -0.1244991 0.0007538346 1.0000651 17230491252 327.05417
/home/declsp/obsbot/rawdata/DECam_01456916.fits.fz N4 1456916 483.2068 61086.21704222 1.1 161.891706292691 -6.984103796585361 161.899275 -6.909 M490 0.0313949 25.005613 1.0426184 1.298815 21.788813 1.6015985 decam -0.5382471 8.354759 144 object IBIS_wide_M490_428161 428161 0.030313 924.0 1948.0 -0.14367017 1.000379 -0.0008183158 -0.19488263 0.0008979422 1.0000185 16725463749 301.70282
/home/declsp/obsbot/rawdata/DECam_01456917.fits.fz N4 1456917 435.2371 61086.22294868 1.1 162.28771368179682 -6.511103800708237 162.295275 -6.436 M490 0.026843313 25.011211 1.0480087 1.1817183 21.781952 1.2812778 decam -3.0298924 15.356425 149 object IBIS_wide_M490_425176 425176 0.029745 924.0 1948.0 0.21193619 1.0002917 -0.00074952876 -0.043189023 0.00065910374 1.0000937 16687228612 339.68988
/home/declsp/obsbot/rawdata/DECam_01456918.fits.fz N4 1456918 399.4874 61086.22830227 1.1 163.71371523829274 -6.682103799218653 163.72127916666668 -6.607 M490 0.025596201 25.003733 1.0408145 1.1999476 21.787209 1.3218081 decam -10.592314 12.8102865 172 object IBIS_wide_M490_425217 425217 0.027846 924.0 1948.0 0.14041844 1.0001134 -0.00071711757 0.06962173 0.000722708 1.0000025 16512422096 302.228
/home/declsp/obsbot/rawdata/DECam_01456919.fits.fz N4 1456919 372.4075 61086.23324173 1.1 164.4387203186968 -6.054103804684271 164.44627499999999 -5.979 M490 0.029403185 25.018995 1.0555477 1.1038766 21.78248 1.1209385 decam -2.6682177 13.352327 148 object IBIS_wide_M490_425218 425218 0.029579 924.0 1948.0 0.12422544 1.0002095 -0.000722087 0.06389321 0.0007738932 1.0000956 16393747098 332.2283
/home/declsp/obsbot/rawdata/DECam_01456920.fits.fz N4 1456920 405.2872 61086.23793028 1.1 168.12371811919627 -6.493103800864976 168.13127916666667 -6.418 M490 0.041028015 25.019735 1.0562679 1.069555 21.777836 1.1410211 decam -13.715887 12.077952 134 object IBIS_wide_M490_425192 425192 0.041933 924.0 1948.0 0.15382235 1.0003902 -0.00043240318 0.04203983 0.0003654054 1.0001554 16532067616 355.19693
/home/declsp/obsbot/rawdata/DECam_01456921.fits.fz N4 1456921 336.5977 61086.2429468 1.1 168.2497198603044 -6.376103801883506 168.25727916666665 -6.301 M490 0.03482669 25.025312 1.0617071 1.0168595 21.773247 0.9836531 decam -3.485186 13.901023 139 object IBIS_wide_M490_428178 428178 0.041526 924.0 1948.0 -0.044965647 1.0001394 -0.00049952476 0.011275186 0.00054891227 1.0001396 16339942199 342.19144
/home/declsp/obsbot/rawdata/DECam_01456922.fits.fz N4 1456922 379.5074 61086.24718072 1.1 170.98471473034652 -6.441103801317714 170.992275 -6.366 M490 0.03550464 25.016766 1.0533823 1.0872332 21.776659 1.1436123 decam -3.4554005 12.544839 154 object IBIS_wide_M490_428102 428102 0.039664 924.0 1948.0 0.16952255 0.9999575 -0.00053002953 0.053540327 6.632998e-05 1.0001526 16412831890 331.8497
/home/declsp/obsbot/rawdata/DECam_01456923.fits.fz N4 1456923 362.5875 61086.25189769 1.1 173.54971040437982 -6.725103798843916 173.557275 -6.65 M490 0.034322668 25.02328 1.0597206 1.0973805 21.777391 1.1412694 decam 5.3227973 7.881522 129 object IBIS_wide_M490_425112 425112 0.03494 924.0 1948.0 0.047545265 1.0000798 -0.00019971833 0.06734987 0.00020716338 1.000213 16414007984 317.7054
