logs/db-2024-05-28.ecsv
# %ECSV 1.0
# ---
# datatype:
# - {name: filename, datatype: string}
# - {name: extension, datatype: string}
# - {name: expnum, datatype: int64}
# - {name: exptime, datatype: float32}
# - {name: mjd_obs, datatype: float64}
# - {name: airmass, datatype: float32}
# - {name: racenter, datatype: float64}
# - {name: deccenter, datatype: float64}
# - {name: rabore, datatype: float64}
# - {name: decbore, datatype: float64}
# - {name: band, datatype: string}
# - {name: ebv, datatype: float32}
# - {name: zeropoint, datatype: float32}
# - {name: transparency, datatype: float32}
# - {name: seeing, datatype: float32}
# - {name: sky, datatype: float32}
# - {name: expfactor, datatype: float32}
# - {name: camera, datatype: string}
# - {name: dx, datatype: float32}
# - {name: dy, datatype: float32}
# - {name: nmatched, datatype: int64}
# - {name: obstype, datatype: string}
# - {name: object, datatype: string}
# - {name: tileid, datatype: int64}
# - {name: tileebv, datatype: float32}
# - {name: affine_x0, datatype: float32}
# - {name: affine_y0, datatype: float32}
# - {name: affine_dx, datatype: float32}
# - {name: affine_dxx, datatype: float32}
# - {name: affine_dxy, datatype: float32}
# - {name: affine_dy, datatype: float32}
# - {name: affine_dyx, datatype: float32}
# - {name: affine_dyy, datatype: float32}
# - {name: checksum, datatype: string}
# - {name: efftime, datatype: float32}
# schema: astropy-2.0
filename extension expnum exptime mjd_obs airmass racenter deccenter rabore decbore band ebv zeropoint transparency seeing sky expfactor camera dx dy nmatched obstype object tileid tileebv affine_x0 affine_y0 affine_dx affine_dxx affine_dxy affine_dy affine_dyx affine_dyy checksum efftime
rawdata/DECam_01300662.fits.fz N4 1300662 300.0 60459.07287014 1.96 150.09375883696464 2.606896120655282 150.10127916666667 2.682 M411 0.019469626 23.226366 0.4142082 1.6520296 21.868505 21.469477 decam 59.49655 -17.927986 48 object IBIS_deep_cosmos_M411_1 0 0.0 924.0 1948.0 0.23811701 1.0002735 -0.001472455 -0.61042297 0.0018526223 1.0003343 15911383413 13.973326
rawdata/DECam_01300664.fits.fz N4 1300664 300.0 60459.07757722 2.06 149.78075452620993 2.6308961204485457 149.788275 2.706 M411 0.019724825 22.96244 0.33494085 1.5246428 21.847528 30.319609 decam 37.818623 -23.33463 45 object IBIS_deep_cosmos_M411_2 0 0.0 924.0 1948.0 -0.074541934 1.0003928 -0.0010302657 -0.44702303 0.0019434878 1.0004967 15905523808 9.894587
rawdata/DECam_01300665.fits.fz N4 1300665 300.0 60459.0814238 2.14 149.4997595261277 2.488896121671626 149.50727916666665 2.564 M411 0.020213213 23.79126 0.73646444 1.5108389 21.890944 6.2145686 decam 35.488792 -20.99871 50 object IBIS_deep_cosmos_M411_3 0 0.0 924.0 1948.0 -0.049339794 1.0002136 -0.0010968113 -0.409999 0.0017308688 1.0003055 15901364921 48.273666
rawdata/DECam_01300666.fits.fz N4 1300666 300.0 60459.08526462 2.19 150.09375883696464 2.606896120655282 150.10127916666667 2.682 M464 0.019469626 24.002407 0.5341249 1.5331994 21.18802 18.83413 decam 30.671017 -20.406954 59 object IBIS_deep_cosmos_M464_1 0 0.0 924.0 1948.0 0.3608787 1.000357 -0.0012742057 -0.7451445 0.0018517497 1.0005287 16863759296 15.928531
rawdata/DECam_01300667.fits.fz N4 1300667 300.0 60459.08910714 2.3 149.78075452620993 2.6308961204485457 149.788275 2.706 M464 0.019724825 24.288061 0.7112537 1.5599755 21.341293 9.988948 decam 39.869358 -30.201292 81 object IBIS_deep_cosmos_M464_2 0 0.0 924.0 1948.0 -0.02780754 1.0003755 -0.0010930559 -0.49696583 0.0020480794 1.0006293 16646214702 30.033194
rawdata/DECam_01300668.fits.fz N4 1300668 300.0 60459.09294975 2.41 149.4997595261277 2.488896121671626 149.50727916666665 2.564 M464 0.020213213 23.779585 0.45577884 1.4702972 21.336332 22.714302 decam 31.096985 -35.148525 61 object IBIS_deep_cosmos_M464_3 0 0.0 924.0 1948.0 0.18562308 1.0004911 -0.0010303294 -0.6144286 0.0015899737 1.0006295 16648976346 13.207538
rawdata/DECam_01300672.fits.fz N4 1300672 300.0 60459.11393178 1.17 219.99376429597908 1.4248961308287686 220.00127916666665 1.5 M464 0.039669316 24.727789 0.8393741 2.370546 21.847921 6.525613 decam -1.8019234 29.351656 118 object IBIS_deep_desi220_M464_1 0 0.0 924.0 1948.0 0.14050776 1.0000864 0.0013104262 -0.042966526 -0.0012486163 0.99993724 16306167891 45.972694
rawdata/DECam_01300683.fits.fz N4 1300683 30.0 60459.21311136 1.4 219.99376429597908 1.4248961308287686 220.00127916666665 1.5 M464 0.039669316 24.713106 0.8694457 1.284367 20.073782 10.066613 decam 25.996687 -1.5900056 71 object "Cosmos test" 0 0.0 924.0 1948.0 0.3067692 1.0003295 0.0012112618 0.03294778 -0.0011314654 1.0003084 15795748120 2.980148
rawdata/DECam_01300684.fits.fz N4 1300684 30.0 60459.21383463 1.4 219.99376429597908 1.4248961308287686 220.00127916666665 1.5 M411 0.039669316 23.871885 0.63217014 1.3280336 19.949608 24.749552 decam 37.23265 -9.522793 35 object "Cosmos test" 0 0.0 924.0 1948.0 0.21823055 1.0003812 0.0011706906 0.035924718 -0.001194145 1.0001799 15681485351 1.2121431
rawdata/DECam_01300685.fits.fz N4 1300685 300.0 60459.21533022 1.41 219.99376429597908 1.4248961308287686 220.00127916666665 1.5 M464 0.039669316 24.094168 0.49270543 1.2377849 19.618998 44.448208 decam 35.973972 -7.1820273 94 object IBIS_deep_desi220_M464_1 0 0.0 924.0 1948.0 0.24594046 0.99997306 0.00093742454 -0.17809348 -0.0010219649 1.0003153 21418702191 6.7494283
rawdata/DECam_01300686.fits.fz N4 1300686 300.0 60459.2191656 1.44 219.68076005035257 1.4488961306223334 219.688275 1.524 M464 0.044814657 24.484959 0.710662 1.2571478 19.847317 18.079544 decam 35.62866 -1.1789949 102 object IBIS_deep_desi220_M464_2 0 0.0 924.0 1948.0 0.19928417 1.000087 0.0013374537 0.27280366 -0.0011046005 0.9998944 20229307445 16.59334
rawdata/DECam_01300687.fits.fz N4 1300687 300.0 60459.22300168 1.47 219.40076883166387 1.3068961318436798 219.40828333333334 1.3820000000000001 M464 0.04431131 24.314112 0.61106104 1.3648068 19.696898 33.506523 decam 44.62853 3.852921 87 object IBIS_deep_desi220_M464_3 0 0.0 924.0 1948.0 -0.24334328 0.9999829 0.0010905529 0.20921314 -0.0010386629 1.0001591 20930983171 8.95348
rawdata/DECam_01300688.fits.fz N4 1300688 300.0 60459.22682815 1.5 219.21476952015283 1.051896134036606 219.22228333333334 1.127 M464 0.042198695 24.153894 0.53058815 1.2426816 19.562798 42.215652 decam 39.90819 3.5846605 77 object IBIS_deep_desi220_M464_4 0 0.0 924.0 1948.0 -0.022879781 1.0003011 0.0010355758 0.31036258 -0.0008372818 1.0001136 21712986190 7.1063685
rawdata/DECam_01300689.fits.fz N4 1300689 300.0 60459.23066664 1.52 219.14676182153045 0.7428961366934452 219.15427499999998 0.818 M464 0.042169258 23.781336 0.3780721 1.262389 19.344233 105.79832 decam 36.89366 -6.173083 71 object IBIS_deep_desi220_M464_5 0 0.0 924.0 1948.0 -0.5186676 1.0000824 0.0012326695 0.0071655684 -0.0011614457 1.0002588 23094905367 2.8355837
rawdata/DECam_01300690.fits.fz N4 1300690 300.0 60459.23451667 1.54 219.19776224061192 0.43089613937570215 219.205275 0.506 M464 0.041395254 23.600182 0.3213309 1.2648396 19.265902 159.33272 decam 29.649506 1.595441 58 object IBIS_deep_desi220_M464_6 0 0.0 924.0 1948.0 -0.48507923 1.000293 0.0014063193 0.3558782 -0.0011915242 0.99993175 23661223506 1.8828524
rawdata/DECam_01300691.fits.fz N4 1300691 300.0 60459.2383475 1.57 219.3527707589472 0.15489614174827968 219.36028333333334 0.23 M464 0.04405684 23.749102 0.3709206 1.3148929 19.356384 120.35553 decam 35.34475 -8.560105 77 object IBIS_deep_desi220_M464_7 0 0.0 924.0 1948.0 -0.3998853 1.0009882 0.0013956805 0.21342055 -0.0005966806 1.0003546 22979952459 2.492615
rawdata/DECam_01300692.fits.fz N4 1300692 300.0 60459.24218869 1.62 219.99376429597908 1.4248961308287686 220.00127916666665 1.5 M411 0.039669316 23.632133 0.5422971 1.2503244 19.644966 45.17855 decam 38.61622 -11.004543 59 object IBIS_deep_desi220_M411_1 0 0.0 924.0 1948.0 0.19703673 1.0007937 0.0011926455 0.2386577 -0.0010361262 1.000281 19226294657 6.6403193
rawdata/DECam_01300693.fits.fz N4 1300693 300.0 60459.24604584 1.67 219.68076005035257 1.4488961306223334 219.688275 1.524 M411 0.044814657 23.233377 0.38141224 1.2798797 19.50607 112.13911 decam 38.11544 -27.718225 53 object IBIS_deep_desi220_M411_2 0 0.0 924.0 1948.0 -0.23050901 1.0005765 0.0014751862 0.4190923 -0.001267845 0.99994504 19701535920 2.6752486
rawdata/DECam_01300694.fits.fz N4 1300694 300.0 60459.2498983 1.71 219.40076883166387 1.3068961318436798 219.40828333333334 1.3820000000000001 M411 0.04431131 23.361753 0.43458387 1.2218727 19.543695 77.944016 decam 50.26742 -24.103132 31 object IBIS_deep_desi220_M411_3 0 0.0 924.0 1948.0 0.4148141 1.0003762 0.0012783975 0.201631 -0.00079882034 1.0005499 19549315162 3.8489165
rawdata/DECam_01300695.fits.fz N4 1300695 300.0 60459.25374861 1.76 219.21476952015283 1.051896134036606 219.22228333333334 1.127 M411 0.042198695 23.26011 0.40186173 1.3473433 19.49492 119.50381 decam 35.62831 -23.334259 41 object IBIS_deep_desi220_M411_4 0 0.0 924.0 1948.0 0.05099138 0.99999404 0.0010679592 0.507493 -0.0005863917 1.0007004 19753774292 2.5103803
rawdata/DECam_01300696.fits.fz N4 1300696 300.0 60459.25758508 1.8 219.14676182153045 0.7428961366934452 219.15427499999998 0.818 M411 0.042169258 24.006712 0.809179 1.2574688 19.736734 21.062159 decam 42.81704 -27.456211 70 object IBIS_deep_desi220_M411_5 0 0.0 924.0 1948.0 -0.44665483 1.0004897 0.0011132859 0.1629081 -0.0009693758 1.0003638 18919515256 14.243554
rawdata/DECam_01300697.fits.fz N4 1300697 120.0 60459.26301917 1.88 219.14676182153045 0.7428961366934452 219.15427499999998 0.818 M411 0.042169258 23.995256 0.8205755 1.2003523 19.6792 20.671469 decam 31.02814 -28.263868 63 object DESI_220_guider 0 0.0 924.0 1948.0 -0.5714427 1.0001575 0.0013332673 -0.021342516 -0.0009263804 1.0004478 16877388070 5.805103
rawdata/DECam_01300698.fits.fz N4 1300698 120.0 60459.26500137 1.91 219.14676182153045 0.7428961366934452 219.15427499999998 0.818 M464 0.042169258 23.896854 0.45673272 1.332921 19.28906 99.7931 decam 42.93363 -36.416748 57 object DESI_220_guider 0 0.0 924.0 1948.0 -0.5177544 1.0000241 0.0013140731 -0.11237314 -0.00085191923 1.0005645 18632593905 1.202488
rawdata/DECam_01300702.fits.fz N4 1300702 30.0 60459.28460471 2.01 329.99274062528167 3.924896109288287 330.00027083333333 4.0 M464 0.045119103 24.411264 0.74924856 1.2391875 18.271156 85.297356 decam -39.51122 44.126568 65 object DESI_332_test 0 0.0 924.0 1948.0 -0.16473123 1.0003345 0.0009537554 -0.0895737 -0.0015276618 1.000516 17452826195 0.3517108
rawdata/DECam_01300703.fits.fz N4 1300703 300.0 60459.28745726 1.96 331.4917581095231 2.725896119630133 331.49927916666667 2.801 M411 0.043451887 24.06251 0.8946971 1.7015364 18.865688 77.56353 decam -32.686676 57.157307 75 object IBIS_deep_desi332_M411_24 0 0.0 924.0 1948.0 -0.47045457 1.0008018 0.0009512599 0.1505522 -0.0018189294 1.0007092 23174585320 3.8677971
rawdata/DECam_01300704.fits.fz N4 1300704 300.0 60459.29265568 1.88 331.4917581095231 2.725896119630133 331.49927916666667 2.801 M464 0.043451887 24.472252 0.7710108 1.50219 18.343142 104.96142 decam -22.224133 46.335274 87 object IBIS_deep_desi332_M464_24 0 0.0 924.0 1948.0 -0.17229088 1.0006093 0.0011793007 0.13554151 -0.001691674 1.000528 34658531735 2.8581932
