logs/db-2025-05-29.ecsv
# %ECSV 1.0
# ---
# datatype:
# - {name: filename, datatype: string}
# - {name: extension, datatype: string}
# - {name: expnum, datatype: int64}
# - {name: exptime, datatype: float32}
# - {name: mjd_obs, datatype: float64}
# - {name: airmass, datatype: float32}
# - {name: racenter, datatype: float64}
# - {name: deccenter, datatype: float64}
# - {name: rabore, datatype: float64}
# - {name: decbore, datatype: float64}
# - {name: band, datatype: string}
# - {name: ebv, datatype: float32}
# - {name: zeropoint, datatype: float32}
# - {name: transparency, datatype: float32}
# - {name: seeing, datatype: float32}
# - {name: sky, datatype: float32}
# - {name: expfactor, datatype: float32}
# - {name: camera, datatype: string}
# - {name: dx, datatype: float32}
# - {name: dy, datatype: float32}
# - {name: nmatched, datatype: int64}
# - {name: obstype, datatype: string}
# - {name: object, datatype: string}
# - {name: tileid, datatype: int64}
# - {name: tileebv, datatype: float32}
# - {name: affine_x0, datatype: float32}
# - {name: affine_y0, datatype: float32}
# - {name: affine_dx, datatype: float32}
# - {name: affine_dxx, datatype: float32}
# - {name: affine_dxy, datatype: float32}
# - {name: affine_dy, datatype: float32}
# - {name: affine_dyx, datatype: float32}
# - {name: affine_dyy, datatype: float32}
# - {name: checksum, datatype: string}
# - {name: efftime, datatype: float32}
# schema: astropy-2.0
filename extension expnum exptime mjd_obs airmass racenter deccenter rabore decbore band ebv zeropoint transparency seeing sky expfactor camera dx dy nmatched obstype object tileid tileebv affine_x0 affine_y0 affine_dx affine_dxx affine_dxy affine_dy affine_dyx affine_dyy checksum efftime
[from data line 43]
rawdata/DECam_01391664.fits.fz N4 1391664 403.0 60825.17966698 1.23 214.14573188282284 -5.160103812443375 214.153275 -5.085 M464 0.037068117 24.940878 1.032921 1.0044247 21.691416 1.1961572 decam -6.2317677 22.87174 216 object IBIS_wide_M464_334241 334241 0.038652 924.0 1948.0 -0.2274534 0.9998931 0.0010392222 0.14241862 -0.00085543474 1.0000464 16740416513 336.91223
rawdata/DECam_01391665.fits.fz N4 1391665 500.0 60825.18469695 1.24 216.9887452022704 -3.3791038278395384 216.99627083333334 -3.304 M464 0.07952874 24.928963 1.0237474 1.0240037 21.698929 1.7093897 decam -9.736516 28.642763 175 object IBIS_wide_M464_339954 339954 0.073791 924.0 1948.0 0.048184667 1.0002642 0.0009575542 0.19357017 -0.00091794017 0.9999706 16854785008 292.50204
rawdata/DECam_01391666.fits.fz N4 1391666 500.0 60825.19086168 1.26 217.49574573189707 -3.3101038284346913 217.50327083333332 -3.235 M464 0.08128855 24.864536 0.96873754 1.2629082 21.646416 3.109096 decam -0.89239144 20.22418 176 object IBIS_wide_M464_336970 336970 0.077831 924.0 1948.0 -0.036865003 1.000265 0.0011159674 0.17865942 -0.00093900226 0.9999993 16897220354 160.81845
rawdata/DECam_01391667.fits.fz N4 1391667 464.0 60825.19700308 1.25 218.4537244612987 -5.750103807325404 218.461275 -5.675 M464 0.05934856 24.912868 1.0107577 1.5753587 21.670101 3.699676 decam -9.670786 21.398369 217 object IBIS_wide_M464_339939 339939 0.063807 924.0 1948.0 0.11472045 1.0000683 0.0011323448 0.21023718 -0.0008465542 1.0000626 16763508991 125.41639
rawdata/DECam_01391668.fits.fz N4 1391668 500.0 60825.20273554 1.28 219.31874769958955 -4.062103821943537 219.32627916666667 -3.987 M464 0.10844672 24.857304 0.9662669 1.2830796 21.623903 4.0315037 decam -5.989067 14.987523 178 object IBIS_wide_M464_339949 339949 0.095414 924.0 1948.0 -0.343204 0.9997453 0.0010683041 0.2182824 -0.00092304917 1.0002286 17022422041 124.0232
rawdata/DECam_01391669.fits.fz N4 1391669 500.0 60825.20888723 1.28 221.5477460402085 -4.236103820439948 221.55527916666665 -4.161 M464 0.099107206 24.91743 1.0212874 1.2007166 21.679544 2.809224 decam -12.624381 12.956137 199 object IBIS_wide_M464_337526 337526 0.092701 924.0 1948.0 -0.08985581 0.99999547 0.0013293893 0.12822972 -0.0012465912 1.000018 16884880581 177.9851
rawdata/DECam_01391670.fits.fz N4 1391670 500.0 60825.21502876 1.29 224.3747463618317 -3.2261038291591144 224.38227083333334 -3.151 M464 0.1298628 24.901987 1.0089351 1.238619 21.682264 3.8217852 decam -18.978888 13.765056 203 object IBIS_wide_M464_337445 337445 0.12085 924.0 1948.0 -0.3417251 1.000237 0.0013497473 0.20780745 -0.0014103797 1.0000484 16923618248 130.82892
rawdata/DECam_01391671.fits.fz N4 1391671 500.0 60825.22118429 1.31 224.79675779919486 -2.775103833046608 224.80427916666665 -2.7 M464 0.11860743 24.902456 1.0135249 1.2099758 21.667513 3.408533 decam -11.454087 10.59219 211 object IBIS_wide_M464_340431 340431 0.1096 924.0 1948.0 0.0035467418 1.0001417 0.001310023 0.17502947 -0.0012963114 1.0000374 16907642841 146.69067
rawdata/DECam_01391672.fits.fz N4 1391672 500.0 60825.22733486 1.34 226.1517596708179 -1.5591038435147715 226.159275 -1.484 M464 0.07285712 24.907299 1.0243484 1.1407676 21.672207 2.156455 decam -15.581585 6.913015 246 object IBIS_wide_M464_340443 340443 0.070088 924.0 1948.0 -0.33731857 1.0003184 0.0014202638 -0.045926526 -0.0011248388 0.9999765 16896355486 231.86201
rawdata/DECam_01391673.fits.fz N4 1391673 500.0 60825.23690962 1.39 230.1287674748832 1.700896128454487 230.13628333333332 1.776 M464 0.048741236 24.896606 1.0247793 1.2668633 21.66368 2.300157 decam -5.61782 9.669146 274 object IBIS_wide_M464_337509 337509 0.047769 924.0 1948.0 -0.017722312 1.0002372 0.0015049019 0.09901344 -0.0012871006 1.0001581 16891777061 217.37646
rawdata/DECam_01391674.fits.fz N4 1391674 500.0 60825.24307914 1.38 232.07476517932216 1.121896133434666 232.08227916666667 1.197 M464 0.046073653 24.898624 1.0245794 1.2999513 21.680422 2.3309119 decam -9.076036 -7.851466 276 object IBIS_wide_M464_337512 337512 0.052778 924.0 1948.0 0.08059952 1.0002139 0.0015732475 0.25151828 -0.0013797955 1.0000302 16894712178 214.50833
rawdata/DECam_01391675.fits.fz N4 1391675 500.0 60825.24924834 1.4 236.03075068496614 3.2048961155015503 236.038275 3.2800000000000002 M464 0.05950757 24.900398 1.0304786 1.3719492 21.686165 2.8331208 decam -10.024251 7.9454308 255 object IBIS_wide_M464_340672 340672 0.073866 924.0 1948.0 -0.098605484 1.0001988 0.0016570124 0.18348016 -0.0013968495 1.0000466 16866157605 176.48383
rawdata/DECam_01391676.fits.fz N4 1391676 500.0 60825.25539436 1.39 238.41275290017174 2.887896118234224 238.420275 2.963 M464 0.12342499 24.870607 1.0005319 1.6577212 21.69004 6.8724375 decam -14.350882 6.3242526 288 object IBIS_wide_M464_337666 337666 0.13045 924.0 1948.0 -0.14663745 1.0002468 0.0016578095 0.05583274 -0.0013601433 1.0000317 16978361348 72.75439
rawdata/DECam_01391677.fits.fz N4 1391677 500.0 60825.26155696 1.36 242.2997636241725 2.5008961215682772 242.30728333333334 2.576 M464 0.07849233 24.897964 1.0197587 1.3369892 21.733273 2.9642055 decam -12.2488 7.49369 365 object IBIS_wide_M464_340329 340329 0.0807 924.0 1948.0 0.050782606 1.0001891 0.0018012469 0.28541324 -0.0016060219 1.0001247 17291922216 168.67926
rawdata/DECam_01391678.fits.fz N4 1391678 500.0 60825.26770897 1.35 244.4747661248106 2.0178961257266588 244.48228333333333 2.093 M464 0.089082025 24.904213 1.0235417 1.1907053 21.780746 2.4004962 decam -12.882329 14.5813 520 object IBIS_wide_M464_340322 340322 0.077927 924.0 1948.0 -0.056536164 1.0001383 0.001794717 0.028671002 -0.0016029038 1.0001266 16878365885 208.29027
rawdata/DECam_01391679.fits.fz N4 1391679 500.0 60825.27384832 1.4 244.42175056701626 3.2208961153635793 244.429275 3.2960000000000003 M464 0.056519832 24.898827 1.0289891 1.2352883 21.800884 2.0293455 decam -8.456319 13.11442 455 object IBIS_wide_M464_340331 340331 0.06141 924.0 1948.0 -0.102372 1.0003171 0.001823607 0.08330281 -0.001455086 1.0001291 16801143528 246.38486
rawdata/DECam_01391680.fits.fz N4 1391680 500.0 60825.2800014 1.37 246.26276940193543 1.0998961336238502 246.2702833333333 1.175 M464 0.072349034 24.906033 1.0294784 1.0943763 21.814447 1.73897 decam -6.5435567 17.25337 547 object IBIS_wide_M464_337315 337315 0.073553 924.0 1948.0 -0.53104204 1.0003178 0.0018883378 0.11001294 -0.0017325815 1.0000963 17341587806 287.52652
rawdata/DECam_01391681.fits.fz N4 1391681 500.0 60825.28615351 1.36 249.26076103312803 1.1138961335034605 249.26827500000002 1.189 M464 0.068624794 24.905697 1.0270479 1.107938 21.864836 1.657758 decam -5.3438196 21.24303 656 object IBIS_wide_M464_337351 337351 0.075045 924.0 1948.0 -0.13011624 1.000124 0.0019330997 0.1346487 -0.001709988 1.0001127 16731553688 301.61218
rawdata/DECam_01391682.fits.fz N4 1391682 377.0 60825.29385892 1.19 309.04166751891086 -9.061103778374576 309.04927499999997 -8.986 M464 0.06071035 24.952421 1.0354191 1.0709482 21.907642 1.2912825 decam -50.66692 -8.758575 677 object IBIS_wide_M464_349112 349112 0.05819 924.0 1948.0 -0.29395548 1.0001416 0.0016784678 0.059820775 -0.0019106374 1.0002109 16436699924 291.9578
rawdata/DECam_01391683.fits.fz N4 1391683 351.0 60825.29861524 1.18 309.33667470951156 -8.917103779643384 309.3442791666667 -8.842 M464 0.052698858 24.952219 1.0331025 1.1332421 21.928175 1.3400123 decam -35.718906 -18.153551 723 object IBIS_wide_M464_352098 352098 0.052451 924.0 1948.0 -0.29196873 1.0002477 0.0016538278 0.07604044 -0.0019183063 1.0001081 16346633561 261.9379
rawdata/DECam_01391684.fits.fz N4 1391684 343.0 60825.30303555 1.16 310.0686669464244 -9.282103776425325 310.07627916666667 -9.207 M464 0.04511829 24.95777 1.034141 1.0662588 21.909899 1.1314579 decam -31.14109 -16.66323 699 object IBIS_wide_M464_352096 352096 0.04804 924.0 1948.0 -0.4154957 1.0002258 0.0017035702 0.10382825 -0.0017566975 1.0001566 16315680531 303.1487
rawdata/DECam_01391685.fits.fz N4 1391685 401.0 60825.30736181 1.15 311.13564742443236 -9.963103770403062 311.143275 -9.888 M464 0.056621313 24.957338 1.0316101 1.0546787 21.910727 1.2019695 decam -27.823782 -22.568079 596 object IBIS_wide_M464_352010 352010 0.056794 924.0 1948.0 -0.2142035 1.0001941 0.001694753 0.116000205 -0.0017344821 1.0001194 16474319495 333.6191
rawdata/DECam_01391686.fits.fz N4 1391686 393.0 60825.31234599 1.14 311.8546363962236 -10.252103767839852 311.8622708333333 -10.177 M464 0.068921775 24.958765 1.0308462 1.164319 21.897383 1.6143553 decam -23.114408 -28.7604 588 object IBIS_wide_M464_349065 349065 0.068446 924.0 1948.0 -0.20870087 1.0001844 0.001660766 0.15319549 -0.0017002565 1.0001341 16405222610 243.44083
rawdata/DECam_01391687.fits.fz N4 1391687 330.0 60825.31725093 1.13 309.92967945102004 -8.478103783505386 309.937275 -8.403 M464 0.04733026 24.962076 1.0318732 1.2649015 21.931635 1.572082 decam -10.511932 -28.304445 673 object IBIS_wide_M464_349155 349155 0.047217 924.0 1948.0 0.04353179 1.0002145 0.0017369289 0.30842367 -0.0016994482 1.0001037 16287427825 209.9127
rawdata/DECam_01391688.fits.fz N4 1391688 474.0 60825.32143868 1.12 313.2666038895786 -11.364103757932321 313.2742666666667 -11.289 M464 0.079588994 24.950052 1.0184157 1.2123829 21.912512 1.8927833 decam -9.213794 -30.067497 534 object IBIS_wide_M464_349057 349057 0.069203 924.0 1948.0 -0.07587318 1.000059 0.0016118893 0.05951418 -0.0017559453 1.0001915 16582953155 250.42487
rawdata/DECam_01391689.fits.fz N4 1391689 472.0 60825.32727847 1.11 312.5856342628496 -10.67710376406188 312.59327916666666 -10.602 M464 0.06708631 24.966562 1.0318975 1.2351995 21.935923 1.7056459 decam -6.092349 -27.176521 589 object IBIS_wide_M464_349059 349059 0.070469 924.0 1948.0 0.23163305 1.0002015 0.0016011562 0.19732177 -0.0016988587 1.0001291 16554765724 276.728
rawdata/DECam_01391690.fits.fz N4 1391690 439.0 60825.33311732 1.1 316.1145341522331 -13.825103735717455 316.12227083333335 -13.75 M464 0.041515302 24.97335 1.0362395 1.2099268 21.915846 1.3714812 decam -10.357562 -31.75392 394 object IBIS_wide_M464_349025 349025 0.047383 924.0 1948.0 -0.08836191 1.0000786 0.0015344842 0.102140404 -0.0015459062 1.0001363 16518443491 320.0919
rawdata/DECam_01391691.fits.fz N4 1391691 413.0 60825.33855199 1.09 315.3305558215477 -13.022103743013417 315.33826666666664 -12.947 M464 0.041535076 24.976822 1.0374258 1.0664905 21.92909 1.0466112 decam -5.500478 -23.762415 434 object IBIS_wide_M464_352013 352013 0.040589 924.0 1948.0 -0.17621623 1.000224 0.0014939231 0.1592927 -0.0016967002 1.000079 16406067909 394.6069
rawdata/DECam_01391692.fits.fz N4 1391692 417.0 60825.34368475 1.08 314.8435828364073 -12.406103748578191 314.851275 -12.331 M464 0.04876673 24.973309 1.0319521 1.0828805 21.936266 1.1360347 decam -6.9351764 -19.332542 464 object IBIS_wide_M464_352019 352019 0.046485 924.0 1948.0 0.09591057 0.9999665 0.0015686613 0.24040379 -0.0015475631 1.0000395 16460132593 367.06625
rawdata/DECam_01391693.fits.fz N4 1391693 309.0 60825.34887641 1.07 315.8855530097748 -13.112103742198098 315.8932666666667 -13.037 M464 0.035768297 24.971527 1.028146 1.0955484 21.935017 1.0642667 decam -12.813143 -20.366848 419 object IBIS_wide_M464_349027 349027 0.041952 924.0 1948.0 0.060959153 1.0002778 0.0015726358 0.13738297 -0.00160535 1.0002283 16115765176 290.34076
rawdata/DECam_01391694.fits.fz N4 1391694 328.0 60825.35281564 1.07 316.1745767446932 -12.471103747992268 316.18227083333335 -12.396 M464 0.04607839 24.980122 1.0363173 0.97858274 21.918484 0.9140113 decam -15.023283 -21.994337 432 object IBIS_wide_M464_352020 352020 0.044736 924.0 1948.0 -0.1878847 1.0003909 0.0015569975 0.06752766 -0.0016330419 1.0001311 16216143510 358.8577
rawdata/DECam_01391695.fits.fz N4 1391695 349.0 60825.35697489 1.07 317.7985821268856 -12.430103748361889 317.80627499999997 -12.355 M464 0.04711148 24.96647 1.0233685 0.95268005 21.90517 0.9060804 decam -20.356268 -16.306309 394 object IBIS_wide_M464_352015 352015 0.047744 924.0 1948.0 -0.21168882 1.0002253 0.0015026439 0.14135455 -0.0015737993 1.0000798 16362644098 385.1755
rawdata/DECam_01391696.fits.fz N4 1391696 321.0 60825.36137644 1.07 320.38252975289566 -13.832103735653636 320.39026666666666 -13.757 M464 0.0777229 24.960754 1.0179949 0.9200256 21.844131 1.1245153 decam -20.773148 -15.330226 295 object IBIS_wide_M464_353901 353901 0.068352 924.0 1948.0 -0.35408914 1.0003242 0.0014781998 0.08585319 -0.0014732593 1.0001479 16239246490 285.45633
rawdata/DECam_01391697.fits.fz N4 1391697 302.0 60825.36545383 1.08 322.8175643104729 -13.0171037430587 322.82527500000003 -12.942 M464 0.06733644 24.964891 1.0239834 0.94416213 21.842693 1.0924935 decam -19.626894 -16.81599 311 object IBIS_wide_M464_350902 350902 0.060677 924.0 1948.0 -0.14007051 1.0002041 0.0013734609 0.17291974 -0.0013537315 1.0000746 16201552047 276.43185
rawdata/DECam_01391698.fits.fz N4 1391698 286.0 60825.36930171 1.08 322.2735925218733 -11.927103752887126 322.28127083333334 -11.852 M464 0.046044055 24.972305 1.0309985 0.94565153 21.85732 0.9160336 decam -23.361012 -17.773628 295 object IBIS_wide_M464_350906 350906 0.053213 924.0 1948.0 -0.05158601 1.0003072 0.0013754624 0.1795924 -0.0015105152 1.0001109 16138492986 312.2156
rawdata/DECam_01391699.fits.fz N4 1391699 283.0 60825.37297181 1.08 323.1416174429227 -11.168103759684007 323.149275 -11.093 M464 0.043746155 24.961157 1.0204667 1.0279852 21.873863 1.0700513 decam -19.33468 -15.923841 280 object IBIS_wide_M464_350907 350907 0.046762 924.0 1948.0 0.07522709 1.0004301 0.0013597722 0.071526326 -0.0012869698 1.0001578 16134502833 264.4733
rawdata/DECam_01391700.fits.fz N4 1391700 274.0 60825.37659958 1.08 325.64258178576324 -12.30010374953308 325.6502708333333 -12.225 M464 0.042345922 24.97105 1.0298069 0.9809338 21.83397 0.9828981 decam -20.233376 -12.732798 247 object IBIS_wide_M464_357832 357832 0.046124 924.0 1948.0 -0.08377744 1.0001515 0.0012009706 0.007512265 -0.0013458218 1.0001109 16530972906 278.76746
rawdata/DECam_01391701.fits.fz N4 1391701 331.0 60825.38012656 1.07 325.0515926350806 -11.923103752923046 325.0592708333333 -11.848 M464 0.051618304 24.974072 1.0305583 0.97355366 21.836428 1.0264719 decam -14.36488 -14.740846 259 object IBIS_wide_M464_357834 357834 0.049297 924.0 1948.0 -0.07569054 1.000268 0.0012839678 0.11846832 -0.0011798152 1.0000702 16257544061 322.46378
rawdata/DECam_01391702.fits.fz N4 1391702 303.0 60825.38431648 1.07 326.42158790196953 -11.943103752743443 326.42926666666665 -11.868 M464 0.04691366 24.974937 1.0313797 0.9740241 21.819284 1.0076922 decam -11.969054 -12.913955 244 object IBIS_wide_M464_354847 354847 0.047287 924.0 1948.0 -0.090683706 1.000095 0.0012922699 0.19384299 -0.0012058875 1.000159 16213755565 300.68704
rawdata/DECam_01391703.fits.fz N4 1391703 280.0 60825.38818582 1.08 328.91758576872127 -12.018103752069708 328.9252666666667 -11.943 M464 0.037718706 24.973633 1.0322597 1.0067469 21.804705 1.023975 decam -17.01927 -11.386259 204 object IBIS_wide_M464_354862 354862 0.037281 924.0 1948.0 0.0753923 1.0002787 0.0010671546 0.073603205 -0.0011268085 1.000108 16215317961 273.44418
rawdata/DECam_01391704.fits.fz N4 1391704 282.0 60825.39177396 1.07 328.15060902227896 -11.328103758254239 328.15827083333335 -11.253 M464 0.0346439 24.97676 1.033114 1.0131893 21.812584 1.0014238 decam -16.214205 -15.0858965 219 object IBIS_wide_M464_357850 357850 0.036739 924.0 1948.0 -0.04359927 1.0003017 0.0011052634 0.0959578 -0.001182701 1.0001053 16207541630 281.59906
rawdata/DECam_01391705.fits.fz N4 1391705 300.0 60825.39539168 1.07 328.3726095842894 -11.307103758441986 328.3802708333333 -11.232 M464 0.037777264 24.977003 1.0333453 1.0374943 21.812895 1.0729175 decam -17.060394 -6.2311983 242 object IBIS_wide_M464_354864 354864 0.036194 924.0 1948.0 -0.28012088 1.0002736 0.0012212095 0.06078357 -0.0008559038 1.0001243 16280913236 279.61145
