logs/db-2026-02-20.ecsv
# %ECSV 1.0
# ---
# datatype:
# - {name: filename, datatype: string}
# - {name: extension, datatype: string}
# - {name: expnum, datatype: int64}
# - {name: exptime, datatype: float32}
# - {name: mjd_obs, datatype: float64}
# - {name: airmass, datatype: float32}
# - {name: racenter, datatype: float64}
# - {name: deccenter, datatype: float64}
# - {name: rabore, datatype: float64}
# - {name: decbore, datatype: float64}
# - {name: band, datatype: string}
# - {name: ebv, datatype: float32}
# - {name: zeropoint, datatype: float32}
# - {name: transparency, datatype: float32}
# - {name: seeing, datatype: float32}
# - {name: sky, datatype: float32}
# - {name: expfactor, datatype: float32}
# - {name: camera, datatype: string}
# - {name: dx, datatype: float32}
# - {name: dy, datatype: float32}
# - {name: nmatched, datatype: int64}
# - {name: obstype, datatype: string}
# - {name: object, datatype: string}
# - {name: tileid, datatype: int64}
# - {name: tileebv, datatype: float32}
# - {name: affine_x0, datatype: float32}
# - {name: affine_y0, datatype: float32}
# - {name: affine_dx, datatype: float32}
# - {name: affine_dxx, datatype: float32}
# - {name: affine_dxy, datatype: float32}
# - {name: affine_dy, datatype: float32}
# - {name: affine_dyx, datatype: float32}
# - {name: affine_dyy, datatype: float32}
# - {name: checksum, datatype: string}
# - {name: efftime, datatype: float32}
# schema: astropy-2.0
filename extension expnum exptime mjd_obs airmass racenter deccenter rabore decbore band ebv zeropoint transparency seeing sky expfactor camera dx dy nmatched obstype object tileid tileebv affine_x0 affine_y0 affine_dx affine_dxx affine_dxy affine_dy affine_dyx affine_dyy checksum efftime
/home/declsp/obsbot/rawdata/DECam_01458374.fits.fz N4 1458374 15.0 61092.01314986 1.1 57.082910562594094 -39.134436511725795 57.092595833333334 -39.059333055555555 M490 0.01304523 24.996653 1.0340483 1.2519672 18.646338 24.180382 decam -14.808735 56.65769 45 object "LTT1788 N4" 0 0.0 924.0 1948.0 0.56602436 0.99965715 -0.0023337298 0.06172544 0.0027867083 0.99961185 16097283008 0.6203376
/home/declsp/obsbot/rawdata/DECam_01458375.fits.fz N4 1458375 15.0 61092.01361989 1.1 56.6824855625941 -39.1344365117258 56.692170833333336 -39.059333055555555 M490 0.011692572 24.997408 1.034768 1.0823326 18.752928 16.220263 decam -19.132671 50.565887 37 object "LTT1788 N5" 0 0.0 924.0 1948.0 0.6405101 1.00052 -0.00259004 -0.40142483 0.0024193104 0.9999767 16013680008 0.9247692
/home/declsp/obsbot/rawdata/DECam_01458376.fits.fz N4 1458376 15.0 61092.0141141 1.1 57.48329587640457 -39.30110345378338 57.493004166666665 -39.226 M490 0.0115917595 24.984383 1.0224283 1.1803007 18.907667 17.116095 decam -3.5922706 55.234314 46 object "LTT1788 S3" 0 0.0 924.0 1948.0 1.606266 1.0004002 -0.0026028058 -0.00907257 0.0018481466 1.0003095 15929533900 0.87636817
/home/declsp/obsbot/rawdata/DECam_01458377.fits.fz N4 1458377 15.0 61092.01459904 1.1 57.08288754307122 -39.30110345378338 57.092595833333334 -39.226 M490 0.0186828 24.984573 1.0226077 1.1333241 19.026705 14.827195 decam 0.20069616 45.042885 49 object "LTT1788 S4" 0 0.0 924.0 1948.0 -0.27685443 1.0002534 -0.0022544663 -0.85283947 0.0029094934 1.000084 15874677584 1.0116546
/home/declsp/obsbot/rawdata/DECam_01458378.fits.fz N4 1458378 15.0 61092.01509821 1.1 56.682462543071225 -39.30110345378338 56.692170833333336 -39.226 M490 0.016055398 24.990356 1.0280706 1.1428131 19.149582 13.087713 decam -10.870817 62.98707 50 object "LTT1788 S5" 0 0.0 924.0 1948.0 -0.9474859 1.000191 -0.0028389476 -0.118414946 0.0024421283 0.9998601 15816679149 1.1461132
/home/declsp/obsbot/rawdata/DECam_01458379.fits.fz N4 1458379 15.0 61092.01701652 1.0 89.0930033306711 -27.849770541142576 89.1015 -27.774666944444444 M490 0.038579706 25.002039 1.0205066 1.2990977 19.979929 8.954879 decam 0.4663221 42.25744 162 object "LTT2415 N4" 0 0.0 924.0 1948.0 0.769672 0.99971694 -0.0026455962 -0.23422274 0.0025512725 0.999874 15571881611 1.6750646
/home/declsp/obsbot/rawdata/DECam_01458380.fits.fz N4 1458380 15.0 61092.01750108 1.0 88.74173249733775 -27.849770541142576 88.75022916666667 -27.774666944444444 M490 0.03469151 24.99828 1.0169781 1.4191206 20.105267 9.338356 decam -5.7513986 32.121113 141 object "LTT2415 N5" 0 0.0 924.0 1948.0 0.4893581 0.9997445 -0.0026961945 -0.47048825 0.0026217091 0.9998736 15544375095 1.6062784
/home/declsp/obsbot/rawdata/DECam_01458381.fits.fz N4 1458381 15.0 61092.01799459 1.0 89.4442443826225 -28.016436650418257 89.45275416666667 -27.941333055555557 M490 0.029162224 25.003286 1.0216788 1.2736022 20.225698 6.4293127 decam 8.098217 29.727545 203 object "LTT2415 S3" 0 0.0 924.0 1948.0 0.82400477 1.0003282 -0.0026804353 -0.27347443 0.002610467 0.9997982 15542362303 2.3330643
/home/declsp/obsbot/rawdata/DECam_01458382.fits.fz N4 1458382 15.0 61092.01848177 1.0 89.09299021595584 -28.016436650418257 89.1015 -27.941333055555557 M490 0.035507463 24.993345 1.0123668 1.3483963 20.33623 6.9161177 decam 0.52314514 42.20029 159 object "LTT2415 S4" 0 0.0 924.0 1948.0 0.47678864 1.0001588 -0.0028870103 0.024750123 0.0028938479 1.000006 15506581413 2.1688468
/home/declsp/obsbot/rawdata/DECam_01458383.fits.fz N4 1458383 15.0 61092.01896975 1.0 88.7417193826225 -28.016436650418257 88.75022916666667 -27.941333055555557 M490 0.034228936 25.00274 1.0211661 1.0709139 20.442265 3.8586557 decam 10.741018 27.27812 181 object "LTT2415 S5" 0 0.0 924.0 1948.0 -0.42890945 1.0002217 -0.0026968627 -0.44474956 0.0028836331 0.9999337 15493194853 3.8873641
/home/declsp/obsbot/rawdata/DECam_01458384.fits.fz N4 1458384 150.0 61092.02036528 1.07 66.06981693081215 -21.27979060954017 66.07787916666668 -21.204686944444443 M490 0.019282347 24.994808 1.0266899 1.2400484 20.693054 3.767939 decam -10.195891 48.473442 103 object "Eridanus position 4" 0 0.0 924.0 1948.0 -0.020498741 1.0001084 -0.002551597 -0.1515299 0.0026293236 0.99990106 16479685507 39.80956
/home/declsp/obsbot/rawdata/DECam_01458385.fits.fz N4 1458385 150.0 61092.02246456 1.07 66.28091037871295 -21.3232617202208 66.28897500000001 -21.248158055555557 M490 0.020169608 24.993044 1.0250225 1.2535288 21.06046 2.7702048 decam 6.1344743 59.56763 110 object "Eridanus position 5" 0 0.0 924.0 1948.0 0.5171565 0.9999648 -0.002631794 -0.16390987 0.0026524144 0.9999226 16193380223 54.14762
/home/declsp/obsbot/rawdata/DECam_01458386.fits.fz N4 1458386 150.0 61092.0245328 1.08 66.14284532176353 -21.141329777576313 66.1509 -21.06622611111111 M490 0.02472266 24.991854 1.0257589 1.1854986 21.341452 1.9766498 decam 1.8529603 55.636448 188 object "Eridanus position 6" 0 0.0 924.0 1948.0 1.1611074 1.0001739 -0.002367044 -0.8529716 0.0024129646 0.9999083 16146913424 75.88598
/home/declsp/obsbot/rawdata/DECam_01458387.fits.fz N4 1458387 150.0 61092.02658822 1.08 66.11080715395481 -21.3818536640846 66.11887499999999 -21.30675 M490 0.01828929 24.999794 1.0332888 1.1938796 21.548765 1.5632962 decam 4.2588997 51.873226 108 object "Eridanus position 7" 0 0.0 924.0 1948.0 0.5316714 1.0001506 -0.0025562563 -0.16688956 0.002623822 1.0000334 15878494803 95.9511
/home/declsp/obsbot/rawdata/DECam_01458388.fits.fz N4 1458388 150.0 61092.02865168 1.09 66.32297477959969 -21.212471721317435 66.33103333333334 -21.137368055555555 M490 0.023133205 24.986956 1.0229976 1.1638143 21.678984 1.3938105 decam 4.9346476 60.139812 153 object "Eridanus position 8" 0 0.0 924.0 1948.0 -0.8147773 1.0003644 -0.0022201394 0.17252177 0.0024452019 0.99991566 15986256756 107.618645
/home/declsp/obsbot/rawdata/DECam_01458389.fits.fz N4 1458389 150.0 61092.03074018 1.1 66.02591693225567 -21.20356672140551 66.033975 -21.128463055555557 M490 0.021272728 24.992704 1.0302953 1.0819614 21.754898 1.0980175 decam -5.8222227 48.14331 177 object "Eridanus position 9" 0 0.0 924.0 1948.0 1.5877796 1.0000155 -0.002485799 -0.027591452 0.0024916332 0.99990743 15779094681 136.60985
/home/declsp/obsbot/rawdata/DECam_01458390.fits.fz N4 1458390 35.0 61092.03447495 1.43 130.11275717503264 -2.1471038384549566 130.120275 -2.072 M490 0.02561575 24.931612 1.03402 1.4210737 21.604994 2.5032225 decam 6.055625 30.0907 189 object "pointing test" 0 0.0 924.0 1948.0 0.3071124 1.0002005 -0.0018640355 -0.0015887636 0.001746285 1.0001762 15466594967 13.981977
/home/declsp/obsbot/rawdata/DECam_01458391.fits.fz N4 1458391 723.6255 61092.03642962 1.43 131.25675962159832 -2.472103835656688 131.26427916666668 -2.3970000000000002 M490 0.028793292 24.931849 1.0342455 1.4762809 21.676136 2.5832329 decam 4.380392 11.978144 286 object IBIS_wide_M490_419247 419247 0.027687 924.0 1948.0 0.116010964 1.0001774 -0.0017459757 -0.11950685 0.00174078 1.0001068 17837506869 280.124
/home/declsp/obsbot/rawdata/DECam_01458392.fits.fz N4 1458392 518.3967 61092.04512367 1.38 133.28474543196648 -4.2981038199040285 133.29227916666667 -4.223 M490 0.015663246 24.950298 1.04247 1.321872 21.77592 1.6728275 decam -0.5322477 4.8561645 271 object IBIS_wide_M490_419221 419221 0.017412 924.0 1948.0 0.37685317 0.9999103 -0.001818618 -0.31435004 0.0016519713 1.0000955 17165465886 309.89252
/home/declsp/obsbot/rawdata/DECam_01458393.fits.fz N4 1458393 569.6864 61092.05144391 1.36 132.47475954204785 -2.4861038355361167 132.48227916666667 -2.411 M490 0.017079836 24.948713 1.0371777 1.3663292 21.829054 1.7229812 decam 3.478377 11.675291 306 object IBIS_wide_M490_419246 419246 0.019984 924.0 1948.0 0.3642068 0.9999844 -0.0018022655 0.017609172 0.0018291969 1.0000353 17091037568 330.63992
/home/declsp/obsbot/rawdata/DECam_01458394.fits.fz N4 1458394 520.6567 61092.05836817 1.32 135.02373377818898 -4.998103813846939 135.031275 -4.923 M490 0.023227148 24.949522 1.0304446 1.4480668 21.855753 1.9644587 decam 3.2643547 12.358856 287 object IBIS_wide_M490_422199 422199 0.022054 924.0 1948.0 0.19112182 1.0001216 -0.0017934521 -0.20198303 0.0016946178 1.0000943 17138541051 265.03824
/home/declsp/obsbot/rawdata/DECam_01458395.fits.fz N4 1458395 523.7267 61092.06472036 1.3 134.76274166852332 -4.257103820258437 134.770275 -4.182 M490 0.019435354 24.95619 1.0330367 1.4045749 21.86901 1.7584001 decam 10.984745 11.021203 302 object IBIS_wide_M490_419216 419216 0.019435 924.0 1948.0 0.34424156 1.0000128 -0.0017065629 -0.17368598 0.0018533631 1.0000943 17019996509 297.84274
/home/declsp/obsbot/rawdata/DECam_01458396.fits.fz N4 1458396 450.7672 61092.07110259 1.27 132.94475700145048 -2.1821038381536657 132.95227500000001 -2.107 M490 0.023155594 24.96589 1.0366507 1.2993315 21.855757 1.5343564 decam 17.62523 14.612188 282 object IBIS_wide_M490_422232 422232 0.018451 924.0 1948.0 0.5309296 0.999916 -0.0017870462 -0.18359783 0.0016150936 1.0000365 16712862919 293.78262
/home/declsp/obsbot/rawdata/DECam_01458397.fits.fz N4 1458397 370.5876 61092.07663548 1.25 134.38875373646346 -3.353103828063809 134.3962791666667 -3.278 M490 0.014513565 24.975817 1.0423822 1.1643091 21.87766 1.1192663 decam 12.148893 15.934346 287 object IBIS_wide_M490_422208 422208 0.016796 924.0 1948.0 -0.04826834 1.0001775 -0.001832506 -0.20098408 0.0017129816 1.0000069 16368849762 331.0987
/home/declsp/obsbot/rawdata/DECam_01458398.fits.fz N4 1458398 379.9975 61092.08129842 1.24 137.88571587038552 -6.3641038019879455 137.89327500000002 -6.289 M490 0.038121916 24.972792 1.0375963 1.104351 21.891596 1.1712216 decam 5.9546833 16.183971 280 object IBIS_wide_M490_422106 422106 0.035665 924.0 1948.0 0.4118864 1.0001727 -0.0015708226 -0.21659173 0.0016319462 1.0000762 16374648898 324.44543
/home/declsp/obsbot/rawdata/DECam_01458399.fits.fz N4 1458399 363.18173 61092.08601132 1.22 136.8367395670609 -4.855103815085307 136.84427916666667 -4.78 M490 0.018941496 24.961462 1.0231056 1.1369904 21.915573 1.0903176 decam 11.679749 9.026514 247 object IBIS_wide_M490_419285 419285 0.021517 924.0 1948.0 -0.16054685 1.0001175 -0.0016826886 -0.19279033 0.0016798662 1.0000622 16373293480 333.0972
/home/declsp/obsbot/rawdata/DECam_01458412.fits.fz N4 1458412 708.4854 61092.10482506 1.18 138.1697310433742 -4.872103814938115 138.17727083333332 -4.797 M490 0.028679926 25.002415 1.05475 1.6761793 21.869097 2.4456174 decam 1.6058128 -25.925383 255 object IBIS_wide_M490_419284 419284 0.029724 924.0 1948.0 -0.10290655 1.0000907 -0.0016902869 -0.3057629 0.0015537865 1.0000601 17358567542 289.69592
/home/declsp/obsbot/rawdata/DECam_01458413.fits.fz N4 1458413 463.1569 61092.11337125 1.17 138.90674589387112 -4.2511038203103 138.91427916666666 -4.176 M490 0.032070532 24.988913 1.0398262 1.275205 21.856209 1.5031849 decam 7.631312 -11.595118 254 object IBIS_wide_M490_419287 419287 0.031734 924.0 1948.0 0.3351797 1.0000566 -0.0017208472 -0.09546816 0.00151105 1.0000424 16580433007 308.11703
/home/declsp/obsbot/rawdata/DECam_01458414.fits.fz N4 1458414 434.7171 61092.11904697 1.16 140.17473868029023 -4.55210381770755 140.182275 -4.477 M490 0.0306557 24.985538 1.0347216 1.2252331 21.844471 1.3983717 decam 11.880486 -6.327825 214 object IBIS_wide_M490_422267 422267 0.03448 924.0 1948.0 0.27475262 1.000049 -0.0015706329 -0.18098517 0.0015220442 1.0001366 16724648008 310.87378
/home/declsp/obsbot/rawdata/DECam_01458415.fits.fz N4 1458415 396.1974 61092.12439564 1.15 142.4477157735959 -6.081103804449554 142.45527083333334 -6.006 M490 0.040350243 24.984692 1.0320407 1.1466616 21.826033 1.3317374 decam 16.090424 -7.359142 191 object IBIS_wide_M490_419269 419269 0.037865 924.0 1948.0 -0.40015638 1.0003151 -0.0016171751 -0.2099426 0.001346906 1.0001073 16543443861 297.50415
/home/declsp/obsbot/rawdata/DECam_01458416.fits.fz N4 1458416 529.5165 61092.12945227 1.16 147.855711040389 -6.948103796899441 147.86327916666667 -6.873 M490 0.07823545 24.98118 1.0305754 1.1399015 21.827099 1.7057153 decam 11.057482 -2.2961323 178 object IBIS_wide_M490_427937 427937 0.074151 924.0 1948.0 0.15613174 1.0000466 -0.001325207 -0.29186925 0.001278572 0.99996614 16981939117 310.4366
/home/declsp/obsbot/rawdata/DECam_01458417.fits.fz N4 1458417 435.3372 61092.13589876 1.16 148.59372015469523 -6.356103802057568 148.60127916666667 -6.281 M490 0.048635148 24.987732 1.0368133 1.1571711 21.81297 1.4428715 decam 13.863331 2.4452567 167 object IBIS_wide_M490_427938 427938 0.0496 924.0 1948.0 -0.045906104 0.9999923 -0.0013816016 -0.22888286 0.0010234788 1.0000457 16554341506 301.71585
/home/declsp/obsbot/rawdata/DECam_01458418.fits.fz N4 1458418 417.3473 61092.14125238 1.15 148.89072456922705 -6.048103804736425 148.89827916666667 -5.973 M490 0.041437645 24.992191 1.039194 1.2021176 21.794804 1.4963135 decam 14.424551 5.8728814 194 object IBIS_wide_M490_424955 424955 0.040422 924.0 1948.0 0.16269878 1.0001212 -0.0013101711 -0.2253054 0.0013138662 1.0000666 16642804247 278.91702
/home/declsp/obsbot/rawdata/DECam_01458419.fits.fz N4 1458419 437.8872 61092.14640935 1.14 148.58673014660522 -5.304103811195162 148.594275 -5.229 M490 0.03769167 24.994501 1.0395181 1.1545823 21.792572 1.3433486 decam 12.316987 3.756593 158 object IBIS_wide_M490_427957 427957 0.039234 924.0 1948.0 0.45187387 0.9999694 -0.0013064586 0.03253921 0.0013068089 1.0000397 16625370749 325.96692
/home/declsp/obsbot/rawdata/DECam_01458420.fits.fz N4 1458420 502.0167 61092.15177718 1.14 149.63773275431532 -5.4301038101025005 149.64527916666665 -5.355 M490 0.03605079 24.988008 1.0333207 1.2601202 21.809656 1.576223 decam 19.053913 4.664182 176 object IBIS_wide_M490_424956 424956 0.035099 924.0 1948.0 0.16875094 1.0000938 -0.001319426 -0.15660612 0.0012230561 1.000138 16845711167 318.49344
/home/declsp/obsbot/rawdata/DECam_01458421.fits.fz N4 1458421 388.9475 61092.15789694 1.13 149.99872758523742 -5.171103812348046 150.00627083333336 -5.096 M490 0.032470305 24.991205 1.0344901 1.1568061 21.813902 1.2846006 decam 16.274363 8.050457 165 object IBIS_wide_M490_427942 427942 0.033021 924.0 1948.0 0.25437856 1.0001191 -0.0012704233 -0.20188126 0.0013925114 1.0001175 16415572493 302.77698
/home/declsp/obsbot/rawdata/DECam_01458422.fits.fz N4 1458422 452.467 61092.16279284 1.13 154.19671535392115 -6.399103801683319 154.204275 -6.324 M490 0.058096435 24.976404 1.0204825 1.1560878 21.795765 1.5917984 decam 7.789401 9.694903 151 object IBIS_wide_M490_428411 428411 0.044383 924.0 1948.0 0.16877036 0.99988884 -0.0010650386 -0.266708 0.0010237404 1.0000572 16729245284 284.24893
/home/declsp/obsbot/rawdata/DECam_01458423.fits.fz N4 1458423 525.9266 61092.16835875 1.13 154.88272005539247 -5.768103807169101 154.89027083333335 -5.693 M490 0.047606967 25.001186 1.0440432 1.1064023 21.769812 1.3299714 decam 2.047841 -1.0302436 170 object IBIS_wide_M490_428414 428414 0.046039 924.0 1948.0 0.31728378 1.0001824 -0.0011580742 -0.17549594 0.0009944738 1.0000495 16838019919 395.44202
/home/declsp/obsbot/rawdata/DECam_01458424.fits.fz N4 1458424 411.9573 61092.1747921 1.13 157.87871698609078 -6.568103800211823 157.88627916666667 -6.493 M490 0.039618406 25.000818 1.0436896 1.0407407 21.79603 1.0898846 decam -5.7074723 2.6005845 140 object IBIS_wide_M490_425430 425430 0.043044 924.0 1948.0 0.24169117 0.9999795 -0.0008271165 -0.14553131 0.00062540884 1.0001715 16482367339 377.98248
/home/declsp/obsbot/rawdata/DECam_01458425.fits.fz N4 1458425 346.0577 61092.17987382 1.12 157.13971862363053 -6.174103803640907 157.147275 -6.099 M490 0.042627912 25.005404 1.0462061 1.0818613 21.784039 1.2046161 decam 0.8937077 -3.6572382 152 object IBIS_wide_M490_428407 428407 0.039956 924.0 1948.0 -0.12089509 1.0001652 -0.00090377143 -0.069777675 0.0010140232 1.000017 16320602066 287.27634
