logs/db-2025-10-19.ecsv
# %ECSV 1.0
# ---
# datatype:
# - {name: filename, datatype: string}
# - {name: extension, datatype: string}
# - {name: expnum, datatype: int64}
# - {name: exptime, datatype: float32}
# - {name: mjd_obs, datatype: float64}
# - {name: airmass, datatype: float32}
# - {name: racenter, datatype: float64}
# - {name: deccenter, datatype: float64}
# - {name: rabore, datatype: float64}
# - {name: decbore, datatype: float64}
# - {name: band, datatype: string}
# - {name: ebv, datatype: float32}
# - {name: zeropoint, datatype: float32}
# - {name: transparency, datatype: float32}
# - {name: seeing, datatype: float32}
# - {name: sky, datatype: float32}
# - {name: expfactor, datatype: float32}
# - {name: camera, datatype: string}
# - {name: dx, datatype: float32}
# - {name: dy, datatype: float32}
# - {name: nmatched, datatype: int64}
# - {name: obstype, datatype: string}
# - {name: object, datatype: string}
# - {name: tileid, datatype: int64}
# - {name: tileebv, datatype: float32}
# - {name: affine_x0, datatype: float32}
# - {name: affine_y0, datatype: float32}
# - {name: affine_dx, datatype: float32}
# - {name: affine_dxx, datatype: float32}
# - {name: affine_dxy, datatype: float32}
# - {name: affine_dy, datatype: float32}
# - {name: affine_dyx, datatype: float32}
# - {name: affine_dyy, datatype: float32}
# - {name: checksum, datatype: string}
# - {name: efftime, datatype: float32}
# schema: astropy-2.0
filename extension expnum exptime mjd_obs airmass racenter deccenter rabore decbore band ebv zeropoint transparency seeing sky expfactor camera dx dy nmatched obstype object tileid tileebv affine_x0 affine_y0 affine_dx affine_dxx affine_dxy affine_dy affine_dyx affine_dyy checksum efftime
[from data line 43]
rawdata/DECam_01427259.fits.fz N4 1427259 332.498 60968.14882531 1.04 13.42850530179971 -14.547103729114426 13.436266666666667 -14.472 M517 0.02623184 25.069077 1.0433121 1.1182361 21.633173 1.276595 decam -22.030704 -3.5677567 128 object IBIS_wide_M517_500850 500850 0.024418 924.0 1948.0 -0.003700281 1.0000565 -0.00088022265 -0.14428498 0.00082904694 1.0000702 16552066700 260.4569
rawdata/DECam_01427260.fits.fz N4 1427260 288.8183 60968.15300048 1.04 14.85751394590624 -14.419103730288139 14.865270833333334 -14.344 M517 0.020701688 25.095392 1.0689093 1.0701941 21.65454 1.0553335 decam -21.7424 -3.8631184 107 object IBIS_wide_M517_500847 500847 0.022834 924.0 1948.0 -0.027488803 1.0003114 -0.0008709581 -0.0818338 0.0009821322 0.9999691 16363666278 273.6749
rawdata/DECam_01427261.fits.fz N4 1427261 264.3784 60968.1566743 1.04 16.086502905290274 -14.615103728490341 16.09426666666667 -14.54 M517 0.0215062 25.080616 1.0544608 1.066322 21.661362 1.0752814 decam -26.05243 -1.0263569 97 object IBIS_wide_M517_500846 500846 0.020878 924.0 1948.0 0.33837384 1.0000634 -0.0009877995 -0.11436613 0.0011421585 0.9999223 16271856559 245.86903
rawdata/DECam_01427262.fits.fz N4 1427262 258.2284 60968.16005302 1.04 17.14449736258087 -15.002103724931139 17.152275000000003 -14.927 M517 0.02498017 25.07254 1.0466473 1.0604222 21.661724 1.1026894 decam -21.892338 1.5180511 99 object IBIS_wide_M517_503746 503746 0.022894 924.0 1948.0 -0.17424366 1.0000354 -0.00096666743 -0.061065882 0.0010794898 1.0000135 16229785799 234.18054
rawdata/DECam_01427263.fits.fz N4 1427263 245.7886 60968.1635338 1.04 17.810523097305758 -14.275103731606942 17.818275 -14.2 M517 0.018952133 25.077433 1.0513735 0.96271825 21.656515 0.87200284 decam -28.80591 0.8324596 112 object IBIS_wide_M517_504053 504053 0.022131 924.0 1948.0 -0.19674058 1.0000756 -0.0010162002 -0.025531467 0.00096386875 1.0000439 16227032564 281.86676
rawdata/DECam_01427264.fits.fz N4 1427264 228.4387 60968.16671952 1.04 18.540486951286276 -15.059103724405832 18.548266666666667 -14.984 M517 0.021754462 25.088444 1.0620911 0.95104545 21.668169 0.83961904 decam -22.611956 7.5820436 91 object IBIS_wide_M517_504051 504051 0.021365 924.0 1948.0 0.2038196 1.0001255 -0.0010560055 -0.24508204 0.0010140563 0.999981 16190772318 272.07422
rawdata/DECam_01427265.fits.fz N4 1427265 228.6286 60968.16969956 1.04 18.63854923813597 -13.49210373874899 18.646275 -13.417 M517 0.025108697 25.094185 1.0677215 0.9486337 21.654121 0.8550841 decam -30.08911 5.174576 107 object IBIS_wide_M517_504054 504054 0.021561 924.0 1948.0 0.20206979 1.0002406 -0.0010697376 -0.21162173 0.0011840179 1.0000907 16979969008 267.37558
rawdata/DECam_01427266.fits.fz N4 1427266 264.7283 60968.17266408 1.05 20.290550342035612 -13.328103740238879 20.298270833333333 -13.253 M517 0.021452716 25.08189 1.0573918 0.96691155 21.660563 0.8828393 decam -24.034319 11.566948 104 object IBIS_wide_M517_501070 501070 0.021526 924.0 1948.0 0.1974683 0.9999676 -0.0011206992 0.08721174 0.001159261 1.00002 16363668875 299.8601
rawdata/DECam_01427267.fits.fz N4 1427267 233.3685 60968.1760362 1.04 20.744523166148376 -14.273103731625252 20.752275 -14.198 M517 0.023808468 25.076685 1.0506489 0.94369406 21.661633 0.86090565 decam -29.843622 6.9296336 91 object IBIS_wide_M517_504049 504049 0.020837 924.0 1948.0 0.45250678 1.0000058 -0.0012577263 0.09067666 0.0010869722 1.0000118 16456052211 271.07327
rawdata/DECam_01427268.fits.fz N4 1427268 229.8185 60968.17904587 1.04 21.712511887539126 -14.478103729747295 21.720270833333334 -14.403 M517 0.01758793 25.077984 1.0519071 0.9510881 21.670742 0.8320655 decam -32.9557 4.847741 100 object IBIS_wide_M517_501062 501062 0.018764 924.0 1948.0 0.2369732 1.0004485 -0.0011966747 -0.028201431 0.0009229588 0.9999535 16139953517 276.2024
rawdata/DECam_01427269.fits.fz N4 1427269 222.1385 60968.18201138 1.04 20.28150533736034 -14.664103728040391 20.289270833333333 -14.589 M517 0.02181713 25.058176 1.0328913 0.95887685 21.678164 0.89448273 decam -33.605045 14.871012 106 object IBIS_wide_M517_501063 501063 0.021043 924.0 1948.0 0.35932195 1.0002229 -0.001192454 -0.3358001 0.0011895065 0.99989617 16141899161 248.34297
rawdata/DECam_01427270.fits.fz N4 1427270 239.8486 60968.18493504 1.04 23.30750248108779 -14.627103728380169 23.315266666666666 -14.552 M517 0.017495144 25.076487 1.0504572 0.9623794 21.68333 0.84390163 decam -30.580261 18.43764 96 object IBIS_wide_M517_501051 501051 0.017366 924.0 1948.0 0.16488177 1.0001994 -0.0015135455 -0.27954075 0.001355739 0.999941 16153662987 284.21393
rawdata/DECam_01427271.fits.fz N4 1427271 219.7487 60968.18802626 1.04 21.999506249913416 -14.520103729362116 22.007266666666666 -14.445 M517 0.017107414 25.080116 1.0539759 0.9378336 21.677414 0.79858804 decam -22.111029 19.239714 92 object IBIS_wide_M517_504048 504048 0.018498 924.0 1948.0 0.17205584 1.0002781 -0.0012729774 -0.113920696 0.001059018 0.999928 16095436938 275.17154
rawdata/DECam_01427272.fits.fz N4 1427272 274.6183 60968.19089272 1.04 23.77053258753088 -13.872103735288889 23.778270833333334 -13.797 M517 0.0180188 25.068413 1.0426757 0.9625267 21.682837 0.8600041 decam -31.35092 22.732054 98 object IBIS_wide_M517_501052 501052 0.018533 924.0 1948.0 -0.40682164 1.0002756 -0.0012600295 -0.38703337 0.0015314133 1.0001895 16337487697 319.32205
rawdata/DECam_01427273.fits.fz N4 1427273 235.0486 60968.19439538 1.05 24.304536405728108 -13.757103736337205 24.312270833333333 -13.682 M517 0.020906312 25.064947 1.0410197 0.9981453 21.685812 0.9449213 decam -27.655756 15.473685 109 object IBIS_wide_M517_504038 504038 0.018673 924.0 1948.0 0.21074986 1.0001739 -0.0014333562 -0.40301144 0.0015739128 1.0000942 16200080117 248.74939
rawdata/DECam_01427274.fits.fz N4 1427274 328.0779 60968.19745345 1.05 24.821553005437288 -13.375103739812108 24.829275000000003 -13.3 M517 0.020927932 25.064302 1.0404009 1.1174912 21.683535 1.187849 decam -21.787745 22.82353 107 object IBIS_wide_M517_504041 504041 0.01943 924.0 1948.0 0.24537405 1.0001458 -0.0014087365 -0.031417623 0.0012911127 1.0000637 16461193012 276.19495
rawdata/DECam_01427275.fits.fz N4 1427275 339.9879 60968.20157094 1.04 25.71749991545599 -14.81610372664335 25.725270833333333 -14.741 M517 0.0151527515 25.056147 1.0309613 1.16798 21.6962 1.2556313 decam -18.511 21.396217 84 object IBIS_wide_M517_504030 504030 0.015655 924.0 1948.0 0.3829894 1.0002352 -0.0013372859 -0.04828673 0.001565768 1.0000966 16470354200 270.7705
rawdata/DECam_01427276.fits.fz N4 1427276 276.6783 60968.20583781 1.04 26.180512931565815 -14.56710372893091 26.188274999999997 -14.492 M517 0.014738303 25.072956 1.0470473 1.0840724 21.67551 1.0664474 decam -17.347591 30.975588 84 object IBIS_wide_M517_501047 501047 0.015311 924.0 1948.0 0.4989018 1.0002742 -0.001465793 -0.3982791 0.0016468939 1.0000094 17023375823 259.43927
rawdata/DECam_01427277.fits.fz N4 1427277 316.488 60968.20936725 1.05 25.002514385147343 -14.286103731506262 25.010266666666666 -14.211 M517 0.018361349 25.067434 1.0434061 1.0652624 21.685253 1.0546745 decam -20.005188 21.13609 105 object IBIS_wide_M517_504036 504036 0.017414 924.0 1948.0 0.34470993 1.0002908 -0.0014013815 -0.045377012 0.001038349 1.000037 16421856401 300.0812
rawdata/DECam_01427278.fits.fz N4 1427278 233.7285 60968.21338504 1.05 28.114534152233077 -13.825103735717455 28.122270833333335 -13.75 M517 0.014558769 25.065096 1.0411624 0.9536034 21.682892 0.83114606 decam -27.583982 42.650257 99 object IBIS_wide_M517_501089 501089 0.015689 924.0 1948.0 0.948335 0.9999573 -0.0014143569 -0.3420694 0.0016787631 1.0001235 16137383357 281.2123
rawdata/DECam_01427279.fits.fz N4 1427279 221.1086 60968.21643547 1.04 28.502503148453282 -14.842103726404186 28.510275 -14.767 M517 0.015557632 25.093811 1.0673546 0.95043224 21.691303 0.78192514 decam -32.154964 25.223288 94 object IBIS_wide_M517_505939 505939 0.014895 924.0 1948.0 0.09641387 1.000123 -0.00164545 -0.32254687 0.0016761356 1.0000286 16166614225 282.77463
rawdata/DECam_01427280.fits.fz N4 1427280 236.0785 60968.21932582 1.05 28.781524094479693 -14.246103731872333 28.789275 -14.171 M517 0.013916536 25.066868 1.0428632 0.9798139 21.68328 0.87066376 decam -32.558445 34.480137 81 object IBIS_wide_M517_505968 505968 0.015512 924.0 1948.0 0.074025854 0.9998924 -0.0015209734 -0.33059552 0.0015772437 1.0000865 16166989209 271.14774
rawdata/DECam_01427281.fits.fz N4 1427281 237.3685 60968.22237291 1.05 29.691528754268667 -13.862103735380087 29.699266666666666 -13.787 M517 0.017087674 25.047646 1.0245622 0.9321911 21.681376 0.83451563 decam -27.615988 38.13574 109 object IBIS_wide_M517_502960 502960 0.017456 924.0 1948.0 -0.048856616 0.99997675 -0.0016654745 0.06182664 0.0018545645 1.0000389 16217382873 284.43866
rawdata/DECam_01427282.fits.fz N4 1427282 220.4586 60968.22545352 1.05 30.90652798704305 -13.885103735170318 30.914266666666666 -13.81 M517 0.018057894 25.06735 1.0433267 0.94337994 21.696594 0.81761545 decam -32.826286 34.19395 87 object IBIS_wide_M517_502961 502961 0.020067 924.0 1948.0 0.18968108 1.0006957 -0.0015948518 -0.07315698 0.0014249738 0.99999785 16075790057 269.63605
rawdata/DECam_01427283.fits.fz N4 1427283 277.6482 60968.22832928 1.05 31.36249395165135 -14.866103726183368 31.370266666666666 -14.791 M517 0.023582345 25.100168 1.0753435 0.9755711 21.701263 0.8481643 decam -21.920639 27.347378 103 object IBIS_wide_M517_505961 505961 0.023144 924.0 1948.0 0.22935244 0.9993583 -0.0015046886 0.06723463 0.0015737409 0.99998474 16282016420 327.3519
rawdata/DECam_01427284.fits.fz N4 1427284 226.0285 60968.23185696 1.05 31.607518981952623 -14.394103730517218 31.615275 -14.319 M517 0.022757435 25.072775 1.0485523 0.9677811 21.68423 0.8872051 decam -26.186653 26.676056 96 object IBIS_wide_M517_502955 502955 0.022293 924.0 1948.0 -0.2358372 1.0000198 -0.0016943414 -0.029537644 0.0016490703 1.0000042 16451488132 254.76465
rawdata/DECam_01427285.fits.fz N4 1427285 225.5585 60968.23478996 1.06 32.84654205696882 -13.712103736747135 32.854274999999994 -13.637 M517 0.023359904 25.067564 1.0452056 0.953898 21.69957 0.86134124 decam -20.717648 25.499876 102 object IBIS_wide_M517_502956 502956 0.021816 924.0 1948.0 0.5954868 0.99990296 -0.0018292324 -0.5006674 0.0017297459 1.0000733 16102278395 261.86893
rawdata/DECam_01427286.fits.fz N4 1427286 243.2784 60968.23772338 1.05 32.6125008062925 -14.907103725806026 32.62027500000001 -14.832 M517 0.024979867 25.058285 1.0346512 0.96311307 21.69581 0.9053682 decam -24.140717 26.946838 96 object IBIS_wide_M517_505962 505962 0.024774 924.0 1948.0 0.25361335 0.9999437 -0.0017335886 -0.2742357 0.0017855879 1.000057 16155253418 268.70657
rawdata/DECam_01427287.fits.fz N4 1427287 264.8983 60968.24085483 1.06 32.3825297528957 -13.832103735653636 32.39026666666666 -13.757 M517 0.025993248 25.084549 1.0616843 1.0153611 21.689941 0.96979475 decam -27.706305 30.142933 91 object IBIS_wide_M517_505965 505965 0.021728 924.0 1948.0 0.5229382 1.0001162 -0.0017421298 -0.16703418 0.0018686852 0.99987143 16222171811 273.1488
rawdata/DECam_01427288.fits.fz N4 1427288 281.8982 60968.24425288 1.07 34.03856980482047 -12.564103747153432 34.04626666666667 -12.489 M517 0.021192137 25.075796 1.0548497 1.0449154 21.680668 1.0214765 decam -31.382158 36.833927 90 object IBIS_wide_M517_505977 505977 0.021642 924.0 1948.0 0.49265456 1.0001019 -0.0018584031 0.11718399 0.0018386324 0.99997866 16303392773 275.97128
rawdata/DECam_01427289.fits.fz N4 1427289 281.9282 60968.24782728 1.06 34.911509953249244 -14.414103730333956 34.919266666666665 -14.339 M517 0.022178236 25.069683 1.0472474 1.0783905 21.683947 1.1036004 decam -29.006418 32.802208 88 object IBIS_wide_M517_505956 505956 0.021196 924.0 1948.0 -0.17997521 1.0000079 -0.0019554158 -0.083794184 0.0016728813 1.0000399 16723233917 255.4622
rawdata/DECam_01427290.fits.fz N4 1427290 255.9983 60968.25141121 1.07 34.2965113429198 -14.374103730700444 34.30426666666667 -14.299 M517 0.022197738 25.069067 1.0483311 1.018083 21.683979 0.98508453 decam -32.73987 40.273567 90 object IBIS_wide_M517_502947 502947 0.021988 924.0 1948.0 0.7339318 1.0003245 -0.0019243774 -0.17401944 0.0017261422 1.0000538 16237461460 259.87445
rawdata/DECam_01427291.fits.fz N4 1427291 296.068 60968.25471217 1.07 37.045554059121635 -13.211103741300553 37.053270833333336 -13.136 M517 0.021268407 25.066097 1.0454677 1.0612458 21.675337 1.0783688 decam -28.838247 40.23615 100 object IBIS_wide_M517_509894 509894 0.019111 924.0 1948.0 0.256802 1.0001466 -0.0019451573 0.13596842 0.0021068638 1.0000374 16357723693 274.5517
rawdata/DECam_01427292.fits.fz N4 1427292 324.8579 60968.258448 1.07 36.66555524223656 -13.305103740447672 36.673275000000004 -13.23 M517 0.020030621 25.057981 1.0376822 1.1000861 21.664421 1.1787509 decam -34.397453 36.26891 90 object IBIS_wide_M517_506908 506908 0.019251 924.0 1948.0 -0.1469977 1.0002506 -0.001706644 -0.32750225 0.0018344396 0.99979275 16497131471 275.59506
rawdata/DECam_01427293.fits.fz N4 1427293 278.2782 60968.26255228 1.08 35.88352463500143 -13.985103734257788 35.89126666666667 -13.91 M517 0.018742213 25.056246 1.0376863 1.0698113 21.65695 1.1171639 decam -28.366575 51.05216 97 object IBIS_wide_M517_500915 500915 0.019419 924.0 1948.0 0.25837132 0.99997693 -0.0019317803 0.21196902 0.0017133174 0.9999532 16298855573 249.09344
rawdata/DECam_01427294.fits.fz N4 1427294 327.6579 60968.26611267 1.09 37.6425817857633 -12.300103749533081 37.65027083333333 -12.225 M517 0.023171922 25.059286 1.0422664 1.1058877 21.640062 1.2393723 decam -36.220577 41.60951 85 object IBIS_wide_M517_509896 509896 0.021205 924.0 1948.0 0.58162874 1.0002522 -0.0019741897 0.16688873 0.0017476783 1.0000446 16611032401 264.37408
rawdata/DECam_01427295.fits.fz N4 1427295 288.5281 60968.27190881 1.08 39.474545951844746 -13.335103740175331 39.48226666666666 -13.26 M517 0.025621478 25.021421 1.0049317 1.0478824 21.626944 1.2265679 decam 5.691304 4.6881104 93 object IBIS_wide_M517_506904 506904 0.02419 924.0 1948.0 0.16356325 0.99995583 -0.001964496 -0.29192185 0.0020573977 0.99988526 16585274553 235.23207
rawdata/DECam_01427296.fits.fz N4 1427296 355.9177 60968.27558647 1.1 37.3805187733374 -14.158103732677239 37.38826666666667 -14.083 M517 0.01920652 25.03592 1.0217092 1.1075964 21.627779 1.2805339 decam -13.248035 -5.2282147 93 object IBIS_wide_M517_509887 509887 0.019886 924.0 1948.0 0.032440785 0.99985 -0.0018844221 -0.3647215 0.0018741076 0.9999628 16624781027 277.94476
rawdata/DECam_01427297.fits.fz N4 1427297 436.4872 60968.28008302 1.09 41.25356030734236 -12.877103744325751 41.261266666666664 -12.802 M517 0.029999947 24.933702 0.92842156 1.090755 21.598448 1.6477652 decam -1.5390279 -14.155972 98 object IBIS_wide_M517_509905 509905 0.02863 924.0 1948.0 -0.19218683 1.0000312 -0.0021790024 -0.45502782 0.00204647 1.0001068 16891816983 264.89648
rawdata/DECam_01427298.fits.fz N4 1427298 391.4075 60968.28545634 1.09 41.61753041395304 -13.937103734695903 41.62527083333333 -13.862 M517 0.024375442 24.883 0.8860619 1.0162879 21.549795 1.5862756 decam -3.0122416 -15.694495 92 object IBIS_wide_M517_506917 506917 0.025932 924.0 1948.0 -0.21943781 1.0006086 -0.0017043034 -0.4021058 0.0021433465 0.9998989 17251447665 246.74622
rawdata/DECam_01427299.fits.fz N4 1427299 344.0277 60968.29030648 1.1 42.34455536966652 -13.301103740483974 42.352275 -13.226 M517 0.028077474 24.95011 0.9440689 1.0761096 21.629532 1.4941862 decam -4.1062336 -25.763847 112 object IBIS_wide_M517_506918 506918 0.02671 924.0 1948.0 0.4902779 0.99984235 -0.002087195 -0.19783296 0.002576436 0.9998612 16575626232 230.2442
