logs/db-2026-04-15.ecsv
# %ECSV 1.0
# ---
# datatype:
# - {name: filename, datatype: string}
# - {name: extension, datatype: string}
# - {name: expnum, datatype: int64}
# - {name: exptime, datatype: float32}
# - {name: mjd_obs, datatype: float64}
# - {name: airmass, datatype: float32}
# - {name: racenter, datatype: float64}
# - {name: deccenter, datatype: float64}
# - {name: rabore, datatype: float64}
# - {name: decbore, datatype: float64}
# - {name: band, datatype: string}
# - {name: ebv, datatype: float32}
# - {name: zeropoint, datatype: float32}
# - {name: transparency, datatype: float32}
# - {name: seeing, datatype: float32}
# - {name: sky, datatype: float32}
# - {name: expfactor, datatype: float32}
# - {name: camera, datatype: string}
# - {name: dx, datatype: float32}
# - {name: dy, datatype: float32}
# - {name: nmatched, datatype: int64}
# - {name: obstype, datatype: string}
# - {name: object, datatype: string}
# - {name: tileid, datatype: int64}
# - {name: tileebv, datatype: float32}
# - {name: affine_x0, datatype: float32}
# - {name: affine_y0, datatype: float32}
# - {name: affine_dx, datatype: float32}
# - {name: affine_dxx, datatype: float32}
# - {name: affine_dxy, datatype: float32}
# - {name: affine_dy, datatype: float32}
# - {name: affine_dyx, datatype: float32}
# - {name: affine_dyy, datatype: float32}
# - {name: checksum, datatype: string}
# - {name: efftime, datatype: float32}
# schema: astropy-2.0
filename extension expnum exptime mjd_obs airmass racenter deccenter rabore decbore band ebv zeropoint transparency seeing sky expfactor camera dx dy nmatched obstype object tileid tileebv affine_x0 affine_y0 affine_dx affine_dxx affine_dxy affine_dy affine_dyx affine_dyy checksum efftime
[from data line 41]
/home/declsp/obsbot/rawdata/DECam_01475638.fits.fz N4 1475638 175.3488 61146.18512834 1.1 198.02372476588724 -5.727103807525109 198.031275 -5.652 M464 0.03526221 24.900213 0.96873486 1.1248229 21.922466 1.0022029 decam -9.169074 65.01998 156 object IBIS_wide_M464_334160 334160 0.038591 924.0 1948.0 -0.05118395 1.000084 0.0007689983 0.0705202 -0.000534616 1.0000802 15833646291 174.96338
/home/declsp/obsbot/rawdata/DECam_01475639.fits.fz N4 1475639 469.0668 61146.1874968 1.12 201.2637517255125 -3.0601038305903634 201.271275 -2.985 M464 0.034808382 24.885477 0.9596099 1.214743 21.959978 1.1598902 decam 1.495389 57.40806 169 object IBIS_wide_M464_331233 331233 0.037483 924.0 1948.0 -0.3544549 1.0002282 0.0007777252 0.04354097 -0.00071551115 0.9999999 16451126722 404.40622
/home/declsp/obsbot/rawdata/DECam_01475640.fits.fz N4 1475640 257.0683 61146.19327578 1.09 202.5767090622072 -6.54110380044698 202.58427083333333 -6.466 M464 0.030887438 24.901037 0.9674826 1.212254 21.802717 1.2974613 decam 6.4501786 56.192932 145 object IBIS_wide_M464_331189 331189 0.032595 924.0 1948.0 -0.12723987 1.000387 0.0010392914 0.019080002 -0.0006255543 1.0000817 16057025964 198.13177
/home/declsp/obsbot/rawdata/DECam_01475641.fits.fz N4 1475641 160.4889 61146.19656774 1.09 204.24971986030437 -6.376103801883509 204.25727916666665 -6.301 M464 0.02809614 24.90122 0.96764433 1.1290941 21.899029 1.029937 decam 11.021811 55.980904 171 object IBIS_wide_M464_334170 334170 0.028645 924.0 1948.0 -0.17177089 0.99985385 0.00080369285 -0.012943826 -0.0009772127 1.0000592 15754388884 155.824
/home/declsp/obsbot/rawdata/DECam_01475642.fits.fz N4 1475642 421.6172 61146.19874619 1.1 203.92972260667548 -5.57310380886186 203.93727083333334 -5.498 M464 0.026010333 24.887035 0.95704836 1.1211243 21.905916 1.0357691 decam 11.150478 59.29769 150 object IBIS_wide_M464_331201 331201 0.028347 924.0 1948.0 -0.33541638 1.0001413 0.0009426101 0.063226804 -0.0009695535 1.0000291 16412844499 407.05713
/home/declsp/obsbot/rawdata/DECam_01475643.fits.fz N4 1475643 384.8374 61146.20396048 1.12 206.71674748149098 -3.0711038304955363 206.72427083333332 -2.996 M464 0.043352395 24.892275 0.9656373 1.1910831 21.966248 1.0950035 decam 3.6505525 59.14881 179 object IBIS_wide_M464_331301 331301 0.044511 924.0 1948.0 -0.047245327 1.0001757 0.0010722796 -0.02622585 -0.0011604207 1.0000093 16270475498 351.44858
/home/declsp/obsbot/rawdata/DECam_01475644.fits.fz N4 1475644 454.4771 61146.20877611 1.09 208.11770843977152 -6.582103800089879 208.12527083333333 -6.507 M464 0.024916114 24.904362 0.9704487 1.2254896 21.920975 1.1818117 decam -0.85285765 68.01888 179 object IBIS_wide_M464_331109 331109 0.028444 924.0 1948.0 -0.3221452 0.9998837 0.0010924184 -0.031661436 -0.0009761853 0.99991745 16462213710 384.55966
/home/declsp/obsbot/rawdata/DECam_01475645.fits.fz N4 1475645 459.187 61146.21439864 1.13 208.44474909292808 -2.8331038325468403 208.45227083333333 -2.758 M464 0.04169973 24.896236 0.9711603 1.1558195 21.962591 1.027192 decam 0.9899336 61.894928 165 object IBIS_wide_M464_334282 334282 0.045486 924.0 1948.0 -0.19892004 1.0000215 0.0010522061 0.12618925 -0.0009488293 1.000012 16455293713 447.03134
/home/declsp/obsbot/rawdata/DECam_01475646.fits.fz N4 1475646 442.3872 61146.22001982 1.11 209.4767371183931 -4.296103819921318 209.48427083333334 -4.221 M464 0.038348567 24.899237 0.969855 1.2278816 21.962809 1.1524049 decam -3.4448972 67.47875 175 object IBIS_wide_M464_331270 331270 0.034261 924.0 1948.0 -0.28009242 1.0001955 0.0011962993 0.25187156 -0.0009248284 1.0001361 16392452572 383.88174
/home/declsp/obsbot/rawdata/DECam_01475647.fits.fz N4 1475647 517.6066 61146.22546529 1.13 212.1357570214308 -2.178103838188099 212.143275 -2.103 M464 0.05895682 24.884544 0.9607571 1.1642878 21.978432 1.0495399 decam -4.2725844 69.745384 172 object IBIS_wide_M464_334270 334270 0.060691 924.0 1948.0 -0.31484416 1.0002425 0.0011595985 0.33993047 -0.0012566285 0.9999941 16665989398 493.17477
/home/declsp/obsbot/rawdata/DECam_01475648.fits.fz N4 1475648 761.7852 61146.23177718 1.13 211.39475368335957 -2.7671038331155375 211.402275 -2.692 M464 0.065273516 24.896193 0.9711206 1.2479641 21.966242 1.193261 decam 0.44403994 79.91889 166 object IBIS_wide_M464_334260 334260 0.066176 924.0 1948.0 -0.056583475 1.0001148 0.001064118 0.09539382 -0.0010097385 1.0001088 17160397062 638.4062
/home/declsp/obsbot/rawdata/DECam_01475649.fits.fz N4 1475649 676.7756 61146.24092093 1.13 214.0677527324937 -2.913103831857424 214.075275 -2.838 M464 0.060325176 24.878654 0.9555598 1.2057413 21.956898 1.1605322 decam 0.3559819 82.567764 197 object IBIS_wide_M464_334264 334264 0.059385 924.0 1948.0 -0.32722756 1.0002481 0.0012355908 0.2330558 -0.0011883611 0.9999658 17151830275 583.15967
/home/declsp/obsbot/rawdata/DECam_01475650.fits.fz N4 1475650 619.1161 61146.24907406 1.13 214.88375147131407 -3.0961038302800103 214.891275 -3.021 M464 0.059834927 24.894167 0.9693094 1.2096577 21.95869 1.1332947 decam 0.40443245 78.84655 179 object IBIS_wide_M464_334262 334262 0.057147 924.0 1948.0 -0.22859439 1.0003499 0.0013230349 0.22602516 -0.0013007823 1.0000952 16822333436 546.29755
/home/declsp/obsbot/rawdata/DECam_01475651.fits.fz N4 1475651 210.7587 61146.25661225 1.1 216.68171909046947 -6.428103801430884 216.68927916666667 -6.353 M464 0.057524968 24.890837 0.9604051 1.1925899 21.93412 1.1337403 decam -1.9970716 77.8305 212 object IBIS_wide_M464_339934 339934 0.048315 924.0 1948.0 -0.29749623 1.0000484 0.0013927759 0.16756064 -0.0012355719 1.0000937 15900947963 185.8968
/home/declsp/obsbot/rawdata/DECam_01475652.fits.fz N4 1475652 138.1991 61146.25936483 1.1 217.44270883570698 -6.825103797972178 217.45027499999998 -6.75 M464 0.06231538 24.90423 0.97232634 1.100569 21.926744 0.9487123 decam -0.07321343 76.107506 178 object IBIS_wide_M464_336947 336947 0.05579 924.0 1948.0 -0.46083832 0.9999147 0.0013689314 0.08663573 -0.0012580144 1.0000577 15693515189 145.67018
/home/declsp/obsbot/rawdata/DECam_01475653.fits.fz N4 1475653 163.9989 61146.26132559 1.1 220.5937201546952 -6.356103802057566 220.60127916666667 -6.281 M464 0.063182764 24.899557 0.9681512 1.1450601 21.941729 1.0214854 decam -7.651977 77.9281 199 object IBIS_wide_M464_339922 339922 0.064019 924.0 1948.0 -0.22944178 1.0002307 0.0014915537 0.1647945 -0.0015327861 1.0001038 15749028191 160.54942
/home/declsp/obsbot/rawdata/DECam_01475654.fits.fz N4 1475654 351.9078 61146.26353417 1.1 221.9657119388539 -6.348103802127189 221.97327083333332 -6.273 M464 0.065729246 24.892036 0.9614679 1.091718 21.960453 0.92556506 decam -3.89423 78.90605 227 object IBIS_wide_M464_339923 339923 0.068287 924.0 1948.0 -0.3818457 1.0001105 0.0014589573 0.23958924 -0.0015563427 1.0000746 16183804780 380.20862
/home/declsp/obsbot/rawdata/DECam_01475655.fits.fz N4 1475655 604.8961 61146.2679286 1.12 220.917740738785 -4.749103816002919 220.92527916666666 -4.6739999999999995 M464 0.070495225 24.882294 0.9568012 1.1995163 21.946108 1.1523225 decam -0.07143872 77.19986 230 object IBIS_wide_M464_336956 336956 0.074722 924.0 1948.0 -0.33578917 1.0003161 0.0013917412 0.122036204 -0.0015798516 1.0000632 16901662580 524.93646
/home/declsp/obsbot/rawdata/DECam_01475656.fits.fz N4 1475656 705.1955 61146.27526712 1.12 223.66773628713625 -4.775103815777873 223.675275 -4.7 M464 0.0945745 24.879757 0.95456713 1.2468222 21.945496 1.2513807 decam -7.5016503 74.4183 223 object IBIS_wide_M464_337439 337439 0.087502 924.0 1948.0 -0.33312318 1.0001823 0.0015391652 0.025978725 -0.0016221689 1.0000553 17050776852 563.53394
/home/declsp/obsbot/rawdata/DECam_01475657.fits.fz N4 1475657 657.0358 61146.28375897 1.13 224.8277403063728 -3.9601038228246455 224.83527083333334 -3.885 M464 0.13631244 24.872547 0.9501996 1.2923902 21.92473 1.3886487 decam -5.315753 74.5875 204 object IBIS_wide_M464_340428 340428 0.1249 924.0 1948.0 -0.63788253 1.0000507 0.0015469792 0.030160679 -0.0016337774 1.000038 17026857966 473.1476
/home/declsp/obsbot/rawdata/DECam_01475658.fits.fz N4 1475658 800.0 61146.2916833 1.15 222.25973115542828 -4.8621038150247005 222.26727083333333 -4.787 M464 0.075398654 24.886593 0.96653473 1.3040094 21.924368 1.3780421 decam -10.549559 84.09557 244 object IBIS_wide_M464_337440 337440 0.076227 924.0 1948.0 -0.54781574 1.0003655 0.001512615 0.26748204 -0.001295421 1.0000988 17339328846 580.5338
/home/declsp/obsbot/rawdata/DECam_01475659.fits.fz N4 1475659 250.7883 61146.30135955 1.17 226.58975540384372 -2.481103835579178 226.597275 -2.406 M464 0.08610814 24.87447 0.9597361 1.2267838 21.932142 1.2385393 decam -13.268095 83.23535 216 object IBIS_wide_M464_337455 337455 0.085104 924.0 1948.0 -0.2914538 1.0002817 0.0016021461 0.11092703 -0.0013937973 1.0000969 15968872239 202.48715
/home/declsp/obsbot/rawdata/DECam_01475660.fits.fz N4 1475660 302.008 61146.30458265 1.18 226.91776121799913 -2.1721038382397495 226.92527916666668 -2.097 M464 0.07294582 24.88029 0.96687764 1.2151903 21.929533 1.205216 decam -6.269368 86.6538 259 object IBIS_wide_M464_340441 340441 0.078602 924.0 1948.0 -0.3390785 1.0001867 0.0015898668 0.14275831 -0.0017704892 1.0001491 16099918271 250.5841
/home/declsp/obsbot/rawdata/DECam_01475661.fits.fz N4 1475661 600.4762 61146.30843738 1.19 223.40374404284273 -4.007103822418671 223.41127500000002 -3.932 M464 0.08808268 24.874275 0.9635145 1.3991858 21.897902 1.6626807 decam -6.928213 85.25303 227 object IBIS_wide_M464_340427 340427 0.099106 924.0 1948.0 -0.49120402 1.0002953 0.0014700184 0.12766099 -0.0015970358 1.0000834 16854980224 361.1494
/home/declsp/obsbot/rawdata/DECam_01475662.fits.fz N4 1475662 278.3282 61146.31609005 1.2 236.04676196276543 2.0168961257352658 236.05427916666665 2.092 M464 0.08355496 24.86988 0.96159464 1.3570803 21.981247 1.4604352 decam -13.519805 91.757355 288 object IBIS_wide_M464_340479 340479 0.086938 924.0 1948.0 -0.20671295 1.0000856 0.0018404092 0.27642104 -0.0017552609 1.0001473 16033274664 190.57895
/home/declsp/obsbot/rawdata/DECam_01475663.fits.fz N4 1475663 434.3172 61146.31962499 1.2 236.98976797267295 1.5678961295986935 236.99728333333334 1.643 M464 0.1139201 24.85461 0.94816536 1.2503192 21.873991 1.407787 decam -11.931933 90.80724 237 object IBIS_wide_M464_337662 337662 0.10435 924.0 1948.0 -0.69279486 1.0001978 0.0018041712 0.3260975 -0.0019715359 0.9999768 18320560218 308.5106
/home/declsp/obsbot/rawdata/DECam_01475664.fits.fz N4 1475664 499.0569 61146.32495822 1.2 236.33276970100127 0.9738961347073083 236.34028333333333 1.049 M464 0.093977004 24.866447 0.95856 1.1394111 21.952093 1.064847 decam -5.6287937 91.67551 308 object IBIS_wide_M464_337491 337491 0.094705 924.0 1948.0 -0.42828155 1.0001248 0.001861722 0.07815231 -0.0017279389 1.0000588 17781728041 468.66534
/home/declsp/obsbot/rawdata/DECam_01475665.fits.fz N4 1475665 800.0 61146.33245338 1.21 239.88076324952937 1.7158961283254313 239.88827916666668 1.791 M464 0.08341847 24.775848 0.8836312 1.2284391 21.95612 1.4567521 decam -5.930467 -1.8816174 368 object IBIS_wide_M464_337658 337658 0.091155 924.0 1948.0 0.04570706 1.0005083 0.0018433225 0.13543022 -0.0019109463 1.0000247 17353693523 549.1669
/home/declsp/obsbot/rawdata/DECam_01475666.fits.fz N4 1475666 800.0 61146.34204165 1.22 241.30175916488028 1.6948961285061084 241.309275 1.77 M464 0.12140863 24.53101 0.7066879 1.2861754 21.865288 2.725329 decam 6.579331 -4.4310527 340 object IBIS_wide_M464_337332 337332 0.11052 924.0 1948.0 -0.08996655 1.0001521 0.001984699 0.2094839 -0.0019469112 1.0001732 17461674986 293.54254
/home/declsp/obsbot/rawdata/DECam_01475667.fits.fz N4 1475667 439.2673 61146.35164906 1.22 243.71376064794603 1.255896132282298 243.721275 1.331 M464 0.09468369 24.853348 0.950962 1.3937913 21.96358 1.6140947 decam 0.10496212 -0.86934793 410 object IBIS_wide_M464_340321 340321 0.092707 924.0 1948.0 -0.34291944 1.0003802 0.0021344482 0.31014144 -0.0019353481 1.000113 16578207376 272.14468
/home/declsp/obsbot/rawdata/DECam_01475668.fits.fz N4 1475668 798.6051 61146.35703818 1.22 244.7747693382738 1.1248961334088676 244.7822833333333 1.2 M464 0.07290434 24.853432 0.9510351 1.4419664 21.951532 1.7464598 decam 1.9652882 -5.9893594 513 object IBIS_wide_M464_337334 337334 0.081155 924.0 1948.0 -0.11388884 1.0002774 0.002016038 0.105581924 -0.0020307011 1.0000477 17424586870 457.2708
/home/declsp/obsbot/rawdata/DECam_01475669.fits.fz N4 1475669 780.1052 61146.36661872 1.23 247.2917697538437 0.9498961349136718 247.2992833333333 1.025 M464 0.078456074 24.684467 0.815648 1.4167833 21.881973 2.4539697 decam -3.1713731 0.3091253 523 object IBIS_wide_M464_340299 340299 0.078763 924.0 1948.0 -0.08477096 1.0003773 0.001945766 0.1678505 -0.002000334 1.0000693 17670551545 317.8952
/home/declsp/obsbot/rawdata/DECam_01475670.fits.fz N4 1475670 800.0 61146.37595136 1.26 249.2137604945494 2.312896123187192 249.22127916666665 2.388 M464 0.059528213 24.635435 0.78445137 1.5439447 21.882954 3.1862013 decam -0.73731786 3.5757823 566 object IBIS_wide_M464_337357 337357 0.064069 924.0 1948.0 -0.6922017 1.0001895 0.0021345892 0.08354312 -0.0020295137 1.0001353 17449946658 251.08269
/home/declsp/obsbot/rawdata/DECam_01475671.fits.fz N4 1475671 417.0374 61146.38706117 1.21 306.54048695128625 -15.059103724405832 306.5482666666667 -14.984 M464 0.05548684 24.874666 0.96782935 1.522557 21.521954 2.7808964 decam -12.707299 -39.44364 701 object IBIS_wide_M464_351987 351987 0.059048 924.0 1948.0 -0.11571973 1.0000854 0.0019406701 0.23865397 -0.002056399 1.0001839 17156882393 149.9651
/home/declsp/obsbot/rawdata/DECam_01475672.fits.fz N4 1475672 800.0 61146.39222048 1.21 307.0925534798678 -13.097103742334026 307.10026666666664 -13.022 M464 0.051362183 24.878193 0.9709776 1.5908122 21.546608 2.948173 decam 0.8195466 -41.115417 688 object IBIS_wide_M464_349007 349007 0.047609 924.0 1948.0 -0.061494004 1.0002168 0.0019313637 0.08220799 -0.0020360178 1.000133 19441436570 271.3545
/home/declsp/obsbot/rawdata/DECam_01475673.fits.fz N4 1475673 800.0 61146.40179958 1.19 308.01156490423193 -12.86310374445238 308.01927083333334 -12.788 M464 0.0435657 24.889822 0.9774093 1.4049754 21.471558 2.4126382 decam 8.402847 -50.338326 728 object IBIS_wide_M464_349008 349008 0.045427 924.0 1948.0 -0.088265486 1.0001528 0.0019171162 0.18125579 -0.0019720255 1.0002302 18439217468 331.58722
/home/declsp/obsbot/rawdata/DECam_01475674.fits.fz N4 1475674 150.0 61146.41284691 1.29 254.9552703550197 -0.6139938516420951 254.9627833333333 -0.53889 M464 0.39957818 24.777044 0.89926034 1.4552494 21.298767 3.7353437 decam 20.93382 0.71849364 546 object "Pal15 position 0" 0 0.0 924.0 1948.0 -0.5883816 1.0003062 0.0021060137 0.20707329 -0.001790974 1.0001646 16018849061 40.156948
/home/declsp/obsbot/rawdata/DECam_01475675.fits.fz N4 1475675 150.0 61146.4149016 1.3 254.91763706876625 -0.5795227408273317 254.92515 -0.5044188888888889 M464 0.38324124 24.768858 0.8943408 1.4174676 20.949673 4.9624505 decam 18.556688 -3.193639 569 object "Pal15 position 1" 0 0.0 924.0 1948.0 -0.6995368 1.0003417 0.0020374954 -0.09228683 -0.0020513625 1.0001712 16248540468 30.227001
/home/declsp/obsbot/rawdata/DECam_01475676.fits.fz N4 1475676 150.0 61146.41696549 1.31 254.96157024807925 -0.6858857954684728 254.96908333333334 -0.6107819444444444 M464 0.40134218 24.773773 0.90024614 1.5483353 20.5047 8.838292 decam 14.448989 -6.377217 436 object "Pal15 position 2" 0 0.0 924.0 1948.0 -0.30553326 0.9999161 0.0021236101 0.13594353 -0.0019671482 1.0001985 16703531999 16.971605
