logs/db-2024-12-08.ecsv
# %ECSV 1.0
# ---
# datatype:
# - {name: filename, datatype: string}
# - {name: extension, datatype: string}
# - {name: expnum, datatype: int64}
# - {name: exptime, datatype: float32}
# - {name: mjd_obs, datatype: float64}
# - {name: airmass, datatype: float32}
# - {name: racenter, datatype: float64}
# - {name: deccenter, datatype: float64}
# - {name: rabore, datatype: float64}
# - {name: decbore, datatype: float64}
# - {name: band, datatype: string}
# - {name: ebv, datatype: float32}
# - {name: zeropoint, datatype: float32}
# - {name: transparency, datatype: float32}
# - {name: seeing, datatype: float32}
# - {name: sky, datatype: float32}
# - {name: expfactor, datatype: float32}
# - {name: camera, datatype: string}
# - {name: dx, datatype: float32}
# - {name: dy, datatype: float32}
# - {name: nmatched, datatype: int64}
# - {name: obstype, datatype: string}
# - {name: object, datatype: string}
# - {name: tileid, datatype: int64}
# - {name: tileebv, datatype: float32}
# - {name: affine_x0, datatype: float32}
# - {name: affine_y0, datatype: float32}
# - {name: affine_dx, datatype: float32}
# - {name: affine_dxx, datatype: float32}
# - {name: affine_dxy, datatype: float32}
# - {name: affine_dy, datatype: float32}
# - {name: affine_dyx, datatype: float32}
# - {name: affine_dyy, datatype: float32}
# - {name: checksum, datatype: string}
# - {name: efftime, datatype: float32}
# schema: astropy-2.0
filename extension expnum exptime mjd_obs airmass racenter deccenter rabore decbore band ebv zeropoint transparency seeing sky expfactor camera dx dy nmatched obstype object tileid tileebv affine_x0 affine_y0 affine_dx affine_dxx affine_dxy affine_dy affine_dyx affine_dyy checksum efftime
rawdata/DECam_01346541.fits.fz N4 1346541 500.0 60653.19450416 1.11 54.540486951286276 -15.059103724405832 54.54826666666667 -14.984 M464 0.05368256 24.959288 1.0250078 1.0179968 20.697515 2.2760959 decam -23.153963 -7.996247 64 object IBIS_wide_M464_310043 310043 0.062357 924.0 1948.0 0.26103866 0.99991804 -0.002225776 -0.1278887 0.0023278976 0.9999345 19018782730 219.67441
rawdata/DECam_01346542.fits.fz N4 1346542 500.0 60653.2006654 1.12 56.74452316614838 -14.27310373162525 56.752275 -14.198 M464 0.064737834 24.964697 1.0322458 0.9823012 20.846134 1.8301597 decam -20.139566 -15.591901 73 object IBIS_wide_M464_310041 310041 0.065498 924.0 1948.0 0.56565124 1.0000682 -0.0024774282 -0.016449245 0.0020431888 0.9999741 18665736672 273.2002
rawdata/DECam_01346543.fits.fz N4 1346543 500.0 60653.20681476 1.14 55.988544584861074 -13.635103737448208 55.996275 -13.56 M464 0.06313736 24.94851 1.0211551 0.96794504 21.000849 1.5878147 decam -17.918863 -12.462973 85 object IBIS_wide_M464_310047 310047 0.069633 924.0 1948.0 -0.055970628 1.0000671 -0.002092147 -0.014781587 0.0019799734 1.0001987 18247103767 314.89822
rawdata/DECam_01346544.fits.fz N4 1346544 500.0 60653.21296358 1.18 54.41552947419541 -13.965103734440358 54.42327083333333 -13.89 M464 0.04554478 24.937252 1.0189596 1.025044 21.201508 1.5107743 decam -8.148708 -12.812557 77 object IBIS_wide_M464_307060 307060 0.052944 924.0 1948.0 -0.15289588 0.99983674 -0.0019847672 -0.25681153 0.0018433722 0.9997773 18415429053 330.95612
rawdata/DECam_01346545.fits.fz N4 1346545 500.0 60653.21911038 1.2 55.09255347986779 -13.097103742334026 55.10026666666667 -13.022 M464 0.049914107 24.938913 1.0247201 0.952862 21.482975 1.0046676 decam -8.336631 -15.338505 84 object IBIS_wide_M464_307063 307063 0.062797 924.0 1948.0 -0.31174427 1.0001261 -0.0020792994 -0.01752813 0.0025019126 1.000168 17186852576 497.677
rawdata/DECam_01346546.fits.fz N4 1346546 348.3082 60653.22529305 1.22 55.139568425373675 -12.88410374426243 55.147275 -12.809 M464 0.05251776 24.921917 1.0129567 0.9755521 21.62593 0.9524059 decam -18.618471 -12.283579 76 object IBIS_wide_M464_310049 310049 0.064251 924.0 1948.0 0.51188415 0.9997812 -0.0021056444 -0.34159932 0.0022745142 1.0000665 16499805844 365.71402
rawdata/DECam_01346547.fits.fz N4 1346547 500.0 60653.22970046 1.25 53.54051384599396 -14.541103729169475 53.548275000000004 -14.466 M464 0.07104866 24.92822 1.0251511 1.0408947 21.70352 0.99751204 decam -5.4751244 -15.77571 71 object IBIS_wide_M464_307059 307059 0.0644 924.0 1948.0 0.4735976 1.0000408 -0.0020187406 0.13540564 0.0022813184 1.0000875 16846766785 501.24707
rawdata/DECam_01346548.fits.fz N4 1346548 456.4077 60653.23586806 1.28 55.32259546898586 -11.970103752500938 55.330275 -11.895 M464 0.07273579 24.91433 1.0183759 1.0723269 21.681692 1.1080103 decam -12.540813 -18.290682 69 object IBIS_wide_M464_310136 310136 0.071208 924.0 1948.0 -0.32842252 0.9999477 -0.002343038 0.2838592 0.0025400743 1.0002273 16741183505 411.9165
rawdata/DECam_01346549.fits.fz N4 1346549 461.5376 60653.24150632 1.32 54.08153706891506 -13.610103737675734 54.08926666666667 -13.535 M464 0.046246115 24.923544 1.0355276 1.0888042 21.697184 1.1071142 decam -12.724851 -24.898905 68 object IBIS_wide_M464_307146 307146 0.050663 924.0 1948.0 -0.02147431 1.0000027 -0.0022476593 -0.3651568 0.002304032 1.0000471 16920156161 416.88345
rawdata/DECam_01346550.fits.fz N4 1346550 500.0 60653.2472044 1.35 54.860592299034074 -12.081103751503479 54.868275000000004 -12.006 M464 0.07067027 24.905848 1.0250822 1.0965073 21.671638 1.1876236 decam -16.336699 -29.184052 67 object IBIS_wide_M464_307150 307150 0.068243 924.0 1948.0 0.014605933 0.9998504 -0.002321845 -0.1340057 0.001578967 1.000356 16910122152 421.00882
rawdata/DECam_01346551.fits.fz N4 1346551 500.0 60653.25338187 1.4 54.4355660120042 -12.69010374601597 54.443266666666666 -12.615 M464 0.06091182 24.905825 1.0356429 1.1273283 21.6513 1.27897 decam -20.514618 -30.761333 95 object IBIS_wide_M464_310135 310135 0.058991 924.0 1948.0 0.13868494 1.0002378 -0.0018908578 -0.41255033 0.0020996598 1.000114 16861400646 390.93958
rawdata/DECam_01346552.fits.fz N4 1346552 60.0 60653.26154588 1.26 131.57372439491954 -5.755103807281987 131.581275 -5.68 g 0.020721816 26.666046 1.0967271 1.2771642 21.581953 1.6229508 decam -52.79347 -25.09614 264 object pointing 0 0.0 924.0 1948.0 -0.060553625 0.9999992 -0.0016839493 -0.025228953 0.001519962 1.0000409 16353375517 36.969696
rawdata/DECam_01346553.fits.fz N4 1346553 389.378 60653.26364033 1.25 131.57372439491954 -5.755103807281987 131.581275 -5.68 M438 0.020721816 24.756174 1.0322133 1.1423987 21.741417 1.1707053 decam 10.536649 -7.8978534 243 object IBIS_wide_M438_222192 222192 0.02091 924.0 1948.0 0.022755014 1.0000062 -0.0017880166 -0.23243654 0.0016013851 1.0000854 16358219039 332.6012
rawdata/DECam_01346554.fits.fz N4 1346554 60.0 60653.26897622 1.66 148.62076309050707 1.7558961279812735 148.62827916666666 1.831 g 0.026393529 26.598543 1.0972295 1.2394528 21.37054 2.175021 decam 13.559046 27.181402 107 object pointing 0 0.0 924.0 1948.0 0.172055 1.0003083 -0.001111485 -0.18453497 0.0007433881 1.0006046 16495311438 27.585941
rawdata/DECam_01346555.fits.fz N4 1346555 500.0 60653.27060968 1.64 148.62076309050707 1.7558961279812735 148.62827916666666 1.831 M464 0.026393529 24.878529 1.0609607 1.141629 21.539978 1.5281106 decam 12.761693 36.907284 112 object IBIS_deep_cosmos_M464_63 0 0.0 924.0 1948.0 0.3560846 1.000369 -0.0012375015 -0.18454415 0.00086946704 1.000618 17153027855 327.20145
rawdata/DECam_01346556.fits.fz N4 1346556 411.9278 60653.27678469 1.62 149.5927615328088 2.1078961249520094 149.60027916666667 2.183 M438 0.019542078 24.687355 1.0632752 1.0933615 21.611279 1.3725456 decam 17.186762 30.4934 86 object IBIS_deep_cosmos_M438_24 0 0.0 924.0 1948.0 0.4057879 1.000072 -0.0011312647 -0.044599004 0.00073262444 1.0000452 16476443879 300.11957
rawdata/DECam_01346557.fits.fz N4 1346557 500.0 60653.28268044 1.55 149.56775876526 1.7948961276457052 149.575275 1.87 M438 0.019714534 24.71275 1.0694491 1.2347226 21.666515 1.5868268 decam 17.599943 24.057623 91 object IBIS_deep_cosmos_M438_25 0 0.0 924.0 1948.0 -0.24761444 1.0004388 -0.0012374833 -0.21630077 0.00082024885 1.0002644 16669844390 315.09424
rawdata/DECam_01346558.fits.fz N4 1346558 500.0 60653.28882201 1.56 151.5657555464638 2.4558961219558246 151.573275 2.531 M438 0.03702531 24.701021 1.0606208 1.1910574 21.651243 1.530392 decam 17.226818 26.040104 82 object IBIS_deep_cosmos_M438_17 0 0.0 924.0 1948.0 -0.14953366 1.0005437 -0.0011115023 -0.063698135 0.0010166547 1.0001501 16973652870 326.71365
rawdata/DECam_01346559.fits.fz N4 1346559 500.0 60653.29498649 1.52 151.50174951801077 2.766896119276884 151.50927083333335 2.842 M438 0.027651554 24.694824 1.0440325 1.1841911 21.685122 1.4831812 decam 23.534323 22.344223 88 object IBIS_deep_cosmos_M438_18 0 0.0 924.0 1948.0 0.20819627 1.0006588 -0.0011495949 -0.19262518 0.0011075211 1.00024 16709561224 337.11322
rawdata/DECam_01346560.fits.fz N4 1346560 410.8878 60653.30113375 1.48 151.37475590767073 3.0578961167689527 151.38227916666665 3.133 M438 0.021720773 24.702831 1.0412345 1.1851172 21.710764 1.4295869 decam 27.582146 16.40186 88 object IBIS_deep_cosmos_M438_19 0 0.0 924.0 1948.0 0.13200998 1.0006382 -0.0011715681 -0.067310944 0.0006459655 1.0000659 16444225715 287.41714
rawdata/DECam_01346561.fits.fz N4 1346561 500.0 60653.30623229 1.45 151.1927456650206 3.3188961145184166 151.20027083333332 3.394 M438 0.020695146 24.723103 1.0528848 1.2618214 21.735956 1.5251012 decam 25.0604 13.1661215 83 object IBIS_deep_cosmos_M438_20 0 0.0 924.0 1948.0 0.028809542 1.0003675 -0.0011929322 0.040504377 0.0014080071 1.0002404 16564117380 327.8471
rawdata/DECam_01346562.fits.fz N4 1346562 388.548 60653.312374 1.41 150.96274810833103 3.5378961126291215 150.97027500000002 3.613 M438 0.022124961 24.734926 1.0537616 1.1221982 21.751923 1.1635289 decam 26.35959 6.921064 85 object IBIS_deep_cosmos_M438_21 0 0.0 924.0 1948.0 0.14356816 1.0001333 -0.0009926001 -0.25003108 0.0008297476 1.00003 16273550200 333.93927
rawdata/DECam_01346563.fits.fz N4 1346563 411.7178 60653.31720782 1.39 150.6957466771457 3.709896111144668 150.703275 3.785 M438 0.019253459 24.736465 1.0499626 1.0752313 21.751268 1.0659826 decam 22.97022 5.299223 87 object IBIS_deep_cosmos_M438_22 0 0.0 924.0 1948.0 0.051970165 1.000055 -0.0012135807 0.14966096 4.338552e-05 1.0004222 16567559042 386.23312
rawdata/DECam_01346564.fits.fz N4 1346564 385.608 60653.32231654 1.36 150.4007414714658 3.829896110108663 150.40827083333335 3.905 M438 0.020609915 24.744637 1.0499444 1.1033792 21.76146 1.0953037 decam 26.660658 -0.5698291 96 object IBIS_deep_cosmos_M438_23 0 0.0 924.0 1948.0 0.1980894 1.0000634 -0.0010909312 0.0025507163 0.0007613771 1.000162 16378409098 352.05582
rawdata/DECam_01346565.fits.fz N4 1346565 382.8979 60653.32716651 1.29 149.71076815973865 1.5148961300546144 149.71828333333335 1.5899999999999999 M438 0.022857705 24.746342 1.0332491 1.1082052 21.782745 1.0800358 decam 18.96629 5.2771544 86 object IBIS_deep_cosmos_M438_26 0 0.0 924.0 1948.0 -0.16358894 1.0004181 -0.0013641376 -0.13171469 0.0009951177 1.0000861 16235665953 354.52335
rawdata/DECam_01346566.fits.fz N4 1346566 321.8882 60653.33196736 1.28 149.96576876528388 1.3288961316544667 149.97328333333334 1.404 M438 0.02084288 24.761873 1.0455031 1.1066004 21.745544 1.0830226 decam 19.179966 -1.7068666 88 object IBIS_deep_cosmos_M438_27 0 0.0 924.0 1948.0 -0.10445922 1.0001625 -0.0009294566 -0.06432291 0.0011641164 1.0003016 16152347154 297.21283
rawdata/DECam_01346567.fits.fz N4 1346567 412.8278 60653.33603046 1.26 150.27476896687475 1.260896132239297 150.28228333333334 1.336 M438 0.020846782 24.778837 1.0566396 1.1104064 21.620203 1.1862578 decam 16.664248 -7.23759 89 object IBIS_deep_cosmos_M438_28 0 0.0 924.0 1948.0 -0.075921714 1.000336 -0.0008944563 -0.19905613 0.0013610431 0.999994 16449843317 348.00848
rawdata/DECam_01346568.fits.fz N4 1346568 500.0 60653.34117833 1.25 150.58676881667495 1.3118961318006772 150.59428333333332 1.387 M438 0.025361596 24.770176 1.0456115 1.2114623 21.226828 2.060503 decam 15.889812 -2.1418495 103 object IBIS_deep_cosmos_M438_29 0 0.0 924.0 1948.0 0.33574528 1.000458 -0.0012727509 -0.1463078 0.0014017826 1.00016 17278680329 242.65921
rawdata/DECam_01346569.fits.fz N4 1346569 150.0 60653.34952658 1.01 136.96453759435042 -37.21315959401179 136.97397083333334 -37.13805611111111 M464 0.32769462 0.0 0.0 0.0 20.544586 0.0 decam 0.0 0.0 0 object "Pyxis M464" 0 0.0 0.0 0.0 0.0 0.0 0.0 0.0 0.0 0.0 16711810943 0.0
rawdata/DECam_01346570.fits.fz N4 1346570 150.0 60653.35162824 1.01 136.9978458367654 -37.37982542508124 137.0073 -37.304721944444445 M464 0.3276871 0.0 0.0 0.0 20.11184 0.0 decam 0.0 0.0 0 object "Pyxis M464" 0 0.0 0.0 0.0 0.0 0.0 0.0 0.0 0.0 0.0 17853367907 0.0
rawdata/DECam_01346571.fits.fz N4 1346571 150.0 60653.35374149 1.01 136.68119905229673 -37.22149237167661 136.69063333333332 -37.146388888888886 M464 0.3887554 0.0 0.0 0.0 19.718027 0.0 decam 0.0 0.0 0 object "Pyxis M464" 0 0.0 0.0 0.0 0.0 0.0 0.0 0.0 0.0 0.0 18175033323 0.0
rawdata/DECam_01346572.fits.fz N4 1346572 150.0 60653.35585038 1.01 136.66451561923702 -37.38815959163442 136.67397083333333 -37.31305611111111 M464 0.4292886 0.0 0.0 0.0 19.260113 0.0 decam 0.0 0.0 0 object "Pyxis M464" 0 0.0 0.0 0.0 0.0 0.0 0.0 0.0 0.0 0.0 19823709836 0.0
rawdata/DECam_01346573.fits.fz N4 1346573 150.0 60653.35861765 1.01 136.96453759435042 -37.21315959401179 136.97397083333334 -37.13805611111111 M438 0.32769462 0.0 0.0 0.0 18.620186 0.0 decam 0.0 0.0 0 object "Pyxis M438" 0 0.0 0.0 0.0 0.0 0.0 0.0 0.0 0.0 0.0 21778521561 0.0
rawdata/DECam_01346574.fits.fz N4 1346574 150.0 60653.36074897 1.01 136.9978458367654 -37.37982542508124 137.0073 -37.304721944444445 M438 0.3276871 0.0 0.0 0.0 18.116425 0.0 decam 0.0 0.0 0 object "Pyxis M438" 0 0.0 0.0 0.0 0.0 0.0 0.0 0.0 0.0 0.0 25982027006 0.0
