logs/db-2026-02-16.ecsv
# %ECSV 1.0
# ---
# datatype:
# - {name: filename, datatype: string}
# - {name: extension, datatype: string}
# - {name: expnum, datatype: int64}
# - {name: exptime, datatype: float32}
# - {name: mjd_obs, datatype: float64}
# - {name: airmass, datatype: float32}
# - {name: racenter, datatype: float64}
# - {name: deccenter, datatype: float64}
# - {name: rabore, datatype: float64}
# - {name: decbore, datatype: float64}
# - {name: band, datatype: string}
# - {name: ebv, datatype: float32}
# - {name: zeropoint, datatype: float32}
# - {name: transparency, datatype: float32}
# - {name: seeing, datatype: float32}
# - {name: sky, datatype: float32}
# - {name: expfactor, datatype: float32}
# - {name: camera, datatype: string}
# - {name: dx, datatype: float32}
# - {name: dy, datatype: float32}
# - {name: nmatched, datatype: int64}
# - {name: obstype, datatype: string}
# - {name: object, datatype: string}
# - {name: tileid, datatype: int64}
# - {name: tileebv, datatype: float32}
# - {name: affine_x0, datatype: float32}
# - {name: affine_y0, datatype: float32}
# - {name: affine_dx, datatype: float32}
# - {name: affine_dxx, datatype: float32}
# - {name: affine_dxy, datatype: float32}
# - {name: affine_dy, datatype: float32}
# - {name: affine_dyx, datatype: float32}
# - {name: affine_dyy, datatype: float32}
# - {name: checksum, datatype: string}
# - {name: efftime, datatype: float32}
# schema: astropy-2.0
filename extension expnum exptime mjd_obs airmass racenter deccenter rabore decbore band ebv zeropoint transparency seeing sky expfactor camera dx dy nmatched obstype object tileid tileebv affine_x0 affine_y0 affine_dx affine_dxx affine_dxy affine_dy affine_dyx affine_dyy checksum efftime
/home/declsp/obsbot/rawdata/DECam_01457471.fits.fz N4 1457471 35.0 61088.20692513 1.1 157.65971092765167 -6.955103796838372 157.66727916666667 -6.88 M490 0.04648429 25.00857 1.0454609 1.3701024 21.813776 1.9162567 decam 3.7561295 41.73249 96 object "pointing test" 0 0.0 924.0 1948.0 -0.025199246 1.0000467 -0.0009826508 0.018751424 0.00085638306 1.0000049 15491265834 18.264776
/home/declsp/obsbot/rawdata/DECam_01457472.fits.fz N4 1457472 613.2158 61088.20942681 1.1 160.58670828107174 -6.8601037976669845 160.59427499999998 -6.785 M490 0.048405718 25.02181 1.058288 1.3990221 21.834225 1.9381709 decam 1.7369868 9.268196 154 object IBIS_wide_M490_428164 428164 0.045514 924.0 1948.0 0.3063713 1.0001777 -0.00077955896 -0.24162452 0.0008248856 1.0001122 17136188672 316.38892
/home/declsp/obsbot/rawdata/DECam_01457473.fits.fz N4 1457473 706.4851 61088.21683404 1.1 159.8387113941872 -6.385103801805175 159.84627083333334 -6.31 M490 0.04653274 25.015375 1.0520347 1.4506513 21.826002 2.0980573 decam 0.03917782 7.8714147 135 object IBIS_wide_M490_428166 428166 0.047848 924.0 1948.0 0.30026844 1.0003134 -0.00090636883 -0.25326064 0.00083642907 1.0000635 17264359920 336.733
/home/declsp/obsbot/rawdata/DECam_01457474.fits.fz N4 1457474 537.2363 61088.22549254 1.1 165.36372022814544 -6.351103802101081 165.37127916666668 -6.276 M490 0.035948873 25.017334 1.0539353 1.3655887 21.843706 1.69806 decam -7.909471 19.821028 160 object IBIS_wide_M490_428182 428182 0.03651 924.0 1948.0 0.06154482 1.000174 -0.00067444495 -0.052634288 0.000828739 1.0001813 16905784681 316.38242
/home/declsp/obsbot/rawdata/DECam_01457475.fits.fz N4 1457475 539.2664 61088.23202143 1.1 166.85270966563178 -6.501103800795315 166.86027083333335 -6.426 M490 0.0482799 25.016342 1.0529729 1.3279911 21.84932 1.7384548 decam -8.767534 19.674925 125 object IBIS_wide_M490_428183 428183 0.047192 924.0 1948.0 0.1213158 1.0001011 -0.00061227975 -0.07940004 0.0005495174 1.0000166 16954034311 310.1987
/home/declsp/obsbot/rawdata/DECam_01457476.fits.fz N4 1457476 643.7357 61088.23860844 1.1 167.21071835213536 -6.1931038034756645 167.218275 -6.118 M490 0.048066154 25.015015 1.0516851 1.3784702 21.85634 1.8627571 decam -9.001573 33.559345 129 object IBIS_wide_M490_425198 425198 0.047706 924.0 1948.0 0.07109447 1.0003642 -0.00050960743 -0.2921245 0.0013924793 1.0000426 17296198654 345.5822
/home/declsp/obsbot/rawdata/DECam_01457477.fits.fz N4 1457477 594.306 61088.24637928 1.1 167.5737243949195 -5.755103807281987 167.58127499999998 -5.68 M490 0.045803603 25.022213 1.0586811 1.4419792 21.86753 1.9607034 decam -10.575773 40.398865 137 object IBIS_wide_M490_428184 428184 0.045619 924.0 1948.0 -0.07109267 1.0001258 -0.00047056255 0.08669779 0.0007232537 1.0000271 17387187232 303.10858
/home/declsp/obsbot/rawdata/DECam_01457478.fits.fz N4 1457478 589.8961 61088.25358231 1.1 170.29371822321784 -5.904103805987822 170.30127083333335 -5.829 M490 0.036800772 25.016247 1.0528792 1.3810723 21.857885 1.7274705 decam -14.885688 44.7638 142 object IBIS_wide_M490_428188 428188 0.040332 924.0 1948.0 0.035068907 1.0002139 -0.0004858109 -0.032402582 0.00013801947 1.0000159 17116504963 341.4797
/home/declsp/obsbot/rawdata/DECam_01457479.fits.fz N4 1457479 467.6469 61088.26086363 1.1 175.43571186543906 -6.353103802083675 175.44327083333332 -6.278 M490 0.040935215 25.014797 1.0514756 1.2969438 21.865234 1.560075 decam -13.276103 36.23653 154 object IBIS_wide_M490_428253 428253 0.039375 924.0 1948.0 0.00063086575 0.99984235 -0.00018168055 0.03636416 0.00048100992 1.000001 16596937526 299.75925
/home/declsp/obsbot/rawdata/DECam_01457480.fits.fz N4 1457480 380.4975 61088.26662149 1.1 178.0107172721371 -6.268103802823277 178.018275 -6.193 M490 0.035224542 25.02062 1.0571302 1.2328554 21.852648 1.3581791 decam -14.842242 34.806503 174 object IBIS_wide_M490_428246 428246 0.032966 924.0 1948.0 0.043420352 1.0000043 -0.0001992415 -0.0009049276 8.824197e-05 1.0001605 16492907169 280.15268
/home/declsp/obsbot/rawdata/DECam_01457481.fits.fz N4 1457481 492.3567 61088.27134243 1.1 177.00972587203344 -5.954103805553385 177.01727916666667 -5.879 M490 0.027923504 25.01837 1.054941 1.3536223 21.871828 1.5377668 decam -12.255981 39.328346 149 object IBIS_wide_M490_425262 425262 0.029868 924.0 1948.0 0.041820254 1.0001117 -0.00016711086 -0.032564282 2.5327525e-05 1.000074 16625035003 320.17642
/home/declsp/obsbot/rawdata/DECam_01457482.fits.fz N4 1457482 461.3069 61088.27876764 1.1 178.9007190368847 -5.844103806509046 178.90827083333332 -5.769 M490 0.028117748 25.012691 1.0494381 1.3219293 21.856993 1.504469 decam 2.1270552 3.13812 147 object IBIS_wide_M490_428247 428247 0.027263 924.0 1948.0 -0.088523515 1.0002061 -8.196721e-05 0.029355135 -5.0173708e-06 0.99998313 16705928366 306.6244
/home/declsp/obsbot/rawdata/DECam_01457483.fits.fz N4 1457483 423.7472 61088.28451701 1.1 183.83472633814475 -5.92010380584881 183.84227916666666 -5.845 M490 0.0454435 25.01599 1.0526291 1.1962214 21.82013 1.4231381 decam 3.9480035 -21.609743 155 object IBIS_wide_M490_433946 433946 0.045626 924.0 1948.0 -0.052194834 0.99990827 0.0001406028 -0.015938852 1.0268408e-05 1.0000774 16986427680 297.7555
/home/declsp/obsbot/rawdata/DECam_01457485.fits.fz N4 1457485 508.8967 61088.29482852 1.1 184.58673014660516 -5.304103811195164 184.594275 -5.229 M490 0.032588813 25.027145 1.0635022 1.271401 21.179258 2.6068845 decam 6.945907 -0.8387905 155 object IBIS_wide_M490_433949 433949 0.038753 924.0 1948.0 -0.033079848 1.0003681 0.00014782858 0.11870607 -0.0002664892 1.0001557 17996516806 195.2126
/home/declsp/obsbot/rawdata/DECam_01457486.fits.fz N4 1457486 483.0768 61088.30106169 1.1 183.15573191847892 -5.157103812469374 183.163275 -5.082 M490 0.03834253 25.023455 1.0598933 1.2954432 21.835373 1.5474508 decam 0.025351869 7.231045 141 object IBIS_wide_M490_433948 433948 0.042165 924.0 1948.0 -0.058955975 1.0002301 7.194506e-05 0.07907169 0.00013353722 1.0000774 16669297551 312.17587
/home/declsp/obsbot/rawdata/DECam_01457487.fits.fz N4 1457487 471.0769 61088.30703807 1.11 184.91774073878503 -4.74910381600292 184.92527916666666 -4.6739999999999995 M490 0.03665572 25.015324 1.0538952 1.2381895 21.828876 1.4276161 decam 12.036527 11.531664 149 object IBIS_wide_M490_430964 430964 0.039671 924.0 1948.0 -0.058900595 1.0002201 0.00012658001 0.1445589 -7.3193216e-05 1.0001892 16666243358 329.9745
/home/declsp/obsbot/rawdata/DECam_01457488.fits.fz N4 1457488 497.8968 61088.31284586 1.11 186.7477426265263 -4.573103817525884 186.75527916666667 -4.498 M490 0.057222564 25.032566 1.0707664 1.274598 21.812613 1.7072452 decam 8.056609 11.426666 162 object IBIS_wide_M490_434434 434434 0.045424 924.0 1948.0 0.05056062 1.0002384 0.00018604311 0.15026724 -4.3456814e-05 1.0001736 16815546157 291.63754
/home/declsp/obsbot/rawdata/DECam_01457489.fits.fz N4 1457489 434.9172 61088.31903188 1.11 191.3247425112262 -4.170103821010353 191.332275 -4.095 M490 0.02891808 25.010818 1.0495322 1.2593949 21.809412 1.4395051 decam 4.3036256 0.8403376 182 object IBIS_wide_M490_431454 431454 0.027023 924.0 1948.0 -0.036777273 1.0001936 0.000470388 0.080139436 -0.00045772194 1.0000681 16618366350 302.12967
/home/declsp/obsbot/rawdata/DECam_01457490.fits.fz N4 1457490 399.1174 61088.32456457 1.11 196.8557373744276 -4.270103820146069 196.86327083333333 -4.195 M490 0.036382094 25.015806 1.0543635 1.1841354 21.78941 1.3505521 decam 5.477559 -15.733179 167 object IBIS_wide_M490_431470 431470 0.031405 924.0 1948.0 -0.20219626 1.0002651 0.0006812583 -0.15667963 -0.00056924566 0.99999535 16516371318 295.52167
/home/declsp/obsbot/rawdata/DECam_01457491.fits.fz N4 1457491 457.2169 61088.3295323 1.11 197.2177486123996 -3.963103822798733 197.22527916666667 -3.888 M490 0.025917087 25.019958 1.0584046 1.1694468 21.775866 1.2340572 decam -4.1639667 -14.775643 166 object IBIS_wide_M490_434456 434456 0.028705 924.0 1948.0 -0.14786583 1.0000902 0.0006809922 0.2529807 -0.00040821225 1.000323 16713873619 370.49893
/home/declsp/obsbot/rawdata/DECam_01457492.fits.fz N4 1457492 458.387 61088.33519278 1.12 200.04874457298493 -3.9491038229196533 200.056275 -3.874 M490 0.037341204 25.01512 1.0556109 1.2570678 21.784815 1.5399824 decam 4.4237566 -13.561215 150 object IBIS_wide_M490_434207 434207 0.037054 924.0 1948.0 -0.14898945 1.0002776 0.0007912578 0.17223705 -0.001175739 1.0001786 16626588476 297.6573
/home/declsp/obsbot/rawdata/DECam_01457493.fits.fz N4 1457493 440.7471 61088.34085064 1.11 201.07274586454093 -4.254103820284368 201.08027916666666 -4.179 M490 0.054777544 25.01699 1.0555148 1.2026308 21.735447 1.6523788 decam 0.74895114 -9.381247 145 object IBIS_wide_M490_431216 431216 0.038779 924.0 1948.0 -0.11310666 1.0000497 0.0008816231 -0.045666713 -0.00094594504 1.000132 18164181500 266.7349
/home/declsp/obsbot/rawdata/DECam_01457494.fits.fz N4 1457494 426.5672 61088.34629723 1.11 202.85674439105745 -3.969103822746909 202.86427500000002 -3.894 M490 0.03664665 25.012703 1.0513537 1.1604912 21.775312 1.3240855 decam 2.3814023 -2.3923306 186 object IBIS_wide_M490_434211 434211 0.035791 924.0 1948.0 -0.2576078 1.0001453 0.0009081122 0.05966101 -0.0008741767 1.0001503 16986911381 322.15988
/home/declsp/obsbot/rawdata/DECam_01457495.fits.fz N4 1457495 421.1972 61088.3516005 1.11 202.48373748227766 -4.259103820241151 202.49127083333332 -4.184 M490 0.034417782 25.018621 1.0571018 1.1534059 21.766039 1.2855673 decam -0.8686833 -3.3601587 164 object IBIS_wide_M490_431225 431225 0.034923 924.0 1948.0 -0.039786045 1.0002346 0.000908741 0.11752017 -0.0007936616 1.0001165 16781494146 327.63528
/home/declsp/obsbot/rawdata/DECam_01457496.fits.fz N4 1457496 475.3669 61088.35681696 1.12 203.36674709849254 -3.660103825414904 203.37427499999998 -3.585 M490 0.037676986 25.014933 1.0554297 1.24716 21.795242 1.5052502 decam -0.45220354 -3.5872755 168 object IBIS_wide_M490_431226 431226 0.035653 924.0 1948.0 -0.18272752 1.0003457 0.0008339801 0.13046037 -0.0008065753 0.99999547 16734443046 315.8059
/home/declsp/obsbot/rawdata/DECam_01457497.fits.fz N4 1457497 446.997 61088.36270254 1.11 206.7627416685233 -4.257103820258437 206.770275 -4.182 M490 0.03905685 25.019567 1.0580227 1.1985247 21.796143 1.3901571 decam -1.0654087 -9.398437 158 object IBIS_wide_M490_431200 431200 0.032938 924.0 1948.0 -0.1608523 1.0002168 0.0010584657 0.10070445 -0.0011416754 1.0000976 16598132426 321.54425
/home/declsp/obsbot/rawdata/DECam_01457498.fits.fz N4 1457498 431.5472 61088.36822754 1.12 207.78675362077328 -3.3681038279344233 207.79427916666668 -3.293 M490 0.038532957 25.024391 1.0646646 1.1315153 21.787868 1.2334135 decam -1.4982998 -6.015733 210 object IBIS_wide_M490_434281 434281 0.043655 924.0 1948.0 -0.3507981 0.9997841 0.0010013517 0.1611511 -0.0010922762 1.0000032 16780674944 349.8804
/home/declsp/obsbot/rawdata/DECam_01457499.fits.fz N4 1457499 150.0 61088.3772357 1.69 242.64097316263624 14.864872956798699 242.6487458333333 14.939976944444444 M490 0.03584386 24.935158 1.0875155 1.4869632 21.677015 2.7285628 decam -13.476222 -7.9778986 217 object "Pal14 position 4" 0 0.0 924.0 1948.0 -0.6083148 1.0004158 0.002379179 0.10835734 -0.0027720013 1.0001669 15879611906 54.973995
/home/declsp/obsbot/rawdata/DECam_01457500.fits.fz N4 1457500 150.0 61088.37934615 1.68 242.84462889182382 14.821407123865244 242.8524 14.896511111111112 M490 0.035022706 24.940193 1.0905892 1.3405654 21.590334 2.3674421 decam -9.955998 -3.9164565 251 object "Pal14 position 5" 0 0.0 924.0 1948.0 -0.396183 1.0002676 0.0024349077 0.4067603 -0.002761849 1.0002308 15850989472 63.35952
/home/declsp/obsbot/rawdata/DECam_01457501.fits.fz N4 1457501 150.0 61088.38144263 1.67 242.71137648259804 15.003386011078886 242.71915416666667 15.07849 M490 0.031948935 24.932209 1.0806358 1.3740246 21.43132 2.8622856 decam -0.3448421 -2.1627238 332 object "Pal14 position 6" 0 0.0 924.0 1948.0 -0.8871981 1.0002403 0.0024220496 1.0700557 -0.0028683622 1.0001705 15949502455 52.40567
/home/declsp/obsbot/rawdata/DECam_01457502.fits.fz N4 1457502 150.0 61088.38352884 1.64 242.68062265559902 14.762846013292627 242.68839166666663 14.83795 M490 0.036494657 24.947552 1.0900662 1.294893 21.197762 3.1596458 decam 2.7183967 0.508496 227 object "Pal14 position 7" 0 0.0 924.0 1948.0 -0.5408138 1.0004554 0.0022397 0.19633412 -0.0026841653 1.0001945 16061479142 47.473675
/home/declsp/obsbot/rawdata/DECam_01457503.fits.fz N4 1457503 150.0 61088.38562368 1.64 242.88536656762727 14.932144067290611 242.89314166666668 15.007248055555555 M490 0.035395764 24.940844 1.0833514 1.3650503 20.872898 4.759025 decam -4.3215256 0.9706651 286 object "Pal14 position 8" 0 0.0 924.0 1948.0 1.0052682 1.0003029 0.0024116922 -0.017193934 -0.0026812549 1.0002038 16357351174 31.51906
/home/declsp/obsbot/rawdata/DECam_01457504.fits.fz N4 1457504 150.0 61088.38770561 1.62 242.59847457888375 14.941041011653132 242.60625 15.016145 M490 0.033571757 24.947905 1.0864708 1.3283823 20.48289 6.2942877 decam -4.452631 -0.6830038 283 object "Pal14 position 9" 0 0.0 924.0 1948.0 -1.4810225 1.0005643 0.0023291477 -0.26822212 -0.0027725853 1.0000701 16808003503 23.831131
/home/declsp/obsbot/rawdata/DECam_01457505.fits.fz N4 1457505 15.0 61088.39153949 1.14 189.70078795747543 -49.79143632983654 189.712425 -49.71633305555556 M490 0.12849489 25.010345 1.0548006 1.3546326 20.160172 14.833461 decam -53.80524 31.373362 879 object "LTT4861 N4" 0 0.0 924.0 1948.0 0.043082587 1.0001724 0.00053922826 0.16461447 -0.0009642737 1.0000378 15547911533 1.0112273
/home/declsp/obsbot/rawdata/DECam_01457506.fits.fz N4 1457506 15.0 61088.3920597 1.14 189.21964629080875 -49.79143632983654 189.23128333333335 -49.71633305555556 M490 0.123391315 25.004704 1.0493332 1.222788 20.066517 12.869561 decam -49.34958 18.128418 874 object "LTT4861 N5" 0 0.0 924.0 1948.0 -0.0084441155 1.0002236 0.0006035193 0.05030542 -0.001065681 1.0002126 15566096382 1.1655409
/home/declsp/obsbot/rawdata/DECam_01457507.fits.fz N4 1457507 15.0 61088.39257404 1.14 190.1818893914288 -49.95810327083149 190.19356666666667 -49.883 M490 0.13002166 25.00645 1.0510228 1.277149 19.93761 16.471756 decam -38.235523 15.6116495 879 object "LTT4861 S3" 0 0.0 924.0 1948.0 -0.04956016 1.0002508 0.0007135603 0.22111662 -0.0007943095 1.0001196 15589939713 0.9106497
/home/declsp/obsbot/rawdata/DECam_01457508.fits.fz N4 1457508 15.0 61088.39309314 1.14 189.70074772476212 -49.95810327083149 189.712425 -49.883 M490 0.11683266 25.002766 1.0474615 1.3021767 19.812956 17.701384 decam -29.841036 5.3174434 886 object "LTT4861 S4" 0 0.0 924.0 1948.0 0.19082624 1.0000963 0.000735598 0.22698283 -0.0007020521 1.0001814 15614418349 0.84739137
/home/declsp/obsbot/rawdata/DECam_01457509.fits.fz N4 1457509 15.0 61088.39358891 1.15 189.21960605809545 -49.95810327083149 189.23128333333335 -49.883 M490 0.12251485 25.003763 1.0503294 1.3011564 19.681719 20.680262 decam -32.111797 8.211213 855 object "LTT4861 S5" 0 0.0 924.0 1948.0 -0.16229305 1.0000938 0.00061215734 -0.08062647 -0.0007382063 1.0003042 15642987812 0.72532934
/home/declsp/obsbot/rawdata/DECam_01457510.fits.fz N4 1457510 15.0 61088.39528807 1.03 234.74177384719718 -28.584297477454864 234.7503291666667 -28.509193888888888 M490 0.11373475 25.028845 1.0517241 1.1300478 19.26716 20.583185 decam -9.598602 -30.49459 547 object "LTT6248 N4" 0 0.0 924.0 1948.0 -0.14715692 1.0000976 0.0021025215 0.017002583 -0.0020094651 1.0001287 15776548356 0.72875017
/home/declsp/obsbot/rawdata/DECam_01457511.fits.fz N4 1457511 15.0 61088.39579582 1.03 234.38807384719718 -28.584297477454868 234.39662916666666 -28.509193888888888 M490 0.22622195 25.039402 1.0620011 1.053119 19.141687 41.82525 decam -0.75563425 -42.42478 378 object "LTT6248 N5" 0 0.0 924.0 1948.0 -0.4766856 0.9999371 0.0021338968 0.19542 -0.001799858 1.000197 15814200292 0.35863504
/home/declsp/obsbot/rawdata/DECam_01457512.fits.fz N4 1457512 15.0 61088.39630847 1.03 235.09544772966674 -28.750964697816126 235.10401666666667 -28.67586111111111 M490 0.13145722 25.031174 1.0539826 1.1283274 19.011627 29.114319 decam 3.2943037 -31.899792 507 object "LTT6248 S3" 0 0.0 924.0 1948.0 -0.13803162 0.99998313 0.0020925938 0.2290364 -0.0020638462 1.0001446 15878487686 0.5152104
/home/declsp/obsbot/rawdata/DECam_01457513.fits.fz N4 1457513 15.0 61088.39683308 1.03 234.74176022966677 -28.750964697816126 234.7503291666667 -28.67586111111111 M490 0.12067507 25.039482 1.0620798 1.0731163 18.883106 27.165024 decam 8.574753 -51.469444 472 object "LTT6248 S4" 0 0.0 924.0 1948.0 0.0084363865 0.99996805 0.0021841624 0.17985597 -0.0017892908 1.0001923 15941584068 0.55218065
/home/declsp/obsbot/rawdata/DECam_01457514.fits.fz N4 1457514 15.0 61088.39732738 1.03 234.38806022966676 -28.750964697816126 234.39662916666666 -28.67586111111111 M490 0.33074725 25.044361 1.0668619 1.0505812 18.76712 117.30989 decam 10.602625 -48.11247 360 object "LTT6248 S5" 0 0.0 924.0 1948.0 -0.5636649 1.0002102 0.0022684275 0.56610835 -0.0019873146 0.99995327 16015821719 0.12786646
