logs/db-2026-05-18.ecsv
# %ECSV 1.0
# ---
# datatype:
# - {name: filename, datatype: string}
# - {name: extension, datatype: string}
# - {name: expnum, datatype: int64}
# - {name: exptime, datatype: float32}
# - {name: mjd_obs, datatype: float64}
# - {name: airmass, datatype: float32}
# - {name: racenter, datatype: float64}
# - {name: deccenter, datatype: float64}
# - {name: rabore, datatype: float64}
# - {name: decbore, datatype: float64}
# - {name: band, datatype: string}
# - {name: ebv, datatype: float32}
# - {name: zeropoint, datatype: float32}
# - {name: transparency, datatype: float32}
# - {name: seeing, datatype: float32}
# - {name: sky, datatype: float32}
# - {name: expfactor, datatype: float32}
# - {name: camera, datatype: string}
# - {name: dx, datatype: float32}
# - {name: dy, datatype: float32}
# - {name: nmatched, datatype: int64}
# - {name: obstype, datatype: string}
# - {name: object, datatype: string}
# - {name: tileid, datatype: int64}
# - {name: tileebv, datatype: float32}
# - {name: affine_x0, datatype: float32}
# - {name: affine_y0, datatype: float32}
# - {name: affine_dx, datatype: float32}
# - {name: affine_dxx, datatype: float32}
# - {name: affine_dxy, datatype: float32}
# - {name: affine_dy, datatype: float32}
# - {name: affine_dyx, datatype: float32}
# - {name: affine_dyy, datatype: float32}
# - {name: checksum, datatype: string}
# - {name: efftime, datatype: float32}
# schema: astropy-2.0
filename extension expnum exptime mjd_obs airmass racenter deccenter rabore decbore band ebv zeropoint transparency seeing sky expfactor camera dx dy nmatched obstype object tileid tileebv affine_x0 affine_y0 affine_dx affine_dxx affine_dxy affine_dy affine_dyx affine_dyy checksum efftime
/home/declsp/obsbot/rawdata/DECam_01481213.fits.fz N4 1481213 5.0 61178.9788579 1.0 157.3620021145731 -29.738713575551905 157.37065416666667 -29.66361 r 0.04919748 26.830471 1.0115525 1.6910452 21.04778 1.5742916 decam 2.4082487 -38.941372 272 object pointing 0 0.0 924.0 1948.0 0.37505215 1.0000424 -0.0011041708 0.045258638 0.00079350994 1.0000547 15574481495 3.1760318
/home/declsp/obsbot/rawdata/DECam_01481214.fits.fz N4 1481214 10.0 61178.98023696 1.0 157.3620021145731 -29.738713575551905 157.37065416666667 -29.66361 r 0.04919748 26.831633 1.0126358 1.0152828 21.055922 0.56290954 decam -13.521952 10.076562 398 object pointing 0 0.0 924.0 1948.0 0.2563032 1.0000405 -0.0010101966 -0.0047592055 0.0009310456 0.999998 15738036834 17.764843
/home/declsp/obsbot/rawdata/DECam_01481215.fits.fz N4 1481215 10.0 61178.98162203 1.0 157.3620021145731 -29.738713575551905 157.37065416666667 -29.66361 r 0.04919748 26.828768 1.0099664 1.006126 21.054699 0.55637807 decam -9.272459 22.045195 401 object pointing 0 0.0 924.0 1948.0 0.38362342 0.99996006 -0.0009920005 -0.030443298 0.0010844639 1.0000075 15706784769 17.97339
/home/declsp/obsbot/rawdata/DECam_01481216.fits.fz N4 1481216 30.0 61178.98234703 1.0 157.3620021145731 -29.738713575551905 157.37065416666667 -29.66361 r 0.04919748 26.827686 1.0089608 1.0354431 21.071838 0.5811226 decam -0.02070666 29.071192 439 object pointing 0 0.0 924.0 1948.0 0.3335878 1.0000703 -0.001085101 -0.09343238 0.0009287775 0.99998206 16297809157 51.62422
/home/declsp/obsbot/rawdata/DECam_01481217.fits.fz N4 1481217 15.0 61178.98536097 1.01 158.0489082850337 -35.62021461516044 158.05815 -35.54511111111111 M464 0.09512646 24.915998 0.9649204 1.0896735 22.04618 0.81530815 decam -27.85523 32.654846 303 object "LTT3864 N4" 0 0.0 924.0 1948.0 0.19531277 1.0001494 -0.0010416658 -0.04023803 0.0010519467 1.0000072 15428780018 18.397951
/home/declsp/obsbot/rawdata/DECam_01481218.fits.fz N4 1481218 15.0 61178.9858652 1.01 157.66682911836705 -35.62021461516044 157.67607083333334 -35.54511111111111 M464 0.097239666 24.908909 0.95864004 1.0954783 22.11153 0.7860652 decam 26.605806 35.51229 235 object "LTT3864 N5" 0 0.0 924.0 1948.0 0.28047082 1.0002424 -0.0011064686 0.008555322 0.00096527726 1.0000819 15427089888 19.082386
/home/declsp/obsbot/rawdata/DECam_01481219.fits.fz N4 1481219 15.0 61178.98632994 1.01 158.43095561147695 -35.78688155743227 158.44021666666666 -35.711778055555556 M464 0.09434271 24.907969 0.9578102 1.1638569 22.150206 0.8574905 decam 26.900675 32.524124 277 object "LTT3864 S3" 0 0.0 924.0 1948.0 0.09768875 1.000237 -0.000979015 0.032157436 0.0006036596 1.0002472 15423442650 17.492905
/home/declsp/obsbot/rawdata/DECam_01481220.fits.fz N4 1481220 15.0 61178.98681804 1.01 158.0488889448103 -35.78688155743227 158.05815 -35.711778055555556 M464 0.10869775 24.903494 0.95387155 1.2733855 22.145191 1.0394467 decam 21.261791 49.325455 298 object "LTT3864 S4" 0 0.0 924.0 1948.0 0.1677058 1.0000565 -0.0009760667 -0.13633886 0.0008939363 1.0000573 15426258083 14.430755
/home/declsp/obsbot/rawdata/DECam_01481221.fits.fz N4 1481221 15.0 61178.98730098 1.01 157.66680977814363 -35.78688155743227 157.67607083333334 -35.711778055555556 M464 0.09514436 24.91372 0.9628961 1.212071 22.163725 0.90868944 decam 28.28905 52.76578 292 object "LTT3864 S5" 0 0.0 924.0 1948.0 -0.22228225 0.9999487 -0.0009796552 -0.097300164 0.0010688272 1.0000205 15423932639 16.50729
/home/declsp/obsbot/rawdata/DECam_01481222.fits.fz N4 1481222 35.0 61178.98991035 1.1 159.72772757332166 -5.172103812339381 159.73527083333332 -5.097 M464 0.048509955 24.891823 0.9612781 1.5620714 21.977283 1.864486 decam 19.386183 90.59992 57 object "pointing test" 0 0.0 924.0 1948.0 -0.03847287 0.9998724 -0.00087187433 -0.03775162 0.00072855846 0.9998907 15474200456 18.77193
/home/declsp/obsbot/rawdata/DECam_01481223.fits.fz N4 1481223 748.1155 61178.99277857 1.11 166.14273855445543 -4.564103817603741 166.150275 -4.489 M464 0.04845889 24.893602 0.96483463 1.5095125 21.996677 1.7048315 decam 25.797092 -17.591244 123 object IBIS_wide_M464_328208 328208 0.051732 924.0 1948.0 0.14156853 1.0000727 -0.0007214396 0.16064893 0.0004996634 0.9998485 17077268169 438.82077
/home/declsp/obsbot/rawdata/DECam_01481224.fits.fz N4 1481224 707.2757 61179.00181825 1.11 171.02373377818898 -4.998103813846938 171.031275 -4.923 M464 0.040777303 24.913765 0.982919 1.4724952 22.00771 1.547382 decam 14.487215 -36.947742 129 object IBIS_wide_M464_328191 328191 0.043292 924.0 1948.0 0.049157616 0.99990475 -0.0003875915 -0.061199717 0.0003457304 0.9999729 17015037046 457.07892
/home/declsp/obsbot/rawdata/DECam_01481225.fits.fz N4 1481225 676.3459 61179.01034255 1.11 173.90473688771417 -5.089103813058604 173.91227916666668 -5.014 M464 0.047611967 24.886238 0.9583131 1.4743844 22.017664 1.617144 decam 15.528796 -32.734707 143 object IBIS_wide_M464_328261 328261 0.046917 924.0 1948.0 -0.08267185 1.0000972 -0.00030129877 0.020186422 0.00032337836 0.99981105 17108013760 418.2348
/home/declsp/obsbot/rawdata/DECam_01481226.fits.fz N4 1481226 548.0668 61179.01848676 1.11 172.8367395670609 -4.855103815085307 172.84427916666667 -4.78 M464 0.068183154 24.904064 0.97417665 1.3362856 22.015333 1.2885664 decam 15.286765 -22.52547 126 object IBIS_wide_M464_325277 325277 0.049985 924.0 1948.0 0.12973444 1.0002044 -0.00045602286 -0.10800414 0.00015113664 0.9998755 16705697815 425.33066
/home/declsp/obsbot/rawdata/DECam_01481227.fits.fz N4 1481227 490.3271 61179.02518959 1.1 176.6507275852374 -5.171103812348045 176.65827083333335 -5.096 M464 0.021809973 24.902796 0.9710429 1.3815005 22.032124 1.3591568 decam 9.386538 -31.469852 145 object IBIS_wide_M464_328257 328257 0.02376 924.0 1948.0 -0.085832044 1.0001116 -0.00012042051 0.14220461 4.2024883e-05 0.9999446 16726896940 360.75827
/home/declsp/obsbot/rawdata/DECam_01481228.fits.fz N4 1481228 519.257 61179.03120046 1.11 175.57573948876168 -4.8621038150247005 175.58327916666667 -4.787 M464 0.021772115 24.912046 0.98136425 1.3358734 22.04008 1.240382 decam 7.673656 -30.696318 122 object IBIS_wide_M464_325273 325273 0.025699 924.0 1948.0 0.056233007 1.0001134 -0.00033012978 0.027987693 0.00034473487 0.99988765 16501910690 418.6267
/home/declsp/obsbot/rawdata/DECam_01481229.fits.fz N4 1481229 585.9767 61179.03800914 1.11 182.11473436220666 -4.9471038142886545 182.122275 -4.872 M464 0.033247963 24.88673 0.95874774 1.3346059 22.037786 1.2998743 decam 2.918553 -42.93855 165 object IBIS_wide_M464_330968 330968 0.033719 924.0 1948.0 0.024339067 0.99999034 5.8528844e-05 0.14454588 1.2965629e-05 0.99996686 16834192122 450.7949
/home/declsp/obsbot/rawdata/DECam_01481230.fits.fz N4 1481230 800.0 61179.04517098 1.11 185.99872758523736 -5.171103812348045 186.00627083333333 -5.096 M464 0.04727838 24.858185 0.9338685 1.7969202 22.035774 2.4866815 decam 1.0792637 -56.91809 153 object IBIS_wide_M464_333934 333934 0.04269 924.0 1948.0 -0.15384662 1.0002865 0.00023150397 0.12900773 -0.00012458274 1.0000687 17216679485 321.7139
/home/declsp/obsbot/rawdata/DECam_01481231.fits.fz N4 1481231 800.0 61179.05491416 1.11 185.28573876399406 -4.5441038177767545 185.293275 -4.469 M464 0.060012057 24.88037 0.9531461 1.8654013 22.042229 2.5571349 decam 2.8086312 -47.949757 141 object IBIS_wide_M464_333950 333950 0.041733 924.0 1948.0 -0.1886118 1.0002555 0.00013436074 0.046197083 3.1569176e-05 1.000081 17214432805 312.85013
/home/declsp/obsbot/rawdata/DECam_01481232.fits.fz N4 1481232 800.0 61179.06569909 1.11 185.54774604020852 -4.236103820439948 185.55527916666665 -4.161 M464 0.05582921 24.87592 0.94924885 1.8104273 22.058138 2.3932374 decam -3.56292 0.8738368 137 object IBIS_wide_M464_331534 331534 0.043047 924.0 1948.0 -0.07719932 0.9999719 2.2998145e-05 0.086364165 -0.00043079548 0.99991953 17115701580 334.27524
/home/declsp/obsbot/rawdata/DECam_01481234.fits.fz N4 1481234 308.6183 61179.07651697 1.12 197.2177486123996 -3.963103822798733 197.22527916666667 -3.888 M464 0.025917087 24.876184 0.9514318 1.7394396 22.066048 2.192272 decam 0.49374923 -20.068174 141 object IBIS_wide_M464_334456 334456 0.028705 924.0 1948.0 -0.03207556 1.0000125 0.00064865267 0.2130238 -0.0003518269 1.000216 16073133887 140.77554
/home/declsp/obsbot/rawdata/DECam_01481235.fits.fz N4 1481235 470.5675 61179.08058106 1.13 197.13474952303648 -2.766103833124153 197.14227083333333 -2.691 M464 0.027068233 24.890606 0.96613556 1.4571761 22.044657 1.528525 decam -9.8425255 -18.457434 165 object IBIS_wide_M464_334459 334459 0.025486 924.0 1948.0 -0.088406 1.0001898 0.0006896394 0.10849956 -0.00070335326 0.9999193 16756859652 307.85724
/home/declsp/obsbot/rawdata/DECam_01481236.fits.fz N4 1481236 561.737 61179.08636487 1.13 199.01175857660522 -2.650103834123527 199.01927916666668 -2.575 M464 0.027340032 24.892672 0.96797615 1.3801603 22.099157 1.2993113 decam -14.836373 -14.674921 185 object IBIS_wide_M464_331475 331475 0.029018 924.0 1948.0 -0.24871969 1.0000691 0.0006127227 0.0794428 -0.0006735101 0.9999058 16603168860 432.33444
/home/declsp/obsbot/rawdata/DECam_01481237.fits.fz N4 1481237 455.7675 61179.09319399 1.13 200.37875548888667 -2.4661038357083593 200.386275 -2.391 M464 0.0290009 24.890013 0.9656084 1.2423452 22.11418 1.0437368 decam -15.004577 -17.531776 169 object IBIS_wide_M464_331235 331235 0.031446 924.0 1948.0 -0.016614271 1.000146 0.00085240504 0.09559601 -0.000792812 0.99980354 16315472245 436.66898
/home/declsp/obsbot/rawdata/DECam_01481238.fits.fz N4 1481238 800.0 61179.09878026 1.13 202.11275717503264 -2.1471038384549566 202.12027500000002 -2.072 M464 0.045588978 24.888655 0.96440166 1.2232604 22.110813 1.0176532 decam -14.622568 -16.214453 176 object IBIS_wide_M464_334220 334220 0.037504 924.0 1948.0 -0.08169227 1.0000669 0.00069792 0.009526709 -0.00089378934 1.0001938 17037231976 786.1224
/home/declsp/obsbot/rawdata/DECam_01481239.fits.fz N4 1481239 422.3777 61179.10836834 1.13 201.45174942764137 -2.7811038329949094 201.45927083333333 -2.706 M464 0.036832407 24.885057 0.961211 1.1568052 22.11309 0.9143994 decam -18.268131 -0.3650459 155 object IBIS_wide_M464_334219 334219 0.037156 924.0 1948.0 -0.01753734 1.0001383 0.0007713615 0.03224731 -0.00081516587 1.0000459 16326597491 461.91815
/home/declsp/obsbot/rawdata/DECam_01481240.fits.fz N4 1481240 399.7078 61179.11358008 1.13 203.25675962159826 -2.472103835656688 203.26427916666665 -2.3970000000000002 M464 0.037621867 24.889755 0.9653797 1.1707646 22.052559 0.9817222 decam -8.799052 -2.449845 182 object IBIS_wide_M464_331231 331231 0.037691 924.0 1948.0 -0.116424285 1.000094 0.0009216313 0.2413582 -0.0010056429 0.99987113 16983305899 407.1496
/home/declsp/obsbot/rawdata/DECam_01481241.fits.fz N4 1481241 397.4277 61179.11851948 1.13 204.94475700145043 -2.182103838153665 204.952275 -2.107 M464 0.050723128 24.887604 0.9634682 1.1778488 22.097372 0.9572276 decam -16.98774 3.1124618 160 object IBIS_wide_M464_334216 334216 0.041613 924.0 1948.0 -0.2453817 0.9999394 0.0008852224 -0.076262854 -0.00070387544 0.9998844 16276796269 415.18622
/home/declsp/obsbot/rawdata/DECam_01481242.fits.fz N4 1481242 533.2468 61179.12347397 1.14 208.11676262910726 -1.8671038408648122 208.12427916666667 -1.792 M464 0.051117446 24.892738 0.9700264 1.1563549 22.104322 0.9081538 decam -8.109145 1.6969213 167 object IBIS_wide_M464_331305 331305 0.047865 924.0 1948.0 0.026049137 1.0000267 0.00095142465 -0.07022781 -0.00093326776 1.000028 16503784369 587.1768
/home/declsp/obsbot/rawdata/DECam_01481243.fits.fz N4 1481243 371.7178 61179.12995631 1.14 209.84075959533942 -1.580103843334119 209.848275 -1.505 M464 0.04752355 24.892872 0.97014606 1.088441 22.099392 0.8082718 decam -21.103914 0.8431098 155 object IBIS_wide_M464_334286 334286 0.050481 924.0 1948.0 -0.01346469 1.0001942 0.0011168573 0.3613064 -0.0015061065 1.000116 16152136011 459.89206
/home/declsp/obsbot/rawdata/DECam_01481244.fits.fz N4 1481244 498.0471 61179.13457958 1.14 212.34076262482955 -1.8681038408562074 212.34827916666666 -1.793 M464 0.0654941 24.891768 0.96915925 1.1551721 22.085917 0.92344713 decam -18.533396 2.4068923 205 object IBIS_wide_M464_331285 331285 0.058806 924.0 1948.0 -0.16124383 1.0000552 0.0010800571 0.16387297 -0.0013267823 1.0000002 16479323016 539.3347
/home/declsp/obsbot/rawdata/DECam_01481245.fits.fz N4 1481245 560.6567 61179.14068832 1.14 212.90375962781113 -1.571103843411542 212.911275 -1.496 M464 0.06506244 24.892563 0.96986896 1.1633501 22.089483 0.93210495 decam -8.569964 6.978565 165 object IBIS_wide_M464_334271 334271 0.057786 924.0 1948.0 0.0062193815 1.0001886 0.001235787 0.25742143 -0.0011964792 0.9999678 16605451862 601.49524
/home/declsp/obsbot/rawdata/DECam_01481246.fits.fz N4 1481246 507.6069 61179.14749251 1.15 211.32076381243743 -1.5661038434545547 211.32827916666668 -1.491 M464 0.055783134 24.879734 0.9604468 1.1650552 22.085354 0.9608384 decam -17.836306 15.02343 171 object IBIS_wide_M464_334295 334295 0.054743 924.0 1948.0 -0.008134234 1.0000813 0.0010749041 -0.089860015 -0.0013909718 0.9998913 16437250576 528.29584
/home/declsp/obsbot/rawdata/DECam_01481247.fits.fz N4 1481247 593.9765 61179.15375907 1.13 215.70675457643253 -3.2421038290211386 215.71427916666667 -3.167 M464 0.0618586 24.894808 0.9698817 1.2221261 22.050098 1.0620854 decam -13.376306 22.592407 180 object IBIS_wide_M464_330977 330977 0.060696 924.0 1948.0 0.21203643 1.0000954 0.0013461036 0.0060515343 -0.0011809447 0.9999674 16898878958 559.25494
/home/declsp/obsbot/rawdata/DECam_01481248.fits.fz N4 1481248 457.6173 61179.1609425 1.13 216.3117525984153 -2.9331038316850546 216.31927499999998 -2.858 M464 0.06400896 24.884134 0.9603949 1.1252316 22.030342 0.9353687 decam -14.083914 15.096481 204 object IBIS_wide_M464_339955 339955 0.062817 924.0 1948.0 -0.21872294 1.00019 0.0012800946 0.13523416 -0.0013759261 0.9999889 16498375033 489.23734
/home/declsp/obsbot/rawdata/DECam_01481249.fits.fz N4 1481249 161.929 61179.16659627 1.11 217.339714940675 -6.140103803936575 217.34727083333334 -6.065 M464 0.062411472 24.891937 0.9633557 1.1210402 22.0031 0.938432 decam 0.6317284 15.2499895 179 object IBIS_wide_M464_339932 339932 0.053756 924.0 1948.0 -0.4685631 1.0000992 0.0013648422 0.41737345 -0.0014198127 0.99996763 15778341113 172.55273
/home/declsp/obsbot/rawdata/DECam_01481250.fits.fz N4 1481250 731.5156 61179.1688082 1.12 219.52074292342022 -3.6611038254062738 219.52827083333332 -3.586 M464 0.09566522 24.873226 0.94884384 1.1977663 21.997852 1.1139461 decam -14.695149 12.642264 208 object IBIS_wide_M464_336964 336964 0.09645 924.0 1948.0 -0.08458446 1.0001564 0.0014800378 0.1863811 -0.0015868011 1.0000609 18042614394 656.68854
/home/declsp/obsbot/rawdata/DECam_01481251.fits.fz N4 1481251 473.807 61179.1775896 1.11 219.52872437341364 -6.062103804614728 219.53627916666667 -5.987 M464 0.06571594 24.892305 0.963683 1.1006197 21.996147 0.90981585 decam -0.4730874 9.542004 233 object IBIS_wide_M464_336952 336952 0.065744 924.0 1948.0 -0.16873996 1.000083 0.0014484761 0.012938905 -0.0014062877 1.0000341 16576675889 520.7724
/home/declsp/obsbot/rawdata/DECam_01481252.fits.fz N4 1481252 544.2567 61179.18339225 1.13 221.28573876399406 -4.5441038177767545 221.293275 -4.469 M464 0.08115929 24.896078 0.9710184 1.131373 21.996689 0.95412844 decam -10.37712 2.985187 239 object IBIS_wide_M464_339942 339942 0.081149 924.0 1948.0 -0.41566887 1.000237 0.0014779364 0.07062924 -0.0015350947 0.99993914 16653650442 570.4229
/home/declsp/obsbot/rawdata/DECam_01481253.fits.fz N4 1481253 563.1765 61179.19002615 1.14 222.18274712369578 -3.657103825440798 222.190275 -3.582 M464 0.10061068 24.871738 0.9514444 1.0757506 21.981318 0.9152281 decam 2.9542356 2.6859927 230 object IBIS_wide_M464_337527 337527 0.094692 924.0 1948.0 -0.05102038 1.0001678 0.0015385952 0.17250274 -0.0013662011 1.0000267 16737331386 615.34
