logs/db-2024-11-03.ecsv
# %ECSV 1.0
# ---
# datatype:
# - {name: filename, datatype: string}
# - {name: extension, datatype: string}
# - {name: expnum, datatype: int64}
# - {name: exptime, datatype: float32}
# - {name: mjd_obs, datatype: float64}
# - {name: airmass, datatype: float32}
# - {name: racenter, datatype: float64}
# - {name: deccenter, datatype: float64}
# - {name: rabore, datatype: float64}
# - {name: decbore, datatype: float64}
# - {name: band, datatype: string}
# - {name: ebv, datatype: float32}
# - {name: zeropoint, datatype: float32}
# - {name: transparency, datatype: float32}
# - {name: seeing, datatype: float32}
# - {name: sky, datatype: float32}
# - {name: expfactor, datatype: float32}
# - {name: camera, datatype: string}
# - {name: dx, datatype: float32}
# - {name: dy, datatype: float32}
# - {name: nmatched, datatype: int64}
# - {name: obstype, datatype: string}
# - {name: object, datatype: string}
# - {name: tileid, datatype: int64}
# - {name: tileebv, datatype: float32}
# - {name: affine_x0, datatype: float32}
# - {name: affine_y0, datatype: float32}
# - {name: affine_dx, datatype: float32}
# - {name: affine_dxx, datatype: float32}
# - {name: affine_dxy, datatype: float32}
# - {name: affine_dy, datatype: float32}
# - {name: affine_dyx, datatype: float32}
# - {name: affine_dyy, datatype: float32}
# - {name: checksum, datatype: string}
# - {name: efftime, datatype: float32}
# schema: astropy-2.0
filename extension expnum exptime mjd_obs airmass racenter deccenter rabore decbore band ebv zeropoint transparency seeing sky expfactor camera dx dy nmatched obstype object tileid tileebv affine_x0 affine_y0 affine_dx affine_dxx affine_dxy affine_dy affine_dyx affine_dyy checksum efftime
rawdata/DECam_01338015.fits.fz N4 1338015 5.0 60618.01591243 1.0 339.13848308717047 -31.738991607827483 339.14731666666665 -31.663888055555557 r 0.015106 0.0 0.0 0.0 20.732555 0.0 decam 0.0 0.0 0 object pointing 0 0.0 0.0 0.0 0.0 0.0 0.0 0.0 0.0 0.0 15575967625 0.0
rawdata/DECam_01338017.fits.fz N4 1338017 5.0 60618.0230384 1.02 343.16323338400645 -20.585453671937714 343.1712583333333 -20.51035 g 0.03460902 26.685675 1.0755472 1.6575363 21.551086 2.9431896 decam -5.4434276 31.933113 45 object "LTT9239 N4 g" 0 0.0 924.0 1948.0 -0.17206788 0.9997253 0.00057833066 0.11595793 -0.0011498686 1.0000018 15452846425 1.6988372
rawdata/DECam_01338016.fits.fz N4 1338016 30.0 60618.017771 1.0 339.13848308717047 -31.738991607827483 339.14731666666665 -31.663888055555557 r 0.015106 0.0 0.0 0.0 20.796904 0.0 decam 0.0 0.0 0 object pointing 0 0.0 0.0 0.0 0.0 0.0 0.0 0.0 0.0 0.0 16525003205 0.0
rawdata/DECam_01338018.fits.fz N4 1338018 15.0 60618.02345239 1.02 343.16323338400645 -20.585453671937714 343.1712583333333 -20.51035 M438 0.03460902 24.772516 0.9889866 1.9002666 21.591496 4.6816926 decam -15.385672 37.43062 26 object "LTT9239 N4 M438" 0 0.0 924.0 1948.0 -0.30057555 0.9996107 0.0005667679 -0.04844697 -0.0012219776 0.9999298 15406834316 3.2039695
rawdata/DECam_01338019.fits.fz N4 1338019 15.0 60618.02395892 1.02 343.16323338400645 -20.585453671937714 343.1712583333333 -20.51035 M490 0.03460902 24.965212 0.9900587 1.5398469 21.553127 3.0773323 decam -15.300934 39.048435 41 object "LTT9239 N4 M490" 0 0.0 924.0 1948.0 -0.15659484 0.9996732 0.00061091356 0.09170363 -0.0010232418 0.99990815 15416666299 4.874352
rawdata/DECam_01338020.fits.fz N4 1338020 15.0 60618.02448394 1.02 343.16323338400645 -20.585453671937714 343.1712583333333 -20.51035 M517 0.03460902 24.765408 0.9989766 1.6049048 21.22207 4.3806286 decam -5.771556 30.38269 41 object "LTT9239 N517" 0 0.0 924.0 1948.0 -0.22818643 0.99986875 0.0005691017 -0.02083767 -0.0010146882 0.999952 15422077059 3.4241662
rawdata/DECam_01338021.fits.fz N4 1338021 3.0 60618.02499547 1.02 343.16323338400645 -20.585453671937714 343.1712583333333 -20.51035 g 0.03460902 26.676308 1.0663089 1.7849247 21.534458 3.5255077 decam -7.7028503 34.98881 37 object "LTT9239 g" 0 0.0 924.0 1948.0 -0.25825134 0.99997437 0.0005819379 0.12029163 -0.0011932327 0.9998503 15410313517 0.8509413
rawdata/DECam_01338022.fits.fz N4 1338022 3.0 60618.02550859 1.04 349.88815735313506 -17.083381761113934 349.89601666666664 -17.008278055555557 g 0.02964856 26.65913 1.0528636 1.9351815 21.558218 4.063104 decam -7.0745564 30.185156 30 object "LTT9491 N4 g" 0 0.0 924.0 1948.0 -0.10672305 0.9998393 0.00025171053 -0.19369528 -0.0003759225 0.99960864 15411439984 0.73835176
rawdata/DECam_01338023.fits.fz N4 1338023 15.0 60618.02587345 1.04 349.88815735313506 -17.083381761113934 349.89601666666664 -17.008278055555557 M438 0.02964856 24.775 0.9962488 1.8056418 21.726295 3.579979 decam -7.762679 31.39009 23 object "LTT9491 N4 M438" 0 0.0 924.0 1948.0 0.12288468 0.99942964 0.0003288091 -0.5419557 -0.00035302565 0.9996233 15401612026 4.1899686
rawdata/DECam_01338024.fits.fz N4 1338024 15.0 60618.0263909 1.04 349.88815735313506 -17.083381761113934 349.89601666666664 -17.008278055555557 M490 0.02964856 24.958088 0.9871588 1.6646851 21.61014 3.3441024 decam -4.6001945 27.075068 32 object "LTT9491 N4 M490" 0 0.0 924.0 1948.0 -0.029466344 0.9999322 0.00025800394 -0.5545066 -0.0004256498 0.9996033 15414335632 4.4855084
rawdata/DECam_01338025.fits.fz N4 1338025 15.0 60618.02692798 1.04 349.88815735313506 -17.083381761113934 349.89601666666664 -17.008278055555557 M517 0.02964856 24.743542 0.98220193 1.6400913 21.269192 4.4212346 decam -8.245676 40.2769 34 object "LTT9491 N4 N517" 0 0.0 924.0 1948.0 -0.071018584 0.9999877 0.00023084664 -0.2837884 -0.00025922936 0.99956447 15420508562 3.3927176
rawdata/DECam_01338026.fits.fz N4 1338026 3.0 60618.02745148 1.04 349.88815735313506 -17.083381761113934 349.89601666666664 -17.008278055555557 g 0.02964856 26.64932 1.0433946 2.0548296 21.552414 4.689231 decam -5.7462025 29.361525 30 object "LTT9491 N4 g" 0 0.0 924.0 1948.0 0.06049488 0.99965864 0.00022909987 -0.4561133 -0.0003555323 0.99946517 15409290670 0.6397638
rawdata/DECam_01338027.fits.fz N4 1338027 5.0 60618.02894225 1.18 352.0937707623775 0.1448961418342408 352.10128333333336 0.22 g 0.04188992 26.656702 1.073793 1.4638999 21.52955 2.5795233 decam -5.998653 55.0466 43 object pointing 0 0.0 924.0 1948.0 -0.22846182 0.9997392 0.0005687702 -0.10664603 -0.00032510376 0.99995005 15451972311 1.9383426
rawdata/DECam_01338028.fits.fz N4 1338028 500.0 60618.03033817 1.17 352.0937707623775 0.1448961418342408 352.10128333333336 0.22 M438 0.04188992 24.761362 1.0165038 1.4596956 21.6703 2.7720962 decam -3.826749 -5.979572 81 object IBIS_deep_deep2f3_M438_1 0 0.0 924.0 1948.0 -0.032060187 1.0002964 0.00011822713 -0.20805693 -0.00024916284 0.9997885 16671491799 180.36893
rawdata/DECam_01338029.fits.fz N4 1338029 500.0 60618.03649531 1.17 352.0937707623775 0.1448961418342408 352.10128333333336 0.22 M490 0.04188992 24.951683 1.0047761 1.424824 21.586334 2.7513382 decam 8.074565 -16.687004 90 object IBIS_deep_deep2f3_M490_1 0 0.0 924.0 1948.0 -0.0769342 1.0000834 0.00022711925 -0.1396435 4.3047396e-05 0.99983585 17052958500 181.72975
rawdata/DECam_01338030.fits.fz N4 1338030 500.0 60618.04376956 1.55 34.32973207481943 -5.484103809634076 34.33727916666667 -5.409 M438 0.023258748 24.70352 1.0603949 1.4375495 21.62044 2.7202518 decam -11.502569 11.741174 53 object IBIS_deep_xmm_M438_64 0 0.0 924.0 1948.0 -0.32210714 0.999494 -0.0012593821 -0.38221622 0.0013613602 1.0000615 16732459624 183.80652
rawdata/DECam_01338031.fits.fz N4 1338031 500.0 60618.05060683 1.52 34.68274395988089 -4.0161038223409244 34.690275 -3.941 M438 0.021579113 24.717764 1.0663251 1.2507691 21.63011 1.9638555 decam -8.418695 5.3098116 58 object IBIS_deep_xmm_M438_59 0 0.0 924.0 1948.0 -0.4192549 1.0000631 -0.0018411081 -0.14330615 0.0008936366 1.0000178 17051189834 254.60121
rawdata/DECam_01338032.fits.fz N4 1338032 500.0 60618.05681297 1.48 36.055725427431156 -5.349103810804979 36.063270833333334 -5.274 M438 0.024518557 24.72204 1.0598198 1.4040614 21.688639 2.3779342 decam 3.3261907 13.784115 45 object IBIS_deep_xmm_M438_48 0 0.0 924.0 1948.0 0.13946508 0.99980277 -0.0016915979 -0.17346177 0.0014611552 1.0001484 16647047252 210.26654
rawdata/DECam_01338033.fits.fz N4 1338033 485.0 60618.06297963 1.43 36.055725427431156 -5.349103810804979 36.063270833333334 -5.274 M517 0.024518557 24.74466 1.0466262 1.3082467 21.25082 2.766669 decam 10.813802 -0.6571554 59 object IBIS_deep_xmm_M517_48 0 0.0 924.0 1948.0 0.26235357 0.99984324 -0.001651896 -0.14545992 0.0012138161 1.0002683 17191810784 175.30106
rawdata/DECam_01338034.fits.fz N4 1338034 500.0 60618.06896444 1.4 36.33673548813323 -5.207103812036035 36.34427916666667 -5.132 M438 0.028377183 24.745564 1.0614645 1.4380565 21.707802 2.4162092 decam 14.178064 1.1666924 58 object IBIS_deep_xmm_M438_49 0 0.0 924.0 1948.0 0.819172 1.0002166 -0.0017333314 -0.8259238 0.0017540898 1.000225 16639742904 206.93571
rawdata/DECam_01338035.fits.fz N4 1338035 500.0 60618.0751388 1.36 36.33673548813323 -5.207103812036035 36.34427916666667 -5.132 M517 0.028377183 24.749388 1.0394671 1.285043 21.277657 2.6447647 decam 7.7652354 -11.883298 75 object IBIS_deep_xmm_M517_49 0 0.0 924.0 1948.0 0.864756 1.0003822 -0.0016515143 -0.65510744 0.0018555025 1.0002846 17244320118 189.05273
rawdata/DECam_01338036.fits.fz N4 1338036 500.0 60618.08132658 1.33 36.523730138551535 -4.952103814245354 36.53127083333333 -4.877 M438 0.026935395 24.73673 1.0344949 1.4618832 21.73522 2.4476957 decam 18.40619 0.29977128 64 object IBIS_deep_xmm_M438_50 0 0.0 924.0 1948.0 0.31356373 1.000135 -0.0016504627 -0.30871242 0.0016537018 0.9999239 16590658625 204.27376
rawdata/DECam_01338037.fits.fz N4 1338037 500.0 60618.08749592 1.3 36.523730138551535 -4.952103814245354 36.53127083333333 -4.877 M517 0.026935395 24.746943 1.027204 1.2510464 21.280886 2.488218 decam 11.248555 -13.969062 79 object IBIS_deep_xmm_M517_50 0 0.0 924.0 1948.0 0.09129871 1.0003041 -0.0016021631 -0.27555773 0.0017652691 0.9999024 17212489228 200.94702
rawdata/DECam_01338038.fits.fz N4 1338038 500.0 60618.0936474 1.28 36.59073771768469 -4.6431038169202505 36.598275 -4.568 M438 0.027514186 24.767576 1.0510086 1.2026472 21.743515 1.5608412 decam 11.9643135 -6.095125 75 object IBIS_deep_xmm_M438_51 0 0.0 924.0 1948.0 0.22738771 1.000117 -0.00164809 -0.25772607 0.0017024719 1.0002056 16634648486 320.3401
rawdata/DECam_01338039.fits.fz N4 1338039 500.0 60618.09982096 1.25 36.59073771768469 -4.6431038169202505 36.598275 -4.568 M490 0.027514186 24.954523 1.022137 1.2898077 21.599499 2.012913 decam 16.158665 -12.85956 83 object IBIS_deep_xmm_M490_51 0 0.0 924.0 1948.0 0.3576135 1.0000007 -0.0017019068 -0.27424833 0.0017220466 1.0001768 17095553923 248.39622
rawdata/DECam_01338040.fits.fz N4 1338040 407.0 60618.10596668 1.23 36.59073771768469 -4.6431038169202505 36.598275 -4.568 M517 0.027514186 24.74491 1.0138451 1.5291988 21.256535 3.8280327 decam 15.921219 -28.913563 82 object IBIS_deep_xmm_M517_51 0 0.0 924.0 1948.0 0.26836327 1.0000643 -0.0017187922 -0.24781395 0.0016977203 1.0001677 16956177950 106.32093
rawdata/DECam_01338041.fits.fz N4 1338041 500.0 60618.11104061 1.21 36.539740937920406 -4.331103819618743 36.547275000000006 -4.256 M438 0.025886 24.78328 1.0477173 1.5066092 21.740253 2.356168 decam 25.329924 -15.9763365 58 object IBIS_deep_xmm_M438_52 0 0.0 924.0 1948.0 -0.07327503 1.0001835 -0.0015022489 -0.4345434 0.0013757234 1.0001632 16603637242 212.20897
rawdata/DECam_01338042.fits.fz N4 1338042 500.0 60618.11723274 1.19 36.539740937920406 -4.331103819618743 36.547275000000006 -4.256 M490 0.025886 24.951443 1.0082054 1.3274331 21.607298 2.1055763 decam 12.128079 -28.1725 81 object IBIS_deep_xmm_M490_52 0 0.0 924.0 1948.0 0.117501594 1.0001804 -0.0015608192 -0.27079946 0.0014359846 1.000165 17038959969 237.46468
rawdata/DECam_01338043.fits.fz N4 1338043 500.0 60618.12339551 1.18 36.384747764877716 -4.055103822004011 36.39227916666667 -3.98 M438 0.029062042 24.806025 1.0618558 1.5040118 21.748817 2.288305 decam 25.619131 -13.794702 66 object IBIS_deep_xmm_M438_53 0 0.0 924.0 1948.0 -0.22638446 1.0004101 -0.0017417193 -0.221749 0.0010538151 0.99993455 16588166269 218.50233
rawdata/DECam_01338044.fits.fz N4 1338044 500.0 60618.12955949 1.16 36.384747764877716 -4.055103822004011 36.39227916666667 -3.98 M490 0.029062042 24.965418 1.0157226 1.3658946 21.579199 2.277435 decam 25.458115 -25.974463 74 object IBIS_deep_xmm_M490_53 0 0.0 924.0 1948.0 0.10673798 1.0004243 -0.0016864198 -0.2615866 0.001171966 0.9998471 17077344784 219.54523
rawdata/DECam_01338045.fits.fz N4 1338045 500.0 60618.13572299 1.15 36.14874136389894 -3.8421038238436958 36.15627083333334 -3.767 M438 0.024478564 24.806896 1.0547236 1.4533012 21.711378 2.132994 decam 22.414997 -12.099081 59 object IBIS_deep_xmm_M438_54 0 0.0 924.0 1948.0 0.26775622 1.000404 -0.0015221932 -0.071718656 0.00078897877 0.99948984 17835294677 234.4123
rawdata/DECam_01338046.fits.fz N4 1338046 500.0 60618.14188324 1.14 36.14874136389894 -3.8421038238436958 36.15627083333334 -3.767 M490 0.024478564 24.972754 1.0189044 1.3674452 21.58206 2.1781163 decam 23.00972 -33.158684 68 object IBIS_deep_xmm_M490_54 0 0.0 924.0 1948.0 -0.17255847 1.0005178 -0.0015642253 0.0136363655 0.0006093915 0.99944067 19263499815 229.55615
rawdata/DECam_01338047.fits.fz N4 1338047 500.0 60618.1480473 1.13 35.860742517228324 -3.70910382499195 35.868270833333334 -3.634 M438 0.026497362 24.81134 1.0537373 1.1787198 21.762506 1.3489232 decam 32.09712 -12.960742 67 object IBIS_deep_xmm_M438_55 0 0.0 924.0 1948.0 0.23753124 0.9999515 -0.0014534937 -0.008890781 0.0013971742 1.0001277 16631556256 370.66602
rawdata/DECam_01338048.fits.fz N4 1338048 500.0 60618.15422989 1.13 35.860742517228324 -3.70910382499195 35.868270833333334 -3.634 M490 0.026497362 24.979399 1.0233016 1.1982573 21.613398 1.6276478 decam 24.565432 -17.697422 76 object IBIS_deep_xmm_M490_55 0 0.0 924.0 1948.0 0.3888013 0.99973994 -0.0014309117 -0.1295699 0.0017518072 1.0001878 17128006402 307.19177
rawdata/DECam_01338049.fits.fz N4 1338049 380.0 60618.16037467 1.12 35.860742517228324 -3.70910382499195 35.868270833333334 -3.634 M517 0.026497362 24.767252 1.0168402 1.3272063 21.28961 2.6681755 decam 22.381697 -22.269693 76 object IBIS_deep_xmm_M517_55 0 0.0 924.0 1948.0 0.38841334 1.0001589 -0.0015735358 -0.0801027 0.0017700173 1.0001473 16846646850 142.41942
rawdata/DECam_01338050.fits.fz N4 1338050 495.0 60618.16514966 1.12 35.54574289818932 -3.6641038253803795 35.553270833333336 -3.589 M438 0.02429236 24.797445 1.0377246 1.3407626 21.766212 1.7542368 decam 18.558971 10.253405 54 object IBIS_deep_xmm_M438_56 0 0.0 924.0 1948.0 0.1613456 0.99990535 -0.001328968 -0.2900711 0.0016520536 1.0000933 16579205120 282.17398
rawdata/DECam_01338051.fits.fz N4 1338051 500.0 60618.17124217 1.12 35.54574289818932 -3.6641038253803795 35.553270833333336 -3.589 M490 0.02429236 24.97028 1.0129037 1.2232459 21.603954 1.7144035 decam 13.91095 -0.70911384 63 object IBIS_deep_xmm_M490_56 0 0.0 924.0 1948.0 0.04027846 0.99995273 -0.0013609353 -0.18435405 0.0017199023 1.0000578 17064044158 291.64664
rawdata/DECam_01338052.fits.fz N4 1338052 499.0 60618.17741591 1.12 35.54574289818932 -3.6641038253803795 35.553270833333336 -3.589 M517 0.02429236 24.771109 1.0204592 1.1307424 21.252182 1.9642743 decam 7.197507 2.510276 63 object IBIS_deep_xmm_M517_56 0 0.0 924.0 1948.0 -0.02019356 0.9999068 -0.0013665501 -0.074572295 0.0016798036 1.0000365 17285517016 254.03784
rawdata/DECam_01338053.fits.fz N4 1338053 500.0 60618.18359314 1.12 35.23074255128113 -3.70510382502648 35.23827083333333 -3.63 M438 0.022458946 24.785166 1.026055 1.4479225 21.759192 2.0768347 decam 9.144668 25.286873 66 object IBIS_deep_xmm_M438_57 0 0.0 924.0 1948.0 0.17216973 0.9996997 -0.0014996009 0.0005767041 0.0017250911 1.0002617 16576156893 240.75099
rawdata/DECam_01338054.fits.fz N4 1338054 500.0 60618.18975979 1.12 35.23074255128113 -3.70510382502648 35.23827083333333 -3.63 M490 0.022458946 24.96842 1.0111696 1.3886933 21.653248 2.09205 decam 20.187824 15.304648 74 object IBIS_deep_xmm_M490_57 0 0.0 924.0 1948.0 0.45401397 0.9999986 -0.0018626844 -0.09794472 0.0015374696 1.0001587 16958600011 239.00002
rawdata/DECam_01338055.fits.fz N4 1338055 500.0 60618.19591448 1.13 35.23074255128113 -3.70510382502648 35.23827083333333 -3.63 M517 0.022458946 24.768148 1.0193121 1.2215284 21.318514 2.1430042 decam 23.341345 5.2643733 80 object IBIS_deep_xmm_M517_57 0 0.0 924.0 1948.0 0.4170739 1.0001268 -0.0015863759 0.018603234 0.001561921 0.99996513 17144366025 233.31732
rawdata/DECam_01338056.fits.fz N4 1338056 500.0 60618.20207124 1.14 34.9367415048109 -3.8261038239818506 34.944270833333334 -3.751 M438 0.019765398 24.777494 1.0239663 1.5365689 21.777655 2.2849073 decam 21.03271 31.461535 56 object IBIS_deep_xmm_M438_58 0 0.0 924.0 1948.0 0.7013989 1.0003176 -0.0016568368 -0.4748707 0.0019899898 1.0001012 16550254522 218.82726
rawdata/DECam_01338057.fits.fz N4 1338057 500.0 60618.20822757 1.14 34.9367415048109 -3.8261038239818506 34.944270833333334 -3.751 M490 0.019765398 24.946129 0.99422306 1.4735172 21.654049 2.4081364 decam 20.168623 12.732087 70 object IBIS_deep_xmm_M490_58 0 0.0 924.0 1948.0 0.7088238 1.0004994 -0.0015738361 -0.610267 0.0020252755 1.0002732 16960918214 207.62944
rawdata/DECam_01338058.fits.fz N4 1338058 500.0 60618.21439373 1.16 34.9367415048109 -3.8261038239818506 34.944270833333334 -3.751 M517 0.019765398 24.753302 1.0103145 1.3351927 21.31499 2.5951622 decam 20.984453 10.015218 78 object IBIS_deep_xmm_M517_58 0 0.0 924.0 1948.0 0.6839704 1.0003716 -0.0017907363 -0.5217874 0.0015560744 1.0003566 17152354375 192.66618
