logs/db-2025-12-10.ecsv
# %ECSV 1.0
# ---
# datatype:
# - {name: filename, datatype: string}
# - {name: extension, datatype: string}
# - {name: expnum, datatype: int64}
# - {name: exptime, datatype: float32}
# - {name: mjd_obs, datatype: float64}
# - {name: airmass, datatype: float32}
# - {name: racenter, datatype: float64}
# - {name: deccenter, datatype: float64}
# - {name: rabore, datatype: float64}
# - {name: decbore, datatype: float64}
# - {name: band, datatype: string}
# - {name: ebv, datatype: float32}
# - {name: zeropoint, datatype: float32}
# - {name: transparency, datatype: float32}
# - {name: seeing, datatype: float32}
# - {name: sky, datatype: float32}
# - {name: expfactor, datatype: float32}
# - {name: camera, datatype: string}
# - {name: dx, datatype: float32}
# - {name: dy, datatype: float32}
# - {name: nmatched, datatype: int64}
# - {name: obstype, datatype: string}
# - {name: object, datatype: string}
# - {name: tileid, datatype: int64}
# - {name: tileebv, datatype: float32}
# - {name: affine_x0, datatype: float32}
# - {name: affine_y0, datatype: float32}
# - {name: affine_dx, datatype: float32}
# - {name: affine_dxx, datatype: float32}
# - {name: affine_dxy, datatype: float32}
# - {name: affine_dy, datatype: float32}
# - {name: affine_dyx, datatype: float32}
# - {name: affine_dyy, datatype: float32}
# - {name: checksum, datatype: string}
# - {name: efftime, datatype: float32}
# schema: astropy-2.0
filename extension expnum exptime mjd_obs airmass racenter deccenter rabore decbore band ebv zeropoint transparency seeing sky expfactor camera dx dy nmatched obstype object tileid tileebv affine_x0 affine_y0 affine_dx affine_dxx affine_dxy affine_dy affine_dyx affine_dyy checksum efftime
[from data line 43]
rawdata/DECam_01440000.fits.fz N4 1440000 164.8289 61020.1096614 1.07 36.061573821758884 -12.569103747108317 36.069270833333334 -12.494 M517 0.019476783 25.05828 1.0379688 0.8961919 21.887363 0.6351961 decam -13.376231 8.219466 86 object IBIS_wide_M517_511970 511970 0.019519 924.0 1948.0 -0.0014423174 1.0002074 -0.0017724636 -0.33585966 0.0018371734 0.9999704 15825168190 259.49295
rawdata/DECam_01440001.fits.fz N4 1440001 171.129 61020.1118956 1.08 38.92964093051844 -10.062103769525526 38.937270833333336 -9.987 M517 0.031193508 25.07176 1.0526209 0.9076451 21.8887 0.68292105 decam -18.856577 13.369921 90 object IBIS_wide_M517_509938 509938 0.026705 924.0 1948.0 0.40607762 1.0001442 -0.0019075467 0.060158033 0.0019002266 0.99994814 15855871692 250.58386
rawdata/DECam_01440002.fits.fz N4 1440002 141.1792 61020.11423354 1.07 37.7035535498388 -13.35810373996649 37.711275 -13.283 M517 0.01876232 25.112984 1.0916057 0.8835008 21.914871 0.54181916 decam -15.03414 0.6310695 99 object IBIS_wide_M517_509888 509888 0.019705 924.0 1948.0 0.4129469 1.0000123 -0.0019534768 0.1066648 0.0019054065 1.0001402 15794827230 260.56516
rawdata/DECam_01440003.fits.fz N4 1440003 189.4389 61020.1161963 1.08 37.61760329761534 -11.386103757735553 37.62526666666667 -11.311 M517 0.029891478 25.08094 1.0615591 0.87974876 21.883379 0.62891656 decam -20.28638 11.856222 104 object IBIS_wide_M517_509899 509899 0.02383 924.0 1948.0 0.25322872 1.0000365 -0.0017492683 -0.05477199 0.0022420546 0.9997535 15890251249 301.2147
rawdata/DECam_01440004.fits.fz N4 1440004 149.8892 61020.11871612 1.08 38.42158790196956 -11.943103752743442 38.42926666666666 -11.868 M517 0.022196006 25.057028 1.0384338 0.882154 21.909384 0.6149073 decam -31.531694 -0.69993764 103 object IBIS_wide_M517_506911 506911 0.023267 924.0 1948.0 0.092008285 1.0000226 -0.0018505875 -0.2619674 0.0017229887 1.000143 15769345984 243.75902
rawdata/DECam_01440005.fits.fz N4 1440005 156.9892 61020.12080099 1.07 37.399530413953045 -13.937103734695901 37.407270833333335 -13.862 M517 0.020677099 25.065773 1.0451554 0.8773303 21.923523 0.5851805 decam -17.384716 0.9512457 112 object IBIS_wide_M517_506902 506902 0.019624 924.0 1948.0 -0.5100061 1.0000843 -0.0018003351 0.0020518198 0.0018887128 0.99993885 15925651701 268.2748
rawdata/DECam_01440006.fits.fz N4 1440006 154.9892 61020.12294435 1.08 39.176581267571066 -12.459103748100462 39.184275 -12.384 M517 0.02697802 25.09969 1.0800501 0.8913455 21.918398 0.59295404 decam -15.224908 -4.972795 113 object IBIS_wide_M517_509892 509892 0.024694 924.0 1948.0 0.8785253 1.0004206 -0.0018443668 0.1027145 0.0012490507 0.99985605 15782716144 261.38483
rawdata/DECam_01440007.fits.fz N4 1440007 164.6491 61020.12506907 1.08 38.08154956153039 -13.482103738839896 38.089275 -13.407 M517 0.02162205 25.07596 1.0567 0.93999606 21.928112 0.66010296 decam -19.861197 -2.3574595 100 object IBIS_wide_M517_506905 506905 0.019936 924.0 1948.0 0.3895505 1.0000913 -0.0019327875 0.14183782 0.001883829 0.9999067 15808152146 249.42941
rawdata/DECam_01440008.fits.fz N4 1440008 181.9189 61020.12730328 1.09 40.37260958428945 -11.307103758441986 40.380270833333334 -11.232 M517 0.033408422 25.074368 1.0568442 0.9787513 21.912088 0.78390926 decam -26.912018 5.020341 113 object IBIS_wide_M517_506928 506928 0.030205 924.0 1948.0 0.05203348 0.9998504 -0.0019873856 0.054889176 0.0020495632 0.99998426 15860961211 232.06627
rawdata/DECam_01440009.fits.fz N4 1440009 151.4092 61020.12978537 1.08 39.188501131272666 -14.898103725888873 39.196275 -14.823 M517 0.02602636 25.056366 1.037801 0.93894315 21.945543 0.6907034 decam -20.903059 1.1749743 94 object IBIS_wide_M517_509880 509880 0.024344 924.0 1948.0 0.20617123 1.0001732 -0.0019918873 0.006124852 0.001777171 0.9998802 15778672517 219.21014
rawdata/DECam_01440010.fits.fz N4 1440010 173.099 61020.13184142 1.08 40.56653589135623 -13.646103737348083 40.57426666666666 -13.571 M517 0.027074922 25.061884 1.0430897 0.9933195 21.909851 0.79573077 decam -22.368855 1.1840457 99 object IBIS_wide_M517_509884 509884 0.028486 924.0 1948.0 -0.1784645 0.999835 -0.0020454463 -0.7328492 0.0020610713 0.9999721 15974205562 217.53464
rawdata/DECam_01440011.fits.fz N4 1440011 171.409 61020.13415953 1.08 40.140523354277875 -14.02310373391082 40.14826666666667 -13.948 M517 0.024580909 25.065657 1.0467204 0.9052559 21.940237 0.6286624 decam -25.64297 0.41669506 87 object IBIS_wide_M517_506898 506898 0.026228 924.0 1948.0 0.66003186 1.0001626 -0.0019098473 0.09700053 0.0020181537 0.99999726 15819301819 272.65668
rawdata/DECam_01440012.fits.fz N4 1440012 137.6292 61020.13646262 1.09 41.58257304158097 -12.73310374562753 41.590275 -12.658 M517 0.026823174 25.062815 1.045658 0.8960364 21.941198 0.6273727 decam -30.903875 6.457837 92 object IBIS_wide_M517_506920 506920 0.0278 924.0 1948.0 0.1710211 1.0000256 -0.001885096 -0.067232385 0.0020463283 0.9999766 15741006638 219.3739
rawdata/DECam_01440013.fits.fz N4 1440013 141.9192 61020.13838709 1.08 41.27652693607594 -14.16310373263152 41.284275 -14.088 M517 0.028352866 25.059717 1.04101 0.8920547 21.883644 0.66576207 decam -31.090214 1.247702 80 object IBIS_wide_M517_509882 509882 0.026111 924.0 1948.0 0.28495646 1.0001444 -0.0020428062 -0.4509445 0.0020011426 0.9998481 15747981322 213.16806
rawdata/DECam_01440014.fits.fz N4 1440014 162.0992 61020.14034294 1.08 42.15650646033988 -14.514103729417151 42.16426666666667 -14.439 M517 0.024480566 25.055964 1.0374178 0.96270514 21.959927 0.7100906 decam -28.514017 6.934975 90 object IBIS_wide_M517_506859 506859 0.025551 924.0 1948.0 1.2255077 1.0001839 -0.0019457807 0.09056391 0.0018967678 0.9999096 15791300878 228.2796
rawdata/DECam_01440015.fits.fz N4 1440015 211.109 61020.14252795 1.09 43.047565436515015 -12.709103745844349 43.05526666666666 -12.634 M517 0.028045954 25.063507 1.046325 1.0049032 21.906696 0.81923693 decam -31.733963 11.03098 85 object IBIS_wide_M517_506921 506921 0.028787 924.0 1948.0 -0.1676467 0.99997246 -0.002129855 -0.15154767 0.0020183695 0.99997985 17315075266 257.6898
rawdata/DECam_01440016.fits.fz N4 1440016 237.189 61020.1453106 1.1 43.78358493093898 -12.19210375050519 43.791270833333336 -12.117 M517 0.03298384 25.058615 1.0432914 1.0191569 21.956 0.8379173 decam -19.146177 -0.9361196 105 object IBIS_wide_M517_506922 506922 0.03214 924.0 1948.0 0.24673487 1.0001289 -0.0020453194 -0.18233849 0.0021362545 0.9998557 15968207718 283.06967
rawdata/DECam_01440017.fits.fz N4 1440017 186.0691 61020.14835612 1.1 43.2325413318443 -13.734103736546745 43.240275 -13.659 M517 0.029968537 25.074766 1.0589277 0.9908599 21.96934 0.74536216 decam -23.21372 -1.7351723 92 object IBIS_wide_M517_509846 509846 0.033766 924.0 1948.0 0.30551648 1.0003908 -0.0019347928 -0.16209996 0.0022872707 0.9999879 15836265619 249.63583
rawdata/DECam_01440018.fits.fz N4 1440018 205.5391 61020.1508633 1.08 46.2454987171481 -14.733103727406448 46.25326666666666 -14.658 M517 0.04618454 25.036697 1.0191714 1.0772177 21.990982 1.0246296 decam -15.7480345 -2.8634636 95 object IBIS_wide_M517_509839 509839 0.046976 924.0 1948.0 -0.23837698 0.9999897 -0.0022327323 -0.070106626 0.002271117 1.0000149 15888992798 200.59843
rawdata/DECam_01440019.fits.fz N4 1440019 313.4385 61020.15357962 1.1 45.459555260879235 -13.0401037428504 45.46726666666666 -12.965 M517 0.064201586 25.056438 1.0412028 1.175511 21.968876 1.3433512 decam -28.230783 -4.8089004 94 object IBIS_wide_M517_509848 509848 0.058929 924.0 1948.0 1.0110632 0.9998015 -0.0020547784 -0.13487476 0.0021616411 1.0000179 16239037811 233.3258
rawdata/DECam_01440020.fits.fz N4 1440020 250.8388 61020.15752838 1.11 44.810541958163356 -13.715103736719811 44.818275 -13.64 M517 0.044100158 25.050524 1.0372068 1.1977024 21.955643 1.2586339 decam -19.014482 -4.6454697 98 object IBIS_wide_M517_509847 509847 0.044075 924.0 1948.0 -0.45691717 1.000027 -0.0021278602 -0.056411766 0.002292416 0.9999817 16014584336 199.2945
rawdata/DECam_01440021.fits.fz N4 1440021 286.4387 61020.16073802 1.11 46.53855485969564 -13.317103740338741 46.546275 -13.242 M517 0.07978597 25.044788 1.0317417 1.1232316 21.93693 1.4227436 decam -26.226215 -3.3301435 98 object IBIS_wide_M517_506867 506867 0.068692 924.0 1948.0 0.21816447 1.0000546 -0.002210001 -0.013078977 0.0023471904 0.99994284 16756847665 201.3284
rawdata/DECam_01440022.fits.fz N4 1440022 246.219 61020.1643765 1.11 48.281570236085884 -12.825103744796012 48.289275 -12.75 M517 0.045503266 25.059954 1.0462554 1.0760643 21.946358 1.0163302 decam -25.245674 -7.9235754 101 object IBIS_wide_M517_506866 506866 0.053919 924.0 1948.0 0.014726935 1.0004977 -0.0021877014 0.25459194 0.0020236347 0.99982977 16011006683 242.26279
rawdata/DECam_01440023.fits.fz N4 1440023 189.3593 61020.16754242 1.11 47.480509504027 -14.664103728040391 47.488274999999994 -14.589 M517 0.053054053 25.06741 1.0534648 0.99929214 21.967459 0.8891441 decam -25.253193 -10.763476 96 object IBIS_wide_M517_506832 506832 0.048738 924.0 1948.0 -0.06057436 1.0000604 -0.0022837766 -0.0186655 0.002297368 0.99995613 15869605450 212.96806
rawdata/DECam_01440024.fits.fz N4 1440024 205.7391 61020.17004952 1.11 49.954572922035894 -12.59910374683758 49.962270833333335 -12.524000000000001 M517 0.06600487 25.032547 1.0201757 0.9613743 21.951946 0.9653566 decam -29.411928 -3.1691344 92 object IBIS_wide_M517_506848 506848 0.067053 924.0 1948.0 0.53493416 0.999805 -0.0023858664 -0.26630777 0.0021288965 0.9999505 15893876902 213.12239
rawdata/DECam_01440025.fits.fz N4 1440025 214.099 61020.17275634 1.1 51.37053739603752 -13.727103736610509 51.37827083333334 -13.652 M517 0.08327044 25.059519 1.0441617 0.95510966 21.946142 1.0153291 decam -28.159803 3.2801723 108 object IBIS_wide_M517_506840 506840 0.072291 924.0 1948.0 -0.85898423 0.999929 -0.0022518497 -0.39974523 0.0020624986 1.0000321 15936207224 210.8666
rawdata/DECam_01440026.fits.fz N4 1440026 204.7391 61020.17555615 1.11 51.35756046105175 -12.872103744370975 51.36526666666667 -12.797 M517 0.08525905 25.055899 1.042355 0.9429325 21.933294 1.0207577 decam -31.111374 4.691253 106 object IBIS_wide_M517_507153 507153 0.074446 924.0 1948.0 0.29199138 0.9997864 -0.0021853854 -0.29676127 0.0022531033 0.9999925 15910643991 200.57562
rawdata/DECam_01440027.fits.fz N4 1440027 261.2388 61020.17826072 1.09 53.144497362580864 -15.002103724931139 53.152275 -14.927 M517 0.071563 25.05343 1.0366596 1.0294402 21.931957 1.1228502 decam -31.452522 2.2483113 112 object IBIS_wide_M517_509738 509738 0.077409 924.0 1948.0 0.3435556 0.99993753 -0.0021909422 -0.1357168 0.0023776453 1.0000123 16072794387 232.65686
rawdata/DECam_01440028.fits.fz N4 1440028 800.0 61020.18257237 1.63 20.03350058951737 -14.913103725750792 20.041275 -14.838 M490 0.02170302 24.955496 1.0960805 1.369603 21.469755 2.4552815 decam -33.597878 5.8832455 106 object IBIS_wide_M490_404046 404046 0.020833 924.0 1948.0 0.23256204 1.000127 -0.0010346213 -0.15028928 0.0015468713 1.000026 19250778587 325.82822
