logs/db-2024-07-05.ecsv
# %ECSV 1.0
# ---
# datatype:
# - {name: filename, datatype: string}
# - {name: extension, datatype: string}
# - {name: expnum, datatype: int64}
# - {name: exptime, datatype: float32}
# - {name: mjd_obs, datatype: float64}
# - {name: airmass, datatype: float32}
# - {name: racenter, datatype: float64}
# - {name: deccenter, datatype: float64}
# - {name: rabore, datatype: float64}
# - {name: decbore, datatype: float64}
# - {name: band, datatype: string}
# - {name: ebv, datatype: float32}
# - {name: zeropoint, datatype: float32}
# - {name: transparency, datatype: float32}
# - {name: seeing, datatype: float32}
# - {name: sky, datatype: float32}
# - {name: expfactor, datatype: float32}
# - {name: camera, datatype: string}
# - {name: dx, datatype: float32}
# - {name: dy, datatype: float32}
# - {name: nmatched, datatype: int64}
# - {name: obstype, datatype: string}
# - {name: object, datatype: string}
# - {name: tileid, datatype: int64}
# - {name: tileebv, datatype: float32}
# - {name: affine_x0, datatype: float32}
# - {name: affine_y0, datatype: float32}
# - {name: affine_dx, datatype: float32}
# - {name: affine_dxx, datatype: float32}
# - {name: affine_dxy, datatype: float32}
# - {name: affine_dy, datatype: float32}
# - {name: affine_dyx, datatype: float32}
# - {name: affine_dyy, datatype: float32}
# - {name: checksum, datatype: string}
# - {name: efftime, datatype: float32}
# schema: astropy-2.0
filename extension expnum exptime mjd_obs airmass racenter deccenter rabore decbore band ebv zeropoint transparency seeing sky expfactor camera dx dy nmatched obstype object tileid tileebv affine_x0 affine_y0 affine_dx affine_dxx affine_dxy affine_dy affine_dyx affine_dyy checksum efftime
[from data line 43]
rawdata/DECam_01309164.fits.fz N4 1309164 500.0 60497.1726259 1.39 245.02575854137575 2.6558961202331854 245.03327916666666 2.731 M464 0.063433744 24.902086 1.0325572 1.1732991 22.091991 1.3530941 decam 16.461817 -14.985061 375 object IBIS_wide_M464_340325 340325 0.063231 924.0 1948.0 -0.4548024 1.0000255 0.00202398 0.25888908 -0.0016372555 0.99997187 16790799662 369.52344
rawdata/DECam_01309165.fits.fz N4 1309165 407.0 60497.17879274 1.38 248.35374857389388 2.9118961180273892 248.36127083333332 2.987 M464 0.07241162 24.907465 1.0354897 1.2411604 22.081604 1.5959436 decam 12.790496 -12.208071 458 object IBIS_wide_M464_337359 337359 0.065375 924.0 1948.0 -0.25666457 1.0003828 0.0017274121 0.15823074 -0.0016158803 1.0000974 16335191463 255.02155
rawdata/DECam_01309166.fits.fz N4 1309166 423.0 60497.18385888 1.38 247.7297690888831 1.2178961326091007 247.73728333333332 1.293 M464 0.06437182 24.899265 1.0277001 1.1928623 22.048164 1.4718496 decam 15.0046015 -10.806604 444 object IBIS_wide_M464_337314 337314 0.07162 924.0 1948.0 -0.028085116 0.99988574 0.0018811437 0.22538847 -0.0017235613 1.0000293 16406776762 287.3935
rawdata/DECam_01309167.fits.fz N4 1309167 325.0 60497.19070407 1.17 308.687629592556 -10.697103763883838 308.69527500000004 -10.622 M464 0.042118605 24.952496 1.0323768 1.0833638 22.009933 0.9997361 decam -35.96787 -13.799055 545 object IBIS_wide_M464_352092 352092 0.051805 924.0 1948.0 -0.11434851 0.99998736 0.0017660842 0.32565492 -0.0016993122 1.0000386 16226344699 325.0858
rawdata/DECam_01309168.fits.fz N4 1309168 320.0 60497.19486202 1.16 309.3036205256487 -11.209103759317781 309.3112791666666 -11.134 M464 0.06552995 24.954515 1.0321113 1.1078032 21.995619 1.2120645 decam -22.012598 -29.547213 551 object IBIS_wide_M464_352006 352006 0.051616 924.0 1948.0 -0.104870014 1.0001233 0.0017345008 0.18924242 -0.0017283229 1.000174 16187860058 264.01236
rawdata/DECam_01309169.fits.fz N4 1309169 355.0 60497.20010311 1.15 308.4006583826013 -9.66810377301481 308.40827916666666 -9.593 M464 0.06148324 24.953075 1.0285618 0.99993676 22.004543 0.95923454 decam -7.6696978 -41.70649 604 object IBIS_wide_M464_349111 349111 0.064569 924.0 1948.0 0.025183784 1.0001001 0.0017286653 0.09492214 -0.0018571554 1.0001498 16279109267 370.08676
rawdata/DECam_01309170.fits.fz N4 1309170 325.0 60497.20456464 1.14 309.5996286329148 -10.735103763545489 309.60727499999996 -10.66 M464 0.054400124 24.96294 1.0357528 1.0858678 22.007101 1.0622863 decam 1.4149736 -44.323742 544 object IBIS_wide_M464_349023 349023 0.052265 924.0 1948.0 0.189449 0.99994075 0.0016585166 0.15541437 -0.0016197038 1.000092 16227053210 305.9439
rawdata/DECam_01309171.fits.fz N4 1309171 262.0 60497.20887977 1.13 310.43360788984387 -11.524103756500587 310.441275 -11.449 M464 0.04209957 24.967402 1.0378175 1.098329 22.0196 0.9906847 decam 17.661978 -8.034614 500 object IBIS_wide_M464_349021 349021 0.049516 924.0 1948.0 -0.14876293 1.0002353 0.0015630106 0.23114632 -0.001559108 1.0000216 16059107701 264.46356
rawdata/DECam_01309172.fits.fz N4 1309172 301.0 60497.21226637 1.12 312.0075663448366 -12.816103744877383 312.0152708333333 -12.741 M464 0.061640102 24.968126 1.0363117 1.0814207 22.009563 1.0868421 decam 15.785525 -13.693013 458 object IBIS_wide_M464_349013 349013 0.048439 924.0 1948.0 -0.07256342 1.0003409 0.0015680756 0.17575268 -0.0015490742 0.99995255 16125788002 276.94916
rawdata/DECam_01309173.fits.fz N4 1309173 311.0 60497.21610087 1.11 309.2646476513128 -10.130103768922464 309.2722791666667 -10.055 M464 0.048034262 24.971964 1.0377808 1.0335592 22.0163 0.9040398 decam 16.872877 -8.960132 511 object IBIS_wide_M464_352095 352095 0.05231 924.0 1948.0 0.017436376 1.0003498 0.0017001316 0.19991794 -0.0018690563 1.0001224 16263870716 344.0114
rawdata/DECam_01309174.fits.fz N4 1309174 298.0 60497.2200497 1.11 312.07557635852703 -12.343103749145815 312.08326666666665 -12.268 M464 0.044740062 24.966015 1.0321097 1.0648674 22.008675 0.9580512 decam 15.069513 -12.258627 417 object IBIS_wide_M464_351999 351999 0.048723 924.0 1948.0 -0.016657544 1.0001227 0.001715116 0.17003854 -0.0017214733 1.0002031 16170011193 311.0481
rawdata/DECam_01309175.fits.fz N4 1309175 269.0 60497.2238516 1.1 311.34160219131275 -11.5801037559991 311.3492708333333 -11.505 M464 0.052106164 24.970785 1.0344613 1.1331662 22.015423 1.1160821 decam 16.638134 -16.13343 478 object IBIS_wide_M464_352001 352001 0.048026 924.0 1948.0 0.12864482 1.000161 0.001561802 0.24677803 -0.0018436529 1.0000827 16021616157 241.0217
rawdata/DECam_01309176.fits.fz N4 1309176 301.0 60497.22733859 1.09 313.0085589827653 -12.920103743936737 313.0162666666667 -12.845 M464 0.06458303 24.973536 1.0348909 1.0990252 22.00325 1.1374357 decam 9.683335 -9.370996 420 object IBIS_wide_M464_348991 348991 0.055547 924.0 1948.0 -0.050482206 1.0000398 0.0016233994 0.38919654 -0.0017301007 1.0001543 16174463969 264.63034
rawdata/DECam_01309177.fits.fz N4 1309177 307.0 60497.23118581 1.09 314.4835292844121 -14.094103733262228 314.491275 -14.019 M464 0.04080726 24.975193 1.0364708 1.1408098 21.998848 1.0655578 decam 11.708969 -9.7415285 398 object IBIS_wide_M464_351969 351969 0.03975 924.0 1948.0 -0.15095845 1.0002385 0.0015904948 0.119573854 -0.001558093 1.000072 16112543577 288.112
rawdata/DECam_01309178.fits.fz N4 1309178 301.0 60497.23510389 1.08 315.21949861018146 -14.736103727378877 315.2272666666667 -14.661 M464 0.041854523 24.973694 1.0328506 1.1054829 21.976585 1.0306371 decam 7.965325 -13.237187 355 object IBIS_wide_M464_348982 348982 0.044871 924.0 1948.0 -0.01716521 0.9999028 0.0014901313 0.30214766 -0.0017943293 1.0000691 16210537167 292.05234
rawdata/DECam_01309179.fits.fz N4 1309179 333.0 60497.23894644 1.08 312.0945935674864 -11.890103753219323 312.10227083333336 -11.815 M464 0.03776697 24.975273 1.0343549 1.1349326 22.028753 1.0075228 decam 14.345023 -9.5434265 426 object IBIS_wide_M464_349016 349016 0.050039 924.0 1948.0 -0.24095263 1.000158 0.0016356298 0.19810712 -0.001586316 1.0002985 16178464139 330.5136
rawdata/DECam_01309180.fits.fz N4 1309180 303.0 60497.243164 1.07 314.9345257776672 -13.951103734568132 314.9422666666667 -13.876 M464 0.039896216 24.981411 1.0380172 1.0927558 21.997221 0.9629522 decam 11.385445 2.0417817 355 object IBIS_wide_M464_348984 348984 0.040221 924.0 1948.0 -0.31206816 1.0000339 0.0016995654 0.3358317 -0.0016698438 1.0001369 16261608155 314.65738
rawdata/DECam_01309181.fits.fz N4 1309181 346.0 60497.24703538 1.07 316.7815240944797 -14.246103731872333 316.78927500000003 -14.171 M464 0.05556181 24.982292 1.0388592 1.0871176 22.00352 1.0379506 decam 10.119663 -4.192878 309 object IBIS_wide_M464_353904 353904 0.062287 924.0 1948.0 0.13419332 0.99995995 0.0015613352 0.2716823 -0.0014568715 1.0001653 16203167911 333.34918
rawdata/DECam_01309182.fits.fz N4 1309182 354.0 60497.25138809 1.06 317.77150465578165 -14.800103726790498 317.779275 -14.725 M464 0.08471394 24.977676 1.0322633 1.0711817 21.972965 1.2423608 decam 5.866066 -3.797689 303 object IBIS_wide_M464_353902 353902 0.075235 924.0 1948.0 0.04322408 1.0000504 0.0012265124 0.1451666 -0.0013384508 1.0000376 16234724940 284.94138
rawdata/DECam_01309183.fits.fz N4 1309183 308.0 60497.25585236 1.07 318.1355518162493 -13.15010374185367 318.14326666666665 -13.075 M464 0.056814976 24.975674 1.0325465 1.1037585 22.008942 1.0856556 decam 7.7131114 -0.22945143 317 object IBIS_wide_M464_350899 350899 0.05365 924.0 1948.0 0.051779665 1.000078 0.0014863145 -0.048705116 -0.0013386362 1.0000199 16117621751 283.69955
rawdata/DECam_01309184.fits.fz N4 1309184 313.0 60497.25977721 1.07 318.5835604547946 -13.00710374314925 318.59127083333334 -12.932 M464 0.053443987 24.982622 1.0391759 1.0513008 22.00918 0.9531638 decam 9.821951 -3.0245812 296 object IBIS_wide_M464_353908 353908 0.053435 924.0 1948.0 -0.17231533 1.0003061 0.0014912204 0.29688528 -0.0015772382 1.0000508 16133771331 328.38007
rawdata/DECam_01309185.fits.fz N4 1309185 342.0 60497.26376163 1.07 321.36554803929437 -13.529103738412575 321.373275 -13.454 M464 0.07240552 24.974081 1.0310328 1.0297623 21.958447 1.0892048 decam 7.0231223 -1.6440482 252 object IBIS_wide_M464_350903 350903 0.065016 924.0 1948.0 -0.41679236 1.0002112 0.0013230579 0.11504707 -0.0013253827 1.0001135 16627791411 313.99054
rawdata/DECam_01309186.fits.fz N4 1309186 310.0 60497.26808255 1.06 322.07553982865693 -13.653103737284361 322.0832708333333 -13.578 M464 0.06285398 24.9683 1.023388 1.0017151 21.978285 0.9667455 decam 6.114901 -6.370836 234 object IBIS_wide_M464_353910 353910 0.067665 924.0 1948.0 -0.015632803 1.0002905 0.0014518575 0.15947784 -0.0014392496 1.0002182 16431059635 320.6635
rawdata/DECam_01309187.fits.fz N4 1309187 308.0 60497.2720233 1.06 323.1165355786564 -13.782103736109399 323.12427083333336 -13.707 M464 0.0619752 24.975666 1.0303544 0.9597095 21.990019 0.8616986 decam 8.657894 -5.4390655 230 object IBIS_wide_M464_350884 350884 0.063824 924.0 1948.0 -0.14353994 1.0001966 0.0014175167 0.057296153 -0.001481241 1.0001802 16193995257 357.43356
rawdata/DECam_01309188.fits.fz N4 1309188 279.0 60497.2759372 1.06 323.8835246350014 -13.985103734257788 323.89126666666664 -13.91 M464 0.05602142 24.984684 1.0389467 0.9883309 21.98231 0.87372446 decam 7.9706554 -2.8714993 220 object IBIS_wide_M464_348851 348851 0.056034 924.0 1948.0 -0.024964051 1.0000992 0.0014153887 0.2542443 -0.0014037543 1.0001614 16142540018 319.32263
rawdata/DECam_01309189.fits.fz N4 1309189 249.0 60497.2795326 1.06 323.8245362073813 -13.763103736282538 323.8322708333333 -13.688 M464 0.063324265 24.970589 1.0255468 1.0286423 21.971191 1.0245032 decam 10.858857 1.4120545 222 object IBIS_wide_M464_353893 353893 0.056291 924.0 1948.0 -0.23086897 1.0002322 0.0013750141 -0.08260106 -0.0012649896 1.0002519 15999809714 243.04462
rawdata/DECam_01309190.fits.fz N4 1309190 256.0 60497.28277316 1.06 324.66555524223656 -13.305103740447668 324.673275 -13.23 M464 0.052831687 24.975124 1.0298395 1.0573615 21.96224 1.0170668 decam 7.5803657 3.57157 215 object IBIS_wide_M464_354844 354844 0.052367 924.0 1948.0 -0.046661105 1.0000218 0.0011521012 0.065936916 -0.0013140606 1.0002228 16010784680 251.70421
rawdata/DECam_01309191.fits.fz N4 1309191 272.0 60497.28609617 1.06 327.1195476172263 -13.542103738294353 327.127275 -13.467 M464 0.04700697 24.981709 1.0361034 1.0249848 21.957523 0.91631263 decam 15.904442 -2.953749 166 object IBIS_wide_M464_357825 357825 0.042676 924.0 1948.0 -0.54788667 1.0002806 0.0013927172 0.06271604 -0.001312663 1.0000945 16044205278 296.84192
rawdata/DECam_01309192.fits.fz N4 1309192 302.0 60497.28960808 1.06 328.14052335427795 -14.023103733910819 328.1482666666667 -13.948 M464 0.046773456 24.98102 1.035448 1.0663869 21.939302 1.0083162 decam 4.767761 -5.716627 201 object IBIS_wide_M464_354834 354834 0.051404 924.0 1948.0 0.20206586 0.9999315 0.0011800465 0.15497443 -0.0013483341 1.0001832 16123990161 299.50925
rawdata/DECam_01309193.fits.fz N4 1309193 268.0 60497.29345744 1.06 327.47454595184473 -13.335103740175331 327.48226666666665 -13.26 M464 0.04599345 24.980776 1.0352143 1.0704842 21.942274 1.0090721 decam 8.216014 -1.328512 188 object IBIS_wide_M464_354840 354840 0.043073 924.0 1948.0 0.014987468 1.0000771 0.0010883088 0.0057379673 -0.0011221751 1.000061 16090874805 265.59055
rawdata/DECam_01309194.fits.fz N4 1309194 273.0 60497.29691681 1.05 328.5665358913562 -13.64610373734808 328.57426666666663 -13.571 M464 0.04174522 24.975418 1.0279384 1.0730153 21.918985 1.0201119 decam 8.583369 -8.696729 196 object IBIS_wide_M464_357820 357820 0.047081 924.0 1948.0 0.059268765 1.000132 0.001134401 0.11659858 -0.001008584 1.0001786 16089112978 267.6177
rawdata/DECam_01309195.fits.fz N4 1309195 296.0 60497.30042883 1.05 328.9025471318782 -13.298103740511202 328.91026666666664 -13.223 M464 0.038486324 24.98273 1.0348856 1.0318931 21.946272 0.8905085 decam 12.716646 -6.1205688 174 object IBIS_wide_M464_354855 354855 0.043325 924.0 1948.0 -0.4057877 1.0004214 0.0011529848 0.015728706 -0.001047096 1.0002856 16126549971 332.39438
rawdata/DECam_01309196.fits.fz N4 1309196 309.0 60497.30420779 1.05 329.98654188830767 -13.590103737857714 329.9942708333333 -13.515 M464 0.040081393 24.978827 1.0311707 1.0444095 21.941383 0.93167776 decam 15.216008 2.06707 172 object IBIS_wide_M464_357839 357839 0.043111 924.0 1948.0 -0.14574024 1.0000315 0.0010792516 0.07594049 -0.0009755961 1.0001724 16133279436 331.65973
rawdata/DECam_01309197.fits.fz N4 1309197 265.0 60497.3081424 1.05 332.1345181036954 -14.29910373138726 332.1422708333333 -14.224 M464 0.034400996 24.983763 1.03587 0.9605938 21.924177 0.76756215 decam 13.213295 -7.467958 167 object IBIS_wide_M464_354797 354797 0.036927 924.0 1948.0 -0.19938082 1.0002829 0.0009501697 0.16720748 -0.0009798207 1.0001698 16077835984 345.2489
rawdata/DECam_01309198.fits.fz N4 1309198 280.0 60497.31156239 1.05 331.72955037395707 -13.327103740247958 331.7372708333333 -13.252 M464 0.03156187 24.976587 1.0290469 1.0022397 21.91995 0.8356257 decam 13.688193 -12.464484 146 object IBIS_wide_M464_354799 354799 0.039964 924.0 1948.0 -0.20572083 1.0001107 0.000783446 -0.009762812 -0.0012010066 1.0001717 16134819635 335.07825
rawdata/DECam_01309199.fits.fz N4 1309199 239.0 60497.31515387 1.05 332.81054195816336 -13.715103736719811 332.818275 -13.64 M464 0.042695664 24.983877 1.0359796 1.0259262 21.932344 0.912198 decam 11.041894 -11.926821 144 object IBIS_wide_M464_357783 357783 0.040871 924.0 1948.0 -0.0401593 1.0001647 0.001127963 0.18634282 -0.0010022331 0.9999947 15975029565 262.00452
rawdata/DECam_01309200.fits.fz N4 1309200 263.0 60497.31826833 1.05 333.7525340103003 -13.954103734540757 333.76027500000004 -13.879 M464 0.039206557 24.991926 1.0436879 1.0527353 21.929363 0.92944825 decam 8.502452 -11.505032 140 object IBIS_wide_M464_354792 354792 0.039892 924.0 1948.0 -0.110122085 1.0001595 0.0009413318 0.15220049 -0.0009651114 1.0001023 16034048855 282.96356
rawdata/DECam_01309201.fits.fz N4 1309201 264.0 60497.32167719 1.05 335.2625258783435 -13.948103734595515 335.27026666666666 -13.873 M464 0.033483554 24.981285 1.0335091 0.9755187 21.913836 0.7984156 decam 10.2372265 -10.9877205 135 object IBIS_wide_M464_354801 354801 0.037091 924.0 1948.0 0.06160417 1.0001742 0.00093004876 0.18114829 -0.0012143924 1.0000234 16223245221 330.65485
rawdata/DECam_01309202.fits.fz N4 1309202 282.0 60497.32509076 1.05 336.5275348152346 -13.930103734759777 336.535275 -13.855 M464 0.04856181 24.984411 1.0364885 0.9879337 21.910208 0.89310867 decam 9.300532 -11.939718 138 object IBIS_wide_M464_354780 354780 0.041198 924.0 1948.0 -0.1971917 1.0001462 0.0010789803 -0.016266124 -0.0006419216 1.0000832 16114437341 315.75104
rawdata/DECam_01309203.fits.fz N4 1309203 249.0 60497.32872099 1.05 335.7755382104954 -13.57510373799418 335.7832666666667 -13.5 M464 0.040993538 25.00029 1.0517592 0.9691247 21.90433 0.8024911 decam 10.034269 -12.499681 131 object IBIS_wide_M464_357787 357787 0.040736 924.0 1948.0 0.047455844 1.0000178 0.00080467964 0.1019101 -0.00059677626 1.0001264 15997926589 310.2838
rawdata/DECam_01309204.fits.fz N4 1309204 278.0 60497.33196616 1.05 338.0515345470927 -13.938103734686774 338.059275 -13.863 M464 0.060273014 24.977531 1.0299413 1.1526729 21.886324 1.3481379 decam 12.556531 -12.349402 119 object IBIS_wide_M464_354781 354781 0.055268 924.0 1948.0 -0.23916958 1.0001718 0.0007263903 0.11247964 -0.0010313999 1.0002736 16155553699 206.21037
rawdata/DECam_01309205.fits.fz N4 1309205 262.0 60497.33554548 1.05 338.34453917261493 -13.673103737102283 338.35227083333336 -13.598 M464 0.07412893 24.982452 1.034621 1.2416679 21.875662 1.69892 decam 10.979987 -7.8799253 129 object IBIS_wide_M464_357767 357767 0.055881 924.0 1948.0 -0.023576155 1.0001376 0.0009262631 -0.020632697 -0.0003092583 0.9999827 16062279679 154.21562
