logs/db-2025-12-10.ecsv
# %ECSV 1.0
# ---
# datatype:
# - {name: filename, datatype: string}
# - {name: extension, datatype: string}
# - {name: expnum, datatype: int64}
# - {name: exptime, datatype: float32}
# - {name: mjd_obs, datatype: float64}
# - {name: airmass, datatype: float32}
# - {name: racenter, datatype: float64}
# - {name: deccenter, datatype: float64}
# - {name: rabore, datatype: float64}
# - {name: decbore, datatype: float64}
# - {name: band, datatype: string}
# - {name: ebv, datatype: float32}
# - {name: zeropoint, datatype: float32}
# - {name: transparency, datatype: float32}
# - {name: seeing, datatype: float32}
# - {name: sky, datatype: float32}
# - {name: expfactor, datatype: float32}
# - {name: camera, datatype: string}
# - {name: dx, datatype: float32}
# - {name: dy, datatype: float32}
# - {name: nmatched, datatype: int64}
# - {name: obstype, datatype: string}
# - {name: object, datatype: string}
# - {name: tileid, datatype: int64}
# - {name: tileebv, datatype: float32}
# - {name: affine_x0, datatype: float32}
# - {name: affine_y0, datatype: float32}
# - {name: affine_dx, datatype: float32}
# - {name: affine_dxx, datatype: float32}
# - {name: affine_dxy, datatype: float32}
# - {name: affine_dy, datatype: float32}
# - {name: affine_dyx, datatype: float32}
# - {name: affine_dyy, datatype: float32}
# - {name: checksum, datatype: string}
# - {name: efftime, datatype: float32}
# schema: astropy-2.0
filename extension expnum exptime mjd_obs airmass racenter deccenter rabore decbore band ebv zeropoint transparency seeing sky expfactor camera dx dy nmatched obstype object tileid tileebv affine_x0 affine_y0 affine_dx affine_dxx affine_dxy affine_dy affine_dyx affine_dyy checksum efftime
rawdata/DECam_01439957.fits.fz N4 1439957 5.0 61020.02081846 1.0 14.642865795345223 -29.432880523472747 14.651491666666667 -29.357776944444446 r 0.02444212 26.857153 1.0367185 1.0771397 17.41326 19.084194 decam 77.70994 -432.17624 37 object pointing 0 0.0 924.0 1948.0 -0.16645892 0.999782 -0.0011469396 -0.57410586 0.0015575575 0.9998817 19568891251 0.26199692
rawdata/DECam_01439958.fits.fz N4 1439958 30.0 61020.02244095 1.0 14.642865795345223 -29.432880523472747 14.651491666666667 -29.357776944444446 r 0.02444212 26.916695 1.0951612 0.98028314 17.86759 9.325257 decam 18.136354 9.065112 71 object pointing 0 0.0 924.0 1948.0 0.01588233 0.9999352 -0.0008485255 -0.2866116 0.0011710357 0.99981374 31918038607 3.2170694
rawdata/DECam_01439959.fits.fz N4 1439959 10.0 61020.02516773 1.0 14.642865795345223 -29.432880523472747 14.651491666666667 -29.357776944444446 r 0.02444212 26.87701 1.0558554 1.0693228 18.526747 6.5024858 decam 4.7524405 12.881103 64 object focus 0 0.0 924.0 1948.0 0.10201248 0.99995387 -0.0008602683 -0.22868979 0.0011759517 0.99983907 18386909217 1.5378734
rawdata/DECam_01439960.fits.fz N4 1439960 10.0 61020.02558493 1.0 14.642865795345223 -29.432880523472747 14.651491666666667 -29.357776944444446 r 0.02444212 26.889872 1.068437 0.9536776 18.627722 4.605011 decam -8.043898 14.978444 71 object focus 0 0.0 924.0 1948.0 -0.010492633 0.99997115 -0.0008979409 -0.18562697 0.0010219268 0.99981683 18119525963 2.1715474
rawdata/DECam_01439961.fits.fz N4 1439961 10.0 61020.02600907 1.0 14.642865795345223 -29.432880523472747 14.651491666666667 -29.357776944444446 r 0.02444212 26.890944 1.069492 0.981687 18.729488 4.433457 decam -8.573822 29.121546 69 object focus 0 0.0 924.0 1948.0 0.0030899162 0.9998361 -0.00092593295 -0.2050867 0.0010590213 0.99986935 17876015200 2.2555761
rawdata/DECam_01439962.fits.fz N4 1439962 10.0 61020.02642711 1.0 14.642865795345223 -29.432880523472747 14.651491666666667 -29.357776944444446 r 0.02444212 26.880558 1.0593109 0.9969698 18.830856 4.2450943 decam -14.713943 22.939627 73 object focus 0 0.0 924.0 1948.0 -0.029812912 0.9999135 -0.0008770628 -0.18958457 0.0010659948 0.9998143 17661409476 2.3556602
rawdata/DECam_01439963.fits.fz N4 1439963 15.0 61020.02842687 1.2 343.16323338400645 -20.585453671937714 343.1712583333333 -20.51035 M517 0.03460902 25.041967 1.0440155 0.9108682 19.2841 8.172973 decam -14.637505 63.008083 51 object "LTT9239 N4 M517" 0 0.0 924.0 1948.0 0.16797592 1.0000334 0.00045254323 -0.041724864 -0.0005222685 1.0000101 15815239505 1.8353175
rawdata/DECam_01439964.fits.fz N4 1439964 15.0 61020.02891047 1.2 343.16323338400645 -20.585453671937714 343.1712583333333 -20.51035 M438 0.03460902 24.791574 1.0531012 1.0278847 19.21397 11.834648 decam -25.201626 55.418552 36 object "LTT9239 N4 M438" 0 0.0 924.0 1948.0 -0.361685 1.0001597 0.0005291233 -0.053234812 -0.00074047246 0.9999228 15748249960 1.2674648
rawdata/DECam_01439965.fits.fz N4 1439965 15.0 61020.02937461 1.21 343.16323338400645 -20.585453671937714 343.1712583333333 -20.51035 M490 0.03460902 25.03145 1.0892518 0.92225766 19.271935 8.002619 decam -23.709448 56.488663 48 object "LTT9239 N4 M490" 0 0.0 924.0 1948.0 0.19052023 1.0000507 0.00044614763 -0.068172716 -0.0005392735 1.0000983 15795999405 1.8743864
rawdata/DECam_01439966.fits.fz N4 1439966 15.0 61020.02983683 1.21 343.16323338400645 -20.585453671937714 343.1712583333333 -20.51035 M464 0.03460902 24.941772 1.0295345 0.8760612 19.342894 7.770024 decam -18.352356 59.051384 48 object "LTT9239 M464" 0 0.0 924.0 1948.0 0.13242847 0.9999903 0.0004644595 0.073847465 -0.0006673615 1.0000473 15755124547 1.930496
rawdata/DECam_01439967.fits.fz N4 1439967 3.0 61020.03030095 1.21 343.16323338400645 -20.585453671937714 343.1712583333333 -20.51035 g 0.03460902 26.655155 1.0773127 0.9905033 19.473629 7.545994 decam -20.112423 58.406475 50 object "LTT9239 g" 0 0.0 924.0 1948.0 -0.25557995 0.99987537 0.0005061027 -0.0326433 -0.00052599114 0.99998534 15687440965 0.39756194
rawdata/DECam_01439968.fits.fz N4 1439968 15.0 61020.03081918 1.16 349.88815735313506 -17.083381761113934 349.89601666666664 -17.008278055555557 M517 0.02964856 25.049849 1.0449023 0.91084665 19.859785 4.5954022 decam -10.480977 81.907394 50 object "LTT9491 N4 M517" 0 0.0 924.0 1948.0 -0.060828343 1.0003812 0.00015903442 -0.42685497 -0.00069484714 0.99977255 15627770402 3.264132
rawdata/DECam_01439969.fits.fz N4 1439969 15.0 61020.03130835 1.16 349.88815735313506 -17.083381761113934 349.89601666666664 -17.008278055555557 M438 0.02964856 24.821564 1.0717603 0.9392415 19.80784 5.214382 decam -13.999083 65.48784 31 object "LTT9491 N4 M438" 0 0.0 924.0 1948.0 0.012543074 0.99971086 0.00023264422 -0.41574562 0.00012565612 0.9996518 15585390748 2.8766592
rawdata/DECam_01439970.fits.fz N4 1439970 15.0 61020.03177258 1.16 349.88815735313506 -17.083381761113934 349.89601666666664 -17.008278055555557 M490 0.02964856 25.03177 1.0797325 0.8956543 19.849346 4.2877793 decam -12.214566 69.4999 46 object "LTT9491 N4 M490" 0 0.0 924.0 1948.0 -0.079633385 1.0004163 0.00013709268 -0.43250197 -0.0007040639 0.99980986 15617208577 3.4983144
rawdata/DECam_01439971.fits.fz N4 1439971 15.0 61020.03227104 1.16 349.88815735313506 -17.083381761113934 349.89601666666664 -17.008278055555557 M464 0.02964856 24.95676 1.0331795 0.928056 19.976751 4.564748 decam -11.064955 56.7581 41 object "LTT9491 N4 N464" 0 0.0 924.0 1948.0 0.010235633 1.0004745 0.00011140432 -0.46160796 -0.00081198476 0.999859 15593771354 3.2860522
rawdata/DECam_01439972.fits.fz N4 1439972 3.0 61020.03275404 1.17 349.88815735313506 -17.083381761113934 349.89601666666664 -17.008278055555557 g 0.02964856 26.66125 1.076613 0.9262645 20.062668 3.6845846 decam -18.710228 51.977043 46 object "LTT9491 N4 g" 0 0.0 924.0 1948.0 -0.0150537 1.000239 0.00022947526 -0.4086181 -0.00076312694 0.9998346 15559754972 0.814203
rawdata/DECam_01439973.fits.fz N4 1439973 150.0 61020.03310445 1.21 347.00819785806453 -15.659532607743925 347.01599999999996 -15.584428888888889 M517 0.036330115 25.170668 1.1772887 0.9520807 20.312868 2.7599897 decam -26.211973 56.270557 685 object "NGC7492 position 13" 0 0.0 924.0 1948.0 -0.4021637 1.0005627 0.000104207895 0.0634973 -0.0007662958 0.9999923 17066094559 54.348026
rawdata/DECam_01439974.fits.fz N4 1439974 150.0 61020.03518525 1.22 346.7077386077179 -15.463872609556267 346.7155333333334 -15.388768888888888 M517 0.033741787 25.052576 1.057651 0.93210566 20.583672 2.5215774 decam -26.251524 63.85587 117 object "NGC7492 position 14" 0 0.0 924.0 1948.0 -0.19538634 0.9998221 0.00016787242 -0.08126242 -6.0690025e-05 1.0000391 16696169297 59.486576
rawdata/DECam_01439975.fits.fz N4 1439975 150.0 61020.03724529 1.23 346.7952376808197 -15.816105661846688 346.80304583333333 -15.741001944444445 M517 0.034991205 25.03941 1.046579 0.92569524 20.811989 2.0810878 decam -27.323841 65.95365 126 object "NGC7492 position 15" 0 0.0 924.0 1948.0 -0.097099446 0.99997777 0.00022616424 -0.024744462 -8.82755e-05 1.0000728 16444759705 72.07769
rawdata/DECam_01439976.fits.fz N4 1439976 150.0 61020.03932038 1.24 346.98354601343743 -15.488497609328359 346.99134166666664 -15.413393888888889 M517 0.035948075 25.041939 1.0507017 0.9139184 20.98175 1.7372828 decam -20.702293 66.4417 153 object "NGC7492 position 16" 0 0.0 924.0 1948.0 -0.011768287 1.0002187 0.00022947117 -0.04676588 0.0003076013 1.0001612 16300276111 86.34173
rawdata/DECam_01439977.fits.fz N4 1439977 150.0 61020.0413928 1.25 346.60344136260625 -15.611302608190982 346.6112416666667 -15.536198888888888 M517 0.034873523 25.04781 1.0580921 0.9138302 21.089308 1.5457996 decam -25.744957 59.71548 118 object "NGC7492 position 17" 0 0.0 924.0 1948.0 -0.13644482 1.0000495 0.00022812537 -0.14154033 -8.897473e-05 1.0000421 16333014947 97.037155
rawdata/DECam_01439978.fits.fz N4 1439978 30.0 61020.05134108 1.38 20.717568195807054 12.891562974798957 20.725275 12.966666944444444 g 0.03581517 26.61825 1.0694003 1.0498989 21.511581 1.3983667 decam -17.09739 71.57132 118 object check 0 0.0 924.0 1948.0 0.3762351 1.0001991 -0.0008802558 -0.14520282 0.00092289335 1.0000243 15873341140 21.4536
rawdata/DECam_01439979.fits.fz N4 1439979 206.7386 61020.05434222 1.06 21.10356881415813 -12.73510374560946 21.111270833333332 -12.66 M517 0.025532845 25.072475 1.0499434 0.9725944 21.743195 0.86398417 decam -5.4458165 -11.59235 97 object IBIS_wide_M517_501081 501081 0.023057 924.0 1948.0 0.1924204 0.9999486 -0.001110688 0.07387517 0.0008083342 0.99992245 16188660298 239.28517
rawdata/DECam_01439980.fits.fz N4 1439980 213.6286 61020.05705052 1.05 22.47253451356303 -13.93910373467765 22.480275 -13.864 M517 0.019557927 25.075293 1.0509858 0.85581625 21.783571 0.618195 decam -12.3357525 -9.011881 109 object IBIS_wide_M517_501073 501073 0.018554 924.0 1948.0 0.036510587 1.00034 -0.0012497612 -0.04592215 0.0015071855 1.0000744 16005132536 345.5683
rawdata/DECam_01439981.fits.fz N4 1439981 183.7687 61020.06015623 1.06 27.99959805207042 -11.57910375600805 28.007266666666666 -11.504 M517 0.020674082 25.07311 1.0505592 0.8275965 21.804773 0.57331926 decam -37.428883 -8.7314005 113 object IBIS_wide_M517_501101 501101 0.023293 924.0 1948.0 0.2640555 0.99999434 -0.0014258857 -0.098535985 0.0014028808 0.9999149 15905650801 320.5347
rawdata/DECam_01439982.fits.fz N4 1439982 154.4789 61020.06260843 1.05 28.092565254587754 -12.71510374579015 28.100266666666663 -12.64 M517 0.021913214 25.06708 1.0430659 0.8485082 21.806112 0.61326075 decam -23.554993 -9.43272 98 object IBIS_wide_M517_501092 501092 0.020147 924.0 1948.0 -0.029802913 1.000099 -0.0014987933 -0.49633837 0.0015015339 0.9998945 16151826399 251.89758
rawdata/DECam_01439983.fits.fz N4 1439983 148.999 61020.06472279 1.04 27.735511551001444 -14.368103730755408 27.743266666666667 -14.293 M517 0.016671434 25.069342 1.0435672 0.85160446 21.82852 0.58318496 decam -11.952163 -5.7823544 80 object IBIS_wide_M517_504032 504032 0.014799 924.0 1948.0 -0.12919939 1.0001981 -0.0014622747 -0.047021955 0.001483734 1.0000601 15902834695 255.49184
rawdata/DECam_01439984.fits.fz N4 1439984 153.109 61020.06676902 1.05 28.348542637642435 -13.56710373806696 28.356270833333333 -13.492 M517 0.01794769 25.064953 1.0410255 0.88954884 21.85315 0.6319237 decam -17.943312 4.1597934 89 object IBIS_wide_M517_504075 504075 0.016945 924.0 1948.0 0.21939582 1.0000163 -0.0015042742 -0.15687859 0.0013986803 0.99998015 15801802455 242.29033
rawdata/DECam_01439985.fits.fz N4 1439985 162.4589 61020.06887142 1.06 28.871593387783008 -12.043103751845049 28.879275000000003 -11.968 M517 0.025900284 25.068857 1.0464513 0.8990295 21.835464 0.68449223 decam -18.651964 -3.896017 100 object IBIS_wide_M517_501095 501095 0.02069 924.0 1948.0 0.28812912 1.0000159 -0.0014858407 -0.23831156 0.0014976063 0.99995375 15886272493 237.34221
rawdata/DECam_01439986.fits.fz N4 1439986 800.0 61020.0710923 1.06 29.388597777713127 -11.589103755918478 29.39626666666667 -11.514 M517 0.019827232 25.036737 1.0159477 1.7667732 21.820955 2.730281 decam -6.3506575 12.391782 109 object IBIS_wide_M517_504081 504081 0.021208 924.0 1948.0 -0.26808193 0.999989 -0.0015289141 -0.06930869 0.0014461845 1.0000179 17645770719 293.01013
rawdata/DECam_01439987.fits.fz N4 1439987 263.6082 61020.08070365 1.06 30.135551816249347 -13.150103741853668 30.143266666666666 -13.075 M517 0.018501475 25.074024 1.0514424 0.9209219 21.84521 0.6731328 decam 13.434452 -6.510781 89 object IBIS_wide_M517_502963 502963 0.018608 924.0 1948.0 -0.16493702 1.0001091 -0.0015409046 -0.23887818 0.0015680376 0.99994355 16118109798 391.61395
rawdata/DECam_01439988.fits.fz N4 1439988 161.2988 61020.08408725 1.06 30.873570223716765 -12.550103747279744 30.881266666666665 -12.475 M517 0.018443286 25.067339 1.0449886 0.8997519 21.834108 0.65704113 decam 3.3917089 -1.9280667 100 object IBIS_wide_M517_502964 502964 0.01995 924.0 1948.0 0.46543074 1.000109 -0.001572274 -0.34585688 0.0015274965 1.000038 15833944964 245.49269
rawdata/DECam_01439989.fits.fz N4 1439989 149.0889 61020.08627195 1.06 30.583560454794675 -13.007103743149251 30.591270833333336 -12.932 M517 0.018895242 25.048336 1.0268571 0.85827684 21.8471 0.6137163 decam -4.464778 -8.413347 95 object IBIS_wide_M517_505972 505972 0.018947 924.0 1948.0 0.2553983 1.0000637 -0.001538002 0.0025063972 0.0013469642 0.9999104 15860557372 242.92804
rawdata/DECam_01439990.fits.fz N4 1439990 178.7988 61020.0883282 1.07 32.64461190078248 -11.220103759219505 32.65227083333333 -11.145 M517 0.021294348 25.01613 0.9984448 0.9461242 21.848438 0.80183345 decam -2.7394469 0.6999513 83 object IBIS_wide_M517_505984 505984 0.022825 924.0 1948.0 -0.22006214 1.0000763 -0.0017062372 -0.3086407 0.0017924982 1.0000337 15925380296 222.98746
rawdata/DECam_01439991.fits.fz N4 1439991 167.5088 61020.09072053 1.06 33.20359375940331 -12.030103751961875 33.211275 -11.955 M517 0.020291738 25.085388 1.0625052 0.9466456 21.860594 0.69434184 decam -1.212657 -10.275867 96 object IBIS_wide_M517_502973 502973 0.021806 924.0 1948.0 0.21606603 0.999778 -0.0015027002 -0.0038976565 0.0016317635 0.9999249 15839080590 241.24832
rawdata/DECam_01439992.fits.fz N4 1439992 172.4788 61020.09297091 1.05 34.075539828657014 -13.653103737284361 34.08327083333333 -13.578 M517 0.018856551 25.088463 1.063813 0.92591256 21.886456 0.63928574 decam -2.3436837 -0.89832896 80 object IBIS_wide_M517_505974 505974 0.020662 924.0 1948.0 -0.64143515 0.9998459 -0.0018137936 -0.33793715 0.0019738863 0.9999759 15851744970 269.79922
rawdata/DECam_01439993.fits.fz N4 1439993 168.8489 61020.09532721 1.07 35.10063333035503 -10.71410376373248 35.10827916666667 -10.639 M517 0.02794834 25.0665 1.0458559 0.87712705 21.8585 0.6489963 decam -19.455608 -7.761752 84 object IBIS_wide_M517_505986 505986 0.024837 924.0 1948.0 -0.28217462 1.0001389 -0.0017410545 -0.44979253 0.0018490686 0.99987465 15877604133 260.16928
rawdata/DECam_01439994.fits.fz N4 1439994 149.099 61020.09761461 1.07 35.141617442922715 -11.168103759684007 35.149274999999996 -11.093 M517 0.025311625 25.071072 1.0502701 0.863474 21.865332 0.60970086 decam -9.698907 -5.295831 101 object IBIS_wide_M517_502971 502971 0.024674 924.0 1948.0 0.10759804 0.9996844 -0.0017218576 -0.22862881 0.0016216754 0.99997604 15790357187 244.54451
rawdata/DECam_01439995.fits.fz N4 1439995 130.2091 61020.09966464 1.07 34.74057647598952 -12.339103749181843 34.748266666666666 -12.264 M517 0.02606793 25.113647 1.0922722 0.8513307 21.891775 0.5373674 decam -15.736583 -5.870871 92 object IBIS_wide_M517_505975 505975 0.022469 924.0 1948.0 0.76193887 1.0000589 -0.0015975483 -0.24101934 0.0017561759 0.9999948 15748719080 242.30928
rawdata/DECam_01439996.fits.fz N4 1439996 147.189 61020.10148962 1.06 33.72153041395305 -13.937103734695901 33.72927083333334 -13.862 M517 0.020286033 25.069864 1.0474223 0.86202747 21.901455 0.57088596 decam -22.420752 -7.759572 101 object IBIS_wide_M517_502965 502965 0.021443 924.0 1948.0 0.698122 0.99993074 -0.0017859389 -0.17706025 0.0016248364 1.0002543 15778147917 257.82556
rawdata/DECam_01439997.fits.fz N4 1439997 153.739 61020.10352419 1.06 33.148518551814014 -14.286103731506262 33.15627083333333 -14.211 M517 0.020942997 25.059025 1.0370181 0.8466039 21.896456 0.56672704 decam -17.013706 -10.733845 110 object IBIS_wide_M517_505963 505963 0.022724 924.0 1948.0 0.3664895 0.9996877 -0.0017038588 -0.51163507 0.0017810126 0.99998266 15802875165 271.2752
rawdata/DECam_01439998.fits.fz N4 1439998 146.289 61020.10564579 1.07 35.154570403089124 -12.544103747333875 35.16226666666667 -12.469 M517 0.023597306 25.067545 1.046864 0.88266456 21.897839 0.6156233 decam -25.186697 5.5456567 103 object IBIS_wide_M517_502969 502969 0.021629 924.0 1948.0 0.3633893 1.0000504 -0.0017067599 -0.019614417 0.0017211754 0.99996066 15766203793 237.62746
