logs/db-2025-03-30.ecsv
# %ECSV 1.0
# ---
# datatype:
# - {name: filename, datatype: string}
# - {name: extension, datatype: string}
# - {name: expnum, datatype: int64}
# - {name: exptime, datatype: float32}
# - {name: mjd_obs, datatype: float64}
# - {name: airmass, datatype: float32}
# - {name: racenter, datatype: float64}
# - {name: deccenter, datatype: float64}
# - {name: rabore, datatype: float64}
# - {name: decbore, datatype: float64}
# - {name: band, datatype: string}
# - {name: ebv, datatype: float32}
# - {name: zeropoint, datatype: float32}
# - {name: transparency, datatype: float32}
# - {name: seeing, datatype: float32}
# - {name: sky, datatype: float32}
# - {name: expfactor, datatype: float32}
# - {name: camera, datatype: string}
# - {name: dx, datatype: float32}
# - {name: dy, datatype: float32}
# - {name: nmatched, datatype: int64}
# - {name: obstype, datatype: string}
# - {name: object, datatype: string}
# - {name: tileid, datatype: int64}
# - {name: tileebv, datatype: float32}
# - {name: affine_x0, datatype: float32}
# - {name: affine_y0, datatype: float32}
# - {name: affine_dx, datatype: float32}
# - {name: affine_dxx, datatype: float32}
# - {name: affine_dxy, datatype: float32}
# - {name: affine_dy, datatype: float32}
# - {name: affine_dyx, datatype: float32}
# - {name: affine_dyy, datatype: float32}
# - {name: checksum, datatype: string}
# - {name: efftime, datatype: float32}
# schema: astropy-2.0
filename extension expnum exptime mjd_obs airmass racenter deccenter rabore decbore band ebv zeropoint transparency seeing sky expfactor camera dx dy nmatched obstype object tileid tileebv affine_x0 affine_y0 affine_dx affine_dxx affine_dxy affine_dy affine_dyx affine_dyy checksum efftime
[from data line 87]
rawdata/DECam_01375769.fits.fz N4 1375769 500.0 60765.39023441 1.32 227.18276681286184 -1.863103840899233 227.19028333333335 -1.788 M490 0.06976611 25.006422 1.0858881 1.0175014 21.69118 0.8709538 decam 10.870202 -22.981512 254 object IBIS_wide_M490_437458 437458 0.075369 924.0 1948.0 -0.018880453 1.000175 0.001254719 0.13651861 -0.001577474 1.0001649 16921638187 574.08325
rawdata/DECam_01375770.fits.fz N4 1375770 500.0 60765.39658103 1.34 234.96675252567238 3.5068961128966096 234.97427916666666 3.582 M490 0.06548751 25.014853 1.0983306 1.028786 21.690277 0.8773432 decam 1.8694693 -18.944769 288 object IBIS_wide_M490_437688 437688 0.059848 924.0 1948.0 -0.15359218 1.000246 0.0015508794 0.11848674 -0.0013301899 1.0001131 16987895570 569.9024
rawdata/DECam_01375771.fits.fz N4 1375771 150.0 60765.40355635 1.27 219.89283683787406 -26.697103609240866 219.90124583333332 -26.622 M517 0.09969779 25.057184 1.0706956 1.0742123 21.328688 1.353268 decam -20.887577 -36.21223 467 object "NGC5694 M517" 0 0.0 924.0 1948.0 0.030883057 1.0000818 0.001309349 0.014969917 -0.00109676 1.0002083 16728178472 110.84279
rawdata/DECam_01375772.fits.fz N4 1375772 150.0 60765.40566231 1.27 220.1978439159541 -26.71410360905774 220.20625416666667 -26.639 M517 0.10213117 25.055233 1.0687722 1.0320879 21.278906 1.3127745 decam -10.204367 -32.284046 498 object "NGC5694 M517" 0 0.0 924.0 1948.0 -0.29476345 0.9999673 0.0012919882 0.1390032 -0.0014443474 1.000163 16186461847 114.26181
rawdata/DECam_01375773.fits.fz N4 1375773 150.0 60765.40776396 1.29 220.1378605855672 -26.487103611498394 220.14625416666667 -26.412 M517 0.105431914 25.055916 1.072877 1.0751323 21.079836 1.7087666 decam -9.687184 -34.74743 489 object "NGC5694 M517" 0 0.0 924.0 1948.0 0.084017456 1.0001438 0.0013222406 0.29968363 -0.0013659 1.0002487 16646668583 87.782616
rawdata/DECam_01375774.fits.fz N4 1375774 150.0 60765.40987899 1.3 219.8538479386361 -26.546103610864968 219.86224583333333 -26.471 M517 0.09907802 25.059305 1.0779593 1.1039101 20.743746 2.4395008 decam -2.1950922 -30.864618 810 object "NGC5694 M517" 0 0.0 924.0 1948.0 -0.6597316 1.0002093 0.001310662 -0.2481728 -0.0010301266 1.0000737 16583913554 61.487988
rawdata/DECam_01375775.fits.fz N4 1375775 150.0 60765.41210616 1.31 219.99312780589491 -26.875103607320806 220.00155 -26.8 M517 0.10291567 25.056368 1.0767714 1.0768774 20.36074 3.3217216 decam -6.2982826 -33.36086 459 object "NGC5694 M517" 0 0.0 924.0 1948.0 -0.0649251 1.0000823 0.0013812842 0.1391801 -0.0012327004 1.0003071 17021967464 45.157307
rawdata/DECam_01375776.fits.fz N4 1375776 150.0 60765.41422597 1.33 219.89283683787406 -26.697103609240866 219.90124583333332 -26.622 M490 0.09969779 25.0203 1.1018529 1.0610428 19.60061 6.3517647 decam 9.902418 -27.826305 373 object "NGC5694 M490" 0 0.0 924.0 1948.0 -0.0018667529 1.0002203 0.0013123311 0.012168205 -0.001176598 1.0001556 19101899796 23.615484
rawdata/DECam_01375777.fits.fz N4 1375777 150.0 60765.41632407 1.34 220.1978439159541 -26.71410360905774 220.20625416666667 -26.639 M490 0.10213117 25.019508 1.1030504 1.1061078 19.041151 11.595951 decam 3.2473016 -36.297256 377 object "NGC5694 M490" 0 0.0 924.0 1948.0 -0.26154163 1.0001388 0.0012859108 0.05560953 -0.001399113 1.0001819 20649972893 12.93555
rawdata/DECam_01375778.fits.fz N4 1375778 10.0 60765.41884472 1.15 234.74059043331735 -28.58528747744383 234.74914583333333 -28.51018388888889 M464 0.11379964 24.9286 1.004663 1.157278 18.734497 18.971066 decam -4.0429273 -15.159602 372 object "LTT6248 M464 N4" 0 0.0 924.0 1948.0 -0.20874482 1.000164 0.0017009167 -0.09139318 -0.0016686051 1.0001066 15846727396 0.5271185
rawdata/DECam_01375779.fits.fz N4 1375779 30.0 60765.41931114 1.15 234.7405770094025 -28.749586642275986 234.74914583333333 -28.674483055555555 M464 0.12067735 24.93301 1.0087513 1.1186053 18.560738 20.634974 decam -4.0057397 -30.154554 464 object "LTT6248 M464 S4" 0 0.0 924.0 1948.0 1.8810104e-05 1.0001831 0.0016322113 -0.15050334 -0.001363704 1.0002784 16965810752 1.4538424
rawdata/DECam_01375780.fits.fz N4 1375780 10.0 60765.42005518 1.15 234.7405770094025 -28.749586642275986 234.74914583333333 -28.674483055555555 M464 0.12067735 24.936062 1.0115902 1.0747344 18.374353 22.49249 decam -8.328753 -13.069943 298 object "LTT6248 M464 S4" 0 0.0 924.0 1948.0 -0.2838214 1.0000595 0.0016796526 0.23297584 -0.0014035159 1.00005 16006839596 0.4445928
rawdata/DECam_01375781.fits.fz N4 1375781 4.0 60765.42054327 1.15 234.74059043331735 -28.58528747744383 234.74914583333333 -28.51018388888889 g 0.11379964 26.664661 1.0766257 1.1033294 18.31635 42.669704 decam 8.635483 -27.961155 448 object "LTT6248 g N4" 0 0.0 924.0 1948.0 -0.25260392 1.0001911 0.0017861917 0.13271017 -0.0014688763 1.0001136 16599196732 0.093743324
rawdata/DECam_01375782.fits.fz N4 1375782 4.0 60765.42092869 1.15 234.7405770094025 -28.749586642275986 234.74914583333333 -28.674483055555555 r 0.12067735 26.847439 1.0417792 1.0552651 18.642172 8.826276 decam -2.1007729 -21.558495 693 object "LTT6248 r S4" 0 0.0 924.0 1948.0 -0.020296447 1.000084 0.0017725341 0.06542587 -0.0015583287 1.0001667 16470175308 0.45319226
rawdata/DECam_01375783.fits.fz N4 1375783 4.0 60765.42132422 1.16 234.74059043331735 -28.58528747744383 234.74914583333333 -28.51018388888889 r 0.11379964 26.842329 1.037842 1.0774195 18.507614 10.227832 decam -9.571998 -28.081188 730 object "LTT6248 r N4" 0 0.0 924.0 1948.0 0.0054699024 0.9999008 0.0017633463 0.157207 -0.0015648078 1.0001483 16636979776 0.39108974
rawdata/DECam_01375784.fits.fz N4 1375784 4.0 60765.42173132 1.16 234.7405770094025 -28.749586642275986 234.74914583333333 -28.674483055555555 g 0.12067735 26.673227 1.0868529 1.0636892 17.962818 56.318645 decam -18.518349 -15.708119 377 object "LTT6248 g S4" 0 0.0 924.0 1948.0 -0.11481241 1.0001811 0.0017357442 -0.15160747 -0.0014273083 1.0001547 17055800577 0.07102443
