logs/db-2024-07-12.ecsv
# %ECSV 1.0
# ---
# datatype:
# - {name: filename, datatype: string}
# - {name: extension, datatype: string}
# - {name: expnum, datatype: int64}
# - {name: exptime, datatype: float32}
# - {name: mjd_obs, datatype: float64}
# - {name: airmass, datatype: float32}
# - {name: racenter, datatype: float64}
# - {name: deccenter, datatype: float64}
# - {name: rabore, datatype: float64}
# - {name: decbore, datatype: float64}
# - {name: band, datatype: string}
# - {name: ebv, datatype: float32}
# - {name: zeropoint, datatype: float32}
# - {name: transparency, datatype: float32}
# - {name: seeing, datatype: float32}
# - {name: sky, datatype: float32}
# - {name: expfactor, datatype: float32}
# - {name: camera, datatype: string}
# - {name: dx, datatype: float32}
# - {name: dy, datatype: float32}
# - {name: nmatched, datatype: int64}
# - {name: obstype, datatype: string}
# - {name: object, datatype: string}
# - {name: tileid, datatype: int64}
# - {name: tileebv, datatype: float32}
# - {name: affine_x0, datatype: float32}
# - {name: affine_y0, datatype: float32}
# - {name: affine_dx, datatype: float32}
# - {name: affine_dxx, datatype: float32}
# - {name: affine_dxy, datatype: float32}
# - {name: affine_dy, datatype: float32}
# - {name: affine_dyx, datatype: float32}
# - {name: affine_dyy, datatype: float32}
# - {name: checksum, datatype: string}
# - {name: efftime, datatype: float32}
# schema: astropy-2.0
filename extension expnum exptime mjd_obs airmass racenter deccenter rabore decbore band ebv zeropoint transparency seeing sky expfactor camera dx dy nmatched obstype object tileid tileebv affine_x0 affine_y0 affine_dx affine_dxx affine_dxy affine_dy affine_dyx affine_dyy checksum efftime
rawdata/DECam_01311300.fits.fz N4 1311300 50.0 60504.20272438 1.1 310.1515997588713 -11.818103753865508 310.15927500000004 -11.743 g 0.042859055 26.691408 1.0948726 1.3903183 21.781757 1.740378 decam -30.81176 59.798626 438 object coord_check 0 0.0 924.0 1948.0 -0.10563838 0.99991316 0.0017143453 -0.0012777443 -0.0018310973 1.0000834 16058819265 28.729391
rawdata/DECam_01311301.fits.fz N4 1311301 500.0 60504.2047496 1.09 310.1515997588713 -11.818103753865508 310.15927500000004 -11.743 M464 0.042859055 24.971758 1.0331964 1.2553278 21.921816 1.4104437 decam 9.755308 -15.966067 483 object IBIS_wide_M464_352004 352004 0.04545 924.0 1948.0 -0.03874991 0.999905 0.0015683752 0.051295992 -0.001753595 1.0000103 16676613295 354.49838
rawdata/DECam_01311302.fits.fz N4 1311302 500.0 60504.21090549 1.09 308.7726652453168 -9.360103775736766 308.7802791666667 -9.285 M464 0.060914602 24.963505 1.0253725 1.352347 21.899248 1.8878859 decam 22.802074 -21.16587 553 object IBIS_wide_M464_352097 352097 0.060762 924.0 1948.0 -0.21567094 0.9999895 0.0015170659 0.063491955 -0.0015404657 1.0001615 16849772267 264.8465
rawdata/DECam_01311303.fits.fz N4 1311303 460.0 60504.21707515 1.08 312.82859338137644 -11.748103754493416 312.8362666666667 -11.673 M464 0.059664592 24.95373 1.0140331 1.5218468 21.906723 2.399005 decam 30.396553 -27.813692 463 object IBIS_wide_M464_352000 352000 0.058926 924.0 1948.0 0.023569822 1.0001733 0.0016425691 0.17371295 -0.0015555663 0.99992186 16636004902 191.74617
rawdata/DECam_01311304.fits.fz N4 1311304 500.0 60504.22275172 1.08 311.4956334447628 -10.543103765254175 311.503275 -10.468 M464 0.07477959 24.960892 1.0207442 1.244805 21.908098 1.7310468 decam 36.232296 -40.66068 467 object IBIS_wide_M464_352008 352008 0.061447 924.0 1948.0 0.017710494 1.0001812 0.0014969374 0.23873939 -0.0015840677 1.0001082 16745972967 288.84256
rawdata/DECam_01311305.fits.fz N4 1311305 500.0 60504.22890098 1.07 314.1895929298118 -12.05910375170124 314.197275 -11.984 M464 0.04001445 24.96531 1.0227369 1.3292919 21.921347 1.5741225 decam 42.627678 -37.145966 392 object IBIS_wide_M464_349035 349035 0.059029 924.0 1948.0 0.08449059 1.0002552 0.001520661 0.23561242 -0.00155669 1.0001436 16758193464 317.63727
rawdata/DECam_01311306.fits.fz N4 1311306 500.0 60504.23623403 1.07 316.9515574585676 -13.103103742279657 316.95927083333333 -13.028 M464 0.05345197 24.96827 1.025529 1.2406119 21.905506 1.4985805 decam 1.9383883 -5.047886 306 object IBIS_wide_M464_349026 349026 0.053528 924.0 1948.0 -0.17620122 1.0002167 0.0014381207 0.14443606 -0.0013976042 1.0000982 16710466366 333.64908
rawdata/DECam_01311307.fits.fz N4 1311307 500.0 60504.24237508 1.07 319.66755530595674 -13.30310374046582 319.675275 -13.228 M464 0.06275877 24.975378 1.0322653 1.171004 21.889631 1.4132017 decam 8.831493 -3.4322236 257 object IBIS_wide_M464_350898 350898 0.065656 924.0 1948.0 -0.22892384 1.0001684 0.0012845075 0.13823783 -0.0015308225 1.0000348 17211444454 353.80655
rawdata/DECam_01311308.fits.fz N4 1311308 456.0 60504.24851586 1.07 320.4255906195881 -11.994103752285344 320.4332708333333 -11.919 M464 0.049302764 24.965857 1.0232528 1.0988536 21.916052 1.1416304 decam 11.965052 -6.3932467 279 object IBIS_wide_M464_353919 353919 0.056523 924.0 1948.0 -0.17249203 1.0002491 0.0012025044 0.15097289 -0.001592933 1.0000981 16569676826 399.42874
rawdata/DECam_01311309.fits.fz N4 1311309 407.0 60504.25415218 1.07 321.26259640399144 -11.78910375412568 321.27027083333337 -11.714 M464 0.06237434 24.966139 1.0235178 1.039858 21.91876 1.1015397 decam 3.9966826 0.14383136 257 object IBIS_wide_M464_353918 353918 0.056084 924.0 1948.0 -0.18168496 1.0002247 0.0012994264 0.21610738 -0.0015232797 0.99998015 16946126023 369.48282
rawdata/DECam_01311310.fits.fz N4 1311310 338.0 60504.25922293 1.07 323.76159187013985 -11.95010375268058 323.76927083333334 -11.875 M464 0.054774534 24.968765 1.0259978 1.0384916 21.926464 1.0378549 decam 2.1411066 2.840831 255 object IBIS_wide_M464_348858 348858 0.048235 924.0 1948.0 -0.1680874 1.0002567 0.0010437851 0.0033004298 -0.0011259007 1.0001274 16255014417 325.67172
rawdata/DECam_01311311.fits.fz N4 1311311 298.0 60504.26348295 1.07 323.3986111573246 -11.248103758969322 323.40627083333334 -11.173 M464 0.038116075 24.9666 1.0239542 1.112161 21.934605 1.0744352 decam -1.9478381 7.7099485 241 object IBIS_wide_M464_351844 351844 0.045186 924.0 1948.0 -0.57683027 1.0002885 0.0012186593 0.04022486 -0.0010959159 1.0001297 16110060099 277.355
rawdata/DECam_01311312.fits.fz N4 1311312 304.0 60504.26729529 1.07 325.61760329761535 -11.386103757735553 325.6252666666667 -11.311 M464 0.04474611 24.968472 1.0257204 1.0728924 21.92253 1.0481011 decam 2.5813622 5.9577518 200 object IBIS_wide_M464_357835 357835 0.050826 924.0 1948.0 -0.07441234 1.0002028 0.0010472613 0.11779226 -0.0010115916 1.000094 16182336547 290.04837
rawdata/DECam_01311313.fits.fz N4 1311313 326.0 60504.27116911 1.07 327.75859911351995 -11.841103753659127 327.766275 -11.766 M464 0.04263329 24.969421 1.0266169 1.0596322 21.93401 0.99733603 decam -3.6653175 9.546142 205 object IBIS_wide_M464_354863 354863 0.040433 924.0 1948.0 -0.34784207 1.0001897 0.0011650674 0.13239947 -0.0010764956 1.0001721 16226853888 326.8708
rawdata/DECam_01311314.fits.fz N4 1311314 311.0 60504.27542762 1.07 327.14162063158517 -11.205103759353516 327.1492791666667 -11.13 M464 0.044076897 24.973633 1.0306073 1.0090324 21.927631 0.9106142 decam -7.331376 14.966815 186 object IBIS_wide_M464_357871 357871 0.043455 924.0 1948.0 -0.18165483 1.0003479 0.0010866045 0.16158843 -0.0009917751 0.9999208 16240336128 341.52774
rawdata/DECam_01311315.fits.fz N4 1311315 304.0 60504.27939082 1.06 330.0015807894265 -12.33410374922688 330.00927083333335 -12.259 M464 0.046588693 24.972054 1.0269313 0.9993667 21.936615 0.9018277 decam -8.426002 15.513915 147 object IBIS_wide_M464_357842 357842 0.046426 924.0 1948.0 -0.21738203 0.99978447 0.00084098324 0.22017622 -0.0010078109 1.0002018 16126554762 337.09323
rawdata/DECam_01311316.fits.fz N4 1311316 276.0 60504.28327435 1.06 330.4305866941823 -12.131103751053901 330.4382708333334 -12.056 M464 0.053885724 24.979706 1.0341942 1.0010604 21.942564 0.9265124 decam -7.8794155 16.78012 149 object IBIS_wide_M464_354859 354859 0.047055 924.0 1948.0 -0.05732377 1.0000079 0.000898382 -0.0135718845 -0.000812984 1.0002578 16081187476 297.8913
rawdata/DECam_01311317.fits.fz N4 1311317 264.0 60504.28682706 1.06 329.5966058436269 -11.44610375719876 329.6042708333333 -11.371 M464 0.047837038 24.979145 1.03366 1.0450015 21.944487 0.9732007 decam -7.377074 17.870382 159 object IBIS_wide_M464_354865 354865 0.041702 924.0 1948.0 -0.108557776 1.0002469 0.00086769805 0.109554425 -0.0012348964 1.000123 16069799447 271.26984
rawdata/DECam_01311318.fits.fz N4 1311318 264.0 60504.29023207 1.06 331.78358493093896 -12.19210375050519 331.79127083333333 -12.117 M464 0.06285812 24.967203 1.0223547 1.0705514 21.94737 1.1380403 decam -11.4248705 21.24172 177 object IBIS_wide_M464_354858 354858 0.044997 924.0 1948.0 -0.11993277 1.0002578 0.0008175767 0.041280925 -0.0007068338 0.99999756 16038116609 231.97772
rawdata/DECam_01311319.fits.fz N4 1311319 286.0 60504.29365181 1.06 330.9506042110762 -11.658103755300258 330.95827499999996 -11.583 M464 0.04387644 24.981386 1.0357963 1.1801442 21.971323 1.1773686 decam -6.099051 20.26694 169 object IBIS_wide_M464_357845 357845 0.044602 924.0 1948.0 -0.28950167 1.000181 0.00088295544 0.1948811 -0.0009198473 1.0000283 16078164737 242.91457
rawdata/DECam_01311320.fits.fz N4 1311320 301.0 60504.29733481 1.06 333.25958853391444 -12.067103751629332 333.2672708333333 -11.992 M464 0.04089965 24.977417 1.0320164 1.2767067 21.949268 1.3914065 decam -14.663857 28.373821 143 object IBIS_wide_M464_354811 354811 0.041957 924.0 1948.0 -0.1679724 1.0006138 0.0006438773 0.062626906 -0.0010353394 1.0000408 16199736817 216.32787
rawdata/DECam_01311321.fits.fz N4 1311321 352.0 60504.30120518 1.06 334.2885831873091 -12.252103749965224 334.2962708333333 -12.177 M464 0.04419564 24.97757 1.0321628 1.3356239 21.957006 1.5411272 decam -5.7591524 18.099255 157 object IBIS_wide_M464_357795 357795 0.043781 924.0 1948.0 -0.079199485 1.0001949 0.00064797135 -0.06453628 -0.00069618446 1.0000238 16536494908 228.40425
rawdata/DECam_01311322.fits.fz N4 1311322 425.0 60504.30564467 1.05 336.2815702360858 -12.825103744796012 336.289275 -12.75 M464 0.04400995 24.99348 1.0451819 1.2632761 21.951195 1.344802 decam -10.959626 20.68291 144 object IBIS_wide_M464_354802 354802 0.044906 924.0 1948.0 -0.06585928 1.0000962 0.00083714456 -0.14101282 -0.0006370484 1.0001469 16452302742 316.03165
rawdata/DECam_01311323.fits.fz N4 1311323 456.0 60504.31091555 1.05 335.75657585532684 -12.640103746467474 335.764275 -12.565 M464 0.03999219 24.970768 1.0235455 1.2040539 21.961609 1.2322423 decam -4.620793 20.22682 155 object IBIS_wide_M464_357790 357790 0.043258 924.0 1948.0 -0.1540688 1.0003752 0.0009896276 -0.08253511 -0.00067230687 1.0002307 16476360096 370.05707
rawdata/DECam_01311324.fits.fz N4 1311324 432.0 60504.31654086 1.05 337.8475646525459 -13.006103743158302 337.855275 -12.931 M464 0.052827843 24.980255 1.0325279 1.1892118 21.935358 1.305738 decam -10.169641 18.187763 122 object IBIS_wide_M464_357769 357769 0.055638 924.0 1948.0 -0.25974295 1.0003322 0.0003302582 0.012010046 -0.00087626604 1.0003874 16516624576 330.84738
rawdata/DECam_01311325.fits.fz N4 1311325 408.0 60504.32190697 1.05 337.95457292203594 -12.59910374683758 337.9622708333334 -12.524000000000001 M464 0.053638898 24.987783 1.0397127 1.1312995 21.940395 1.1657901 decam -2.7020922 19.47259 141 object IBIS_wide_M464_354784 354784 0.056593 924.0 1948.0 -0.0750633 1.0003105 0.00059421913 -0.09241612 -0.0004522593 1.0001932 16431638906 349.97723
rawdata/DECam_01311326.fits.fz N4 1311326 409.0 60504.32698591 1.05 339.3575604610517 -12.872103744370978 339.3652666666667 -12.797 M464 0.05647038 24.9714 1.024141 1.1140366 21.917799 1.2098092 decam -5.535732 20.066833 126 object IBIS_wide_M464_355089 355089 0.060186 924.0 1948.0 -0.19130297 1.0005025 0.00062758115 -0.06959829 -0.0006141024 1.0000471 16976146336 338.06985
rawdata/DECam_01311327.fits.fz N4 1311327 331.0 60504.33208772 1.05 342.63854923813597 -13.492103738748987 342.646275 -13.417 M464 0.045040846 24.986181 1.0381798 1.0801122 21.90987 1.0420057 decam -7.8603663 16.681381 105 object IBIS_wide_M464_357982 357982 0.044879 924.0 1948.0 -0.0009377425 1.0001675 0.00043346346 -0.035587754 -0.00039910112 1.0002329 16257122610 317.65662
rawdata/DECam_01311328.fits.fz N4 1311328 360.0 60504.3362749 1.05 341.1415647147072 -13.004103743176412 341.149275 -12.929 M464 0.056748345 24.981604 1.0338109 1.0494336 21.909792 1.063394 decam -7.38947 22.353184 136 object IBIS_wide_M464_355085 355085 0.055278 924.0 1948.0 -0.33619392 1.000273 0.00082215026 0.04884545 -0.00071922695 1.0000504 16369705352 338.5387
rawdata/DECam_01311329.fits.fz N4 1311329 50.0 60504.34220865 1.72 34.75673588588167 -4.419103818857862 34.764270833333335 -4.344 g 0.020776916 26.580639 1.0894713 1.6248848 21.509953 3.2845018 decam -25.78924 69.90831 60 object coord_check 0 0.0 924.0 1948.0 0.96252906 1.000286 -0.0017620707 -0.7471508 0.0015521494 1.0007927 16239537211 15.223009
rawdata/DECam_01311330.fits.fz N4 1311330 500.0 60504.34423004 1.7 34.75673588588167 -4.419103818857862 34.764270833333335 -4.344 M464 0.020776916 24.86025 1.0609627 1.3722521 21.66586 2.298301 decam -3.6623473 -15.140419 66 object IBIS_deep_xmm_M464_77 0 0.0 924.0 1948.0 0.698097 1.0002141 -0.0018282583 -0.73697215 0.0017289179 1.0007646 17000491297 217.55202
rawdata/DECam_01311331.fits.fz N4 1311331 500.0 60504.35038303 1.64 34.52874237209109 -3.7261038248452003 34.53627083333333 -3.651 M464 0.022848446 24.888083 1.074763 1.2118354 21.659374 1.7347825 decam -3.0231783 -14.330292 60 object IBIS_deep_xmm_M464_43 0 0.0 924.0 1948.0 0.09900578 1.0004976 -0.0016009178 -0.7381765 0.0015874015 1.0004889 16926595496 288.22058
rawdata/DECam_01311332.fits.fz N4 1311332 500.0 60504.3565215 1.58 34.9367415048109 -3.8261038239818506 34.944270833333334 -3.751 M464 0.019765398 24.886362 1.0595094 1.2112935 21.661285 1.7042813 decam -4.568741 -19.57514 70 object IBIS_deep_xmm_M464_58 0 0.0 924.0 1948.0 0.7371992 1.0004796 -0.001665895 -0.40150288 0.0015386728 1.0004163 16932435356 293.37878
rawdata/DECam_01311333.fits.fz N4 1311333 452.0 60504.3626789 1.53 34.78875222453352 -3.5441038264159985 34.796279166666665 -3.469 M464 0.020904964 24.897717 1.0593675 1.1945602 21.656837 1.6409868 decam -5.816901 -25.43676 65 object IBIS_deep_xmm_M464_42 0 0.0 924.0 1948.0 -0.36025074 0.99984443 -0.0016099988 -0.50364333 0.0011496404 1.0003929 16907814388 275.44403
rawdata/DECam_01311334.fits.fz N4 1311334 443.0 60504.36825701 1.48 35.24774799712283 -4.030103822219986 35.25527916666667 -3.955 M464 0.02128556 24.902653 1.0529826 1.1604204 21.67205 1.5167328 decam -3.0640385 -23.745989 81 object IBIS_deep_xmm_M464_75 0 0.0 924.0 1948.0 -0.17389649 1.0006745 -0.0018306902 -0.1801163 0.0016864125 1.0003077 16873901884 292.07516
rawdata/DECam_01311335.fits.fz N4 1311335 464.0 60504.37376678 1.44 36.33673548813323 -5.207103812036035 36.34427916666667 -5.132 M464 0.028377183 24.920341 1.0612478 1.1744015 21.694061 1.5366359 decam -6.5706987 -37.528275 72 object IBIS_deep_xmm_M464_49 0 0.0 924.0 1948.0 0.89568716 1.0006026 -0.0018206447 -0.58426064 0.0017519968 1.0004725 16802924494 301.9583
rawdata/DECam_01311336.fits.fz N4 1311336 418.0 60504.37949969 1.41 35.74373683096528 -4.325103819670615 35.751270833333336 -4.25 M464 0.027691286 24.92173 1.0558732 1.3639054 21.679033 2.0866048 decam -1.1131946 -37.278973 77 object IBIS_deep_xmm_M464_1 0 0.0 924.0 1948.0 0.24057001 0.9999091 -0.001737489 -0.24247561 0.0012634662 1.0002085 16711524413 200.32542
rawdata/DECam_01311337.fits.fz N4 1311337 500.0 60504.38576676 1.37 35.08074489805488 -3.4181038275031095 35.08827083333333 -3.343 M464 0.021997001 24.931814 1.0567348 1.2645977 21.663868 1.7267454 decam -0.29909214 -7.2903256 65 object IBIS_deep_xmm_M464_41 0 0.0 924.0 1948.0 0.20722291 1.0001179 -0.0016351079 -0.37554166 0.00096382265 1.000127 16937902957 289.5621
rawdata/DECam_01311338.fits.fz N4 1311338 500.0 60504.39190779 1.33 35.560740133079584 -3.9791038226605333 35.56827083333333 -3.904 M464 0.02547976 24.93569 1.0515641 1.1630522 21.681156 1.4574244 decam -3.5361004 -16.428074 66 object IBIS_deep_xmm_M464_74 0 0.0 924.0 1948.0 0.21443681 0.9998532 -0.0016723013 -0.16097875 0.0020572483 1.0003641 16914388212 343.07095
rawdata/DECam_01311339.fits.fz N4 1311339 496.0 60504.39806426 1.3 36.72973521154652 -5.230103811836678 36.73727916666667 -5.155 M464 0.027766388 24.94512 1.0540175 1.1558306 21.719942 1.3835893 decam -5.884828 -10.329906 63 object IBIS_deep_xmm_M464_31 0 0.0 924.0 1948.0 0.53405416 1.0000609 -0.0017509686 -0.4153508 0.0012746279 0.9999757 16973250522 358.48788
rawdata/DECam_01311340.fits.fz N4 1311340 406.0 60504.40418568 1.27 37.18172522701033 -5.69210380782898 37.189275 -5.617 M464 0.027122937 24.940382 1.0427796 1.0903555 21.728111 1.2283556 decam 3.116835 -20.592386 62 object IBIS_deep_xmm_M464_90 0 0.0 924.0 1948.0 -0.13408005 1.0005013 -0.0018663432 -0.008179629 0.0011986652 1.0004396 16639146607 330.52316
rawdata/DECam_01311341.fits.fz N4 1311341 384.0 60504.40923419 1.25 37.006724969599496 -5.3861038104841175 37.014270833333335 -5.311 M464 0.024202587 24.93884 1.0368996 1.1489344 21.734581 1.3360486 decam 0.86690444 -18.209064 81 object IBIS_deep_xmm_M464_14 0 0.0 924.0 1948.0 0.2523604 1.000102 -0.0016806803 -0.6268407 0.002002951 1.0003746 16605835210 287.4147
rawdata/DECam_01311342.fits.fz N4 1311342 350.0 60504.41405262 1.24 35.86973950602039 -4.047103822073124 35.877270833333334 -3.972 M464 0.024949446 24.967443 1.062325 1.0737116 21.714994 1.1324018 decam 5.9002357 -35.214115 63 object IBIS_deep_xmm_M464_73 0 0.0 924.0 1948.0 -0.11433095 1.000407 -0.00156694 -0.17902513 0.0015329013 1.00037 16422521714 309.07758
rawdata/DECam_01311343.fits.fz N4 1311343 381.0 60504.41849113 1.22 37.35373282939357 -5.424103810154543 37.36127916666666 -5.349 M464 0.024244979 24.958843 1.0494874 1.151331 21.739931 1.2870536 decam 6.865049 -24.026884 58 object IBIS_deep_xmm_M464_91 0 0.0 924.0 1948.0 0.46114513 0.99998105 -0.0013544202 0.27077928 0.0012342138 0.9999642 16830351145 296.02496
rawdata/DECam_01311344.fits.fz N4 1311344 331.0 60504.42326906 1.21 36.86273025247022 -4.942103814331957 36.870270833333336 -4.867 M464 0.027454946 24.954063 1.0426663 1.1923018 21.711777 1.4563036 decam 18.849188 -18.352486 54 object IBIS_deep_xmm_M464_32 0 0.0 924.0 1948.0 0.20616682 1.0004299 -0.001777904 -0.21042036 0.001590276 1.0002617 16541603916 227.28777
rawdata/DECam_01311345.fits.fz N4 1311345 395.0 60504.4274665 1.19 37.14573258020209 -5.101103812954631 37.153275 -5.026 M464 0.03374427 24.947935 1.0324138 1.1675719 21.63902 1.5676767 decam 16.602938 -7.7170653 77 object IBIS_deep_xmm_M464_15 0 0.0 924.0 1948.0 0.3529053 1.0007571 -0.0015030107 -0.17512211 0.001499921 1.0002415 16622373796 251.96523
rawdata/DECam_01311346.fits.fz N4 1311346 425.0 60504.43264172 1.18 36.12574190274673 -4.23310382046588 36.133275000000005 -4.158 M464 0.028798766 24.971182 1.0525258 1.1880537 21.279327 2.1032841 decam 25.779436 0.95375186 65 object IBIS_deep_xmm_M464_72 0 0.0 924.0 1948.0 0.042052068 0.9999978 -0.0012989857 -0.121971294 0.0016114361 1.0002764 17352767710 202.06496
