logs/db-2024-07-11.ecsv
# %ECSV 1.0
# ---
# datatype:
# - {name: filename, datatype: string}
# - {name: extension, datatype: string}
# - {name: expnum, datatype: int64}
# - {name: exptime, datatype: float32}
# - {name: mjd_obs, datatype: float64}
# - {name: airmass, datatype: float32}
# - {name: racenter, datatype: float64}
# - {name: deccenter, datatype: float64}
# - {name: rabore, datatype: float64}
# - {name: decbore, datatype: float64}
# - {name: band, datatype: string}
# - {name: ebv, datatype: float32}
# - {name: zeropoint, datatype: float32}
# - {name: transparency, datatype: float32}
# - {name: seeing, datatype: float32}
# - {name: sky, datatype: float32}
# - {name: expfactor, datatype: float32}
# - {name: camera, datatype: string}
# - {name: dx, datatype: float32}
# - {name: dy, datatype: float32}
# - {name: nmatched, datatype: int64}
# - {name: obstype, datatype: string}
# - {name: object, datatype: string}
# - {name: tileid, datatype: int64}
# - {name: tileebv, datatype: float32}
# - {name: affine_x0, datatype: float32}
# - {name: affine_y0, datatype: float32}
# - {name: affine_dx, datatype: float32}
# - {name: affine_dxx, datatype: float32}
# - {name: affine_dxy, datatype: float32}
# - {name: affine_dy, datatype: float32}
# - {name: affine_dyx, datatype: float32}
# - {name: affine_dyy, datatype: float32}
# - {name: checksum, datatype: string}
# - {name: efftime, datatype: float32}
# schema: astropy-2.0
filename extension expnum exptime mjd_obs airmass racenter deccenter rabore decbore band ebv zeropoint transparency seeing sky expfactor camera dx dy nmatched obstype object tileid tileebv affine_x0 affine_y0 affine_dx affine_dxx affine_dxy affine_dy affine_dyx affine_dyy checksum efftime
rawdata/DECam_01311024.fits.fz N4 1311024 50.0 60503.20200676 1.07 306.965507762973 -14.713103727590244 306.973275 -14.638 g 0.051738754 26.688946 1.0872726 1.0998986 21.679367 1.2682818 decam -11.571732 30.248716 555 object coord_check 0 0.0 924.0 1948.0 -0.06203246 0.99982893 0.001741933 0.1855645 -0.0016305657 0.999925 16336786211 39.423416
rawdata/DECam_01311025.fits.fz N4 1311025 393.0 60503.20413602 1.07 306.965507762973 -14.713103727590244 306.973275 -14.638 M464 0.051738754 24.950438 1.0088239 1.14983 21.804825 1.4451865 decam 13.01795 10.157382 556 object IBIS_wide_M464_349002 349002 0.056131 924.0 1948.0 -0.036096666 0.99982303 0.0016459116 0.2598025 -0.0015896631 0.9999783 16876311075 271.93723
rawdata/DECam_01311026.fits.fz N4 1311026 377.0 60503.20906366 1.08 309.1035688141581 -12.73510374560946 309.1112708333333 -12.66 M464 0.051384278 24.959658 1.0195843 1.2189115 21.841732 1.539786 decam 12.463035 0.65973145 529 object IBIS_wide_M464_349017 349017 0.046726 924.0 1948.0 -0.06699014 1.0000851 0.0015399524 0.229264 -0.0014640703 1.0001088 17306736079 244.83922
rawdata/DECam_01311027.fits.fz N4 1311027 413.0 60503.21378432 1.08 310.3275694819072 -12.713103745808215 310.3352708333333 -12.638 M464 0.039009176 24.960714 1.0205773 1.2084725 21.866463 1.3722886 decam 18.696997 -0.97384524 533 object IBIS_wide_M464_349012 349012 0.042104 924.0 1948.0 -0.13065402 1.0001844 0.0016891549 0.0025784797 -0.0017638563 1.0000204 16678062253 300.9571
rawdata/DECam_01311028.fits.fz N4 1311028 466.0 60503.21892559 1.07 312.3045364057281 -13.757103736337205 312.31227083333334 -13.682 M464 0.054882403 24.968775 1.0260067 1.1143727 21.848185 1.2848148 decam 15.56753 1.1718413 412 object IBIS_wide_M464_351974 351974 0.054389 924.0 1948.0 -0.07258773 1.0001264 0.0016248205 0.14759827 -0.0015212969 1.0001869 16783658595 362.69818
rawdata/DECam_01311029.fits.fz N4 1311029 434.0 60503.2246717 1.07 309.237600101682 -11.504103756679644 309.2452666666667 -11.429 M464 0.06881664 24.966381 1.0237467 1.0558988 21.83431 1.274725 decam 13.925067 -2.9070253 486 object IBIS_wide_M464_349020 349020 0.050831 924.0 1948.0 -0.066523336 1.0002545 0.0016607111 0.31401217 -0.0018359836 1.000226 16948951315 340.4656
rawdata/DECam_01311030.fits.fz N4 1311030 356.0 60503.23004529 1.06 311.2445836498482 -12.092103751404585 311.2522666666667 -12.017 M464 0.04143866 24.967405 1.0225449 1.0285897 21.86867 0.99483514 decam 15.352077 3.5999799 485 object IBIS_wide_M464_349015 349015 0.042233 924.0 1948.0 -0.13051993 1.0002055 0.0015593333 0.20907934 -0.0017046502 1.0001944 16432297212 357.84824
rawdata/DECam_01311031.fits.fz N4 1311031 369.0 60503.23470864 1.07 317.6915287542687 -13.862103735380087 317.6992666666667 -13.787 M464 0.055294167 24.970877 1.0279945 1.1123657 21.86105 1.2633076 decam 9.0782585 1.5537713 327 object IBIS_wide_M464_350896 350896 0.062425 924.0 1948.0 -0.14780167 1.0001262 0.0012360419 0.17724289 -0.0014494035 1.0002061 16368822676 292.0904
rawdata/DECam_01311032.fits.fz N4 1311032 346.0 60503.23934298 1.07 319.6075189819526 -14.394103730517214 319.615275 -14.319 M464 0.055656586 24.967726 1.0250158 1.1654056 21.852444 1.4085891 decam 7.6952825 0.55686146 250 object IBIS_wide_M464_350891 350891 0.064496 924.0 1948.0 0.042402636 1.0000954 0.0012700675 0.3178424 -0.001327262 1.0001442 16317550087 245.63586
rawdata/DECam_01311033.fits.fz N4 1311033 408.0 60503.24370614 1.07 321.1105133538349 -14.55510372904102 321.118275 -14.48 M464 0.08284382 24.958935 1.0167487 1.1905266 21.842413 1.771026 decam 13.7762375 -0.24648118 235 object IBIS_wide_M464_350890 350890 0.069587 924.0 1948.0 -0.050062686 1.0002021 0.0012901986 0.10239228 -0.0013690331 1.0002073 16564931897 230.37494
rawdata/DECam_01311034.fits.fz N4 1311034 408.0 60503.24879455 1.07 319.6805839943992 -12.080103751512471 319.68826666666666 -12.005 M464 0.04878016 24.971178 1.0282788 1.1294261 21.879425 1.231301 decam 18.645245 -2.994569 302 object IBIS_wide_M464_350910 350910 0.049946 924.0 1948.0 -0.11736473 0.9999578 0.001284068 0.3167198 -0.0013957501 1.0001123 16449586327 331.35684
rawdata/DECam_01311035.fits.fz N4 1311035 456.0 60503.25390176 1.07 323.15457040308917 -12.544103747333873 323.1622666666667 -12.469 M464 0.05872673 24.969042 1.0262587 1.0938786 21.860676 1.251485 decam 11.177401 10.625747 211 object IBIS_wide_M464_350905 350905 0.056568 924.0 1948.0 -0.19051754 0.999771 0.0012290834 0.18854074 -0.0013608433 1.000378 16639616152 364.36713
rawdata/DECam_01311036.fits.fz N4 1311036 376.0 60503.2595321 1.07 324.06157382175894 -12.569103747108311 324.06927083333335 -12.494 M464 0.043731738 24.966434 1.0237968 1.1146926 21.874115 1.1801008 decam 14.940795 6.9560347 221 object IBIS_wide_M464_359906 359906 0.052893 924.0 1948.0 -0.26030603 1.0000145 0.0011746561 0.13202567 -0.0010912331 1.0000894 16411685924 318.61685
rawdata/DECam_01311037.fits.fz N4 1311037 356.0 60503.2642533 1.07 324.4495890686207 -12.193103750496194 324.457275 -12.118 M464 0.046753347 24.95631 1.0142939 1.137129 21.87697 1.2703446 decam 7.3187456 4.6258593 232 object IBIS_wide_M464_354848 354848 0.050381 924.0 1948.0 -0.089581355 1.000019 0.0012135388 -0.040660046 -0.0010048635 1.000078 16399654634 280.23892
rawdata/DECam_01311038.fits.fz N4 1311038 362.0 60503.26872755 1.07 324.620604680305 -11.641103755452603 324.628275 -11.566 M464 0.050446056 24.955635 1.013664 1.2654787 21.886513 1.5953872 decam 8.6811 9.945925 230 object IBIS_wide_M464_357831 357831 0.048045 924.0 1948.0 -0.3436653 1.0000951 0.0011077621 0.27235603 -0.0011602318 0.999873 16364740312 226.90416
rawdata/DECam_01311039.fits.fz N4 1311039 385.0 60503.27331697 1.06 325.07160137885387 -11.45710375710032 325.0792666666666 -11.382 M464 0.04566942 24.963911 1.0192595 1.228876 21.886599 1.4403782 decam -2.994457 -0.6676904 214 object IBIS_wide_M464_354849 354849 0.049542 924.0 1948.0 -0.2073202 1.0001804 0.0011637247 0.16810519 -0.0014207335 1.0000782 16537269168 267.29092
rawdata/DECam_01311040.fits.fz N4 1311040 468.0 60503.27816548 1.06 326.3655978820798 -11.736103754601025 326.3732708333333 -11.661 M464 0.04954183 24.968348 1.0234319 1.2124453 21.85474 1.4653988 decam 9.502233 8.936387 220 object IBIS_wide_M464_357833 357833 0.048362 924.0 1948.0 -0.2727192 1.0002 0.0011998966 0.08605432 -0.0011920794 1.0001599 16654391297 319.367
rawdata/DECam_01311041.fits.fz N4 1311041 424.0 60503.28395749 1.06 329.2535603073423 -12.877103744325751 329.26126666666664 -12.802 M464 0.045698743 24.967953 1.0230601 1.1959999 21.859554 1.3887475 decam -3.0591128 14.292292 220 object IBIS_wide_M464_357841 357841 0.043375 924.0 1948.0 -0.2332252 1.0002719 0.00091194274 0.082550175 -0.0010338213 1.0001341 16554848882 305.3111
rawdata/DECam_01311042.fits.fz N4 1311042 425.0 60503.28923515 1.05 329.58257304158093 -12.733103745627531 329.59027499999996 -12.658 M464 0.04389557 24.974108 1.0266994 1.167487 21.833237 1.3263844 decam 3.6539767 5.426129 160 object IBIS_wide_M464_354856 354856 0.04468 924.0 1948.0 -0.32146657 0.9998781 0.00075601705 0.10649555 -0.0010742916 1.0000905 16748191761 320.41992
rawdata/DECam_01311043.fits.fz N4 1311043 400.0 60503.2945299 1.06 329.3015884967095 -11.92210375293202 329.30926666666664 -11.847 M464 0.043904338 24.977558 1.0321517 1.1635983 21.883564 1.2499937 decam 0.7348721 21.802757 184 object IBIS_wide_M464_357848 357848 0.039737 924.0 1948.0 0.18943954 1.0003208 0.000916903 0.011417714 -0.0010790149 1.0002652 16440593372 320.00162
rawdata/DECam_01311044.fits.fz N4 1311044 405.0 60503.29953006 1.05 331.341573556716 -12.438103748289775 331.34926666666667 -12.363 M464 0.046327554 24.976849 1.0292948 1.2076645 21.878777 1.3735662 decam 7.158995 18.085464 174 object IBIS_wide_M464_357843 357843 0.045885 924.0 1948.0 -0.3082859 1.0002788 0.0011679254 -0.09293949 -0.00076621526 1.0000683 16489309099 294.85294
rawdata/DECam_01311045.fits.fz N4 1311045 369.0 60503.30459356 1.05 334.90456384350256 -13.032103742922857 334.91227499999997 -12.957 M464 0.041368462 24.980423 1.0326885 1.2837377 21.866846 1.5135128 decam 5.0733404 19.243889 139 object IBIS_wide_M464_357789 357789 0.042312 924.0 1948.0 0.073522575 0.9999205 0.0007877782 -0.0034004303 -0.0009784232 1.0002348 16501249807 243.80368
rawdata/DECam_01311046.fits.fz N4 1311046 406.0 60503.30921953 1.05 333.84757220058617 -12.623103746620947 333.85527083333335 -12.548 M464 0.043440126 24.976545 1.0290058 1.308719 21.872135 1.5959355 decam 7.5514827 20.7172 159 object IBIS_wide_M464_354809 354809 0.043282 924.0 1948.0 -0.25257337 1.0003616 0.00086567533 0.12882215 -0.00042668273 1.0003054 16507645764 254.39626
rawdata/DECam_01311047.fits.fz N4 1311047 458.0 60503.31427095 1.05 335.15856899639556 -12.72910374566367 335.16627083333333 -12.654 M464 0.039866406 24.970806 1.0235821 1.3680263 21.875086 1.7205951 decam 11.624473 22.937366 140 object IBIS_wide_M464_354804 354804 0.042823 924.0 1948.0 -0.28582504 0.99992883 0.0010441727 0.11750718 -0.000986491 1.0002918 16623161884 266.18698
rawdata/DECam_01311048.fits.fz N4 1311048 476.0 60503.32002519 1.04 340.0865029052903 -14.615103728490341 340.09426666666667 -14.54 M464 0.037900604 24.98106 1.0311077 1.2876158 21.825985 1.5471072 decam 7.114438 16.912083 93 object IBIS_wide_M464_354774 354774 0.043479 924.0 1948.0 -0.070079945 1.0000914 0.00071253 -0.07336584 -0.00029231716 0.9998798 17728224749 307.671
rawdata/DECam_01311049.fits.fz N4 1311049 500.0 60503.32588995 1.05 338.78154636685906 -13.322103740293349 338.78926666666666 -13.247 M464 0.048271462 24.967245 1.0202297 1.3377599 21.869537 1.749655 decam 2.9484985 18.993881 138 object IBIS_wide_M464_354782 354782 0.057694 924.0 1948.0 -0.050555777 1.0000517 0.00069465616 0.031876426 -0.00054908835 1.0000535 16712844273 285.77063
rawdata/DECam_01311050.fits.fz N4 1311050 473.0 60503.33206304 1.04 342.965507762973 -14.713103727590244 342.973275 -14.638 M464 0.03940095 24.968988 1.0197071 1.4322034 21.873806 1.8889376 decam 4.060056 18.560162 101 object IBIS_wide_M464_354994 354994 0.040984 924.0 1948.0 -0.081474714 1.0004225 0.00043674864 -0.03772518 -0.00056587637 1.0001522 16668701789 250.4053
rawdata/DECam_01311051.fits.fz N4 1311051 500.0 60503.33790169 1.04 342.08153706891505 -13.610103737675733 342.0892666666667 -13.535 M464 0.049724065 24.968502 1.0192504 1.3451027 21.831326 1.843802 decam 2.0819716 21.717402 118 object IBIS_wide_M464_355082 355082 0.047906 924.0 1948.0 -0.27647617 1.0003543 0.0006533581 0.0073007257 -0.00067849515 1.0000472 16737887153 271.1788
rawdata/DECam_01311052.fits.fz N4 1311052 50.0 60503.34549093 1.71 35.7757210613091 -6.294103802597073 35.78327916666667 -6.219 g 0.029704135 26.555023 1.062402 2.025552 21.464321 5.8811703 decam -20.397192 62.821384 48 object coord_check 0 0.0 924.0 1948.0 1.1926997 1.0001264 -0.0017744983 -0.88089556 0.0010860113 1.0006288 16307787508 8.501709
rawdata/DECam_01311053.fits.fz N4 1311053 500.0 60503.34745913 1.68 35.7757210613091 -6.294103802597073 35.78327916666667 -6.219 M411 0.029704135 24.240036 0.9669197 1.9544914 22.016123 4.832062 decam 8.930624 -6.4161005 42 object IBIS_deep_xmm_M411_85 0 0.0 924.0 1948.0 1.195877 1.0002387 -0.0020118488 -0.72938496 0.0014096025 1.0003989 16175395248 103.4755
rawdata/DECam_01311054.fits.fz N4 1311054 500.0 60503.35361574 1.62 34.480737462689476 -4.2611038202238625 34.48827083333333 -4.186 M411 0.022151582 24.27399 0.9794455 1.6600491 21.991543 3.2038026 decam 2.3223689 -12.493768 45 object IBIS_deep_xmm_M411_60 0 0.0 924.0 1948.0 0.16411406 1.0003035 -0.0016968331 -0.30964234 0.0014167761 1.0000614 16269761167 156.06454
rawdata/DECam_01311055.fits.fz N4 1311055 500.0 60503.35976581 1.56 34.30774451850398 -3.9551038228678297 34.315275 -3.88 M411 0.02304132 24.253702 0.9437844 1.5505065 22.003475 2.8851955 decam 14.81346 -12.767386 49 object IBIS_deep_xmm_M411_44 0 0.0 924.0 1948.0 -0.2939924 1.00068 -0.0012087482 -0.072504796 0.0013570231 1.00054 16131750265 173.29848
rawdata/DECam_01311056.fits.fz N4 1311056 500.0 60503.36591173 1.5 35.21572800081647 -5.136103812651355 35.22327083333333 -5.061 M411 0.0217977 24.296585 0.9639047 1.6292495 22.021618 2.8734188 decam 5.443956 -23.057196 51 object IBIS_deep_xmm_M411_25 0 0.0 924.0 1948.0 1.0916034 0.99997395 -0.0018221581 -0.43303132 0.0012364398 1.0002931 16131847972 174.00874
rawdata/DECam_01311057.fits.fz N4 1311057 500.0 60503.37206974 1.46 36.09471269887169 -6.296103802579671 36.102270833333336 -6.221 M411 0.032051947 24.30026 0.9553796 1.973397 22.02905 4.4174814 decam 21.051756 -24.682833 30 object IBIS_deep_xmm_M411_86 0 0.0 924.0 1948.0 -0.014829434 0.9999018 -0.0016590505 -0.10911342 0.0012215258 1.000419 16122718696 113.18667
rawdata/DECam_01311058.fits.fz N4 1311058 500.0 60503.37822272 1.41 34.96173713736164 -4.697103816452966 34.969274999999996 -4.622 M411 0.02246037 24.308105 0.9476628 2.1213315 21.999231 4.88557 decam 12.3708105 -29.656221 42 object IBIS_deep_xmm_M411_4 0 0.0 924.0 1948.0 -0.17034715 1.0000938 -0.0015766897 -0.1333958 0.0011796684 1.0002276 16132569553 102.3422
rawdata/DECam_01311059.fits.fz N4 1311059 500.0 60503.38437209 1.37 34.75673588588167 -4.419103818857862 34.764270833333335 -4.344 M411 0.020776916 24.308056 0.9360652 2.0617092 21.950914 4.7775483 decam 9.262632 -38.576324 44 object IBIS_deep_xmm_M411_77 0 0.0 924.0 1948.0 0.69584346 1.0003711 -0.001663032 -0.45697397 0.0011560419 1.000495 16206284606 104.65619
rawdata/DECam_01311060.fits.fz N4 1311060 500.0 60503.3905213 1.34 35.24073574577581 -4.824103815353696 35.248275 -4.749 M411 0.022416845 24.33905 0.954351 1.7782699 21.978182 3.3063369 decam 10.121797 -41.119556 48 object IBIS_deep_xmm_M411_24 0 0.0 924.0 1948.0 -0.39418054 1.000469 -0.0015955245 -0.22437403 0.00090528687 1.0002464 16239915377 151.22476
rawdata/DECam_01311061.fits.fz N4 1311061 500.0 60503.39837638 1.3 35.14874397462863 -4.443103818650318 35.15627916666667 -4.368 M411 0.020384904 24.353107 0.9549994 1.654455 21.96208 2.7969558 decam 5.064602 -0.8862713 36 object IBIS_deep_xmm_M411_3 0 0.0 924.0 1948.0 0.18820046 0.9999709 -0.0017818818 -0.31023473 0.0012915054 1.0002136 16214889284 178.76578
rawdata/DECam_01311062.fits.fz N4 1311062 500.0 60503.40455486 1.27 36.23872201286969 -5.619103808462646 36.246270833333334 -5.5440000000000005 M411 0.026346546 24.330359 0.9266315 1.69827 21.981878 3.1259232 decam -0.33273703 10.654689 55 object IBIS_deep_xmm_M411_29 0 0.0 924.0 1948.0 -0.17250004 1.0005898 -0.0011916143 -0.333489 0.0012418405 1.0000837 16170851825 159.95274
rawdata/DECam_01311063.fits.fz N4 1311063 500.0 60503.41070654 1.25 36.960726310801675 -5.922103805831434 36.96827916666667 -5.8469999999999995 M411 0.028302534 24.380424 0.9644283 1.6038357 21.991665 2.5491285 decam -4.3613763 6.6252685 53 object IBIS_deep_xmm_M411_89 0 0.0 924.0 1948.0 0.65384084 1.0004169 -0.0012921278 -0.050009046 0.0014661958 0.99995893 16134258179 196.14546
rawdata/DECam_01311064.fits.fz N4 1311064 500.0 60503.41685792 1.23 36.24473155689402 -4.82610381533638 36.252270833333334 -4.751 M411 0.027478544 24.373106 0.9520915 1.5842406 21.958748 2.5859938 decam -4.0824313 4.039793 54 object IBIS_deep_xmm_M411_70 0 0.0 924.0 1948.0 -0.06616272 1.0002875 -0.0017271787 -0.24167801 0.001444823 1.0003573 16167093075 193.34927
rawdata/DECam_01311065.fits.fz N4 1311065 500.0 60503.42301884 1.21 37.18172522701033 -5.69210380782898 37.189275 -5.617 M411 0.027122937 24.35966 0.93462056 1.5676688 21.92757 2.6657412 decam -12.277596 2.4583235 43 object IBIS_deep_xmm_M411_90 0 0.0 924.0 1948.0 -0.9434195 1.0005046 -0.0018931567 -0.04675655 0.0011263416 1.0003681 16198219442 187.5651
rawdata/DECam_01311066.fits.fz N4 1311066 500.0 60503.429173 1.19 36.72973521154652 -5.230103811836678 36.73727916666667 -5.155 M411 0.027766388 24.36603 0.9343719 1.6377556 21.695354 3.5744953 decam -10.759571 2.2434998 44 object IBIS_deep_xmm_M411_31 0 0.0 924.0 1948.0 0.72119474 1.0001259 -0.0015034896 -0.2510875 0.001457168 1.0001907 16439288162 139.87988
