logs/db-2024-06-02.ecsv
# %ECSV 1.0
# ---
# datatype:
# - {name: filename, datatype: string}
# - {name: extension, datatype: string}
# - {name: expnum, datatype: int64}
# - {name: exptime, datatype: float32}
# - {name: mjd_obs, datatype: float64}
# - {name: airmass, datatype: float32}
# - {name: racenter, datatype: float64}
# - {name: deccenter, datatype: float64}
# - {name: rabore, datatype: float64}
# - {name: decbore, datatype: float64}
# - {name: band, datatype: string}
# - {name: ebv, datatype: float32}
# - {name: zeropoint, datatype: float32}
# - {name: transparency, datatype: float32}
# - {name: seeing, datatype: float32}
# - {name: sky, datatype: float32}
# - {name: expfactor, datatype: float32}
# - {name: camera, datatype: string}
# - {name: dx, datatype: float32}
# - {name: dy, datatype: float32}
# - {name: nmatched, datatype: int64}
# - {name: obstype, datatype: string}
# - {name: object, datatype: string}
# - {name: tileid, datatype: int64}
# - {name: tileebv, datatype: float32}
# - {name: affine_x0, datatype: float32}
# - {name: affine_y0, datatype: float32}
# - {name: affine_dx, datatype: float32}
# - {name: affine_dxx, datatype: float32}
# - {name: affine_dxy, datatype: float32}
# - {name: affine_dy, datatype: float32}
# - {name: affine_dyx, datatype: float32}
# - {name: affine_dyy, datatype: float32}
# - {name: checksum, datatype: string}
# - {name: efftime, datatype: float32}
# schema: astropy-2.0
filename extension expnum exptime mjd_obs airmass racenter deccenter rabore decbore band ebv zeropoint transparency seeing sky expfactor camera dx dy nmatched obstype object tileid tileebv affine_x0 affine_y0 affine_dx affine_dxx affine_dxy affine_dy affine_dyx affine_dyy checksum efftime
rawdata/y.fits.fz N4 1302363 500.0 60464.02267619 1.33 219.39177025867292 -0.6791038510823347 219.39928333333333 -0.604 M411 0.035652008 24.275305 0.8971766 1.3482366 22.17072 1.5684937 decam 8.229964 -16.380716 109 object IBIS_deep_desi220_M411_68 0 0.0 924.0 1948.0 0.44121936 1.0001816 0.0014077969 0.112091504 -0.0016018342 1.0002159 16006087097 318.7772
rawdata/DECam_01302334.fits.fz N4 1302334 5.0 60463.97806049 1.0 173.05827796542556 -29.33843552454206 173.06689583333332 -29.263331944444445 r 0.060215417 24.539656 0.12264844 1.5526978 20.46394 173.32709 decam -25.34186 -49.065258 77 object pointing 0 0.0 924.0 1948.0 -0.017952707 1.0001503 -0.0003944735 0.06476847 0.0005674793 0.999866 15630197188 0.028847193
rawdata/DECam_01302335.fits.fz N4 1302335 10.0 60463.97879625 1.0 173.05827796542556 -29.33843552454206 173.06689583333332 -29.263331944444445 r 0.060215417 23.667736 0.05494076 1.8004296 20.471567 1079.9452 decam -162.25821 -135.04504 51 object trash 0 0.0 924.0 1948.0 0.2162125 0.9997797 -0.00029102998 0.107338116 0.0005382752 0.9997866 15967575104 0.00925973
rawdata/DECam_01302336.fits.fz N4 1302336 10.0 60463.98055572 1.29 149.99276654478962 1.9248961265270395 150.00028333333333 2.0 r 0.018865101 23.12818 0.034329813 1.1983765 20.241373 1690.6575 decam 39.36513 44.170094 16 object trash 0 0.0 924.0 1948.0 0.87677836 1.000281 -0.0016068574 -0.63067085 0.0016079228 1.0001019 15998027396 0.0059148585
rawdata/DECam_01302337.fits.fz N4 1302337 30.0 60463.98170937 1.29 149.99276654478962 1.9248961265270395 150.00028333333333 2.0 r 0.018865101 23.489372 0.047879413 1.16484 20.252562 829.6981 decam 40.322407 42.7661 31 object trash 0 0.0 924.0 1948.0 0.61532336 0.9998721 -0.0015575682 0.010302394 0.0016673579 1.0001398 17213053774 0.03615773
rawdata/DECam_01302338.fits.fz N4 1302338 60.0 60463.98331797 1.3 149.99276654478962 1.9248961265270395 150.00028333333333 2.0 r 0.018865101 23.487585 0.047844753 1.2874879 20.256702 945.15015 decam -14.466168 10.741569 35 object cosmos-check 0 0.0 924.0 1948.0 0.36472306 1.000542 -0.0014152314 -0.09884175 0.0007796849 0.9998511 19034283873 0.06348198
rawdata/DECam_01302339.fits.fz N4 1302339 60.0 60463.98439228 1.3 149.99276654478962 1.9248961265270395 150.00028333333333 2.0 r 0.018865101 24.63219 0.13730183 1.1980335 20.300396 100.2482 decam -23.424591 18.439928 49 object cosmos-check 0 0.0 924.0 1948.0 0.06230784 1.000209 -0.0015366292 0.14244252 0.0015268642 1.0001079 18901115051 0.5985145
rawdata/DECam_01302340.fits.fz N4 1302340 60.0 60463.98545472 1.31 149.99276654478962 1.9248961265270395 150.00028333333333 2.0 r 0.018865101 21.8819 0.0109134 1.3446255 20.227169 19847.451 decam -20.636456 22.182585 11 object cosmos-check 0 0.0 924.0 1948.0 0.42360124 0.9999759 -0.0016181396 -0.80784285 0.0015844705 1.0000787 19129230429 0.0030230582
rawdata/DECam_01302341.fits.fz N4 1302341 60.0 60463.98653644 1.31 149.99276654478962 1.9248961265270395 150.00028333333333 2.0 r 0.018865101 24.169403 0.08973487 1.2371666 20.241411 258.86212 decam -36.698242 10.278636 43 object cosmos-check 0 0.0 924.0 1948.0 0.18846579 1.000366 -0.0015070825 -0.0016805555 0.0013897334 1.000054 19089995744 0.23178363
rawdata/DECam_01302342.fits.fz N4 1302342 60.0 60463.987643 1.32 149.99276654478962 1.9248961265270395 150.00028333333333 2.0 r 0.018865101 24.67527 0.14312266 1.3494573 20.281622 110.50768 decam -27.55302 28.403255 47 object cosmos-check 0 0.0 924.0 1948.0 0.085433066 1.0001519 -0.0015261893 0.1109823 0.0015641839 1.0000923 18964520959 0.54294866
rawdata/DECam_01302343.fits.fz N4 1302343 60.0 60463.98870516 1.32 149.99276654478962 1.9248961265270395 150.00028333333333 2.0 r 0.018865101 24.276228 0.09910407 1.1995745 20.278824 197.33026 decam -23.27519 35.83588 43 object cosmos-check 0 0.0 924.0 1948.0 0.23253459 1.0002358 -0.0014514176 0.1237171 0.0014802534 1.0000465 18962014591 0.3040588
rawdata/DECam_01302344.fits.fz N4 1302344 60.0 60463.98977115 1.33 149.99276654478962 1.9248961265270395 150.00028333333333 2.0 r 0.018865101 22.52389 0.019749481 1.1581122 20.220224 5024.311 decam -31.42059 40.04671 19 object cosmos-check 0 0.0 924.0 1948.0 0.56264174 1.0000457 -0.0015542931 -0.18137081 0.0017799055 1.0001289 19146566780 0.011941936
rawdata/DECam_01302345.fits.fz N4 1302345 60.0 60463.99083009 1.33 149.99276654478962 1.9248961265270395 150.00028333333333 2.0 r 0.018865101 23.745731 0.060854495 1.1786032 20.238157 532.17505 decam -29.684935 38.38526 38 object cosmos-check 0 0.0 924.0 1948.0 0.19824092 1.0002772 -0.0013954262 0.08034168 0.0013766888 1.0000759 19089266447 0.11274486
rawdata/DECam_01302346.fits.fz N4 1302346 60.0 60463.9919155 1.34 149.99276654478962 1.9248961265270395 150.00028333333333 2.0 r 0.018865101 24.515095 0.12371933 1.1554165 20.258875 123.41926 decam -21.762222 23.112272 48 object cosmos-check 0 0.0 924.0 1948.0 0.046736017 1.0001796 -0.0015422492 0.09188833 0.0016417525 1.0001253 19028712716 0.4861478
rawdata/DECam_01302347.fits.fz N4 1302347 60.0 60463.99298987 1.34 149.99276654478962 1.9248961265270395 150.00028333333333 2.0 r 0.018865101 25.77217 0.3937925 1.2111849 20.383104 11.538139 decam -10.536338 29.57882 81 object cosmos-check 0 0.0 924.0 1948.0 0.08071464 1.0004292 -0.0014626761 -0.10621923 0.0010638919 1.0002223 18671849045 5.2001452
rawdata/DECam_01302348.fits.fz N4 1302348 60.0 60463.99407035 1.35 149.99276654478962 1.9248961265270395 150.00028333333333 2.0 g 0.018865101 25.48285 0.37405843 1.2985657 21.316687 18.271393 decam -14.186978 14.653058 51 object yell-at-clouds 0 0.0 924.0 1948.0 -0.047766674 1.0000453 -0.0015964839 -0.25394753 0.0020996137 1.0006053 16534648888 3.2838218
rawdata/DECam_01302349.fits.fz N4 1302349 60.0 60463.99517045 1.35 149.99276654478962 1.9248961265270395 150.00028333333333 2.0 g 0.018865101 25.090904 0.26071256 1.3039888 21.29436 38.61178 decam 1.9084558 28.009495 47 object yell-at-clouds 0 0.0 924.0 1948.0 0.38507223 1.000124 -0.001181321 0.1467251 0.0014916125 0.9998735 16550400958 1.55393
rawdata/DECam_01302350.fits.fz N4 1302350 60.0 60463.99624221 1.36 149.99276654478962 1.9248961265270395 150.00028333333333 2.0 g 0.018865101 24.594727 0.16533722 1.2685628 21.279638 94.05806 decam 6.6209087 16.22547 39 object yell-at-clouds 0 0.0 924.0 1948.0 -0.024986917 1.0003483 -0.0013676117 0.030598214 0.0015347019 1.0000384 16559241959 0.63790387
rawdata/DECam_01302351.fits.fz N4 1302351 60.0 60463.99730338 1.36 149.99276654478962 1.9248961265270395 150.00028333333333 2.0 g 0.018865101 23.11849 0.042449825 1.2906505 21.23842 1516.923 decam -2.8675475 10.227228 24 object yell-at-clouds 0 0.0 924.0 1948.0 0.3089598 1.0004056 -0.0013721446 0.16954659 0.0013853236 0.99999166 16596223587 0.039553754
rawdata/DECam_01302352.fits.fz N4 1302352 60.0 60463.99835683 1.37 149.99276654478962 1.9248961265270395 150.00028333333333 2.0 g 0.018865101 23.722265 0.07414232 1.3411452 21.220388 534.5566 decam -9.636985 10.905311 31 object yell-at-clouds 0 0.0 924.0 1948.0 0.69501805 1.0003237 -0.0017137876 0.08825848 0.0019029728 1.0001664 16618705687 0.112242565
rawdata/DECam_01302353.fits.fz N4 1302353 60.0 60463.99940713 1.37 149.99276654478962 1.9248961265270395 150.00028333333333 2.0 g 0.018865101 25.21887 0.29424432 1.2422209 21.289404 28.711937 decam -14.042685 6.0772 47 object yell-at-clouds 0 0.0 924.0 1948.0 0.16257112 1.0001374 -0.0015518958 0.17013215 0.0016082898 1.0001016 16557575269 2.089723
rawdata/DECam_01302354.fits.fz N4 1302354 60.0 60464.00049282 1.38 149.99276654478962 1.9248961265270395 150.00028333333333 2.0 g 0.018865101 25.023766 0.2462331 1.302228 21.273891 44.44459 decam -2.5365489 16.628172 46 object yell-at-clouds 0 0.0 924.0 1948.0 0.13429107 1.0001835 -0.0015659666 0.2035175 0.0015232763 1.0000507 16579483285 1.3499955
rawdata/DECam_01302355.fits.fz N4 1302355 60.0 60464.00337259 1.49 219.99276012931242 1.4248961308287684 220.000275 1.5 g 0.039692137 25.369364 0.34440187 1.395833 21.473454 24.378231 decam -52.44652 22.822378 104 object yell-at-clouds 0 0.0 924.0 1948.0 0.3262594 1.0001888 0.0014719812 -0.059013747 -0.0019179959 1.000126 16422648332 2.4612122
rawdata/DECam_01302356.fits.fz N4 1302356 60.0 60464.00445682 1.49 219.99276012931242 1.4248961308287684 220.000275 1.5 g 0.039692137 25.067057 0.2607008 1.3819659 21.431625 43.59529 decam -41.01216 5.7321577 95 object yell-at-clouds 0 0.0 924.0 1948.0 0.30323854 1.000514 0.0014588374 0.10959108 -0.0016426475 1.000201 16448377983 1.3762954
rawdata/DECam_01302357.fits.fz N4 1302357 60.0 60464.00551957 1.48 219.99276012931242 1.4248961308287684 220.000275 1.5 g 0.039692137 25.646532 0.44386688 1.4091697 21.503933 14.419743 decam -40.012695 -5.5516977 112 object yell-at-clouds 0 0.0 924.0 1948.0 0.15218948 1.000237 0.001482146 -0.03365661 -0.0018514567 1.0002028 16411346005 4.160962
rawdata/DECam_01302358.fits.fz N4 1302358 60.0 60464.00657237 1.47 219.99276012931242 1.4248961308287684 220.000275 1.5 g 0.039692137 26.170593 0.7181199 1.3853927 21.614595 4.841081 decam -38.18674 -14.339527 128 object yell-at-clouds 0 0.0 924.0 1948.0 0.2483555 1.0003887 0.0014638308 0.05823029 -0.0015244584 1.000185 16357671739 12.393926
rawdata/DECam_01302359.fits.fz N4 1302359 60.0 60464.00763232 1.46 219.99276012931242 1.4248961308287684 220.000275 1.5 g 0.039692137 26.359606 0.8533411 1.4507197 21.665575 3.4834607 decam -38.815025 -25.463457 137 object yell-at-clouds 0 0.0 924.0 1948.0 0.33140543 0.9999347 0.0013191222 -0.02487071 -0.0016357554 1.0002037 16337491622 17.22425
rawdata/DECam_01302360.fits.fz N4 1302360 300.0 60464.00868005 1.41 219.685770057504 -0.798103850059234 219.69328333333334 -0.7230000000000001 M411 0.039871827 24.261492 0.9078391 1.5050633 22.150743 2.041653 decam -42.474308 -30.664663 114 object IBIS_deep_desi220_M411_69 0 0.0 924.0 1948.0 0.29789075 0.9999686 0.0012994442 0.114091 -0.0015747558 1.0000945 15839229604 146.93977
rawdata/DECam_01302362.fits.fz N4 1302362 500.0 60464.01651987 1.36 219.685770057504 -0.798103850059234 219.69328333333334 -0.7230000000000001 M464 0.039871827 24.77246 0.91055053 1.3730841 21.88049 1.9537762 decam 2.2355635 -13.512487 156 object IBIS_deep_desi220_M464_69 0 0.0 924.0 1948.0 0.24388687 0.9999332 0.0012626691 0.20296179 -0.0016776249 1.000125 16895451154 255.91466
rawdata/DECam_01302363.fits.fz N4 1302363 500.0 60464.02267619 1.33 219.39177025867292 -0.6791038510823347 219.39928333333333 -0.604 M411 0.035652008 24.275305 0.8971766 1.3482366 22.17072 1.5684937 decam 8.229964 -16.380716 109 object IBIS_deep_desi220_M411_68 0 0.0 924.0 1948.0 0.44121936 1.0001816 0.0014077969 0.112091504 -0.0016018342 1.0002159 16006087097 318.7772
rawdata/DECam_01302364.fits.fz N4 1302364 500.0 60464.02882531 1.3 219.39177025867292 -0.6791038510823347 219.39928333333333 -0.604 M464 0.035652008 24.75696 0.88630706 1.2299826 21.956024 1.5064096 decam 4.874901 -25.728304 145 object IBIS_deep_desi220_M464_68 0 0.0 924.0 1948.0 0.13381487 1.000233 0.00141597 0.143785 -0.0014282475 1.0002347 16560561580 331.91504
rawdata/DECam_01302365.fits.fz N4 1302365 500.0 60464.03498213 1.28 219.12477049214812 -0.5071038525610156 219.13228333333333 -0.43200000000000005 M411 0.034485247 23.778801 0.5592632 1.4424672 22.148724 4.5718107 decam 9.122036 -27.681032 104 object IBIS_deep_desi220_M411_67 0 0.0 924.0 1948.0 0.14458588 1.0000043 0.0015702137 0.12149246 -0.0015718598 0.99990547 16013373202 109.36586
rawdata/DECam_01302366.fits.fz N4 1302366 155.2691 60464.04114645 1.25 219.12477049214812 -0.5071038525610156 219.13228333333333 -0.43200000000000005 M464 0.034485247 23.53405 0.2843283 1.3873729 21.739052 22.272774 decam -1.5510612 -26.127707 83 object IBIS_deep_desi220_M464_67 0 0.0 924.0 1948.0 -0.11474998 0.9997339 0.0015183121 -0.052134767 -0.001405533 0.9999902 15819023838 6.971251
rawdata/DECam_01302367.fits.fz N4 1302367 60.0 60464.05935538 1.2 219.12477049214812 -0.5071038525610156 219.13228333333333 -0.43200000000000005 g 0.034485247 25.636305 0.42084503 1.3106472 21.646774 11.287953 decam -10.195614 -20.347025 121 object yell-at-clouds 0 0.0 924.0 1948.0 0.0069009466 0.99993175 0.0016822638 0.046320476 -0.0016337452 0.9998855 16227812331 5.315401
rawdata/DECam_01302368.fits.fz N4 1302368 500.0 60464.06044462 1.21 220.3427704451456 -0.5461038522257412 220.35028333333332 -0.47100000000000003 M411 0.037557427 22.668434 0.19685455 1.5982157 22.079601 46.237293 decam 0.54515743 -1.1835203 63 object IBIS_deep_desi220_M411_86 0 0.0 924.0 1948.0 0.29249418 1.0000299 0.0014069027 0.28239393 -0.0015270112 0.9999293 16051389773 10.813782
rawdata/DECam_01302369.fits.fz N4 1302369 500.0 60464.06659323 1.19 220.3427704451456 -0.5461038522257412 220.35028333333332 -0.47100000000000003 M464 0.037557427 22.37884 0.09687588 1.7414287 21.669682 314.22833 decam 11.216322 -7.6818795 66 object IBIS_deep_desi220_M464_86 0 0.0 924.0 1948.0 0.23004346 0.9998303 0.0014751898 0.27443933 -0.001236358 0.99984455 16886683565 1.5911996
rawdata/DECam_01302371.fits.fz N4 1302371 60.0 60464.09990594 1.18 219.99276012931242 1.4248961308287684 220.000275 1.5 g 0.039692137 25.865492 0.5181274 1.6030111 21.712896 9.615428 decam 36.535378 6.284803 116 object yell-at-clouds 0 0.0 924.0 1948.0 0.2224181 1.0002693 0.0013343378 0.17138128 -0.0013448778 1.0000426 16245096638 6.2399716
rawdata/DECam_01302372.fits.fz N4 1302372 500.0 60464.10267773 1.15 220.65376635378013 -0.48210385277593293 220.66127916666667 -0.40700000000000003 M411 0.039509363 23.363638 0.36663625 1.606802 22.116652 12.550406 decam 32.510677 12.655672 97 object IBIS_deep_desi220_M411_87 0 0.0 924.0 1948.0 -0.06366615 0.99969774 0.001036994 0.08975355 -0.0010522704 0.9997447 16024613295 39.839348
rawdata/DECam_01302373.fits.fz N4 1302373 500.0 60464.10885105 1.15 220.65376635378013 -0.48210385277593293 220.66127916666667 -0.40700000000000003 M464 0.039509363 23.619423 0.30114034 1.4242512 21.786798 19.217436 decam 50.259598 -1.5380763 127 object IBIS_deep_desi220_M464_87 0 0.0 924.0 1948.0 -0.048806038 1.0001208 0.0011814449 0.18923609 -0.0012420609 0.9999129 16736845270 26.018038
rawdata/DECam_01302374.fits.fz N4 1302374 500.0 60464.11502776 1.15 220.94476647544593 -0.3551038538676905 220.95227916666664 -0.28 M411 0.04010609 22.363104 0.14588872 1.5265069 22.10064 72.61196 decam 42.417282 36.803112 58 object IBIS_deep_desi220_M411_88 0 0.0 924.0 1948.0 -0.3223519 1.0002252 0.000815725 0.46253097 -0.0009745895 1.0002278 16050894863 6.885918
rawdata/DECam_01302375.fits.fz N4 1302375 500.0 60464.12119588 1.15 220.94476647544593 -0.3551038538676905 220.95227916666664 -0.28 M464 0.04010609 23.27316 0.21890949 1.4106439 21.775278 36.056587 decam 58.84673 28.544266 95 object IBIS_deep_desi220_M464_88 0 0.0 924.0 1948.0 -0.59734666 1.000149 0.0013113864 0.36482236 -0.0013164781 1.0003484 16780715924 13.867092
rawdata/DECam_01302376.fits.fz N4 1302376 500.0 60464.12735927 1.16 219.71577053136576 -0.4721038528618994 219.72328333333334 -0.397 M411 0.037165876 23.241987 0.32878107 1.3574538 22.15664 10.80635 decam 44.14765 53.08533 87 object IBIS_deep_desi220_M411_84 0 0.0 924.0 1948.0 -0.00017274418 1.0000674 0.0014776423 0.24945 -0.0011651072 0.9997821 16020593263 46.269093
rawdata/DECam_01302377.fits.fz N4 1302377 500.0 60464.13351371 1.16 221.20476241878032 -0.1731038554322069 221.21227499999998 -0.098 M411 0.039017804 24.194544 0.7905503 1.3421314 22.213198 1.7344574 decam 35.5309 59.426258 132 object IBIS_deep_desi220_M411_89 0 0.0 924.0 1948.0 -0.10828636 1.0002544 0.0014988901 0.2722219 -0.001230632 0.9998481 15994695386 288.2746
rawdata/DECam_01302378.fits.fz N4 1302378 500.0 60464.13966746 1.17 221.20476241878032 -0.1731038554322069 221.21227499999998 -0.098 M464 0.039017804 24.712105 0.82733536 1.3345481 21.9848 1.8784856 decam 32.84495 56.3728 165 object IBIS_deep_desi220_M464_89 0 0.0 924.0 1948.0 -0.026080916 1.0002247 0.0014878409 0.28999886 -0.0013917818 0.9999253 16576117452 266.17188
