logs/db-2025-12-19.ecsv
# %ECSV 1.0
# ---
# datatype:
# - {name: filename, datatype: string}
# - {name: extension, datatype: string}
# - {name: expnum, datatype: int64}
# - {name: exptime, datatype: float32}
# - {name: mjd_obs, datatype: float64}
# - {name: airmass, datatype: float32}
# - {name: racenter, datatype: float64}
# - {name: deccenter, datatype: float64}
# - {name: rabore, datatype: float64}
# - {name: decbore, datatype: float64}
# - {name: band, datatype: string}
# - {name: ebv, datatype: float32}
# - {name: zeropoint, datatype: float32}
# - {name: transparency, datatype: float32}
# - {name: seeing, datatype: float32}
# - {name: sky, datatype: float32}
# - {name: expfactor, datatype: float32}
# - {name: camera, datatype: string}
# - {name: dx, datatype: float32}
# - {name: dy, datatype: float32}
# - {name: nmatched, datatype: int64}
# - {name: obstype, datatype: string}
# - {name: object, datatype: string}
# - {name: tileid, datatype: int64}
# - {name: tileebv, datatype: float32}
# - {name: affine_x0, datatype: float32}
# - {name: affine_y0, datatype: float32}
# - {name: affine_dx, datatype: float32}
# - {name: affine_dxx, datatype: float32}
# - {name: affine_dxy, datatype: float32}
# - {name: affine_dy, datatype: float32}
# - {name: affine_dyx, datatype: float32}
# - {name: affine_dyy, datatype: float32}
# - {name: checksum, datatype: string}
# - {name: efftime, datatype: float32}
# schema: astropy-2.0
filename extension expnum exptime mjd_obs airmass racenter deccenter rabore decbore band ebv zeropoint transparency seeing sky expfactor camera dx dy nmatched obstype object tileid tileebv affine_x0 affine_y0 affine_dx affine_dxx affine_dxy affine_dy affine_dyx affine_dyy checksum efftime
rawdata/DECam_01442633.fits.fz N4 1442633 5.0 61029.02440108 1.0 27.322301136119613 -31.147880503697408 27.331079166666665 -31.072776944444445 r 0.01763494 26.86161 1.0409851 1.5538976 17.823435 26.245771 decam 69.515175 -37.211227 36 object pointing 0 0.0 924.0 1948.0 0.38571787 0.9996323 -0.0016841915 0.017692178 0.0014570705 0.9998895 18214866484 0.19050688
rawdata/DECam_01442634.fits.fz N4 1442634 30.0 61029.02601351 1.0 27.322301136119613 -31.147880503697408 27.331079166666665 -31.072776944444445 r 0.01763494 26.8681 1.0472236 0.9584992 18.267193 6.568099 decam -0.5738339 13.203777 70 object pointing 0 0.0 924.0 1948.0 0.05063862 0.99983346 -0.0015733356 -0.021489624 0.0014126868 0.99990475 26784058625 4.5675316
rawdata/DECam_01442635.fits.fz N4 1442635 15.0 61029.02952074 1.34 343.16323338400645 -20.585453671937714 343.1712583333333 -20.51035 M517 0.03460902 25.000027 1.0272464 1.1807128 18.371143 34.35275 decam -18.19838 66.859634 41 object "LTT9239 N4 M517" 0 0.0 924.0 1948.0 0.33745313 1.0000641 0.0005927406 0.033380933 -0.00058707193 1.000104 16359161552 0.43664628
rawdata/DECam_01442636.fits.fz N4 1442636 15.0 61029.03001375 1.34 343.16323338400645 -20.585453671937714 343.1712583333333 -20.51035 M438 0.03460902 24.72477 1.025736 1.0480605 18.243198 34.021484 decam -9.15809 75.27958 30 object "LTT9239 N4 M438" 0 0.0 924.0 1948.0 0.23449811 1.000064 0.0005591254 0.025177548 -0.00075380405 1.0000557 16248287333 0.44089788
rawdata/DECam_01442637.fits.fz N4 1442637 15.0 61029.03048327 1.34 343.16323338400645 -20.585453671937714 343.1712583333333 -20.51035 M490 0.03460902 24.972486 1.0562979 1.0451493 18.329172 27.28207 decam -11.83126 72.15524 41 object "LTT9239 N4 M490" 0 0.0 924.0 1948.0 0.24433422 1.0001583 0.00071129994 0.14251763 -0.0012160697 0.9997447 16339620837 0.54981166
rawdata/DECam_01442638.fits.fz N4 1442638 15.0 61029.0309657 1.35 343.16323338400645 -20.585453671937714 343.1712583333333 -20.51035 M464 0.03460902 24.884787 1.0053904 1.0244305 18.398327 28.141802 decam -7.6093693 58.623665 36 object "LTT9239 M464" 0 0.0 924.0 1948.0 0.23702328 0.9999796 0.0005232003 0.15928353 -0.0007046182 1.0000963 16262462144 0.5330149
rawdata/DECam_01442639.fits.fz N4 1442639 3.0 61029.03145336 1.35 343.16323338400645 -20.585453671937714 343.1712583333333 -20.51035 g 0.03460902 26.60749 1.0538921 1.1501365 18.564835 25.636919 decam -10.627604 73.742325 39 object "LTT9239 g" 0 0.0 924.0 1948.0 -0.17780459 0.99993914 0.00056241464 -0.0013814803 -0.0006710467 1.0000287 16070816078 0.117018744
rawdata/DECam_01442640.fits.fz N4 1442640 15.0 61029.03195827 1.27 349.88815735313506 -17.083381761113934 349.89601666666664 -17.008278055555557 M517 0.02964856 24.999641 1.015427 1.0731963 19.068825 14.486876 decam -16.887844 75.432106 42 object "LTT9491 N4 M517" 0 0.0 924.0 1948.0 -0.13879393 0.9999983 0.00013797019 -0.32844582 -4.0433606e-05 0.9997909 15883571063 1.03542
rawdata/DECam_01442641.fits.fz N4 1442641 15.0 61029.03243346 1.27 349.88815735313506 -17.083381761113934 349.89601666666664 -17.008278055555557 M438 0.02964856 24.72999 1.0126983 1.1415927 18.937284 20.312038 decam -22.092823 78.68836 27 object "LTT9491 N4 M438" 0 0.0 924.0 1948.0 0.010533022 0.99968684 0.00025114848 -0.3512713 6.0964553e-06 0.99981856 15831076401 0.7384783
rawdata/DECam_01442642.fits.fz N4 1442642 15.0 61029.03289685 1.28 349.88815735313506 -17.083381761113934 349.89601666666664 -17.008278055555557 M490 0.02964856 24.983616 1.0556262 1.0120915 19.02506 12.774227 decam -19.94549 78.45404 37 object "LTT9491 N4 M490" 0 0.0 924.0 1948.0 -0.040874265 1.0005956 0.00013292416 -0.54776996 -0.0008823079 0.99992007 15879450753 1.1742393
rawdata/DECam_01442643.fits.fz N4 1442643 15.0 61029.03335916 1.28 349.88815735313506 -17.083381761113934 349.89601666666664 -17.008278055555557 M464 0.02964856 24.906841 1.0113761 1.0454702 19.081738 14.473173 decam -20.876524 78.00693 33 object "LTT9491 N4 N464" 0 0.0 924.0 1948.0 0.028233195 1.0002872 0.0001495358 -0.45058337 -0.0007203963 0.99981594 15842942747 1.0364002
rawdata/DECam_01442644.fits.fz N4 1442644 3.0 61029.03382303 1.28 349.88815735313506 -17.083381761113934 349.89601666666664 -17.008278055555557 g 0.02964856 26.612589 1.0473115 0.97829306 19.218319 9.78119 decam -21.582663 77.75914 37 object "LTT9491 N4 g" 0 0.0 924.0 1948.0 0.06993065 1.0004872 0.00027776317 -0.46110952 -0.0010502548 0.9999059 15747783481 0.30671114
rawdata/DECam_01442645.fits.fz N4 1442645 150.0 61029.03613662 1.36 346.7952376808197 -15.816105661846688 346.80304583333333 -15.741001944444445 M438 0.034991205 24.721384 1.0276977 1.054316 19.73847 8.765262 decam 1.1048144 -6.093127 79 object "NGC7492 position 15" 0 0.0 924.0 1948.0 -0.001177857 0.99995166 0.00025429367 0.05469934 6.5415275e-05 1.0001094 17638273796 17.113008
rawdata/DECam_01442646.fits.fz N4 1442646 150.0 61029.03821527 1.37 346.98354601343743 -15.488497609328359 346.99134166666664 -15.413393888888889 M438 0.035948075 24.746777 1.054665 1.0325114 20.102154 5.7810645 decam 7.6150284 -2.483499 101 object "NGC7492 position 16" 0 0.0 924.0 1948.0 -0.24144842 0.999895 0.00014484438 -0.07468672 2.6068123e-05 1.0002091 16988037122 25.94678
rawdata/DECam_01442647.fits.fz N4 1442647 150.0 61029.04029697 1.39 346.60344136260625 -15.611302608190982 346.6112416666667 -15.536198888888888 M438 0.034873523 24.732973 1.0465908 1.1092303 20.404905 5.135005 decam -6.3939614 -10.863675 75 object "NGC7492 position 17" 0 0.0 924.0 1948.0 -0.096095726 1.000307 0.00011979482 -0.03430633 -0.00023804496 1.0000216 16644500822 29.211267
rawdata/DECam_01442648.fits.fz N4 1442648 150.0 61029.04237402 1.41 346.7077386077179 -15.463872609556267 346.7155333333334 -15.388768888888888 M438 0.033741787 24.717426 1.0369136 1.1525447 20.66158 4.464773 decam 1.9477848 -4.2479424 81 object "NGC7492 position 14" 0 0.0 924.0 1948.0 -0.02673713 1.0000273 0.00028468133 -0.022567937 -0.00014593844 1.0000732 16328660290 33.596333
rawdata/DECam_01442649.fits.fz N4 1442649 150.0 61029.04442692 1.42 346.8109869179663 -15.397901776833228 346.8187791666667 -15.322798055555555 M438 0.034114573 24.721497 1.0434281 1.1532052 20.855545 3.7211535 decam 3.4618037 -0.12910038 94 object "NGC7492 position 19" 0 0.0 924.0 1948.0 -0.11954725 0.99989885 0.0003320492 -0.085258916 -0.00023554826 1.0001117 16176205350 40.31008
rawdata/DECam_01442650.fits.fz N4 1442650 150.0 61029.04648329 1.43 346.98104351799907 -15.772765662249046 346.98885 -15.697661944444445 M438 0.03530337 24.716555 1.0413052 1.1945252 21.001568 3.5534136 decam 4.0215044 1.8533102 91 object "NGC7492 position 18" 0 0.0 924.0 1948.0 0.0009490354 0.9996959 0.00014721368 -0.3124725 0.00040759327 1.0000495 16059623111 42.21293
rawdata/DECam_01442651.fits.fz N4 1442651 150.0 61029.04856626 1.45 346.66973431775375 -15.795273717595665 346.6775416666666 -15.72017 M438 0.03547789 24.696337 1.0272459 1.17943 21.089903 3.3191965 decam -0.057156753 1.1702313 89 object "NGC7492 position 20" 0 0.0 924.0 1948.0 -0.11196524 1.0000014 0.00045315217 -0.017969083 -0.00023533773 1.0001452 16003744107 45.19166
rawdata/DECam_01442652.fits.fz N4 1442652 150.0 61029.0506218 1.46 347.0621713849674 -15.588789830621815 347.06997083333334 -15.513686111111111 M438 0.036505133 24.789429 1.1220278 1.1009232 21.147415 2.3292215 decam 2.755607 4.6423554 809 object "NGC7492 position 21" 0 0.0 924.0 1948.0 -0.086969316 1.000078 0.00020622407 -0.5132442 -0.00019571558 0.9998637 15972391045 64.3992
rawdata/DECam_01442653.fits.fz N4 1442653 35.0 61029.05377282 1.07 25.00855898276526 -12.920103743936735 25.016266666666663 -12.845 M490 0.023713414 25.030064 1.0605754 0.98288256 21.759598 0.8564849 decam -3.0668058 14.352851 59 object "pointing test" 0 0.0 924.0 1948.0 0.23951021 1.0000417 -0.001333935 -0.3327865 0.0014666918 0.9999799 15448222908 40.864704
rawdata/DECam_01442654.fits.fz N4 1442654 245.4484 61029.05562739 1.06 28.61858096546617 -12.32810374928092 28.626270833333333 -12.253 M490 0.021844506 25.024029 1.0527848 0.98713845 21.833178 0.80615985 decam 9.429037 7.7383204 95 object IBIS_wide_M490_404078 404078 0.020801 924.0 1948.0 -0.421353 1.0006357 -0.0013505362 -0.09993174 0.0013065315 1.0002261 16010587605 304.46616
rawdata/DECam_01442655.fits.fz N4 1442655 283.6682 61029.0587986 1.07 26.43055638137386 -13.004103743176412 26.438266666666667 -12.929 M490 0.01853714 25.023062 1.0537584 1.03742 21.845963 0.86199516 decam -1.5647315 -0.7888325 124 object IBIS_wide_M490_404040 404040 0.018534 924.0 1948.0 0.27200457 0.9998589 -0.0013317838 -0.013687634 0.0012582898 0.9999373 16129470121 329.0833
rawdata/DECam_01442656.fits.fz N4 1442656 235.0585 61029.06259921 1.06 34.03856980482047 -12.564103747153432 34.04626666666667 -12.489 M490 0.021192137 25.02618 1.0548737 1.0123198 21.905584 0.78643554 decam -0.2604293 10.197612 88 object IBIS_wide_M490_405977 405977 0.021642 924.0 1948.0 0.21116225 0.99998367 -0.0017737122 -0.054604337 0.0017733414 0.9999041 15978385880 298.891
rawdata/DECam_01442657.fits.fz N4 1442657 238.8685 61029.06564665 1.06 34.74057647598952 -12.339103749181843 34.748266666666666 -12.264 M490 0.02606793 25.047812 1.0760996 1.0432186 21.902931 0.83111274 decam -1.2682929 -0.96201074 88 object IBIS_wide_M490_405975 405975 0.022469 924.0 1948.0 0.8794603 1.000134 -0.0016082847 -0.2059429 0.001675737 0.9999044 16001934917 287.40805
rawdata/DECam_01442658.fits.fz N4 1442658 246.5785 61029.06875714 1.06 34.72359598436859 -11.804103753991114 34.73127083333333 -11.729 M490 0.02505023 25.025826 1.0545274 1.0268261 21.896282 0.83795977 decam 12.875543 -3.1987412 68 object IBIS_wide_M490_405979 405979 0.024018 924.0 1948.0 0.06744545 0.99982536 -0.0017252077 0.038469072 0.00161263 0.9997823 16009400854 294.26056
rawdata/DECam_01442659.fits.fz N4 1442659 270.3883 61029.07194397 1.07 35.141617442922715 -11.168103759684007 35.149274999999996 -11.093 M490 0.025311625 25.018648 1.0494832 1.0254601 21.878082 0.86268324 decam 4.8285127 -7.4919963 103 object IBIS_wide_M490_402971 402971 0.024674 924.0 1948.0 0.030229056 0.9995258 -0.0016095211 -0.26773113 0.0015610487 1.0001876 16061507159 313.4271
rawdata/DECam_01442660.fits.fz N4 1442660 299.9682 61029.07538803 1.06 36.449589068620696 -12.193103750496194 36.457275 -12.118 M490 0.01967776 25.024376 1.0531206 1.1042706 21.761179 1.06123 decam 8.19285 -5.2335367 87 object IBIS_wide_M490_406912 406912 0.01982 924.0 1948.0 0.44447014 1.0001823 -0.0018181741 -0.07652972 0.002130808 0.99992955 16225441398 282.6609
rawdata/DECam_01442661.fits.fz N4 1442661 339.3579 61029.07934558 1.07 37.05159263508068 -11.923103752923044 37.059270833333336 -11.848 M490 0.020639779 25.022717 1.0534226 1.2145232 21.882702 1.1583306 decam 13.774225 -4.2437816 115 object IBIS_wide_M490_409898 409898 0.021151 924.0 1948.0 0.38380778 0.9998654 -0.0017657706 -0.105838485 0.0017253947 0.9998645 16423041487 292.97156
rawdata/DECam_01442662.fits.fz N4 1442662 493.407 61029.08359298 1.07 37.07160137885392 -11.45710375710032 37.07926666666667 -11.382 M490 0.023719283 24.98108 1.0137895 1.4341624 21.874134 1.7935178 decam 15.438593 -6.334978 90 object IBIS_wide_M490_406913 406913 0.022468 924.0 1948.0 -0.19028541 0.9999637 -0.0017705114 -0.2846539 0.0018280806 0.999957 16668943652 275.1057
rawdata/DECam_01442663.fits.fz N4 1442663 414.1474 61029.0896334 1.07 37.7035535498388 -13.35810373996649 37.711275 -13.283 M490 0.01876232 25.01901 1.0498329 1.2641587 21.90601 1.2210861 decam 5.005684 -2.0459707 102 object IBIS_wide_M490_409888 409888 0.019705 924.0 1948.0 0.6425183 0.9999174 -0.001893926 -0.031882882 0.0017317507 1.0002167 16526643274 339.16312
rawdata/DECam_01442664.fits.fz N4 1442664 302.9281 61029.09475625 1.07 37.3805187733374 -14.158103732677239 37.38826666666667 -14.083 M490 0.01920652 25.02541 1.0560384 1.139596 21.914558 0.9762378 decam 15.622327 0.6546941 89 object IBIS_wide_M490_409887 409887 0.019886 924.0 1948.0 -0.0012780826 1.0000927 -0.0019363831 -0.29891062 0.0020192536 0.99996346 16140725381 310.30154
rawdata/DECam_01442665.fits.fz N4 1442665 257.5383 61029.09860694 1.09 38.42158790196956 -11.943103752743442 38.42926666666666 -11.868 M490 0.022196006 25.019663 1.054283 1.0760409 21.900776 0.9091215 decam 3.5277927 15.634512 103 object IBIS_wide_M490_406911 406911 0.023267 924.0 1948.0 0.058962747 0.999966 -0.0018355272 -0.30400196 0.0020176598 1.0000077 15990955093 283.2826
rawdata/DECam_01442666.fits.fz N4 1442666 264.8484 61029.10190949 1.08 39.119547617226324 -13.542103738294351 39.127275 -13.467 M490 0.022927457 25.025099 1.0576545 1.1140103 21.907572 0.9632532 decam 11.098164 6.4877 96 object IBIS_wide_M490_409889 409889 0.022851 924.0 1948.0 -0.6169263 1.0001553 -0.0019447573 -0.18215491 0.0016666338 0.9999674 16059227752 274.952
rawdata/DECam_01442667.fits.fz N4 1442667 367.4778 61029.10528837 1.08 39.86155385552032 -13.085103742442755 39.86926666666667 -13.01 M490 0.028999802 25.017336 1.0501181 1.249295 21.879293 1.313115 decam 12.399781 12.60067 111 object IBIS_wide_M490_409890 409890 0.027166 924.0 1948.0 -0.43716264 0.9998017 -0.0019635775 -0.03770599 0.0020542694 1.0001714 16314246222 279.85196
rawdata/DECam_01442668.fits.fz N4 1442668 390.1977 61029.10987429 1.08 40.902547131878215 -13.298103740511204 40.910266666666665 -13.223 M490 0.030761665 25.006645 1.0398301 1.2473522 21.869818 1.3627661 decam 8.10586 16.149801 89 object IBIS_wide_M490_406919 406919 0.029183 924.0 1948.0 -0.49298036 0.9999025 -0.0019940166 -0.38222334 0.0020985682 1.0000633 16367629760 286.3277
rawdata/DECam_01442669.fits.fz N4 1442669 596.5864 61029.11471663 1.09 42.34455536966652 -13.301103740483974 42.352275 -13.226 M490 0.028077474 25.00896 1.0439416 1.4831666 21.886955 1.8539641 decam 5.6258874 11.770505 111 object IBIS_wide_M490_406918 406918 0.02671 924.0 1948.0 0.6915445 0.9997626 -0.0020533376 -0.018438641 0.0020649603 0.99991035 16940709450 321.78964
rawdata/DECam_01442670.fits.fz N4 1442670 548.9967 61029.12192785 1.1 43.047565436515015 -12.709103745844349 43.05526666666666 -12.634 M490 0.028045954 25.021067 1.0575638 1.3115782 21.837063 1.4846666 decam 1.4443793 13.583537 80 object IBIS_wide_M490_406921 406921 0.028787 924.0 1948.0 -0.17134705 1.0005807 -0.002091906 -0.12019053 0.0019577504 1.0000218 19710916897 369.77777
rawdata/DECam_01442671.fits.fz N4 1442671 486.3571 61029.12860304 1.11 42.86552687914635 -14.042103733737296 42.873270833333336 -13.967 M490 0.03029405 25.008415 1.0472101 1.3466289 21.866875 1.5821269 decam -3.0028636 14.62771 73 object IBIS_wide_M490_406860 406860 0.031266 924.0 1948.0 0.1501273 1.0000833 -0.0021170634 -0.10164614 0.0022570433 0.9999822 16627423465 307.40714
rawdata/DECam_01442672.fits.fz N4 1442672 387.6977 61029.13455538 1.12 43.729550373957196 -13.327103740247958 43.73727083333333 -13.252 M490 0.034917437 25.015491 1.0559734 1.1736305 21.845043 1.2488817 decam -7.8422604 11.191555 100 object IBIS_wide_M490_406863 406863 0.034512 924.0 1948.0 0.20064239 0.9996999 -0.0020002294 -0.6464297 0.0021833486 1.000136 16389121538 310.43588
rawdata/DECam_01442673.fits.fz N4 1442673 319.3381 61029.13935283 1.12 44.832498681495224 -14.73410372739726 44.840266666666665 -14.659 M490 0.048092443 25.024818 1.065083 1.1755114 21.878538 1.3043201 decam -3.9021099 10.091415 79 object IBIS_wide_M490_409838 409838 0.04758 924.0 1948.0 0.11467745 0.99993944 -0.0020335666 -0.26452178 0.0017438476 1.0000626 16201694416 244.83109
rawdata/DECam_01442674.fits.fz N4 1442674 556.1567 61029.14338146 1.11 46.83852033484833 -14.355103730874479 46.846275 -14.28 M490 0.05828646 24.996675 1.0359489 1.3364239 21.89358 1.8741258 decam -1.4388905 21.835867 87 object IBIS_wide_M490_409840 409840 0.052228 924.0 1948.0 -0.3020953 0.9999247 -0.0021465737 -0.38986418 0.0024221707 0.9999496 16777564742 296.75525
