logs/db-2026-03-16.ecsv
# %ECSV 1.0
# ---
# datatype:
# - {name: filename, datatype: string}
# - {name: extension, datatype: string}
# - {name: expnum, datatype: int64}
# - {name: exptime, datatype: float32}
# - {name: mjd_obs, datatype: float64}
# - {name: airmass, datatype: float32}
# - {name: racenter, datatype: float64}
# - {name: deccenter, datatype: float64}
# - {name: rabore, datatype: float64}
# - {name: decbore, datatype: float64}
# - {name: band, datatype: string}
# - {name: ebv, datatype: float32}
# - {name: zeropoint, datatype: float32}
# - {name: transparency, datatype: float32}
# - {name: seeing, datatype: float32}
# - {name: sky, datatype: float32}
# - {name: expfactor, datatype: float32}
# - {name: camera, datatype: string}
# - {name: dx, datatype: float32}
# - {name: dy, datatype: float32}
# - {name: nmatched, datatype: int64}
# - {name: obstype, datatype: string}
# - {name: object, datatype: string}
# - {name: tileid, datatype: int64}
# - {name: tileebv, datatype: float32}
# - {name: affine_x0, datatype: float32}
# - {name: affine_y0, datatype: float32}
# - {name: affine_dx, datatype: float32}
# - {name: affine_dxx, datatype: float32}
# - {name: affine_dxy, datatype: float32}
# - {name: affine_dy, datatype: float32}
# - {name: affine_dyx, datatype: float32}
# - {name: affine_dyy, datatype: float32}
# - {name: checksum, datatype: string}
# - {name: efftime, datatype: float32}
# schema: astropy-2.0
filename extension expnum exptime mjd_obs airmass racenter deccenter rabore decbore band ebv zeropoint transparency seeing sky expfactor camera dx dy nmatched obstype object tileid tileebv affine_x0 affine_y0 affine_dx affine_dxx affine_dxy affine_dy affine_dyx affine_dyy checksum efftime
[from data line 82]
/home/declsp/obsbot/rawdata/DECam_01463854.fits.fz N4 1463854 150.0 61116.39955356 1.42 242.90664692365021 15.014164066535134 242.914425 15.089268055555555 M517 0.035033792 24.99848 1.0390192 1.089589 21.24092 2.093219 decam 6.830755 19.724981 255 object "Pal14 position 16" 0 0.0 924.0 1948.0 -0.06681942 1.0005114 0.0021101239 0.52791256 -0.0022105372 1.0001059 16106109083 71.659966
/home/declsp/obsbot/rawdata/DECam_01463855.fits.fz N4 1463855 150.0 61116.40162417 1.42 242.52739304476543 14.891264067666938 242.53516666666667 14.966368055555556 M517 0.03544317 24.99972 1.0402068 1.0723448 21.022278 2.480633 decam 1.4804684 25.071321 247 object "Pal14 position 17" 0 0.0 924.0 1948.0 0.15672109 1.0004541 0.0020332062 0.18490444 -0.0019213654 1.0001574 16315961864 60.468437
/home/declsp/obsbot/rawdata/DECam_01463856.fits.fz N4 1463856 150.0 61116.40368559 1.42 242.90373216468876 14.729899902484341 242.9115 14.805003888888889 M517 0.035730157 24.993784 1.0345356 1.2241318 20.71372 4.3479004 decam 11.56036 19.143621 270 object "Pal14 position 18" 0 0.0 924.0 1948.0 -0.3848168 1.0004517 0.0021350654 0.09401647 -0.001988918 1.00012 16551904250 34.49941
/home/declsp/obsbot/rawdata/DECam_01463857.fits.fz N4 1463857 150.0 61116.40573479 1.43 242.73433944296332 15.104874899032255 242.74212083333333 15.179978888888888 M517 0.0338947 24.985165 1.028001 1.3098724 20.29387 7.3594604 decam 11.80405 22.07258 247 object "Pal14 position 19" 0 0.0 924.0 1948.0 -0.300707 1.0005395 0.0020824466 -0.0071196826 -0.002029961 0.9999689 17204328838 20.38193
/home/declsp/obsbot/rawdata/DECam_01463858.fits.fz N4 1463858 150.0 61116.40778766 1.43 242.5937746325596 14.707402124913301 242.6015416666667 14.782506111111111 M517 0.038255446 24.979694 1.0228347 1.4567417 19.802397 14.853441 decam 10.671175 17.187637 192 object "Pal14 position 20" 0 0.0 924.0 1948.0 -0.33515772 1.0002567 0.0019889055 0.019469896 -0.001956928 1.0002105 18064515686 10.09867
/home/declsp/obsbot/rawdata/DECam_01463859.fits.fz N4 1463859 15.0 61116.41158628 1.55 189.70078795747543 -49.79143632983654 189.712425 -49.71633305555556 M517 0.12849489 24.966036 1.0296613 1.6165928 18.830667 80.64661 decam -37.210594 23.546446 643 object "LTT4861 N4" 0 0.0 924.0 1948.0 0.036456656 1.0000775 0.0007333358 -0.01756174 -0.0006786953 1.000174 16027757314 0.18599667
/home/declsp/obsbot/rawdata/DECam_01463860.fits.fz N4 1463860 15.0 61116.41206757 1.56 189.21964629080875 -49.79143632983654 189.23128333333335 -49.71633305555556 M517 0.123391315 24.977497 1.0422567 1.4277585 18.68375 68.32275 decam -40.04819 8.497884 636 object "LTT4861 N5" 0 0.0 924.0 1948.0 -0.46715248 0.99983615 0.00073507155 0.04619735 -0.0011382358 1.00032 16122484396 0.21954621
/home/declsp/obsbot/rawdata/DECam_01463861.fits.fz N4 1463861 15.0 61116.41254918 1.55 190.1818893914288 -49.95810327083149 190.19356666666667 -49.883 M517 0.13002166 24.982569 1.045461 1.4229053 18.546085 79.5436 decam -34.664528 1.3912346 647 object "LTT4861 S3" 0 0.0 924.0 1948.0 0.020783443 1.0001205 0.0008422847 0.124036126 -0.0010419596 1.0003235 16226033820 0.18857582
/home/declsp/obsbot/rawdata/DECam_01463862.fits.fz N4 1463862 15.0 61116.41301966 1.56 189.70074772476212 -49.95810327083149 189.712425 -49.883 M517 0.11683266 24.959349 1.0249796 1.6514939 18.396797 118.13594 decam -35.36963 -6.9547706 597 object "LTT4861 S4" 0 0.0 924.0 1948.0 -0.20927702 0.9999116 0.0009096605 -0.11866537 -0.0007017957 1.0004147 16350192751 0.12697236
/home/declsp/obsbot/rawdata/DECam_01463863.fits.fz N4 1463863 15.0 61116.41351183 1.57 189.21960605809545 -49.95810327083149 189.23128333333335 -49.883 M517 0.12251485 24.976988 1.0434397 1.4661752 18.238821 108.04393 decam -25.91913 -20.040613 606 object "LTT4861 S5" 0 0.0 924.0 1948.0 -0.26133007 0.9997519 0.00082508015 -0.3060259 -0.0005455978 1.0003623 16498247075 0.13883242
/home/declsp/obsbot/rawdata/DECam_01463864.fits.fz N4 1463864 15.0 61116.41519233 1.04 234.74177384719718 -28.584297477454864 234.7503291666667 -28.509193888888888 M517 0.11373475 25.063274 1.0377532 1.0209719 18.264832 41.356384 decam -12.176124 -25.210932 477 object "LTT6248 N4" 0 0.0 924.0 1948.0 -0.29309452 1.0002012 0.002163214 -0.016808322 -0.0018115521 1.000077 16488816559 0.36270094
/home/declsp/obsbot/rawdata/DECam_01463865.fits.fz N4 1463865 15.0 61116.41566774 1.04 234.38807384719718 -28.584297477454868 234.39662916666666 -28.509193888888888 M517 0.22622195 25.155848 1.1301154 1.0353721 18.10753 83.6945 decam -11.531027 -16.567072 320 object "LTT6248 N5" 0 0.0 924.0 1948.0 -0.32442626 1.0001554 0.0020342297 0.14554122 -0.0019380711 1.0002096 16639191257 0.17922324
/home/declsp/obsbot/rawdata/DECam_01463866.fits.fz N4 1463866 15.0 61116.41614676 1.04 235.09544772966674 -28.750964697816126 235.10401666666667 -28.67586111111111 M517 0.13145722 25.07318 1.0472634 1.0314325 17.975885 60.409813 decam -3.5884323 -10.404084 449 object "LTT6248 S3" 0 0.0 924.0 1948.0 -0.21181722 1.0000044 0.0020304818 0.020776015 -0.0020720668 1.0001498 16814722827 0.24830402
/home/declsp/obsbot/rawdata/DECam_01463867.fits.fz N4 1463867 15.0 61116.41662999 1.04 234.74176022966677 -28.750964697816126 234.7503291666667 -28.67586111111111 M517 0.12067507 25.072655 1.0467578 0.99353147 17.822998 60.393936 decam 5.41442 -3.3729286 379 object "LTT6248 S4" 0 0.0 924.0 1948.0 0.0010737417 1.000126 0.0020978374 0.29590204 -0.0018178698 1.0001322 17029433425 0.2483693
/home/declsp/obsbot/rawdata/DECam_01463868.fits.fz N4 1463868 15.0 61116.41711678 1.05 234.38806022966676 -28.750964697816126 234.39662916666666 -28.67586111111111 M517 0.33074725 25.15096 1.1268445 0.95027953 17.666664 205.21501 decam -6.298269 0.37857702 303 object "LTT6248 S5" 0 0.0 924.0 1948.0 -0.68602616 1.0000033 0.0020975878 0.47316742 -0.0017813833 1.0001395 17286748753 0.07309407
