logs/db-2024-12-02.ecsv
# %ECSV 1.0
# ---
# datatype:
# - {name: filename, datatype: string}
# - {name: extension, datatype: string}
# - {name: expnum, datatype: int64}
# - {name: exptime, datatype: float32}
# - {name: mjd_obs, datatype: float64}
# - {name: airmass, datatype: float32}
# - {name: racenter, datatype: float64}
# - {name: deccenter, datatype: float64}
# - {name: rabore, datatype: float64}
# - {name: decbore, datatype: float64}
# - {name: band, datatype: string}
# - {name: ebv, datatype: float32}
# - {name: zeropoint, datatype: float32}
# - {name: transparency, datatype: float32}
# - {name: seeing, datatype: float32}
# - {name: sky, datatype: float32}
# - {name: expfactor, datatype: float32}
# - {name: camera, datatype: string}
# - {name: dx, datatype: float32}
# - {name: dy, datatype: float32}
# - {name: nmatched, datatype: int64}
# - {name: obstype, datatype: string}
# - {name: object, datatype: string}
# - {name: tileid, datatype: int64}
# - {name: tileebv, datatype: float32}
# - {name: affine_x0, datatype: float32}
# - {name: affine_y0, datatype: float32}
# - {name: affine_dx, datatype: float32}
# - {name: affine_dxx, datatype: float32}
# - {name: affine_dxy, datatype: float32}
# - {name: affine_dy, datatype: float32}
# - {name: affine_dyx, datatype: float32}
# - {name: affine_dyy, datatype: float32}
# - {name: checksum, datatype: string}
# - {name: efftime, datatype: float32}
# schema: astropy-2.0
filename extension expnum exptime mjd_obs airmass racenter deccenter rabore decbore band ebv zeropoint transparency seeing sky expfactor camera dx dy nmatched obstype object tileid tileebv affine_x0 affine_y0 affine_dx affine_dxx affine_dxy affine_dy affine_dyx affine_dyy checksum efftime
[from data line 44]
rawdata/DECam_01344958.fits.fz N4 1344958 500.0 60647.18691077 1.15 41.27652693607594 -14.16310373263152 41.284275 -14.088 M438 0.028352866 24.74878 0.9997509 1.8247368 21.789665 3.5841482 decam 4.7526917 23.596298 49 object IBIS_wide_M438_209882 209882 0.026111 924.0 1948.0 -0.2898384 1.0003227 -0.0013925859 -0.65962136 0.0014467814 0.99958193 16460189368 139.50316
rawdata/DECam_01344959.fits.fz N4 1344959 500.0 60647.1930533 1.16 41.95349732543828 -14.888103725980914 41.96127083333334 -14.813 M438 0.025703207 24.774504 1.0262979 1.4972951 21.847607 2.1394708 decam 9.344839 22.852825 55 object IBIS_wide_M438_209802 209802 0.025386 924.0 1948.0 0.16126028 0.9996748 -0.0017546717 -0.21302126 0.001772865 0.999931 16417038931 233.70265
rawdata/DECam_01344960.fits.fz N4 1344960 500.0 60647.199229 1.16 45.875548914479126 -13.502103738658075 45.883275 -13.427 M438 0.06360843 24.780672 1.0321459 1.6461967 21.84587 3.409971 decam 4.253081 25.05275 74 object IBIS_wide_M438_209842 209842 0.063343 924.0 1948.0 -0.31206492 1.0000292 -0.0017989047 0.03640619 0.0017797702 1.0002363 16432705477 146.62881
rawdata/DECam_01344961.fits.fz N4 1344961 500.0 60647.20539256 1.18 45.143513494505456 -14.551103729077726 45.151275 -14.475999999999999 M438 0.055500515 24.750597 1.0090077 1.769932 21.854698 3.886531 decam 9.958976 23.78731 52 object IBIS_wide_M438_206855 206855 0.046087 924.0 1948.0 0.3262233 1.0002342 -0.0019062974 0.042681955 0.0021675592 1.0003763 16443218375 128.64943
rawdata/DECam_01344962.fits.fz N4 1344962 500.0 60647.21156326 1.16 48.89749574878932 -14.81610372664335 48.90526666666666 -14.741 M438 0.05156887 24.759974 1.0126549 1.9629647 21.84937 4.5828238 decam 7.6177254 23.255352 60 object IBIS_wide_M438_209827 209827 0.046552 924.0 1948.0 0.62715733 0.999638 -0.0019238136 -0.51437813 0.0023923991 1.0002939 16983691950 109.10304
rawdata/DECam_01344963.fits.fz N4 1344963 500.0 60647.2177494 1.16 52.55056331356232 -13.049103742768885 52.558275 -12.974 M438 0.04785801 24.741392 0.99547136 1.9816121 21.836157 4.756748 decam -6.0790634 27.574663 66 object IBIS_wide_M438_210133 210133 0.062112 924.0 1948.0 0.3282093 0.99982774 -0.0017838721 -0.32817826 0.001927536 1.0000607 16482119671 105.11382
rawdata/DECam_01344964.fits.fz N4 1344964 500.0 60647.22389864 1.18 53.22057447354014 -12.407103748569183 53.22826666666667 -12.332 M438 0.065030366 24.762875 1.0204835 1.7480451 21.840698 4.0347886 decam 1.7193859 19.33567 67 object IBIS_wide_M438_210134 210134 0.055132 924.0 1948.0 0.4110498 0.9999304 -0.0022220074 -0.48234043 0.002294968 1.0000064 16482310169 123.922226
rawdata/DECam_01344965.fits.fz N4 1344965 500.0 60647.23005812 1.21 52.74357284521967 -12.462103748073414 52.751266666666666 -12.387 M438 0.06096765 24.760376 1.0258473 1.5937033 21.81127 3.3576627 decam 3.512245 19.723085 73 object IBIS_wide_M438_207148 207148 0.058029 924.0 1948.0 -0.16692376 1.0001266 -0.0022316019 -0.15012811 0.0022623942 1.0001456 16659749472 148.91312
rawdata/DECam_01344966.fits.fz N4 1344966 500.0 60647.23619782 1.24 51.794545042800586 -13.621103737575627 51.802275 -13.546 M438 0.076865345 24.755833 1.0292972 1.6008054 21.78486 3.9470944 decam 5.891028 9.380404 63 object IBIS_wide_M438_209826 209826 0.072887 924.0 1948.0 -0.197208 0.99953157 -0.0019487371 -0.15689865 0.0019322291 1.0000236 16522301156 126.67546
rawdata/DECam_01344967.fits.fz N4 1344967 500.0 60647.24235701 1.26 54.30964436778025 -10.267103767706688 54.31727916666667 -10.192 M438 0.070651524 24.732834 1.0128036 1.7012174 21.751476 4.575388 decam 7.932477 18.503267 64 object IBIS_wide_M438_207169 207169 0.058059 924.0 1948.0 -0.19643535 1.0001769 -0.0019757538 -0.1193894 0.0022524847 1.0000461 16540279418 109.28035
rawdata/DECam_01344968.fits.fz N4 1344968 500.0 60647.24873622 1.3 51.079510030547546 -14.531103729261213 51.087270833333335 -14.456 M438 0.05397269 24.760565 1.0495086 1.5242891 21.78039 2.9966629 decam 19.22937 11.046685 61 object IBIS_wide_M438_209825 209825 0.054213 924.0 1948.0 -0.4374982 1.0000659 -0.0021820762 -0.18885432 0.0019447808 1.0001231 16592754371 166.85226
rawdata/DECam_01344969.fits.fz N4 1344969 500.0 60647.25489712 1.34 53.58162322349421 -10.784103763109071 53.58927083333333 -10.709 M438 0.041459333 24.728453 1.0292215 1.4617031 21.779226 2.6628385 decam 18.911283 7.836648 80 object IBIS_wide_M438_207158 207158 0.049692 924.0 1948.0 -0.5768357 1.0001208 -0.0021207677 -0.01779865 0.0024205905 1.0001967 16620933148 187.76956
rawdata/DECam_01344970.fits.fz N4 1344970 500.0 60647.26105781 1.38 53.205620313654975 -11.21710375924631 53.213279166666666 -11.142 M438 0.038224697 24.719082 1.0306923 1.6422824 21.765537 3.3788588 decam 32.134827 -3.4807625 63 object IBIS_wide_M438_210143 210143 0.052329 924.0 1948.0 0.0057442356 0.9995689 -0.001968711 -0.28757027 0.0021110557 0.99994725 16991837539 147.97896
rawdata/DECam_01344971.fits.fz N4 1344971 500.0 60647.26720778 1.42 52.85459988373484 -11.512103756608022 52.86226666666667 -11.437 M438 0.045834802 24.69943 1.0224359 1.6313174 21.744097 3.734512 decam 24.869513 -10.244468 72 object IBIS_wide_M438_207157 207157 0.055119 924.0 1948.0 0.3469726 1.0000708 -0.002235535 -0.32474816 0.002471127 1.0001065 16590793917 133.88629
rawdata/DECam_01344972.fits.fz N4 1344972 60.0 60647.275353 1.27 130.4837374822777 -4.25910382024115 130.49127083333335 -4.184 g 0.020213967 26.657791 1.090126 1.6112015 21.658787 2.4345996 decam -7.699854 -16.221045 243 object pointing 0 0.0 924.0 1948.0 -0.0556292 1.0001924 -0.0017488246 -0.18944104 0.0015502429 1.0000594 16214894872 24.644709
rawdata/DECam_01344973.fits.fz N4 1344973 500.0 60647.2775406 1.26 130.4837374822777 -4.25910382024115 130.49127083333335 -4.184 M438 0.020213967 24.745932 1.0250967 1.641923 21.797071 2.7250116 decam 3.8488715 -0.54691404 226 object IBIS_wide_M438_219241 219241 0.021189 924.0 1948.0 -0.16214348 1.0002333 -0.001843354 -0.3475495 0.0017986668 1.0000987 16534924389 183.48546
rawdata/DECam_01344974.fits.fz N4 1344974 60.0 60647.28424373 1.68 148.62275752901002 2.0738961252446657 148.630275 2.149 g 0.035091773 26.577965 1.0800053 1.948187 21.389019 5.771372 decam 7.4962463 35.647583 98 object pointing 0 0.0 924.0 1948.0 0.4526926 1.0002264 -0.0012178122 -0.09975993 0.0008670251 1.0004133 16408267621 10.396142
rawdata/DECam_01344975.fits.fz N4 1344975 500.0 60647.28652017 1.65 148.62275752901002 2.0738961252446657 148.630275 2.149 M438 0.035091773 24.662107 1.0467012 1.8151383 21.555267 5.43282 decam 9.101885 2.2015016 98 object IBIS_deep_cosmos_M438_62 0 0.0 924.0 1948.0 0.3455394 1.0001873 -0.0013098994 -0.11200713 0.00090576924 1.0004282 16772419154 92.03324
rawdata/DECam_01344976.fits.fz N4 1344976 500.0 60647.29267996 1.6 149.6877610075145 1.1238961334174677 149.695275 1.199 M438 0.025978917 24.671745 1.0428418 1.836179 21.576935 4.9973326 decam 8.049518 -4.5050707 87 object IBIS_deep_cosmos_M438_8 0 0.0 924.0 1948.0 0.1467521 1.0001141 -0.0013380864 -0.05913304 0.00057817047 1.0002707 16771727992 100.053375
rawdata/DECam_01344977.fits.fz N4 1344977 500.0 60647.29883298 1.55 149.97576132943973 0.9908961345611326 149.983275 1.066 M438 0.023141902 24.680798 1.0384344 1.7410802 21.594418 4.256327 decam 10.144148 -10.973157 84 object IBIS_deep_cosmos_M438_9 0 0.0 924.0 1948.0 0.044799846 1.0005219 -0.0009778306 -0.10944165 0.0008796998 1.0004209 16745879327 117.472176
rawdata/DECam_01344978.fits.fz N4 1344978 500.0 60647.30498621 1.51 150.28876559585595 0.9458961349480653 150.29627916666666 1.021 M438 0.020056581 24.700636 1.0469991 1.6649806 21.608622 3.6188471 decam 10.513172 -8.40617 89 object IBIS_deep_cosmos_M438_10 0 0.0 924.0 1948.0 0.19222571 1.000426 -0.0010109746 -0.1587395 0.00073599286 1.0001975 16694697741 138.16554
rawdata/DECam_01344979.fits.fz N4 1344979 500.0 60647.31114684 1.47 150.60376550516082 0.9868961345955268 150.61127916666666 1.062 M438 0.024570351 24.710985 1.0464495 1.547534 21.628216 3.117402 decam 11.458421 -13.143736 97 object IBIS_deep_cosmos_M438_11 0 0.0 924.0 1948.0 0.59765697 1.0001426 -0.0012840056 -0.13197383 0.00047238925 1.0004448 16697766046 160.38997
rawdata/DECam_01344980.fits.fz N4 1344980 500.0 60647.3172875 1.43 150.8967610483862 1.1078961335550566 150.904275 1.183 M438 0.025700815 24.721441 1.0460014 1.4114208 21.655918 2.501398 decam 20.287851 -17.963318 81 object IBIS_deep_cosmos_M438_12 0 0.0 924.0 1948.0 0.12816069 1.0003105 -0.001310465 0.009083865 0.0009620491 1.0001454 16640773280 199.88821
rawdata/DECam_01344981.fits.fz N4 1344981 500.0 60647.32345576 1.4 151.1507688555271 1.298896131912484 151.15828333333332 1.374 M438 0.030693015 24.734007 1.0502263 1.3416275 21.665403 2.2736888 decam 22.341822 -15.103552 81 object IBIS_deep_cosmos_M438_13 0 0.0 924.0 1948.0 0.020119613 1.0002592 -0.0011777928 -0.10602302 0.00087637815 1.0002491 16681204781 219.90697
rawdata/DECam_01344982.fits.fz N4 1344982 500.0 60647.32961527 1.38 151.35176805817977 1.543896129805151 151.35928333333334 1.619 M438 0.033871163 24.73355 1.044518 1.348692 21.656607 2.3746722 decam 19.992489 -14.034915 85 object IBIS_deep_cosmos_M438_14 0 0.0 924.0 1948.0 0.1092383 1.0006796 -0.0009999068 -0.13576818 0.0009984673 1.0001823 16628862852 210.55537
rawdata/DECam_01344983.fits.fz N4 1344983 500.0 60647.33577886 1.35 151.49075862416356 1.8288961273531466 151.498275 1.904 M438 0.037249584 24.731901 1.035095 1.2593757 21.528454 2.3979836 decam 17.447334 -14.758777 79 object IBIS_deep_cosmos_M438_15 0 0.0 924.0 1948.0 -0.3046417 1.0001538 -0.0012348617 0.07081357 0.0005689715 0.99995315 16795192958 208.50851
rawdata/DECam_01344984.fits.fz N4 1344984 500.0 60647.34192 1.33 151.56275721533152 2.138896124685166 151.570275 2.214 M438 0.050979055 24.748049 1.0453348 1.3425885 21.108978 4.3179398 decam 22.904175 -18.02564 90 object IBIS_deep_cosmos_M438_16 0 0.0 924.0 1948.0 0.13498305 1.0001012 -0.0010993592 0.07550359 0.00069149357 1.0001326 17540990351 115.79597
rawdata/DECam_01344985.fits.fz N4 1344985 150.0 60647.34909788 1.02 136.96453759435042 -37.21315959401179 136.97397083333334 -37.13805611111111 M438 0.32769462 0.0 0.0 0.0 20.629257 0.0 decam 0.0 0.0 0 object "Pyxis M438" 0 0.0 0.0 0.0 0.0 0.0 0.0 0.0 0.0 0.0 16410819469 0.0
rawdata/DECam_01344986.fits.fz N4 1344986 150.0 60647.35121389 1.02 136.9978458367654 -37.37982542508124 137.0073 -37.304721944444445 M438 0.3276871 0.0 0.0 0.0 20.180285 0.0 decam 0.0 0.0 0 object "Pyxis M438" 0 0.0 0.0 0.0 0.0 0.0 0.0 0.0 0.0 0.0 17372958872 0.0
rawdata/DECam_01344987.fits.fz N4 1344987 150.0 60647.35333127 1.01 136.68119905229673 -37.22149237167661 136.69063333333332 -37.146388888888886 M438 0.3887554 0.0 0.0 0.0 19.789907 0.0 decam 0.0 0.0 0 object "Pyxis M438" 0 0.0 0.0 0.0 0.0 0.0 0.0 0.0 0.0 0.0 17620783872 0.0
rawdata/DECam_01344988.fits.fz N4 1344988 150.0 60647.35543709 1.01 136.66451561923702 -37.38815959163442 136.67397083333333 -37.31305611111111 M438 0.4292886 0.0 0.0 0.0 19.319519 0.0 decam 0.0 0.0 0 object "Pyxis M438" 0 0.0 0.0 0.0 0.0 0.0 0.0 0.0 0.0 0.0 18937406667 0.0
rawdata/DECam_01344989.fits.fz N4 1344989 150.0 60647.35754854 1.01 137.29236467737718 -37.196492372015406 137.30179583333333 -37.12138888888889 M438 0.30323255 0.0 0.0 0.0 18.839315 0.0 decam 0.0 0.0 0 object "Pyxis M438" 0 0.0 0.0 0.0 0.0 0.0 0.0 0.0 0.0 0.0 20627956755 0.0
rawdata/DECam_01344990.fits.fz N4 1344990 3.0 60647.35991027 1.0 130.36853730509753 -33.00830159252962 130.37749583333334 -32.93319805555556 g 0.3303814 0.0 0.0 0.0 18.634043 0.0 decam 0.0 0.0 0 object "LTT3218 N4 g" 0 0.0 0.0 0.0 0.0 0.0 0.0 0.0 0.0 0.0 16007539479 0.0
rawdata/DECam_01344991.fits.fz N4 1344991 15.0 60647.36028242 1.0 130.36853730509753 -33.00830159252962 130.37749583333334 -32.93319805555556 M438 0.3303814 0.0 0.0 0.0 18.439087 0.0 decam 0.0 0.0 0 object "LTT3218 N4 M438" 0 0.0 0.0 0.0 0.0 0.0 0.0 0.0 0.0 0.0 16075752142 0.0
rawdata/DECam_01344992.fits.fz N4 1344992 15.0 60647.36081538 1.0 130.36853730509753 -33.00830159252962 130.37749583333334 -32.93319805555556 M490 0.3303814 0.0 0.0 0.0 18.415693 0.0 decam 0.0 0.0 0 object "LTT3218 N4 M490" 0 0.0 0.0 0.0 0.0 0.0 0.0 0.0 0.0 0.0 16244489813 0.0
rawdata/DECam_01344993.fits.fz N4 1344993 15.0 60647.36133846 1.0 130.36853730509753 -33.00830159252962 130.37749583333334 -32.93319805555556 M464 0.3303814 0.0 0.0 0.0 18.20691 0.0 decam 0.0 0.0 0 object "LTT3218 N4 N464" 0 0.0 0.0 0.0 0.0 0.0 0.0 0.0 0.0 0.0 16416356282 0.0
rawdata/DECam_01344994.fits.fz N4 1344994 3.0 60647.36186619 1.0 130.36853730509753 -33.00830159252962 130.37749583333334 -32.93319805555556 g 0.3303814 0.0 0.0 0.0 18.168108 0.0 decam 0.0 0.0 0 object "LTT3218 N4 g" 0 0.0 0.0 0.0 0.0 0.0 0.0 0.0 0.0 0.0 16357668364 0.0
