logs/db-2026-03-25.ecsv
# %ECSV 1.0
# ---
# datatype:
# - {name: filename, datatype: string}
# - {name: extension, datatype: string}
# - {name: expnum, datatype: int64}
# - {name: exptime, datatype: float32}
# - {name: mjd_obs, datatype: float64}
# - {name: airmass, datatype: float32}
# - {name: racenter, datatype: float64}
# - {name: deccenter, datatype: float64}
# - {name: rabore, datatype: float64}
# - {name: decbore, datatype: float64}
# - {name: band, datatype: string}
# - {name: ebv, datatype: float32}
# - {name: zeropoint, datatype: float32}
# - {name: transparency, datatype: float32}
# - {name: seeing, datatype: float32}
# - {name: sky, datatype: float32}
# - {name: expfactor, datatype: float32}
# - {name: camera, datatype: string}
# - {name: dx, datatype: float32}
# - {name: dy, datatype: float32}
# - {name: nmatched, datatype: int64}
# - {name: obstype, datatype: string}
# - {name: object, datatype: string}
# - {name: tileid, datatype: int64}
# - {name: tileebv, datatype: float32}
# - {name: affine_x0, datatype: float32}
# - {name: affine_y0, datatype: float32}
# - {name: affine_dx, datatype: float32}
# - {name: affine_dxx, datatype: float32}
# - {name: affine_dxy, datatype: float32}
# - {name: affine_dy, datatype: float32}
# - {name: affine_dyx, datatype: float32}
# - {name: affine_dyy, datatype: float32}
# - {name: checksum, datatype: string}
# - {name: efftime, datatype: float32}
# schema: astropy-2.0
filename extension expnum exptime mjd_obs airmass racenter deccenter rabore decbore band ebv zeropoint transparency seeing sky expfactor camera dx dy nmatched obstype object tileid tileebv affine_x0 affine_y0 affine_dx affine_dxx affine_dxy affine_dy affine_dyx affine_dyy checksum efftime
/home/declsp/obsbot/rawdata/DECam_01466429.fits.fz N4 1466429 35.0 61125.20286351 1.09 185.23670105280587 -7.050103796009429 185.24427083333333 -6.975 M490 0.035431266 25.002695 1.0379355 1.1026521 21.632275 1.0868988 decam 23.27675 49.385887 103 object "pointing test" 0 0.0 924.0 1948.0 0.0003794368 1.0000814 -1.436499e-05 0.073513605 1.0208866e-05 0.99992985 15477694935 32.20171
/home/declsp/obsbot/rawdata/DECam_01466430.fits.fz N4 1466430 431.7473 61125.20508733 1.09 184.21871563962029 -6.656103799445205 184.22627916666667 -6.5809999999999995 M490 0.051240638 25.002203 1.0374639 1.0166506 21.642208 0.9167159 decam -8.512669 -5.095275 138 object IBIS_wide_M490_430944 430944 0.041983 924.0 1948.0 -0.002240547 0.9998702 -0.00021144543 -0.048562884 -6.0343064e-05 1.0002674 16836443043 470.97177
/home/declsp/obsbot/rawdata/DECam_01466431.fits.fz N4 1466431 398.7575 61125.21040243 1.1 181.87671134988338 -6.388103801779064 181.88427083333335 -6.313 M490 0.09940789 24.999 1.0362871 1.0186174 21.639986 0.9275991 decam -8.005746 -13.399262 151 object IBIS_wide_M490_433941 433941 0.038882 924.0 1948.0 -0.064161435 1.0003042 -0.00027196598 0.104779735 0.0001382006 1.0000583 16729122921 429.88132
/home/declsp/obsbot/rawdata/DECam_01466432.fits.fz N4 1466432 376.8077 61125.2161108 1.1 196.47872606277687 -5.62810380838453 196.486275 -5.553 M490 0.030708088 25.002998 1.04011 1.0069671 21.634945 0.90408915 decam -9.166014 -32.29963 179 object IBIS_wide_M490_434161 434161 0.035221 924.0 1948.0 -0.056383613 1.000047 0.00056297926 0.08525677 -0.00036250992 0.9999352 16571855143 416.7816
/home/declsp/obsbot/rawdata/DECam_01466433.fits.fz N4 1466433 229.4586 61125.22077596 1.11 196.49774267910277 -4.568103817569139 196.50527916666667 -4.493 M490 0.03210813 25.001204 1.0402787 0.96409756 21.629198 0.8360928 decam -4.2784805 -35.44165 189 object IBIS_wide_M490_434413 434413 0.032554 924.0 1948.0 0.032225836 1.000144 0.00056611083 0.08652773 -0.0004676071 1.0001501 16109688595 274.44153
/home/declsp/obsbot/rawdata/DECam_01466434.fits.fz N4 1466434 136.5991 61125.22376409 1.1 198.35773240283618 -5.458103809859626 198.36527916666668 -5.383 M490 0.04092491 24.996601 1.0339993 0.97083086 21.637789 0.84826106 decam -14.600033 -28.574883 138 object IBIS_wide_M490_431217 431217 0.03807 924.0 1948.0 -0.033811167 1.0001595 0.000560443 0.080303565 -0.00069564633 1.0000337 15835612803 161.03427
/home/declsp/obsbot/rawdata/DECam_01466435.fits.fz N4 1466435 351.6678 61125.22567925 1.13 199.01175857660522 -2.650103834123527 199.01927916666668 -2.575 M490 0.027340032 24.9962 1.0392603 0.9285388 21.63751 0.77692944 decam -15.749781 -20.398743 188 object IBIS_wide_M490_431475 431475 0.029018 924.0 1948.0 -0.15675648 1.0001054 0.0005884948 0.076694936 -0.0006527022 1.0000193 16531897331 452.638
/home/declsp/obsbot/rawdata/DECam_01466436.fits.fz N4 1466436 142.9791 61125.23010744 1.1 200.61072869428585 -5.74510380736882 200.61827916666667 -5.67 M490 0.03348011 25.000006 1.0372466 0.91269064 21.652071 0.73553795 decam -19.980322 -22.991024 168 object IBIS_wide_M490_434196 434196 0.036798 924.0 1948.0 -0.2483244 1.0001674 0.0006471235 0.14876458 -0.00075402803 0.9999996 15814380450 194.38712
/home/declsp/obsbot/rawdata/DECam_01466437.fits.fz N4 1466437 341.7579 61125.23213772 1.14 202.11275717503264 -2.1471038384549566 202.12027500000002 -2.072 M490 0.045588978 24.993032 1.0381134 0.93690956 21.657978 0.7807325 decam -24.615133 -11.822414 178 object IBIS_wide_M490_434220 434220 0.037504 924.0 1948.0 -0.1532365 1.0001601 0.0007172455 0.06339793 -0.0007757489 1.0001504 16446667602 437.74008
/home/declsp/obsbot/rawdata/DECam_01466438.fits.fz N4 1466438 184.5188 61125.23644428 1.1 201.0297271067782 -5.547103809087475 201.037275 -5.472 M490 0.03786733 25.001524 1.0386981 0.9394017 21.632618 0.79095966 decam -29.008335 -14.232328 150 object IBIS_wide_M490_431213 431213 0.035527 924.0 1948.0 -0.14237587 1.0002018 0.0008287005 0.15838955 -0.0007466672 1.0000185 15960461802 233.28471
/home/declsp/obsbot/rawdata/DECam_01466439.fits.fz N4 1466439 211.9387 61125.23891837 1.1 201.42573163264169 -5.181103812261379 201.43327499999998 -5.106 M490 0.035259545 25.00337 1.0404661 1.0764697 21.62975 1.0371252 decam -21.95624 -5.996575 156 object IBIS_wide_M490_434199 434199 0.035102 924.0 1948.0 -0.15494354 1.0004088 0.000771834 -0.0021414075 -0.00088031305 0.9999494 16046886991 204.35208
/home/declsp/obsbot/rawdata/DECam_01466440.fits.fz N4 1466440 189.0288 61125.24168671 1.1 202.15072175314626 -5.639103808289053 202.15827083333332 -5.564 M490 0.031756908 24.984121 1.0221823 1.0502914 21.640575 1.0128921 decam -24.030062 -9.83083 125 object IBIS_wide_M490_434177 434177 0.032587 924.0 1948.0 -0.08733347 1.00019 0.0007348517 -0.028924624 -0.00082146644 0.9999785 16019604604 186.62283
/home/declsp/obsbot/rawdata/DECam_01466441.fits.fz N4 1466441 421.0374 61125.24446229 1.13 196.49675706625226 -2.169103838265574 196.504275 -2.094 M490 0.023102075 24.98123 1.0250286 1.0384232 21.612106 1.0219166 decam -22.648016 14.891553 175 object IBIS_wide_M490_434465 434465 0.023354 924.0 1948.0 -0.03189997 1.0001385 0.00041256665 0.07516404 -0.0008764231 1.0001094 16843321731 412.0076
/home/declsp/obsbot/rawdata/DECam_01466442.fits.fz N4 1466442 406.2875 61125.24963435 1.14 194.69576386736472 -2.4581038357772544 194.70328333333333 -2.383 M490 0.026454158 24.999352 1.0441738 1.0337962 21.59546 0.9947322 decam -26.489851 19.363852 134 object IBIS_wide_M490_431480 431480 0.022426 924.0 1948.0 -0.03263675 1.0000871 0.00039853103 0.043880273 -0.00043921906 1.0001218 16909847178 408.4391
/home/declsp/obsbot/rawdata/DECam_01466443.fits.fz N4 1466443 144.4891 61125.25690127 1.11 207.04874831065231 -3.996103822513689 207.05627916666666 -3.921 M490 0.038125116 24.993315 1.0327468 0.9798686 21.662395 0.8498525 decam -15.327069 -5.617614 172 object IBIS_wide_M490_434186 434186 0.034855 924.0 1948.0 -0.33237973 1.0003072 0.0008998811 -0.028308991 -0.00064478145 0.99983567 15893406314 170.01668
/home/declsp/obsbot/rawdata/DECam_01466444.fits.fz N4 1466444 139.1391 61125.25887952 1.12 206.71674748149098 -3.0711038304955363 206.72427083333332 -2.996 M490 0.043352395 24.990057 1.031522 0.9274529 21.66557 0.7639417 decam -12.343141 -4.313849 172 object IBIS_wide_M490_431301 431301 0.044511 924.0 1948.0 0.08058707 0.9999503 0.00093331374 0.16411482 -0.0008543096 1.0001345 15805830410 182.13313
/home/declsp/obsbot/rawdata/DECam_01466445.fits.fz N4 1466445 160.199 61125.26080811 1.13 209.18276544422102 -2.1601038383430495 209.19028333333333 -2.085 M490 0.054136433 24.993479 1.0366571 0.9181721 21.667643 0.7426487 decam -15.237999 -12.366638 151 object IBIS_wide_M490_434285 434285 0.051518 924.0 1948.0 -0.15175538 1.0000335 0.00093081896 0.094921656 -0.0009750556 1.0000767 15868500544 215.71303
/home/declsp/obsbot/rawdata/DECam_01466446.fits.fz N4 1466446 457.2973 61125.26299019 1.13 210.70576127755433 -2.16010383834305 210.71327916666667 -2.085 M490 0.072237656 24.996277 1.0393326 0.9729783 21.656961 0.8375956 decam -6.976629 -15.822022 180 object IBIS_wide_M490_434284 434284 0.06469 924.0 1948.0 0.2391372 1.000178 0.001125688 0.037686247 -0.0011567418 1.0001131 17304593412 545.9643
/home/declsp/obsbot/rawdata/DECam_01466447.fits.fz N4 1466447 395.8676 61125.26859806 1.13 213.0827643325016 -2.3741038365006086 213.09028333333333 -2.299 M490 0.075305305 24.992756 1.0359676 0.9041576 21.647867 0.734433 decam -7.3798213 -15.953807 172 object IBIS_wide_M490_431283 431283 0.061896 924.0 1948.0 -0.32367566 1.0001383 0.0011672075 0.14099573 -0.0012293428 1.0000341 16628386033 539.0112
/home/declsp/obsbot/rawdata/DECam_01466448.fits.fz N4 1466448 373.5178 61125.27349283 1.12 213.35674979199183 -3.3241038283139424 213.364275 -3.249 M490 0.058133166 24.994352 1.0356113 0.9134403 21.62676 0.7620141 decam -3.5843856 -10.843451 206 object IBIS_wide_M490_434263 434263 0.058417 924.0 1948.0 -0.39470357 1.0002108 0.001235552 0.07766778 -0.001145454 1.0000707 16656568533 490.17175
/home/declsp/obsbot/rawdata/DECam_01466449.fits.fz N4 1466449 374.1777 61125.27814069 1.11 214.08374859418367 -3.965103822781458 214.09127916666665 -3.89 M490 0.043991547 24.994362 1.0337434 0.88879395 21.625328 0.7225089 decam -14.52083 -3.4288335 205 object IBIS_wide_M490_434261 434261 0.045448 924.0 1948.0 -0.15758662 1.0002449 0.001224098 0.047568504 -0.0012328278 1.0000281 16604015112 517.88666
/home/declsp/obsbot/rawdata/DECam_01466450.fits.fz N4 1466450 431.5074 61125.28280049 1.12 215.44974419066685 -3.5071038267352597 215.45727083333333 -3.432 M490 0.049085923 24.990137 1.031598 0.9540889 21.631693 0.83381826 decam -10.989627 -9.722101 206 object IBIS_wide_M490_434244 434244 0.057649 924.0 1948.0 0.18327469 1.0001122 0.0012031207 0.028283026 -0.001273965 1.0000092 16812163139 517.5077
/home/declsp/obsbot/rawdata/DECam_01466451.fits.fz N4 1466451 177.6489 61125.28811872 1.11 217.3987458351899 -4.257103820258437 217.40627916666665 -4.182 M490 0.09427031 24.99069 1.0302541 0.9586657 21.599806 0.8660194 decam -16.44168 -5.1676044 184 object IBIS_wide_M490_436962 436962 0.080209 924.0 1948.0 -0.20894413 1.0000403 0.0012568331 -0.063902095 -0.0013241227 1.0000427 16565165075 205.13269
/home/declsp/obsbot/rawdata/DECam_01466452.fits.fz N4 1466452 549.9067 61125.2904831 1.11 216.63774009649023 -3.9831038226259827 216.6452708333333 -3.908 M490 0.07760729 24.990746 1.0303051 1.0139148 21.603737 0.96483994 decam -21.762878 5.5098085 205 object IBIS_wide_M490_439953 439953 0.070597 924.0 1948.0 0.03011471 1.0001774 0.0013533252 -0.025097322 -0.0012706362 1.0000615 17195922180 569.94604
/home/declsp/obsbot/rawdata/DECam_01466453.fits.fz N4 1466453 586.6865 61125.29717535 1.12 218.10174294863035 -3.658103825432166 218.1092708333333 -3.583 M490 0.089607015 24.986681 1.0283204 0.9800897 21.585806 0.9235939 decam -19.473408 3.517557 206 object IBIS_wide_M490_436965 436965 0.089487 924.0 1948.0 -0.10522724 1.0003723 0.0013567425 0.19553652 -0.0013947325 1.0000522 17368209505 635.2213
/home/declsp/obsbot/rawdata/DECam_01466454.fits.fz N4 1466454 533.7267 61125.30427917 1.11 218.7787472488402 -4.1101038215288215 218.78627916666667 -4.035 M490 0.11178033 24.979635 1.0198168 0.9720645 21.565573 0.9377526 decam -25.451866 10.876891 178 object IBIS_wide_M490_436963 436963 0.092462 924.0 1948.0 0.17779818 1.0002536 0.0013253699 0.03646724 -0.0014435676 1.0001181 17211394518 569.1551
/home/declsp/obsbot/rawdata/DECam_01466455.fits.fz N4 1466455 500.1469 61125.31076671 1.1 220.1867242078028 -5.447103809955042 220.19427083333335 -5.372 M490 0.06268118 24.998604 1.0359094 1.0070374 21.557207 0.97922426 decam -25.10228 8.259103 241 object IBIS_wide_M490_436955 436955 0.067676 924.0 1948.0 -0.111685626 1.0001696 0.0013312827 0.056324523 -0.0013442661 1.0001302 17096398631 510.7583
/home/declsp/obsbot/rawdata/DECam_01466456.fits.fz N4 1466456 141.2591 61125.31685923 1.1 220.21871563962029 -6.656103799445203 220.22627916666667 -6.5809999999999995 M490 0.059285037 25.001913 1.0390702 0.9763312 21.56831 0.90566164 decam -26.022972 7.659872 252 object IBIS_wide_M490_436936 436936 0.063876 924.0 1948.0 -0.09355203 1.0003444 0.0013985776 0.18333495 -0.0013195246 1.000051 15859383267 155.97336
/home/declsp/obsbot/rawdata/DECam_01466457.fits.fz N4 1466457 321.548 61125.31880464 1.12 221.5477460402085 -4.236103820439948 221.55527916666665 -4.161 M490 0.099107206 24.9882 1.0297585 1.0507635 21.56808 1.0756934 decam -31.88775 17.992134 200 object IBIS_wide_M490_437526 437526 0.092701 924.0 1948.0 -0.055425577 1.0002142 0.0014579828 0.051276434 -0.0014590737 1.000017 16486473897 298.92163
/home/declsp/obsbot/rawdata/DECam_01466458.fits.fz N4 1466458 315.428 61125.32285433 1.12 222.97774317652002 -4.100103821615222 222.985275 -4.025 M490 0.08283133 24.995657 1.0368562 1.036462 21.539776 1.0596651 decam -21.323082 7.736295 254 object IBIS_wide_M490_437441 437441 0.093837 924.0 1948.0 -0.2279618 1.0001414 0.0014194475 -0.008097856 -0.0014360526 1.0000925 16724234125 297.66763
/home/declsp/obsbot/rawdata/DECam_01466459.fits.fz N4 1466459 674.3458 61125.32680808 1.13 222.70275362850208 -3.3671038279430494 222.71027916666665 -3.292 M490 0.1013544 24.977373 1.0213931 1.069328 21.536493 1.1699374 decam -24.118788 7.402406 255 object IBIS_wide_M490_440513 440513 0.095934 924.0 1948.0 -0.27014628 0.99989796 0.0013564293 0.020995874 -0.0015449126 1.0001061 17888096565 576.39484
/home/declsp/obsbot/rawdata/DECam_01466460.fits.fz N4 1466460 706.9856 61125.33493019 1.14 223.39475365796233 -2.771103833081072 223.402275 -2.6959999999999997 M490 0.105808794 24.983477 1.0290165 1.0361427 21.529491 1.0933514 decam -22.574133 3.635804 254 object IBIS_wide_M490_440516 440516 0.095456 924.0 1948.0 -0.1789534 1.0001792 0.0014211028 0.08234867 -0.0012983074 1.0001521 18147120544 646.6225
/home/declsp/obsbot/rawdata/DECam_01466461.fits.fz N4 1466461 730.7054 61125.34346189 1.16 220.54874853948039 -3.9711038227296327 220.55627916666668 -3.896 M490 0.09666173 24.991484 1.0404027 1.0732502 21.518911 1.1670225 decam -30.793245 13.616371 209 object IBIS_wide_M490_439944 439944 0.096448 924.0 1948.0 0.15703616 1.0001274 0.0013454466 0.11535742 -0.0012633685 1.0000972 18157261513 626.1279
/home/declsp/obsbot/rawdata/DECam_01466462.fits.fz N4 1466462 668.6158 61125.35225545 1.18 221.21074943864198 -3.3701038279171716 221.218275 -3.295 M490 0.092852786 24.988426 1.0412488 1.0320396 21.50612 1.098269 decam -30.588053 7.383336 211 object IBIS_wide_M490_440514 440514 0.093949 924.0 1948.0 -0.27138242 1.0002104 0.0014210265 0.15187946 -0.0012807288 1.0001743 19117293728 608.7905
/home/declsp/obsbot/rawdata/DECam_01466463.fits.fz N4 1466463 636.726 61125.36033344 1.2 222.00075795755373 -2.7501038332620094 222.00827916666668 -2.675 M490 0.071171045 24.974085 1.0313216 1.077063 21.506285 1.227783 decam -38.85846 11.011159 273 object IBIS_wide_M490_440515 440515 0.077582 924.0 1948.0 0.17380238 1.000106 0.001288228 0.24548621 -0.0012978279 1.000139 17717327628 518.5982
/home/declsp/obsbot/rawdata/DECam_01466464.fits.fz N4 1466464 428.6773 61125.36914823 1.21 233.54675631727787 2.314896123169972 233.554275 2.39 M490 0.046121743 24.977236 1.0361978 0.99907225 21.560255 0.99971634 decam -40.92727 15.653177 267 object IBIS_wide_M490_437516 437516 0.048118 924.0 1948.0 0.12215074 1.0002447 0.001707331 0.32075927 -0.0016341559 1.000057 16911816855 428.79895
/home/declsp/obsbot/rawdata/DECam_01466465.fits.fz N4 1466465 722.7955 61125.37446533 1.19 236.86176006029478 1.4458961306481382 236.86927500000002 1.521 M490 0.112801485 24.970348 1.0259149 1.0842811 21.524366 1.2321628 decam -34.38439 6.8812127 335 object IBIS_wide_M490_440477 440477 0.10154 924.0 1948.0 0.067551315 1.0000838 0.0017653927 0.09945848 -0.001768642 1.0001286 18009145565 586.6071
/home/declsp/obsbot/rawdata/DECam_01466466.fits.fz N4 1466466 597.2963 61125.38314514 1.21 236.98976797267295 1.5678961295986935 236.99728333333334 1.643 M490 0.1139201 24.968214 1.0276227 0.96456814 21.474607 1.0254287 decam -31.416265 6.4040318 247 object IBIS_wide_M490_437662 437662 0.10435 924.0 1948.0 -0.4900323 0.99985135 0.0016813767 0.25796357 -0.0017300672 1.0001312 20436701313 582.48456
/home/declsp/obsbot/rawdata/DECam_01466467.fits.fz N4 1466467 727.5154 61125.39042859 1.2 240.58776100751447 1.1238961334174673 240.595275 1.199 M490 0.12853624 24.970907 1.0283071 1.0013264 21.540455 1.0346967 decam -36.326744 16.194164 383 object IBIS_wide_M490_437331 437331 0.11623 924.0 1948.0 -0.5176005 1.0001521 0.0019531634 0.36682004 -0.0019084304 1.0000739 18017234442 703.11945
