logs/db-2024-07-02.ecsv
# %ECSV 1.0
# ---
# datatype:
# - {name: filename, datatype: string}
# - {name: extension, datatype: string}
# - {name: expnum, datatype: int64}
# - {name: exptime, datatype: float32}
# - {name: mjd_obs, datatype: float64}
# - {name: airmass, datatype: float32}
# - {name: racenter, datatype: float64}
# - {name: deccenter, datatype: float64}
# - {name: rabore, datatype: float64}
# - {name: decbore, datatype: float64}
# - {name: band, datatype: string}
# - {name: ebv, datatype: float32}
# - {name: zeropoint, datatype: float32}
# - {name: transparency, datatype: float32}
# - {name: seeing, datatype: float32}
# - {name: sky, datatype: float32}
# - {name: expfactor, datatype: float32}
# - {name: camera, datatype: string}
# - {name: dx, datatype: float32}
# - {name: dy, datatype: float32}
# - {name: nmatched, datatype: int64}
# - {name: obstype, datatype: string}
# - {name: object, datatype: string}
# - {name: tileid, datatype: int64}
# - {name: tileebv, datatype: float32}
# - {name: affine_x0, datatype: float32}
# - {name: affine_y0, datatype: float32}
# - {name: affine_dx, datatype: float32}
# - {name: affine_dxx, datatype: float32}
# - {name: affine_dxy, datatype: float32}
# - {name: affine_dy, datatype: float32}
# - {name: affine_dyx, datatype: float32}
# - {name: affine_dyy, datatype: float32}
# - {name: checksum, datatype: string}
# - {name: efftime, datatype: float32}
# schema: astropy-2.0
filename extension expnum exptime mjd_obs airmass racenter deccenter rabore decbore band ebv zeropoint transparency seeing sky expfactor camera dx dy nmatched obstype object tileid tileebv affine_x0 affine_y0 affine_dx affine_dxx affine_dxy affine_dy affine_dyx affine_dyy checksum efftime
[from data line 44]
rawdata/DECam_01308259.fits.fz N4 1308259 500.0 60494.201267 1.12 306.54048695128625 -15.059103724405832 306.5482666666667 -14.984 M464 0.05548684 24.956345 1.0251272 1.4885436 21.796198 1.7736605 decam -43.439278 -22.806265 575 object IBIS_wide_M464_351987 351987 0.059048 924.0 1948.0 -0.17543378 1.0002042 0.001674166 0.0765108 -0.0017049545 1.0001329 17182255300 281.90286
rawdata/DECam_01308260.fits.fz N4 1308260 500.0 60494.20745294 1.11 306.4155294741954 -13.965103734440357 306.42327083333333 -13.89 M464 0.05138198 24.96093 1.0272865 1.4889102 21.818428 1.7241718 decam -26.007975 -40.640083 609 object IBIS_wide_M464_349004 349004 0.053853 924.0 1948.0 -0.26457724 1.0001849 0.0017091832 0.15181096 -0.0019182693 1.0001072 16913163961 289.99432
rawdata/DECam_01308261.fits.fz N4 1308261 500.0 60494.21359966 1.1 308.9594916291456 -15.045103724534885 308.9672708333334 -14.97 M464 0.03743013 24.947485 1.0124972 1.4931145 21.827972 1.7620602 decam -18.544462 -43.75356 454 object IBIS_wide_M464_348997 348997 0.038062 924.0 1948.0 0.07922811 1.0003061 0.0014134861 0.15849641 -0.0017190641 1.0001693 17029804597 283.75876
rawdata/DECam_01308262.fits.fz N4 1308262 500.0 60494.22088403 1.09 309.62350069791705 -14.910103725778407 309.631275 -14.835 M464 0.035235163 24.734875 0.83067274 1.5493087 21.656958 3.2856817 decam 17.701021 0.6015932 423 object IBIS_wide_M464_351983 351983 0.038672 924.0 1948.0 0.058392394 1.0000927 0.0016890699 0.28422284 -0.0016460068 1.0000641 17104186997 152.17542
rawdata/DECam_01308263.fits.fz N4 1308263 500.0 60494.22703561 1.08 309.01053904128014 -13.677103737065861 309.01827083333336 -13.602 M464 0.042734645 24.949467 1.0100588 1.2175982 21.846643 1.1485415 decam 23.39567 -7.3448834 546 object IBIS_wide_M464_349000 349000 0.039854 924.0 1948.0 -0.24447763 1.0001996 0.0016512432 0.16041568 -0.0014980993 1.000113 16839500973 435.33472
rawdata/DECam_01308264.fits.fz N4 1308264 500.0 60494.23317078 1.08 307.32259546898587 -11.97010375250094 307.33027500000003 -11.895 M464 0.055055354 24.986002 1.0446266 1.1091361 21.855167 0.8843434 decam 27.742691 -0.7267986 595 object IBIS_wide_M464_352080 352080 0.051116 924.0 1948.0 -0.19634564 1.0002437 0.0015749481 0.09503127 -0.0015936588 1.0000451 16847033431 565.39124
rawdata/DECam_01308265.fits.fz N4 1308265 440.0 60494.23931974 1.07 310.472534513563 -13.93910373467765 310.480275 -13.864 M464 0.046094954 24.98778 1.0441238 1.1581379 21.84463 0.9703941 decam 25.078724 8.359126 446 object IBIS_wide_M464_349009 349009 0.043909 924.0 1948.0 -0.32615724 1.0002469 0.0016644626 0.2606175 -0.0016381684 1.000022 16892129268 453.42404
rawdata/DECam_01308266.fits.fz N4 1308266 340.0 60494.24477983 1.06 309.6995468451725 -13.307103740429511 309.70726666666667 -13.232 M464 0.05787165 24.97669 1.0313265 1.2701687 21.856997 1.1775885 decam 30.411299 16.61171 467 object IBIS_wide_M464_349011 349011 0.044476 924.0 1948.0 -0.089797795 1.0001762 0.0016315568 0.2758034 -0.0016216555 1.0001334 16452591351 288.72568
rawdata/DECam_01308267.fits.fz N4 1308267 386.0 60494.24907921 1.06 311.56251867098854 -14.161103732649808 311.57026666666667 -14.086 M464 0.04755105 24.930737 0.9885864 2.0756278 21.859669 3.4106846 decam 28.3013 17.708054 357 object IBIS_wide_M464_351973 351973 0.049685 924.0 1948.0 -0.09643854 1.0002657 0.0015397373 0.1225594 -0.0015380564 1.0000408 16542776216 113.17376
rawdata/DECam_01308268.fits.fz N4 1308268 473.0 60494.25390875 1.06 313.4375236579532 -14.014103733993007 313.44526666666667 -13.939 M464 0.036852412 24.830688 0.90156156 1.5607922 21.792883 2.4670613 decam 25.493769 17.241762 396 object IBIS_wide_M464_348989 348989 0.049223 924.0 1948.0 -0.43131322 1.0003105 0.0013916651 0.2680717 -0.0016388342 1.0000739 16823647807 191.72609
rawdata/DECam_01308269.fits.fz N4 1308269 500.0 60494.25973755 1.05 314.18051293156583 -14.56710372893091 314.18827500000003 -14.492 M464 0.049376 24.54872 0.693886 1.367082 21.691969 3.4930997 decam 27.451508 17.14931 329 object IBIS_wide_M464_348983 348983 0.042742 924.0 1948.0 -0.49308658 1.0002928 0.0016698216 0.13569883 -0.0014712791 1.0001936 16961233247 143.13934
rawdata/DECam_01308270.fits.fz N4 1308270 500.0 60494.2658842 1.06 317.0295097495928 -14.539103729187822 317.03727083333337 -14.464 M464 0.063237764 24.744255 0.83257276 1.7119365 21.750113 3.6194608 decam 20.221115 11.97953 267 object IBIS_wide_M464_350895 350895 0.066551 924.0 1948.0 -0.37020496 0.9998894 0.0014778253 0.29774868 -0.0016143862 1.0001295 16844799119 138.14212
rawdata/DECam_01308271.fits.fz N4 1308271 500.0 60494.27201961 1.06 318.70251552065446 -14.253103731808283 318.71026666666666 -14.178 M464 0.083074644 24.513788 0.67334163 1.687963 21.659666 5.847324 decam 25.332354 16.62415 241 object IBIS_wide_M464_353903 353903 0.066346 924.0 1948.0 -0.3317056 1.0003263 0.0014950166 0.15234005 -0.0015166244 1.0001111 17060137699 85.5092
rawdata/DECam_01308272.fits.fz N4 1308272 500.0 60494.27818121 1.06 321.148518551814 -14.286103731506262 321.15627083333334 -14.211 M464 0.09804922 24.94512 1.0017692 1.3574241 21.779543 1.5305808 decam 14.6842785 11.003969 263 object IBIS_wide_M464_353899 353899 0.070228 924.0 1948.0 -0.17281447 1.0000178 0.0012836652 0.19188808 -0.001311957 1.0000981 17164206069 326.67337
rawdata/DECam_01308273.fits.fz N4 1308273 500.0 60494.28432438 1.05 322.65549779892433 -14.990103725041694 322.663275 -14.915 M464 0.08008021 24.93414 0.9895912 1.2772424 21.806656 1.3490973 decam 19.068056 12.659259 231 object IBIS_wide_M464_350882 350882 0.072246 924.0 1948.0 -0.072208345 1.0002925 0.0012205588 0.15809232 -0.0012275912 0.9999776 16774545090 370.6182
rawdata/DECam_01308274.fits.fz N4 1308274 500.0 60494.29046655 1.05 324.79150105907377 -14.900103725870464 324.799275 -14.825 M464 0.054648064 24.9688 1.0216917 1.3219126 21.793196 1.3725047 decam 10.7687435 8.170178 214 object IBIS_wide_M464_357812 357812 0.056137 924.0 1948.0 -0.025999604 0.9999599 0.0011406334 0.2660613 -0.0010213491 1.0000242 16772548657 364.29745
rawdata/DECam_01308275.fits.fz N4 1308275 500.0 60494.29660118 1.05 326.15850224165115 -14.75110372724101 326.16627083333333 -14.676 M464 0.055836767 24.960625 1.0140285 1.6448725 21.748232 2.2473788 decam 16.208359 7.6820602 178 object IBIS_wide_M464_354836 354836 0.051081 924.0 1948.0 -0.25446767 1.0000448 0.00117166 0.18705116 -0.0010275142 1.000189 16861595785 222.48141
rawdata/DECam_01308276.fits.fz N4 1308276 500.0 60494.30274056 1.05 327.18850113127263 -14.898103725888873 327.196275 -14.823 M464 0.0630853 24.937307 0.9924827 1.5886763 21.753965 2.1770725 decam 20.009146 14.415526 183 object IBIS_wide_M464_357816 357816 0.057781 924.0 1948.0 0.076230966 1.0001916 0.0010822816 0.24076429 -0.0013007547 0.99992746 16938250094 229.66621
rawdata/DECam_01308277.fits.fz N4 1308277 500.0 60494.30888746 1.04 326.6215150740917 -14.506103729490528 326.629275 -14.431 M464 0.04101897 24.863897 0.9256327 1.9045501 21.718454 3.7003634 decam 13.401419 12.912462 176 object IBIS_wide_M464_357822 357822 0.047862 924.0 1948.0 -0.19532357 0.99990207 0.0010971646 0.03302669 -0.0011252875 0.99995846 17054203647 135.12186
rawdata/DECam_01308278.fits.fz N4 1308278 500.0 60494.3150347 1.04 327.6805348487405 -13.929103734768901 327.688275 -13.854 M464 0.051053908 24.824394 0.8925598 2.0818481 21.70452 4.815991 decam 9.318158 10.8719845 144 object IBIS_wide_M464_357819 357819 0.047136 924.0 1948.0 -0.16804762 1.0001888 0.0012515201 0.19470906 -0.0009582623 1.0000713 16953210506 103.82079
rawdata/DECam_01308279.fits.fz N4 1308279 500.0 60494.32117402 1.04 330.5205177931954 -14.308103731304868 330.52827083333335 -14.233 M464 0.031218363 24.681192 0.7822707 2.3096151 21.637148 8.209722 decam 8.396433 13.440576 115 object IBIS_wide_M464_357781 357781 0.038912 924.0 1948.0 -0.053953495 1.0001507 0.000875261 0.051030345 -0.0010691843 1.0000616 17260980212 60.903404
rawdata/DECam_01308280.fits.fz N4 1308280 500.0 60494.32731035 1.04 331.66350263418826 -14.740103727342118 331.6712708333334 -14.665 M464 0.03073593 24.730124 0.8183318 1.8532621 21.617867 4.918176 decam 6.8803763 13.021501 132 object IBIS_wide_M464_354794 354794 0.035641 924.0 1948.0 0.06685534 1.0001106 0.00087137165 0.022263542 -0.00091884553 0.9999665 17062051955 101.6637
rawdata/DECam_01308281.fits.fz N4 1308281 500.0 60494.33346291 1.04 333.1435134945055 -14.551103729077726 333.151275 -14.475999999999999 M464 0.036617894 24.85409 0.917309 2.2298226 21.692667 5.2878604 decam 8.463772 20.323492 125 object IBIS_wide_M464_354791 354791 0.038546 924.0 1948.0 -0.19881934 0.99984187 0.0006925982 0.1825112 -0.0010445974 1.0001738 16902120429 94.5562
rawdata/DECam_01308282.fits.fz N4 1308282 500.0 60494.33960667 1.04 334.2454987171481 -14.733103727406448 334.25326666666666 -14.658 M464 0.033123013 24.814838 0.88473964 1.8700826 21.602074 4.347018 decam 6.762826 21.612461 132 object IBIS_wide_M464_357775 357775 0.034835 924.0 1948.0 -0.10454619 1.000125 0.0007394815 0.0592177 -0.0009390183 1.0000324 17043500257 115.021385
rawdata/DECam_01308283.fits.fz N4 1308283 500.0 60494.34574708 1.04 335.91050547752377 -14.5421037291603 335.9182666666666 -14.467 M464 0.036669765 24.795523 0.86913806 1.8227398 21.649813 4.0953674 decam 4.200471 24.201525 131 object IBIS_wide_M464_354779 354779 0.035757 924.0 1948.0 -0.27424267 1.0003443 0.0008297309 -0.036684982 -0.00081465003 1.0001822 17040977482 122.08917
rawdata/DECam_01308286.fits.fz N4 1308286 60.0 60494.36241047 1.84 36.242724571796586 -5.741770751842204 36.250275 -5.666666944444445 g 0.02659582 25.647999 0.47024012 2.2062836 21.189444 46.906734 decam -2.8402662 51.417645 29 object Pointing 0 0.0 924.0 1948.0 -0.101039276 1.0001988 -0.0016105728 -0.39548704 0.0018017102 1.0003595 16700312084 1.279134
rawdata/DECam_01308287.fits.fz N4 1308287 500.0 60494.36466175 1.75 35.13771075713614 -6.428103801430884 35.145270833333335 -6.353 M464 0.026346643 24.330101 0.6580226 2.5306225 21.34506 24.400654 decam 9.865793 7.746981 32 object IBIS_deep_xmm_M464_68 0 0.0 924.0 1948.0 -0.19229476 1.0004234 -0.0017397628 0.085515946 0.0010505003 1.0004885 17790444626 20.491253
rawdata/DECam_01308288.fits.fz N4 1308288 500.0 60494.37080902 1.68 34.73972606277688 -5.62810380838453 34.747275 -5.553 M464 0.0225511 24.77443 0.97618335 2.1822312 21.43794 7.355046 decam 10.375949 -0.33972114 68 object IBIS_deep_xmm_M464_81 0 0.0 924.0 1948.0 1.141309 1.0001707 -0.0017481421 -0.54823095 0.0011609336 1.000378 17281582266 67.980545
rawdata/DECam_01308289.fits.fz N4 1308289 500.0 60494.37697096 1.61 34.93071852254436 -5.882103806178952 34.938270833333334 -5.807 M464 0.0256092 24.711367 0.90754205 2.5332186 21.457724 10.939527 decam 15.711327 8.201505 45 object IBIS_deep_xmm_M464_82 0 0.0 924.0 1948.0 0.4543609 1.0005999 -0.0014288638 -0.3987207 0.001177789 1.0002822 17210942448 45.70582
rawdata/DECam_01308290.fits.fz N4 1308290 500.0 60494.38310653 1.55 34.0147432224527 -4.516103818018955 34.022279166666664 -4.441 M464 0.018983403 24.820904 0.9912013 2.3937664 21.467754 7.916443 decam 14.448923 0.70100844 50 object IBIS_deep_xmm_M464_46 0 0.0 924.0 1948.0 0.28262407 1.0001559 -0.0014243629 -0.20294206 0.0015603594 1.0003026 17232890276 63.159683
rawdata/DECam_01308291.fits.fz N4 1308291 500.0 60494.38938939 1.5 35.43371728955237 -6.548103800386016 35.44127916666667 -6.473 M464 0.026178287 24.846888 1.0045111 2.4696488 21.499506 7.805827 decam 5.4099016 -1.0378572 67 object IBIS_deep_xmm_M464_69 0 0.0 924.0 1948.0 0.05840828 1.0001917 -0.0015864399 -0.27067846 0.0015185919 1.0004921 17211388715 64.05471
rawdata/DECam_01308292.fits.fz N4 1308292 500.0 60494.39552828 1.45 34.6177339331631 -5.335103810926375 34.625279166666665 -5.26 M464 0.021502892 24.79541 0.9479038 1.9369544 21.480118 5.379174 decam 6.544685 -1.8439394 62 object IBIS_deep_xmm_M464_80 0 0.0 924.0 1948.0 0.13668594 0.99990106 -0.0016272466 -0.0073743854 0.0014808337 1.0004132 17217608134 92.95107
rawdata/DECam_01308293.fits.fz N4 1308293 500.0 60494.40167959 1.4 35.17671574549542 -6.0831038044321675 35.184270833333336 -6.008 M464 0.02505659 24.88229 1.0160518 2.0960712 21.507727 5.235762 decam 14.2478 -8.449408 68 object IBIS_deep_xmm_M464_83 0 0.0 924.0 1948.0 -0.18118723 1.0005473 -0.0017621514 -0.25641233 0.0011982612 1.0003306 17173722263 95.49708
rawdata/DECam_01308294.fits.fz N4 1308294 500.0 60494.40781575 1.37 34.57773352438705 -5.020103813656372 34.585275 -4.945 M464 0.021067124 24.88346 1.0107038 1.8702544 21.478844 4.273836 decam 15.396446 -18.973541 44 object IBIS_deep_xmm_M464_79 0 0.0 924.0 1948.0 0.3381391 1.0005928 -0.0016832973 0.07588957 0.0013202415 1.000319 17313253378 116.990906
rawdata/DECam_01308295.fits.fz N4 1308295 500.0 60494.41395692 1.33 35.335719521026185 -5.808103806821725 35.34327083333333 -5.733 M464 0.02400516 24.880085 0.99906605 1.7773117 21.470486 3.916009 decam 14.51358 -17.368437 58 object IBIS_deep_xmm_M464_8 0 0.0 924.0 1948.0 -0.013579084 0.999738 -0.0011144262 -0.32284486 0.0013814246 1.0001647 17219942576 127.681015
rawdata/DECam_01308296.fits.fz N4 1308296 500.0 60494.42010941 1.3 34.944734141888084 -5.318103811073778 34.95227916666666 -5.243 M464 0.022160035 24.916843 1.0269214 1.8454795 21.456339 3.9988112 decam 15.552475 -26.787615 50 object IBIS_deep_xmm_M464_6 0 0.0 924.0 1948.0 0.029771687 0.9996214 -0.0011830896 -0.3461096 0.0025562583 0.99975365 17223427051 125.03716
rawdata/DECam_01308297.fits.fz N4 1308297 500.0 60494.42625027 1.28 34.34073873262257 -4.547103817750802 34.348275 -4.472 M464 0.02002408 24.92516 1.0304425 1.8984382 21.37776 4.481034 decam 22.50454 -27.259176 69 object IBIS_deep_xmm_M464_61 0 0.0 924.0 1948.0 0.28108045 1.0002189 -0.0015282346 -0.002787174 0.0015574645 1.0001458 17370569584 111.58139
