logs/db-2025-03-02.ecsv
# %ECSV 1.0
# ---
# datatype:
# - {name: filename, datatype: string}
# - {name: extension, datatype: string}
# - {name: expnum, datatype: int64}
# - {name: exptime, datatype: float32}
# - {name: mjd_obs, datatype: float64}
# - {name: airmass, datatype: float32}
# - {name: racenter, datatype: float64}
# - {name: deccenter, datatype: float64}
# - {name: rabore, datatype: float64}
# - {name: decbore, datatype: float64}
# - {name: band, datatype: string}
# - {name: ebv, datatype: float32}
# - {name: zeropoint, datatype: float32}
# - {name: transparency, datatype: float32}
# - {name: seeing, datatype: float32}
# - {name: sky, datatype: float32}
# - {name: expfactor, datatype: float32}
# - {name: camera, datatype: string}
# - {name: dx, datatype: float32}
# - {name: dy, datatype: float32}
# - {name: nmatched, datatype: int64}
# - {name: obstype, datatype: string}
# - {name: object, datatype: string}
# - {name: tileid, datatype: int64}
# - {name: tileebv, datatype: float32}
# - {name: affine_x0, datatype: float32}
# - {name: affine_y0, datatype: float32}
# - {name: affine_dx, datatype: float32}
# - {name: affine_dxx, datatype: float32}
# - {name: affine_dxy, datatype: float32}
# - {name: affine_dy, datatype: float32}
# - {name: affine_dyx, datatype: float32}
# - {name: affine_dyy, datatype: float32}
# - {name: checksum, datatype: string}
# - {name: efftime, datatype: float32}
# schema: astropy-2.0
filename extension expnum exptime mjd_obs airmass racenter deccenter rabore decbore band ebv zeropoint transparency seeing sky expfactor camera dx dy nmatched obstype object tileid tileebv affine_x0 affine_y0 affine_dx affine_dxx affine_dxy affine_dy affine_dyx affine_dyy checksum efftime
[from data line 45]
rawdata/DECam_01370273.fits.fz N4 1370273 450.0 60737.16888519 1.19 150.21975708669652 2.8848961182600776 150.22727916666665 2.96 M411 0.018493949 24.449327 1.0088785 1.3596905 21.874443 1.5209434 decam 14.965017 8.090935 69 object IBIS_deep_cosmos_M411_73 0 0.0 924.0 1948.0 0.6306912 1.0003228 -0.0015513472 -0.009255082 0.0017091823 1.0001214 16152007573 295.86902
rawdata/DECam_01370274.fits.fz N4 1370274 499.0 60737.17448022 1.19 149.59875697389313 2.9018961181135716 149.60627916666667 2.977 M411 0.021063853 24.474709 1.0327411 1.1793568 21.85151 1.1157986 decam 14.582298 21.589878 58 object IBIS_deep_cosmos_M411_75 0 0.0 924.0 1948.0 0.9557349 1.0003761 -0.0015920765 -0.22718316 0.001358116 0.99990034 16263784536 447.21332
rawdata/DECam_01370275.fits.fz N4 1370275 500.0 60737.18062641 1.2 149.91075663148905 2.9528961176740265 149.91827916666665 3.028 M411 0.024516622 24.462564 1.0243906 1.0632664 21.868973 0.9130405 decam 18.11653 20.85793 75 object IBIS_deep_cosmos_M411_74 0 0.0 924.0 1948.0 0.5577347 1.0004272 -0.0018600337 -0.110663325 0.0015714675 0.9999353 16427276311 547.62085
rawdata/DECam_01370276.fits.fz N4 1370276 412.0 60737.18679281 1.2 149.03375272051596 2.914896118001535 149.041275 2.99 M411 0.02372153 24.453268 1.0156583 1.0840454 21.84311 0.9886585 decam 19.39528 23.897446 65 object IBIS_deep_cosmos_M411_59 0 0.0 924.0 1948.0 -0.3841508 1.000006 -0.0017181457 -0.31777135 0.0013949915 1.0000741 16144348316 416.7263
rawdata/DECam_01370277.fits.fz N4 1370277 435.0 60737.1919325 1.21 149.28774724211056 3.104896116363767 149.29527083333332 3.18 M411 0.029140174 24.473404 1.0378484 1.1124616 21.852491 0.9945176 decam 9.708948 31.986105 76 object IBIS_deep_cosmos_M411_58 0 0.0 924.0 1948.0 0.033745114 1.000084 -0.0018189274 -0.119361036 0.0017021735 0.9997663 16136370390 437.39798
rawdata/DECam_01370278.fits.fz N4 1370278 364.0 60737.19735786 1.22 149.03375272051596 2.914896118001535 149.041275 2.99 M411 0.02372153 24.465864 1.0338308 1.0661956 21.807825 0.9653699 decam 18.097097 27.164827 62 object IBIS_deep_cosmos_M411_59 0 0.0 924.0 1948.0 -0.66937625 1.000058 -0.0019587383 -0.103395075 0.0016103939 1.0001757 16076882179 377.05753
rawdata/DECam_01370279.fits.fz N4 1370279 60.0 60737.20825306 1.21 164.99272104632243 -6.575103800150852 165.00028333333333 -6.5 g 0.027107924 25.517496 0.37781426 6.2723446 21.918314 247.0286 decam -344.8708 329.9751 8 object wide 0 0.0 924.0 1948.0 0.8491572 1.0002661 -0.0009452244 0.17958948 -0.0028132417 1.0004647 16059575740 0.24288686
rawdata/DECam_01370281.fits.fz N4 1370281 297.0 60737.2193337 1.23 165.04372003709435 -6.641103799575897 165.05128333333334 -6.566 M490 0.028508553 21.699604 0.05081193 1.2839321 21.794992 556.6051 decam -616.4449 -7.9204674 6 object IBIS_wide_M490_425196 425196 0.034177 924.0 1948.0 2.4081085 1.0003439 -0.002746135 3.5871804 0.00056254724 0.9940575 16203797608 0.5335919
rawdata/DECam_01370282.fits.fz N4 1370282 60.0 60737.22503313 1.1 164.9927085463224 -6.575103800150852 165.00027083333333 -6.5 g 0.027107649 26.656427 1.0601588 2.196126 21.578678 5.0828648 decam -20.356256 21.261175 90 object wide 0 0.0 924.0 1948.0 0.35759538 0.9996144 -0.0008558336 -0.04140891 0.0007642071 0.99992985 16314849396 11.804367
rawdata/DECam_01370283.fits.fz N4 1370283 312.0 60737.22690617 1.09 166.18070623771314 -6.725103798843918 166.18827083333335 -6.65 M490 0.03643226 25.009588 1.0445449 1.49068 21.605738 2.0080578 decam -7.82713 21.751741 104 object IBIS_wide_M490_428180 428180 0.041322 924.0 1948.0 0.053981084 1.0001395 -0.00089470757 -0.11205512 0.00088660914 0.9998746 16430729511 155.37401
rawdata/DECam_01370284.fits.fz N4 1370284 303.0 60737.23099998 1.09 171.72570913557848 -6.806103798137835 171.73327500000002 -6.731 M490 0.040587332 25.006542 1.0416188 1.0813295 21.62107 1.0487412 decam 0.18973266 15.160322 115 object IBIS_wide_M490_428100 428100 0.037759 924.0 1948.0 0.15471652 1.0002009 -0.000873261 0.027686002 0.00092387036 0.9998461 16466583838 288.9178
rawdata/DECam_01370285.fits.fz N4 1370285 500.0 60737.23490592 1.09 174.60371157029837 -6.915103797187302 174.61127916666666 -6.84 M490 0.037037067 24.991516 1.0273031 1.0912621 21.623135 1.0959455 decam -8.415251 6.010251 128 object IBIS_wide_M490_428096 428096 0.037086 924.0 1948.0 0.02559234 1.0002565 -0.00033904897 -0.043733492 0.00066949584 1.0000112 17037498659 456.22705
rawdata/DECam_01370286.fits.fz N4 1370286 412.0 60737.24110543 1.09 176.12171084705378 -6.960103796794752 176.12927916666666 -6.885 M490 0.05492459 25.003054 1.038277 1.077759 21.60575 1.063461 decam 9.183761 3.369298 135 object IBIS_wide_M490_428244 428244 0.040435 924.0 1948.0 0.011785168 1.0000769 -0.00035039973 -0.09093865 0.00047578078 1.0000648 16764539766 387.41434
rawdata/DECam_01370287.fits.fz N4 1370287 433.0 60737.24623636 1.09 175.0997061442609 -6.731103798791621 175.10727083333333 -6.656 M490 0.034104317 24.995253 1.030844 1.1542041 21.606264 1.2363988 decam 1.4534818 12.476461 110 object IBIS_wide_M490_425267 425267 0.040667 924.0 1948.0 -0.0983567 1.00022 -0.0004489265 -0.018635739 0.00070787594 1.000136 16876022089 350.21063
rawdata/DECam_01370288.fits.fz N4 1370288 403.0 60737.25162955 1.09 177.5507070749471 -6.671103799314504 177.55827083333332 -6.596 M490 0.034655523 24.993664 1.0293361 1.2229389 21.602661 1.3964518 decam -6.262131 15.344808 107 object IBIS_wide_M490_425260 425260 0.0345 924.0 1948.0 -0.08719724 1.0002187 -0.00083957886 -0.043412775 0.0003890592 1.0001553 16748048016 288.58856
rawdata/DECam_01370290.fits.fz N4 1370290 497.0 60737.2622831 1.09 179.9687074294505 -6.648103799514909 179.97627083333333 -6.573 M490 0.020318275 25.009438 1.0444002 1.1988165 20.92064 2.4430912 decam 7.336008 -0.92975557 106 object IBIS_wide_M490_424964 424964 0.024854 924.0 1948.0 0.11642749 1.0000343 -0.00039777803 -0.033695586 0.00023354634 0.9999786 18505954834 203.4308
rawdata/DECam_01370291.fits.fz N4 1370291 500.0 60737.26911905 1.09 183.0847199634485 -6.369103801944428 183.09227916666666 -6.294 M490 0.05514307 25.002323 1.0375789 1.1936098 21.620909 1.2875093 decam -0.8613129 -7.7825627 92 object IBIS_wide_M490_433945 433945 0.045203 924.0 1948.0 -0.022664106 1.0002443 -0.0005487208 0.052794192 0.00024209093 1.0003781 17167214098 388.3467
rawdata/DECam_01370292.fits.fz N4 1370292 500.0 60737.2753086 1.09 183.85571104038894 -6.94810379689944 183.86327916666664 -6.873 M490 0.04037035 25.005207 1.0403395 1.108822 21.651863 1.0744377 decam -3.8596241 -17.407074 109 object IBIS_wide_M490_433929 433929 0.043215 924.0 1948.0 0.02691283 1.0002545 -0.00033928663 0.06349259 0.00041590267 0.9999359 17037126372 465.35965
rawdata/DECam_01370293.fits.fz N4 1370293 468.0 60737.28148782 1.09 185.59770946601972 -6.7851037983209155 185.605275 -6.71 M490 0.027972193 24.999342 1.034735 1.0538967 21.65368 0.979746 decam -5.000406 -6.582421 112 object IBIS_wide_M490_430945 430945 0.027302 924.0 1948.0 -0.027436096 1.0003577 -0.00025698714 0.13446426 -0.0002420864 1.0001161 16874737239 477.67484
rawdata/DECam_01370294.fits.fz N4 1370294 389.0 60737.28731663 1.1 187.03370971073616 -6.498103800821438 187.04127083333333 -6.423 M490 0.02289144 24.996883 1.0342681 1.0030959 21.62326 0.9171488 decam -13.889429 -1.5040369 113 object IBIS_wide_M490_430940 430940 0.026776 924.0 1948.0 -0.015218155 1.0001343 -0.00034410678 0.06915898 0.00029028978 1.0001261 16648569327 424.14053
rawdata/DECam_01370295.fits.fz N4 1370295 360.0 60737.29221861 1.1 187.35971977180301 -6.382103801831287 187.36727916666666 -6.307 M490 0.024044694 25.00491 1.0419424 0.98608637 21.61483 0.8801843 decam -9.1967125 6.470115 110 object IBIS_wide_M490_433926 433926 0.028053 924.0 1948.0 -0.005485751 0.9999621 4.026719e-05 0.16245483 0.00024268882 1.0002217 16641278131 409.00525
rawdata/DECam_01370296.fits.fz N4 1370296 329.0 60737.29678359 1.1 188.49470487430798 -6.812103798085526 188.50227083333334 -6.737 M490 0.033497144 25.011097 1.0478967 1.0064497 21.577185 0.9384081 decam -5.9432054 12.403287 123 object IBIS_wide_M490_431438 431438 0.026029 924.0 1948.0 -0.058946956 0.99995816 0.00021677138 0.033294823 -0.00011498761 1.0004226 16926752210 350.59372
rawdata/DECam_01370297.fits.fz N4 1370297 328.0 60737.30099945 1.11 188.7457210030915 -6.298103802562267 188.75327916666666 -6.223 M490 0.028127935 25.005394 1.0443016 0.98011184 21.632362 0.8548845 decam -8.851437 17.679932 106 object IBIS_wide_M490_434424 434424 0.030523 924.0 1948.0 -0.05021059 1.0001434 -2.0743957e-05 -0.02798102 -0.000108061955 1.0000968 16469538278 383.67758
rawdata/DECam_01370298.fits.fz N4 1370298 335.0 60737.30521052 1.11 190.00571570122096 -6.652103799480058 190.01327916666665 -6.577 M490 0.021419395 25.004253 1.0432036 1.0173281 21.651382 0.90678084 decam -9.144186 11.285425 111 object IBIS_wide_M490_431417 431417 0.02471 924.0 1948.0 -0.06376135 1.0001099 0.00016930315 0.034992315 0.0005416181 0.9999684 16472760147 369.43878
rawdata/DECam_01370299.fits.fz N4 1370299 304.0 60737.30951189 1.1 190.9757024653332 -6.963103796768579 190.98327083333334 -6.888 M490 0.02647117 25.007734 1.044657 1.0686055 21.66578 0.98078203 decam 3.681851 10.240707 123 object IBIS_wide_M490_434401 434401 0.026252 924.0 1948.0 -0.19041114 1.0001268 0.00017123859 0.13505177 0.00024005768 1.0002214 16345871806 309.95676
rawdata/DECam_01370300.fits.fz N4 1370300 334.0 60737.31341879 1.11 192.7047145514172 -6.453103801213244 192.712275 -6.378 M490 0.032138094 25.01203 1.0507034 1.0282186 21.656137 0.9090854 decam 1.9154619 13.4812 92 object IBIS_wide_M490_431413 431413 0.030811 924.0 1948.0 -0.1375845 0.99997526 -0.00018363884 -0.124676555 -7.788211e-05 0.99989027 16620103986 367.40222
rawdata/DECam_01370301.fits.fz N4 1370301 373.0 60737.31768513 1.11 193.37671892271476 -6.153103803823528 193.384275 -6.078 M490 0.038602028 24.99937 1.0385233 1.0247672 21.677647 0.90618134 decam 5.6078706 4.5144105 138 object IBIS_wide_M490_431424 431424 0.032576 924.0 1948.0 -0.039652247 1.0001148 0.00030270847 -0.031215066 9.994658e-05 0.99990904 16601906086 411.6174
rawdata/DECam_01370302.fits.fz N4 1370302 343.0 60737.32239983 1.11 193.65971092765167 -6.955103796838372 193.66727916666667 -6.88 M490 0.035859417 24.995852 1.0351627 1.0736473 21.686512 0.99280703 decam 7.625021 9.48663 146 object IBIS_wide_M490_434397 434397 0.033736 924.0 1948.0 -0.0710998 1.0001111 0.00012306689 0.11785774 -0.00034981183 1.0002501 16435432536 345.48508
rawdata/DECam_01370303.fits.fz N4 1370303 358.0 60737.3267548 1.11 195.11670653516134 -6.969103796716234 195.124275 -6.894 M490 0.040842213 25.005285 1.0441957 1.0257275 21.684835 0.89211315 decam 8.971053 0.3064198 129 object IBIS_wide_M490_434157 434157 0.040336 924.0 1948.0 -0.05693934 1.0002571 0.00011342989 0.09387454 -6.425784e-05 1.0001726 16485577127 401.29437
rawdata/DECam_01370304.fits.fz N4 1370304 390.0 60737.33131732 1.12 195.3967166511905 -6.590103800020194 195.40427916666667 -6.515 M490 0.03829882 24.99487 1.0361049 1.0088813 21.673864 0.8887761 decam -3.4127204 3.5516636 125 object IBIS_wide_M490_431172 431172 0.03795 924.0 1948.0 -0.07281236 1.0002674 0.00022072988 -0.0005574323 -0.00024609262 0.9998625 16625065227 438.80566
rawdata/DECam_01370305.fits.fz N4 1370305 358.0 60737.33621635 1.12 196.5867082810717 -6.860103797666984 196.59427499999998 -6.785 M490 0.03449613 25.00083 1.0418078 0.9350985 21.681847 0.7499659 decam -1.275657 -0.77359074 135 object IBIS_wide_M490_434156 434156 0.041287 924.0 1948.0 -0.15826505 1.0003055 0.00046511888 0.16320154 -0.00024391933 0.99990565 16492769436 477.35504
rawdata/DECam_01370306.fits.fz N4 1370306 362.0 60737.34075944 1.12 198.2877136817968 -6.511103800708237 198.295275 -6.436 M490 0.05621425 25.010801 1.0514207 0.9418436 21.670626 0.75470537 decam -6.6324673 3.9525013 147 object IBIS_wide_M490_431168 431168 0.044258 924.0 1948.0 -0.03029102 1.000323 0.00055525004 0.1985029 -0.00033573067 0.9997666 16561336898 479.65738
rawdata/DECam_01370307.fits.fz N4 1370307 309.0 60737.3453456 1.13 197.89170629269094 -6.984103796585361 197.899275 -6.909 M490 0.045101326 25.002728 1.0455257 0.97666943 21.669895 0.8241012 decam -6.8243747 3.6139698 119 object IBIS_wide_M490_434153 434153 0.045146 924.0 1948.0 -0.047884367 1.0001774 0.00041326953 0.066723034 -0.00026160604 1.0001084 16539436920 374.95395
rawdata/DECam_01370308.fits.fz N4 1370308 291.0 60737.34930875 1.13 201.0437075370943 -6.641103799575897 201.05127083333332 -6.566 M490 0.03338202 24.998432 1.0413991 0.9339466 21.687897 0.7472581 decam -8.46873 7.7831798 123 object IBIS_wide_M490_431188 431188 0.036216 924.0 1948.0 -0.08823795 1.0003989 0.0004961534 0.05739738 -0.0004928371 0.9999851 16299630005 389.42368
rawdata/DECam_01370309.fits.fz N4 1370309 313.0 60737.3530511 1.13 201.77972207573612 -5.927103805787992 201.787275 -5.852 M490 0.031870693 25.004112 1.0468608 0.9123397 21.668192 0.7186844 decam -13.830654 3.7661235 152 object IBIS_wide_M490_431191 431191 0.033976 924.0 1948.0 -0.18597879 1.0003415 0.00024549622 0.16478348 -0.00054922036 0.99984896 16959908419 435.51804
rawdata/DECam_01370310.fits.fz N4 1370310 311.0 60737.35706392 1.15 199.71371523829268 -6.682103799218653 199.72127916666665 -6.607 M490 0.049255487 25.001377 1.0480232 0.97206104 21.69047 0.8030325 decam -7.076322 9.903066 129 object IBIS_wide_M490_431209 431209 0.044926 924.0 1948.0 -0.06906085 1.0003902 0.00031948558 0.09631922 -0.0005968229 1.0000423 16391175318 387.28195
rawdata/DECam_01370311.fits.fz N4 1370311 271.0 60737.3610601 1.14 202.85270966563172 -6.501103800795315 202.86027083333332 -6.426 M490 0.032417607 24.988367 1.033663 0.94200873 21.674715 0.7838624 decam -10.68673 16.068647 143 object IBIS_wide_M490_434175 434175 0.031744 924.0 1948.0 -0.031522095 1.0001084 0.00043830505 0.09684118 -0.0005720619 1.0000852 16218748705 345.72394
rawdata/DECam_01370312.fits.fz N4 1370312 289.0 60737.36460458 1.14 204.24971986030437 -6.376103801883509 204.25727916666665 -6.301 M490 0.02809614 24.992447 1.0375547 0.9993071 21.703854 0.8520645 decam -12.417649 10.311517 146 object IBIS_wide_M490_434170 434170 0.028645 924.0 1948.0 -0.024000281 1.0000725 0.0006850719 0.119990155 -0.0006072637 1.0000845 16253838508 339.1762
rawdata/DECam_01370313.fits.fz N4 1370313 287.0 60737.36835663 1.15 204.81672392410815 -6.094103804336536 204.82427916666668 -6.019 M490 0.02881494 24.998722 1.0454643 0.94543767 21.698029 0.758189 decam -11.895065 9.33275 148 object IBIS_wide_M490_431195 431195 0.028142 924.0 1948.0 -0.28159547 1.0000952 0.00047196745 -0.06503867 -0.0006206921 1.0001613 16310924650 378.5336
rawdata/DECam_01370314.fits.fz N4 1370314 312.0 60737.37205152 1.15 205.99971623589371 -6.048103804736427 206.00727083333334 -5.973 M490 0.02676231 25.004324 1.0508707 0.95797604 21.690136 0.7760079 decam -11.815262 5.1497827 136 object IBIS_wide_M490_431194 431194 0.02753 924.0 1948.0 -0.2796832 1.0000495 0.00048591336 0.15719092 -0.0007311311 1.0001625 16322428091 402.05774
rawdata/DECam_01370315.fits.fz N4 1370315 275.0 60737.37606496 1.15 206.72971162688432 -6.646103799532334 206.73727499999998 -6.571 M490 0.032082465 25.00236 1.0489714 0.990736 21.677307 0.84274864 decam -14.551625 3.580016 121 object IBIS_wide_M490_431108 431108 0.028345 924.0 1948.0 -0.1507876 1.0000156 0.00045663165 -0.015688421 -0.00058893854 1.0003344 17120215002 326.3132
rawdata/DECam_01370316.fits.fz N4 1370316 283.0 60737.37964466 1.16 207.35271679281954 -6.008103805084103 207.36027083333335 -5.933 M490 0.024898034 24.996323 1.04505 1.0171301 21.684763 0.8919197 decam -11.269001 4.772093 162 object IBIS_wide_M490_431111 431111 0.027152 924.0 1948.0 -0.1439984 1.0002333 0.0006362491 0.09935019 -0.0006136085 1.0000594 16454014761 317.29315
