logs/db-2026-05-16.ecsv
# %ECSV 1.0
# ---
# datatype:
# - {name: filename, datatype: string}
# - {name: extension, datatype: string}
# - {name: expnum, datatype: int64}
# - {name: exptime, datatype: float32}
# - {name: mjd_obs, datatype: float64}
# - {name: airmass, datatype: float32}
# - {name: racenter, datatype: float64}
# - {name: deccenter, datatype: float64}
# - {name: rabore, datatype: float64}
# - {name: decbore, datatype: float64}
# - {name: band, datatype: string}
# - {name: ebv, datatype: float32}
# - {name: zeropoint, datatype: float32}
# - {name: transparency, datatype: float32}
# - {name: seeing, datatype: float32}
# - {name: sky, datatype: float32}
# - {name: expfactor, datatype: float32}
# - {name: camera, datatype: string}
# - {name: dx, datatype: float32}
# - {name: dy, datatype: float32}
# - {name: nmatched, datatype: int64}
# - {name: obstype, datatype: string}
# - {name: object, datatype: string}
# - {name: tileid, datatype: int64}
# - {name: tileebv, datatype: float32}
# - {name: affine_x0, datatype: float32}
# - {name: affine_y0, datatype: float32}
# - {name: affine_dx, datatype: float32}
# - {name: affine_dxx, datatype: float32}
# - {name: affine_dxy, datatype: float32}
# - {name: affine_dy, datatype: float32}
# - {name: affine_dyx, datatype: float32}
# - {name: affine_dyy, datatype: float32}
# - {name: checksum, datatype: string}
# - {name: efftime, datatype: float32}
# schema: astropy-2.0
filename extension expnum exptime mjd_obs airmass racenter deccenter rabore decbore band ebv zeropoint transparency seeing sky expfactor camera dx dy nmatched obstype object tileid tileebv affine_x0 affine_y0 affine_dx affine_dxx affine_dxy affine_dy affine_dyx affine_dyy checksum efftime
[from data line 81]
/home/declsp/obsbot/rawdata/DECam_01480502.fits.fz N4 1480502 475.4773 61177.32057721 1.2 309.78658344869007 -12.099103751341652 309.79426666666666 -12.024 M490 0.043422252 24.966 1.0236692 1.1076529 21.729168 1.0732768 decam 2.3193307 -58.91988 619 object IBIS_wide_M490_449018 449018 0.045196 924.0 1948.0 -0.40322956 1.0002937 0.0018652221 0.13119154 -0.0020497227 1.0001419 17518012633 443.01462
/home/declsp/obsbot/rawdata/DECam_01480503.fits.fz N4 1480503 468.4574 61177.32644411 1.18 311.56251867098854 -14.161103732649808 311.57026666666667 -14.086 M490 0.04755105 24.97094 1.0246125 1.1282681 21.759766 1.072767 decam 10.46571 -44.519726 578 object IBIS_wide_M490_451973 451973 0.049685 924.0 1948.0 -0.089907266 1.000292 0.0018973276 0.2853144 -0.001927483 1.0002025 16967814185 436.6814
/home/declsp/obsbot/rawdata/DECam_01480504.fits.fz N4 1480504 415.1077 61177.33378135 1.16 311.10053860115283 -13.563103738103344 311.1082666666666 -13.488 M490 0.049940955 24.976173 1.0258341 1.1172119 21.77886 1.0236331 decam -8.3514805 -23.763908 633 object IBIS_wide_M490_451995 451995 0.045019 924.0 1948.0 -0.053045362 1.0001838 0.0018074213 0.20299095 -0.001992886 1.0001132 16602074182 405.5239
/home/declsp/obsbot/rawdata/DECam_01480505.fits.fz N4 1480505 423.1377 61177.3389324 1.14 311.77053258753085 -13.872103735288887 311.77827083333335 -13.797 M490 0.06214765 24.977491 1.0233607 1.0646799 21.7757 0.93026996 decam 1.3968554 -14.584919 547 object IBIS_wide_M490_448988 448988 0.05094 924.0 1948.0 -0.1418457 1.0001525 0.0018487204 0.23910569 -0.0020473367 1.000164 16661168977 454.85474
/home/declsp/obsbot/rawdata/DECam_01480506.fits.fz N4 1480506 433.7176 61177.34414424 1.13 310.8465776049028 -12.442103748253718 310.8542708333333 -12.367 M490 0.035128284 24.979494 1.0233907 1.1139514 21.78629 1.0045754 decam -0.608587 -19.71012 630 object IBIS_wide_M490_451998 451998 0.041461 924.0 1948.0 -0.34169254 1.0001656 0.0019189753 0.33712777 -0.0020141045 1.0001539 16977269520 431.74222
/home/declsp/obsbot/rawdata/DECam_01480507.fits.fz N4 1480507 511.4371 61177.34950153 1.12 312.3045364057281 -13.757103736337205 312.31227083333334 -13.682 M490 0.054882403 24.97907 1.0211368 1.1788312 21.78262 1.129448 decam 13.647296 -9.312817 594 object IBIS_wide_M490_451974 451974 0.054389 924.0 1948.0 -0.33166036 1.0002326 0.0017941165 0.25268683 -0.0019969717 1.0000846 17028206865 452.82037
/home/declsp/obsbot/rawdata/DECam_01480508.fits.fz N4 1480508 470.5474 61177.35574736 1.11 313.71749991545596 -14.81610372664335 313.72527083333335 -14.741 M490 0.04901961 24.972733 1.0133544 1.138942 21.780722 1.0686877 decam 12.5567 -2.9168043 520 object IBIS_wide_M490_451966 451966 0.051218 924.0 1948.0 0.13980715 1.0003176 0.0017828882 0.33207354 -0.001929566 1.000119 16853984802 440.30392
/home/declsp/obsbot/rawdata/DECam_01480509.fits.fz N4 1480509 418.6876 61177.3615202 1.11 314.06454922791863 -13.232103741110073 314.0722666666667 -13.157 M490 0.037981246 24.988628 1.0282984 1.0645144 21.81047 0.8823819 decam 13.603397 10.115888 477 object IBIS_wide_M490_448990 448990 0.043633 924.0 1948.0 -0.6070511 1.0000505 0.0017970642 0.4061697 -0.0018218028 1.0002183 16600851327 474.497
/home/declsp/obsbot/rawdata/DECam_01480510.fits.fz N4 1480510 445.0376 61177.36670677 1.1 316.7815240944797 -14.246103731872333 316.78927500000003 -14.171 M490 0.05556181 24.989103 1.0268842 1.0746332 21.772062 0.93076307 decam 8.134601 5.793561 390 object IBIS_wide_M490_453904 453904 0.062287 924.0 1948.0 -0.0010727907 1.0001588 0.001797462 0.33820784 -0.0018936507 1.0001308 16695039460 478.14273
/home/declsp/obsbot/rawdata/DECam_01480511.fits.fz N4 1480511 504.7072 61177.37216628 1.1 318.70251552065446 -14.253103731808283 318.71026666666666 -14.178 M490 0.083074644 24.964767 1.004123 1.1186745 21.724174 1.1022428 decam 9.9568 -0.67214394 367 object IBIS_wide_M490_453903 453903 0.066346 924.0 1948.0 -0.49590787 1.0003422 0.0016191993 0.12701735 -0.0017101294 1.0000812 17129939164 457.89114
/home/declsp/obsbot/rawdata/DECam_01480512.fits.fz N4 1480512 647.8965 61177.37834221 1.1 319.9435233038016 -14.269103731661858 319.951275 -14.194 M490 0.06054893 24.98244 1.0206025 1.2245129 21.720655 1.2820959 decam 5.132525 3.8361952 332 object IBIS_wide_M490_453900 453900 0.065135 924.0 1948.0 0.10937954 1.0001155 0.0016153911 0.032182775 -0.0016302019 1.0001532 17612640734 505.34167
/home/declsp/obsbot/rawdata/DECam_01480513.fits.fz N4 1480513 800.0 61177.38615023 1.09 321.72153041395296 -13.937103734695903 321.7292708333333 -13.862 M490 0.06437996 24.979494 1.01599 1.3717636 21.704456 1.6415061 decam 4.1654615 0.10740031 321 object IBIS_wide_M490_450901 450901 0.070708 924.0 1948.0 -0.2585138 1.0002779 0.0015761699 0.2949926 -0.0015762139 1.0000196 17903502019 487.35733
/home/declsp/obsbot/rawdata/DECam_01480514.fits.fz N4 1480514 747.8161 61177.39572982 1.08 322.07553982865693 -13.653103737284361 322.0832708333333 -13.578 M490 0.06285398 24.98341 1.0178136 1.3016107 21.694199 1.4814255 decam 10.701656 -1.5977383 288 object IBIS_wide_M490_453910 453910 0.067665 924.0 1948.0 0.16932681 1.0005385 0.0014481428 0.21004723 -0.0016087639 1.0001714 18596443002 504.79492
/home/declsp/obsbot/rawdata/DECam_01480515.fits.fz N4 1480515 553.1971 61177.40471376 1.07 323.64449732543824 -14.888103725980914 323.6522708333333 -14.813 M490 0.06416071 24.990948 1.0230451 1.1778054 21.684452 1.2074716 decam 12.022355 5.8761773 298 object IBIS_wide_M490_448834 448834 0.064374 924.0 1948.0 -0.18847767 0.99995977 0.0014747425 0.10784806 -0.0015144404 1.0000486 17189064030 458.145
/home/declsp/obsbot/rawdata/DECam_01480516.fits.fz N4 1480516 223.7488 61177.41144382 1.06 325.73950160030194 -14.885103726008522 325.747275 -14.81 M490 0.05282462 24.995111 1.0251142 1.1384108 21.594948 1.2157768 decam 10.503919 0.09001344 228 object IBIS_wide_M490_457821 457821 0.053775 924.0 1948.0 -0.04570768 1.0002521 0.0013245469 0.16792224 -0.0013924891 1.0002011 16203968071 184.03772
/home/declsp/obsbot/rawdata/DECam_01480517.fits.fz N4 1480517 512.5974 61177.41438832 1.07 326.0815495615304 -13.482103738839896 326.089275 -13.407 M490 0.040376745 24.98946 1.0216458 1.1385181 21.616568 1.2045012 decam 2.8943317 17.516518 259 object IBIS_wide_M490_454841 454841 0.041681 924.0 1948.0 -0.13127908 1.0003965 0.0013516091 -0.032396104 -0.0014213366 1.0001171 17080824751 425.5682
/home/declsp/obsbot/rawdata/DECam_01480518.fits.fz N4 1480518 150.0 61177.42121218 1.18 346.9505325545067 -15.4031548323402 346.958325 -15.328051111111112 M490 0.03479696 24.974482 1.0279617 1.2468514 21.316523 1.957122 decam -6.119036 21.366549 106 object "NGC7492 position 24" 0 0.0 924.0 1948.0 -0.10465594 1.0002266 0.00057402 -0.057448387 -0.00058887055 1.0001478 16052032073 76.64315
/home/declsp/obsbot/rawdata/DECam_01480519.fits.fz N4 1480519 150.0 61177.42415783 1.45 315.3648719612577 16.112229056363546 315.37269166666664 16.187333055555555 M490 0.08162601 24.915852 1.0228233 1.4614804 21.350723 2.9014027 decam 17.233397 37.83675 751 object "NGC7006 position 0" 0 0.0 924.0 1948.0 -0.18151817 1.0002394 0.0017448269 0.105548956 -0.001707748 0.9999972 16074400673 51.69913
/home/declsp/obsbot/rawdata/DECam_01480520.fits.fz N4 1480520 150.0 61177.42624513 1.45 315.3256747673913 16.14669711159803 315.33349583333336 16.221801111111112 M490 0.08088545 24.906263 1.0138298 1.6329688 21.009233 5.048282 decam 2.763513 45.349617 841 object "NGC7006 position 1" 0 0.0 924.0 1948.0 -0.67851895 1.0004122 0.0018160054 -0.02647489 -0.0016760479 1.000053 16293155139 29.713078
/home/declsp/obsbot/rawdata/DECam_01480521.fits.fz N4 1480521 150.0 61177.42833767 1.45 315.3714289550402 16.040337112588407 315.3792458333333 16.11544111111111 M490 0.086479895 24.91883 1.0256338 1.4386076 20.58191 5.676302 decam -9.267128 32.124928 667 object "NGC7006 position 2" 0 0.0 924.0 1948.0 -0.3373819 1.0003712 0.0017014829 0.24656665 -0.0016992168 1.0000948 16745021222 26.425655
/home/declsp/obsbot/rawdata/DECam_01480522.fits.fz N4 1480522 150.0 61177.43042076 1.45 315.4208775226017 16.182367111265652 315.42870000000005 16.257471111111112 M490 0.07575788 24.914248 1.0213137 1.5049653 20.079344 9.951325 decam -11.691395 22.492533 794 object "NGC7006 position 3" 0 0.0 924.0 1948.0 0.32011572 1.0004804 0.0016492419 0.04599829 -0.0016156355 1.0001847 17425036492 15.073369
/home/declsp/obsbot/rawdata/DECam_01480523.fits.fz N4 1480523 150.0 61177.43249571 1.45 315.26021432935823 16.09442600097378 315.26803333333334 16.16953 M490 0.0892271 24.918295 1.0251269 1.459196 19.529455 15.410066 decam -19.577847 18.551361 572 object "NGC7006 position 4" 0 0.0 924.0 1948.0 -0.10585228 1.000505 0.0016573631 0.13043284 -0.0016517516 1.0001417 18972579125 9.733897
/home/declsp/obsbot/rawdata/DECam_01480524.fits.fz N4 1480524 5.0 61177.43579982 1.04 302.72841500890684 -30.2114535701363 302.73710833333337 -30.13635 M490 0.13380514 24.984259 1.0112437 1.2144678 19.314003 11.534127 decam -35.09696 3.5962775 137 object "LTT7987 N4" 0 0.0 924.0 1948.0 -0.58723694 1.0003862 0.0025064663 0.089767665 -0.0025278684 1.0001866 15522230132 0.43349618
/home/declsp/obsbot/rawdata/DECam_01480525.fits.fz N4 1480525 5.0 61177.43616042 1.04 302.36934834224013 -30.2114535701363 302.37804166666666 -30.13635 M490 0.14321716 24.988039 1.0147702 1.2605169 19.1832 13.917275 decam -33.176636 0.94939464 166 object "LTT7987 N5" 0 0.0 924.0 1948.0 -0.15077044 1.0002706 0.0022924384 0.38048893 -0.0025213542 0.9999423 15525890977 0.3592657
/home/declsp/obsbot/rawdata/DECam_01480526.fits.fz N4 1480526 5.0 61177.43653994 1.04 303.08778793322506 -30.375753568241944 303.09649583333334 -30.30065 M490 0.110923365 24.985428 1.0123329 1.309405 19.110613 16.131636 decam -19.31539 13.23553 165 object "LTT7987 S3" 0 0.0 924.0 1948.0 -0.21597497 1.000133 0.002230399 0.13096839 -0.0025221528 1.0000018 15536198510 0.30994996
/home/declsp/obsbot/rawdata/DECam_01480527.fits.fz N4 1480527 5.0 61177.43691606 1.04 302.7284004332251 -30.375753568241944 302.73710833333337 -30.30065 M490 0.15053326 24.977352 1.0048313 1.2280643 19.00696 15.848233 decam -25.981897 -1.8754349 153 object "LTT7987 S4" 0 0.0 924.0 1948.0 0.021026088 0.99994457 0.0024157541 0.15993203 -0.0024920015 1.0000765 15551526397 0.31549257
/home/declsp/obsbot/rawdata/DECam_01480528.fits.fz N4 1480528 5.0 61177.43731238 1.04 302.3690337665584 -30.375753568241944 302.3777416666667 -30.30065 M490 0.141642 24.985798 1.0126768 1.182716 18.889961 16.121325 decam -15.246043 16.422543 165 object "LTT7987 S5" 0 0.0 924.0 1948.0 -1.0240959 0.99998605 0.0024193733 -0.113255024 -0.00256177 1.0001853 15575123772 0.3101482
/home/declsp/obsbot/rawdata/DECam_01480529.fits.fz N4 1480529 15.0 61177.43901806 1.07 343.1625585441163 -20.582409783078678 343.1705833333333 -20.50730611111111 M490 0.034743898 24.99825 1.0299491 1.2342652 18.17092 33.26959 decam -10.104283 -10.58153 37 object "LTT9239 N4" 0 0.0 924.0 1948.0 -0.3381962 1.0003252 0.00073798455 0.14796165 -0.001021088 1.0001538 16527018238 0.4508622
/home/declsp/obsbot/rawdata/DECam_01480530.fits.fz N4 1480530 15.0 61177.43950897 1.07 342.8308210441164 -20.582409783078678 342.8388458333334 -20.50730611111111 M490 0.033281427 25.00273 1.0342067 1.0980833 18.041183 29.444262 decam -3.6030571 -26.359856 44 object "LTT9239 N5" 0 0.0 924.0 1948.0 -0.3218626 1.0001485 0.0007449148 -0.17818786 -0.00060517865 1.0002487 16672096772 0.50943714
/home/declsp/obsbot/rawdata/DECam_01480531.fits.fz N4 1480531 15.0 61177.43998777 1.07 343.4943080679536 -20.74907561477552 343.50234166666667 -20.673971944444446 M490 0.030958695 24.99336 1.025321 1.1234566 17.897135 35.80277 decam 6.094929 -26.446766 47 object "LTT9239 S3" 0 0.0 924.0 1948.0 -0.7566549 1.0003366 0.0009772498 0.027481163 -0.0010158506 1.0000299 16855084214 0.418962
/home/declsp/obsbot/rawdata/DECam_01480532.fits.fz N4 1480532 15.0 61177.44045394 1.07 343.16254973462026 -20.74907561477552 343.1705833333333 -20.673971944444446 M490 0.030681815 24.995853 1.0276791 1.0973195 17.771513 38.173775 decam 5.596353 -26.544111 39 object "LTT9239 S4" 0 0.0 924.0 1948.0 -0.016305715 1.0003147 0.00072938506 0.20385423 -0.00095421897 0.9999682 17033849941 0.39293993
/home/declsp/obsbot/rawdata/DECam_01480533.fits.fz N4 1480533 15.0 61177.44091897 1.07 342.83081223462034 -20.74907561477552 342.8388458333334 -20.673971944444446 M490 0.034396928 24.998875 1.0305417 1.142083 17.645342 46.18251 decam 5.5558963 -25.63947 33 object "LTT9239 S5" 0 0.0 924.0 1948.0 -0.02600448 1.0004811 0.0007512375 0.05524929 -0.00082643965 0.9999781 17238389015 0.3247983
