logs/db-2024-06-30.ecsv
# %ECSV 1.0
# ---
# datatype:
# - {name: filename, datatype: string}
# - {name: extension, datatype: string}
# - {name: expnum, datatype: int64}
# - {name: exptime, datatype: float32}
# - {name: mjd_obs, datatype: float64}
# - {name: airmass, datatype: float32}
# - {name: racenter, datatype: float64}
# - {name: deccenter, datatype: float64}
# - {name: rabore, datatype: float64}
# - {name: decbore, datatype: float64}
# - {name: band, datatype: string}
# - {name: ebv, datatype: float32}
# - {name: zeropoint, datatype: float32}
# - {name: transparency, datatype: float32}
# - {name: seeing, datatype: float32}
# - {name: sky, datatype: float32}
# - {name: expfactor, datatype: float32}
# - {name: camera, datatype: string}
# - {name: dx, datatype: float32}
# - {name: dy, datatype: float32}
# - {name: nmatched, datatype: int64}
# - {name: obstype, datatype: string}
# - {name: object, datatype: string}
# - {name: tileid, datatype: int64}
# - {name: tileebv, datatype: float32}
# - {name: affine_x0, datatype: float32}
# - {name: affine_y0, datatype: float32}
# - {name: affine_dx, datatype: float32}
# - {name: affine_dxx, datatype: float32}
# - {name: affine_dxy, datatype: float32}
# - {name: affine_dy, datatype: float32}
# - {name: affine_dyx, datatype: float32}
# - {name: affine_dyy, datatype: float32}
# - {name: checksum, datatype: string}
# - {name: efftime, datatype: float32}
# schema: astropy-2.0
filename extension expnum exptime mjd_obs airmass racenter deccenter rabore decbore band ebv zeropoint transparency seeing sky expfactor camera dx dy nmatched obstype object tileid tileebv affine_x0 affine_y0 affine_dx affine_dxx affine_dxy affine_dy affine_dyx affine_dyy checksum efftime
rawdata/DECam_01307390.fits.fz N4 1307390 10.0 60491.94637597 1.0 189.75568121224012 -30.49760245572181 189.7644 -30.42249888888889 r 0.07010071 0.0 0.0 0.0 17.09906 0.0 decam 0.0 0.0 0 object pointing 0 0.0 0.0 0.0 0.0 0.0 0.0 0.0 0.0 0.0 26565906820 0.0
rawdata/DECam_01307392.fits.fz N4 1307392 30.0 60491.9487959 1.0 189.75568121224012 -30.49760245572181 189.7644 -30.42249888888889 r 0.07010071 0.0 0.0 0.0 17.827345 0.0 decam 0.0 0.0 0 object pointing 0 0.0 0.0 0.0 0.0 0.0 0.0 0.0 0.0 0.0 32562421087 0.0
rawdata/DECam_01307391.fits.fz N4 1307391 10.0 60491.94756786 1.0 189.75568121224012 -30.49760245572181 189.7644 -30.42249888888889 r 0.07010071 0.0 0.0 0.0 17.442533 0.0 decam 0.0 0.0 0 object pointing 0 0.0 0.0 0.0 0.0 0.0 0.0 0.0 0.0 0.0 23543063945 0.0
rawdata/DECam_01307393.fits.fz N4 1307393 60.0 60491.95730656 1.57 151.30526962118918 1.009063078849365 151.31278333333333 1.0841669444444444 g 0.031791043 26.625679 1.1092552 1.3006954 19.583443 11.885232 decam 74.402054 47.312733 87 object Pointing_Check 0 0.0 924.0 1948.0 0.49746183 1.0000279 -0.001260144 -0.042466424 0.0013645202 1.00012 21028615406 5.0482817
rawdata/DECam_01307389.fits.fz N4 1307389 5.0 60491.94491254 1.0 189.75568121224012 -30.49760245572181 189.7644 -30.42249888888889 r 0.07010071 0.0 0.0 0.0 16.67344 0.0 decam 0.0 0.0 0 object pointing 0 0.0 0.0 0.0 0.0 0.0 0.0 0.0 0.0 0.0 23654733527 0.0
rawdata/DECam_01307394.fits.fz N4 1307394 500.0 60491.95991538 1.59 151.3047612882414 1.0088961344063565 151.312275 1.084 M411 0.031784024 24.25333 0.95218307 1.1813542 20.690792 4.9027715 decam -12.959602 -3.249922 70 object IBIS_deep_cosmos_M411_89 0 0.0 924.0 1948.0 0.4640891 1.0001096 -0.0014678914 -0.17679963 0.0015772666 1.000086 17816834225 101.98313
rawdata/DECam_01307395.fits.fz N4 1307395 500.0 60491.96605805 1.67 151.56275721533152 2.138896124685166 151.570275 2.214 M411 0.050979055 24.240328 0.9642175 1.1861366 21.231606 3.0762544 decam -19.520697 -3.3060405 79 object IBIS_deep_cosmos_M411_16 0 0.0 924.0 1948.0 0.16775534 0.9997513 -0.0014690546 -0.13243847 0.0015025714 1.000188 16901450186 162.53532
rawdata/DECam_01307396.fits.fz N4 1307396 500.0 60491.97222696 1.75 150.12477032077763 0.6378961375961623 150.13228333333333 0.713 M411 0.024781406 24.222849 0.9723879 1.0992099 21.432543 2.2680326 decam -29.837221 -16.39434 82 object IBIS_deep_cosmos_M411_85 0 0.0 924.0 1948.0 0.05568715 1.0002193 -0.0014904696 -0.017517433 0.002000687 1.0000098 16643888963 220.45538
rawdata/DECam_01307397.fits.fz N4 1307397 500.0 60491.97839263 1.83 151.5657555464638 2.4558961219558246 151.573275 2.531 M411 0.03702531 24.215988 0.9902643 1.1378584 21.422297 2.4842296 decam -38.016872 -26.829903 67 object IBIS_deep_cosmos_M411_17 0 0.0 924.0 1948.0 -0.2030854 1.0004429 -0.0012734805 -0.05961787 0.002096386 1.0002725 16813807961 201.26964
rawdata/DECam_01307398.fits.fz N4 1307398 100.3794 60491.98674099 1.77 192.7047145514172 -6.453103801213244 192.712275 -6.378 M411 0.032138094 25.858635 4.413854 2.7240963 23.284014 0.0 decam -264.75174 -226.75061 4 object IBIS_wide_M411_131413 131413 0.030811 924.0 1948.0 -0.323676 0.9981037 -0.0003795276 -2.4473612 0.00015429518 0.99546134 15440291117 0.0
rawdata/DECam_01307399.fits.fz N4 1307399 300.0 60491.99052138 1.11 193.65971092765167 -6.955103796838372 193.66727916666667 -6.88 M411 0.035859417 24.429808 0.9668863 1.0604681 21.970495 0.87862086 decam -96.06129 33.13205 105 object IBIS_wide_M411_134397 134397 0.033736 924.0 1948.0 -0.26067385 1.0001364 0.00022969271 0.2149233 -0.00028000664 1.0001001 15844428393 341.44418
rawdata/DECam_01307400.fits.fz N4 1307400 380.0 60491.99575324 1.11 195.11670653516134 -6.969103796716234 195.124275 -6.894 M411 0.040842213 24.41464 0.9534723 1.0637527 21.991095 0.89202505 decam 12.599333 -19.435446 99 object IBIS_wide_M411_134157 134157 0.040336 924.0 1948.0 -0.062192235 0.9998953 0.00023040849 0.053714406 -0.00011368815 1.0001249 15958439138 425.997
rawdata/DECam_01307401.fits.fz N4 1307401 379.0 60492.0005332 1.12 195.3967166511905 -6.590103800020194 195.40427916666667 -6.515 M411 0.03829882 24.433275 0.9729581 1.0331962 21.992245 0.8123642 decam 21.061537 -28.614145 98 object IBIS_wide_M411_131172 131172 0.03795 924.0 1948.0 0.04657649 1.0003755 0.00030648068 0.3302621 0.00028453584 0.9998697 15965035968 466.5395
rawdata/DECam_01307402.fits.fz N4 1307402 389.0 60492.00527698 1.12 196.5867082810717 -6.860103797666984 196.59427499999998 -6.785 M411 0.03449613 24.421055 0.9620685 1.0161141 22.009483 0.79101706 decam 26.315567 -25.171099 103 object IBIS_wide_M411_134156 134156 0.041287 924.0 1948.0 -0.072216146 1.000175 0.00039532923 0.11719454 -0.00022713341 0.9998972 15963795517 491.77194
rawdata/DECam_01307403.fits.fz N4 1307403 367.0 60492.01015403 1.12 198.2877136817968 -6.511103800708237 198.295275 -6.436 M411 0.05621425 24.438839 0.9779567 1.0024097 22.01563 0.74085605 decam 16.886126 -16.569517 119 object IBIS_wide_M411_131168 131168 0.044258 924.0 1948.0 -0.052117236 1.000137 0.00064112694 0.07476672 -0.0005231955 0.999744 15941287048 495.3729
rawdata/DECam_01307404.fits.fz N4 1307404 366.0 60492.01480977 1.13 197.89170629269094 -6.984103796585361 197.899275 -6.909 M411 0.045101326 24.431995 0.9747969 0.96363795 22.010204 0.6969571 decam 27.181646 -34.598717 90 object IBIS_wide_M411_134153 134153 0.045146 924.0 1948.0 0.05612509 1.0002191 0.0004631168 0.010133962 -0.00037197195 1.0000472 16031894875 525.13995
rawdata/DECam_01307405.fits.fz N4 1307405 328.0 60492.01943869 1.12 201.0437075370943 -6.641103799575897 201.05127083333332 -6.566 M411 0.03338202 24.414036 0.9558691 0.9721436 22.047504 0.708379 decam 19.982958 -20.160652 82 object IBIS_wide_M411_131188 131188 0.036216 924.0 1948.0 0.031495485 1.0004752 0.0005297354 0.10024234 -0.00057353475 0.999826 15865576119 463.029
rawdata/DECam_01307406.fits.fz N4 1307406 338.0 60492.02360231 1.14 199.71371523829268 -6.682103799218653 199.72127916666665 -6.607 M411 0.049255487 24.447489 0.9918444 0.9759346 22.038671 0.6767185 decam 22.83321 -19.952185 96 object IBIS_wide_M411_131209 131209 0.044926 924.0 1948.0 -0.04392578 1.0003167 0.00025946216 0.031316888 -0.00042185019 0.99985045 15915189052 499.46915
rawdata/DECam_01307407.fits.fz N4 1307407 325.0 60492.02787008 1.14 201.77972207573612 -5.927103805787992 201.787275 -5.852 M411 0.031870693 24.416218 0.96368533 1.0543283 22.035955 0.838413 decam 30.824331 -22.425295 110 object IBIS_wide_M411_131191 131191 0.033976 924.0 1948.0 -0.18374859 1.0001183 0.00029557105 0.24712545 -0.0005297617 0.9997037 16293700669 387.63712
rawdata/DECam_01307408.fits.fz N4 1307408 299.0 60492.0319947 1.14 202.5767090622072 -6.54110380044698 202.58427083333333 -6.466 M411 0.030887438 24.407692 0.9561466 1.0599926 21.972677 0.9125029 decam 30.172188 -19.849272 74 object IBIS_wide_M411_131189 131189 0.032595 924.0 1948.0 0.20673825 1.0000864 0.000887461 0.1783199 -0.0005493391 0.99984163 15833487982 327.6702
rawdata/DECam_01307409.fits.fz N4 1307409 339.0 60492.03585065 1.14 204.24971986030437 -6.376103801883509 204.25727916666665 -6.301 M411 0.02809614 24.413734 0.96148324 1.0436318 22.08107 0.79170215 decam 36.828247 -7.168618 112 object IBIS_wide_M411_134170 134170 0.028645 924.0 1948.0 -0.009175813 1.0000437 0.00067043357 0.08892995 -0.00041676106 0.9998435 15844631080 428.1913
rawdata/DECam_01307410.fits.fz N4 1307410 372.0 60492.04016921 1.15 204.12371811919624 -6.493103800864976 204.13127916666667 -6.418 M411 0.029440364 24.409264 0.9604734 1.0305736 22.079884 0.77929586 decam 46.580986 -19.721994 101 object IBIS_wide_M411_131184 131184 0.029033 924.0 1948.0 -0.21225171 1.0001736 0.0005739851 0.17774928 -0.0007731047 0.99999505 15929351277 477.354
rawdata/DECam_01307411.fits.fz N4 1307411 328.0 60492.04482834 1.15 205.62271835213528 -6.193103803475665 205.63027499999998 -6.118 M411 0.029135771 24.422567 0.9723152 1.0551109 22.10071 0.78184277 decam 45.015705 -18.389294 112 object IBIS_wide_M411_134179 134179 0.028091 924.0 1948.0 -0.20472918 0.99981666 0.0003191509 0.18201394 -0.000788583 1.0001448 15830244973 419.5217
rawdata/DECam_01307412.fits.fz N4 1307412 317.0 60492.04962654 1.15 207.35271679281954 -6.008103805084103 207.36027083333335 -5.933 M411 0.024898034 24.400522 0.9527719 1.0810655 22.10441 0.8517985 decam -9.7277155 0.75046325 122 object IBIS_wide_M411_131111 131111 0.027152 924.0 1948.0 -0.0053529195 1.0000902 0.00064543297 0.20337752 -0.00087285263 0.9999296 15820087768 372.15375
rawdata/DECam_01307413.fits.fz N4 1307413 334.0 60492.05367525 1.17 205.337708740833 -6.831103797919862 205.34527500000002 -6.756 M411 0.033952948 24.422966 0.97865605 1.1104127 22.085789 0.8770965 decam -9.618397 -15.359404 117 object IBIS_wide_M411_131193 131193 0.032618 924.0 1948.0 -0.051579405 1.0000186 0.0005878651 0.080898665 -0.0008418396 1.0000148 15864165684 380.8019
rawdata/DECam_01307414.fits.fz N4 1307414 342.0 60492.05791686 1.16 208.8177193906059 -6.120103804110478 208.825275 -6.045 M411 0.025659002 24.407692 0.96202976 1.0745273 22.123564 0.8159866 decam -6.4953985 -6.951075 108 object IBIS_wide_M411_131110 131110 0.028618 924.0 1948.0 0.09734432 1.0000979 0.00064443634 0.036622528 -0.00048219264 0.9999639 15835931693 419.12454
rawdata/DECam_01307415.fits.fz N4 1307415 342.0 60492.06225031 1.17 209.0397087250123 -6.8321037979111425 209.04727499999998 -6.757 M411 0.035946283 24.409899 0.9669491 1.0755308 22.120245 0.816682 decam -3.10116 -3.7258005 104 object IBIS_wide_M411_134089 134089 0.03042 924.0 1948.0 -0.25330076 1.0001855 0.00094061065 0.036887255 -0.00067186943 0.9999763 15834244471 418.76767
rawdata/DECam_01307416.fits.fz N4 1307416 335.0 60492.06657426 1.18 209.5497104043798 -6.725103798843918 209.557275 -6.65 M411 0.032794554 24.415077 0.97455627 1.0430028 22.121954 0.75964713 decam -8.8476925 -9.434759 105 object IBIS_wide_M411_131104 131104 0.031325 924.0 1948.0 0.4240385 0.999836 0.00086058385 0.22317462 -0.00068930374 0.999942 15842052897 440.99423
rawdata/DECam_01307417.fits.fz N4 1307417 323.0 60492.07081832 1.18 211.43571186543906 -6.353103802083675 211.44327083333332 -6.278 M411 0.025375227 24.40888 0.9690088 1.0378103 22.154648 0.7381897 decam -9.515685 -12.033699 118 object IBIS_wide_M411_134245 134245 0.026729 924.0 1948.0 0.08116111 0.9995784 0.0009233764 0.12183496 -0.00042525126 0.99992555 15823143415 437.5569
rawdata/DECam_01307418.fits.fz N4 1307418 309.0 60492.07491621 1.19 211.09970614426086 -6.7311037987916205 211.10727083333333 -6.656 M411 0.028374976 24.393518 0.9583306 1.0770996 22.125616 0.8399873 decam -10.89354 -16.095802 130 object IBIS_wide_M411_131259 131259 0.027093 924.0 1948.0 -0.069529116 1.0000652 0.0008254233 0.074989684 -0.0006671189 0.9998494 15878788028 367.8627
rawdata/DECam_01307419.fits.fz N4 1307419 310.0 60492.07884331 1.2 210.60371157029837 -6.915103797187301 210.61127916666666 -6.84 M411 0.030146178 24.413055 0.97872776 1.0529575 22.13625 0.76690894 decam -16.379702 -21.152906 127 object IBIS_wide_M411_134088 134088 0.028468 924.0 1948.0 -0.07913809 1.0003028 0.0006831403 -0.0019492074 -0.00048471856 1.0001719 15798196465 404.2201
rawdata/DECam_01307420.fits.fz N4 1307420 350.0 60492.08280237 1.2 213.41072247163177 -5.898103806039951 213.418275 -5.823 M411 0.035672676 24.424515 0.989113 1.0290507 22.114035 0.73208183 decam -21.870682 -12.498736 120 object IBIS_wide_M411_134240 134240 0.034405 924.0 1948.0 0.05606624 0.9999477 0.0006568804 0.19939058 -0.00095024286 1.0002456 15988415495 478.08865
rawdata/DECam_01307421.fits.fz N4 1307421 326.0 60492.08720908 1.22 212.80171575259135 -6.3721038019183185 212.80927499999999 -6.297 M411 0.034753278 24.40529 0.9777322 1.0237045 22.155418 0.7225575 decam -19.011028 -17.341177 126 object IBIS_wide_M411_134237 134237 0.031792 924.0 1948.0 0.05055103 0.9999 0.00069294666 0.19411105 -0.0007190711 1.0000118 15806218159 451.17517
rawdata/DECam_01307422.fits.fz N4 1307422 332.0 60492.09136226 1.22 214.44771577359586 -6.081103804449555 214.45527083333334 -6.006 M411 0.04753947 24.406279 0.97862333 1.0454632 22.130507 0.7696105 decam -22.76326 -3.9928439 139 object IBIS_wide_M411_131253 131253 0.04116 924.0 1948.0 -0.023947082 1.0003424 0.0009138053 0.17699601 -0.00091777445 0.99998856 15822138935 431.38705
rawdata/DECam_01307423.fits.fz N4 1307423 327.0 60492.09557674 1.21 215.96870742945046 -6.648103799514909 215.97627083333333 -6.573 M411 0.057059184 24.431767 0.9987993 1.051655 22.181406 0.70898885 decam -25.566784 -12.094043 155 object IBIS_wide_M411_130956 130956 0.04527 924.0 1948.0 -0.31562757 0.99998796 0.0011636446 0.12287619 -0.00085587596 0.9999024 15796842012 461.22025
rawdata/DECam_01307424.fits.fz N4 1307424 363.0 60492.09972808 1.22 217.339714940675 -6.140103803936575 217.34727083333334 -6.065 M411 0.062411472 24.424911 0.9955632 1.0727347 22.17269 0.75302446 decam -17.1942 -6.985692 126 object IBIS_wide_M411_139932 139932 0.053756 924.0 1948.0 -0.07464675 1.0001006 0.0010154183 0.26277858 -0.0011194539 0.9998422 15876598972 482.05606
rawdata/DECam_01307425.fits.fz N4 1307425 343.0 60492.10429494 1.23 217.44270883570698 -6.825103797972178 217.45027499999998 -6.75 M411 0.06231538 24.426283 0.9998831 1.0583308 22.191744 0.7184137 decam -18.612352 -18.778511 136 object IBIS_wide_M411_136947 136947 0.05579 924.0 1948.0 -0.120690905 0.9998514 0.00097205583 0.20723692 -0.0009355058 0.99982184 15811379082 477.44077
rawdata/DECam_01307426.fits.fz N4 1307426 376.0 60492.10861421 1.23 219.83472633814475 -5.920103805848812 219.84227916666666 -5.845 M411 0.06209751 24.427977 1.0014447 1.1008072 22.182884 0.78103185 decam -15.085891 -15.954311 166 object IBIS_wide_M411_139938 139938 0.065033 924.0 1948.0 -0.03964082 1.0003527 0.0007863483 -0.009910528 -0.0012248511 0.99995786 15869286929 481.41443
rawdata/DECam_01307427.fits.fz N4 1307427 368.0 60492.11332542 1.25 218.79071402470626 -6.760103798538849 218.79827916666667 -6.6850000000000005 M411 0.067581825 24.41974 0.99999195 1.0863652 22.188309 0.7684954 decam -11.885322 -24.359194 146 object IBIS_wide_M411_136951 136951 0.065815 924.0 1948.0 -0.004247023 1.0003242 0.0011888157 0.3490966 -0.0010201744 1.0001892 15842657516 478.8578
rawdata/DECam_01307428.fits.fz N4 1307428 393.0 60492.11794769 1.25 220.5937201546952 -6.356103802057566 220.60127916666667 -6.281 M411 0.063182764 24.408808 0.9899722 1.1092895 22.183731 0.82095593 decam -15.093218 -24.60506 150 object IBIS_wide_M411_139922 139922 0.064019 924.0 1948.0 -0.15465477 1.0003234 0.0012746264 0.3177107 -0.0008273618 1.0000637 15870821065 478.71024
rawdata/DECam_01307429.fits.fz N4 1307429 408.0 60492.12288343 1.26 221.23670105280587 -7.050103796009427 221.24427083333333 -6.975 M411 0.08110027 24.412119 0.99604654 1.0982543 22.166628 0.8125414 decam -1.029692 -24.20192 173 object IBIS_wide_M411_139920 139920 0.077544 924.0 1948.0 0.0027111121 0.99994165 0.0009248956 0.3534087 -0.00095448253 0.9999804 15901120830 502.12823
rawdata/DECam_01307430.fits.fz N4 1307430 500.0 60492.12799826 1.28 224.8277403063728 -3.9601038228246455 224.83527083333334 -3.885 M411 0.13631244 24.463945 1.0511725 1.021217 22.167116 0.6385006 decam -15.905189 -24.004473 153 object IBIS_wide_M411_140428 140428 0.1249 924.0 1948.0 -0.2764958 1.0001937 0.0012220729 0.06282037 -0.0013828445 0.99987715 16036885596 783.08466
rawdata/DECam_01307431.fits.fz N4 1307431 500.0 60492.13414691 1.3 225.54174543389308 -3.3491038280983108 225.54927083333334 -3.274 M411 0.1441894 24.448597 1.0427952 0.9799853 22.156025 0.61117864 decam -5.0270257 -29.714119 163 object IBIS_wide_M411_140429 140429 0.13881 924.0 1948.0 -0.12795325 1.0000085 0.0012722606 0.13690758 -0.0011439183 1.0001284 16024484415 818.09143
