logs/db-2024-07-06.ecsv
# %ECSV 1.0
# ---
# datatype:
# - {name: filename, datatype: string}
# - {name: extension, datatype: string}
# - {name: expnum, datatype: int64}
# - {name: exptime, datatype: float32}
# - {name: mjd_obs, datatype: float64}
# - {name: airmass, datatype: float32}
# - {name: racenter, datatype: float64}
# - {name: deccenter, datatype: float64}
# - {name: rabore, datatype: float64}
# - {name: decbore, datatype: float64}
# - {name: band, datatype: string}
# - {name: ebv, datatype: float32}
# - {name: zeropoint, datatype: float32}
# - {name: transparency, datatype: float32}
# - {name: seeing, datatype: float32}
# - {name: sky, datatype: float32}
# - {name: expfactor, datatype: float32}
# - {name: camera, datatype: string}
# - {name: dx, datatype: float32}
# - {name: dy, datatype: float32}
# - {name: nmatched, datatype: int64}
# - {name: obstype, datatype: string}
# - {name: object, datatype: string}
# - {name: tileid, datatype: int64}
# - {name: tileebv, datatype: float32}
# - {name: affine_x0, datatype: float32}
# - {name: affine_y0, datatype: float32}
# - {name: affine_dx, datatype: float32}
# - {name: affine_dxx, datatype: float32}
# - {name: affine_dxy, datatype: float32}
# - {name: affine_dy, datatype: float32}
# - {name: affine_dyx, datatype: float32}
# - {name: affine_dyy, datatype: float32}
# - {name: checksum, datatype: string}
# - {name: efftime, datatype: float32}
# schema: astropy-2.0
filename extension expnum exptime mjd_obs airmass racenter deccenter rabore decbore band ebv zeropoint transparency seeing sky expfactor camera dx dy nmatched obstype object tileid tileebv affine_x0 affine_y0 affine_dx affine_dxx affine_dxy affine_dy affine_dyx affine_dyy checksum efftime
[from data line 86]
rawdata/DECam_01309428.fits.fz N4 1309428 297.0 60498.31771616 1.05 337.1415440672786 -13.523103738467134 337.14927083333333 -13.448 M464 0.049095776 24.995646 1.0472685 1.0043794 21.851345 0.71552396 decam 14.014574 -8.384826 139 object IBIS_wide_M464_357766 357766 0.049293 924.0 1948.0 -0.45658246 1.0001324 0.0008353822 0.13024482 -0.0007277159 1.0001293 16155766773 415.08044
rawdata/DECam_01309429.fits.fz N4 1309429 243.0 60498.32151805 1.06 339.79454504280056 -13.621103737575627 339.802275 -13.546 M464 0.04942673 24.983622 1.0379317 1.0108482 21.856106 0.73764026 decam 12.497637 -17.570719 108 object IBIS_wide_M464_357762 357762 0.051267 924.0 1948.0 -0.049443334 1.0001147 0.00066794123 -0.03536947 -0.0005886085 1.0000436 16033192796 329.4289
rawdata/DECam_01309430.fits.fz N4 1309430 300.0 60498.32468634 1.06 340.0925427124326 -13.436103739257963 340.10026666666664 -13.361 M464 0.050643872 24.988836 1.042928 1.0214036 21.848473 0.75115275 decam 12.5866165 -10.500732 132 object IBIS_wide_M464_355083 355083 0.055012 924.0 1948.0 -0.023401208 1.0001903 0.0003648367 -0.11055605 -0.0009339109 0.99986094 16231051102 399.38617
rawdata/DECam_01309431.fits.fz N4 1309431 287.0 60498.3285215 1.06 342.4155294741954 -13.965103734440358 342.42327083333333 -13.89 M464 0.05286178 24.987877 1.042008 0.97147727 21.837456 0.6878312 decam 10.765389 -11.180315 111 object IBIS_wide_M464_354996 354996 0.044339 924.0 1948.0 -0.3480979 1.0005144 0.0007921999 -0.048040904 -0.000761367 1.0001385 16136998764 417.2535
rawdata/DECam_01309432.fits.fz N4 1309432 300.0 60498.3321995 1.05 341.27153598961644 -13.643103737375391 341.2792666666667 -13.568 M464 0.054510586 24.979794 1.03209 0.9358578 21.826078 0.65493786 decam 10.999748 -6.565639 113 object IBIS_wide_M464_358067 358067 0.050006 924.0 1948.0 -0.44226208 1.0003295 0.00076087663 0.015329575 -0.00069035264 1.0000076 16573910877 458.05875
rawdata/DECam_01309433.fits.fz N4 1309433 264.0 60498.33602654 1.05 343.3465358192579 -13.900103735033484 343.354275 -13.825 M464 0.04488752 24.994955 1.0466032 0.99854136 21.897045 0.6789616 decam 12.362156 -4.861916 85 object IBIS_wide_M464_357980 357980 0.043097 924.0 1948.0 0.009316308 1.0003551 0.00057978235 -0.037172314 -0.0006213838 1.000171 16065233917 388.8291
rawdata/DECam_01309434.fits.fz N4 1309434 255.0 60498.33944289 1.05 343.988544584861 -13.63510373744821 343.99627499999997 -13.56 M464 0.042621803 25.001072 1.0525166 1.0591785 21.891024 0.7593557 decam 14.322601 -3.2644207 104 object IBIS_wide_M464_357983 357983 0.043477 924.0 1948.0 -0.38322756 1.0006276 0.00041415563 0.014241647 -0.00036062696 0.9999412 16055437310 335.81097
rawdata/DECam_01309435.fits.fz N4 1309435 262.0 60498.34276273 1.05 345.55253237123986 -13.753103736373648 345.5602666666667 -13.678 M464 0.04082531 24.994637 1.0462962 1.0477896 21.90725 0.7408569 decam 11.287572 -7.7254148 107 object IBIS_wide_M464_357978 357978 0.041682 924.0 1948.0 -0.078532316 1.0001658 0.00037543767 -0.011458883 -0.0010810354 0.9999732 16031259718 353.64453
rawdata/DECam_01309436.fits.fz N4 1309436 295.0 60498.34616611 1.05 345.0105390412801 -13.677103737065861 345.0182708333333 -13.602 M464 0.04671488 24.982529 1.0346936 1.0733528 21.88872 0.80857855 decam 10.223763 -3.9986446 118 object IBIS_wide_M464_354992 354992 0.043598 924.0 1948.0 -0.13506779 1.000329 0.00038804204 -0.066968694 -0.0002034309 1.0005347 16160411092 364.83777
rawdata/DECam_01309437.fits.fz N4 1309437 272.0 60498.34992962 1.05 347.77053258753085 -13.872103735288889 347.77827083333335 -13.797 M464 0.03422067 24.998058 1.0495981 1.1089345 21.893824 0.8346901 decam 13.067787 -8.049509 94 object IBIS_wide_M464_354980 354980 0.033913 924.0 1948.0 -0.17341134 1.0002369 0.0004368725 -0.12013854 -0.0003222721 1.000165 16151500426 325.86945
rawdata/DECam_01309438.fits.fz N4 1309438 296.0 60498.3534454 1.05 348.304536405728 -13.757103736337205 348.3122708333333 -13.682 M464 0.032453053 24.994057 1.0457379 1.0867372 21.904781 0.799496 decam 8.337064 -8.298219 103 object IBIS_wide_M464_357966 357966 0.033229 924.0 1948.0 -0.199592 1.0001497 1.820008e-05 0.13147575 -0.00044444622 1.0001497 16123692766 370.23325
rawdata/DECam_01309439.fits.fz N4 1309439 294.0 60498.35722927 1.05 350.9345257776671 -13.951103734568134 350.9422666666666 -13.876 M464 0.035181556 25.006575 1.0578641 1.0363299 21.911276 0.70638746 decam 13.6919775 -9.095884 89 object IBIS_wide_M464_354976 354976 0.032004 924.0 1948.0 -0.05626062 1.0003724 0.00019521854 -0.019773586 -0.00057789247 1.0002946 16150441165 416.20218
rawdata/DECam_01309440.fits.fz N4 1309440 50.0 60498.36214325 1.69 34.68274395988089 -4.0161038223409244 34.690275 -3.941 g 0.021579113 26.620071 1.124472 1.1780466 21.402868 1.7818543 decam 3.2241757 27.515182 66 object corr_g 0 0.0 924.0 1948.0 -0.5413962 1.0002153 -0.0017389212 -0.16463028 0.0007093413 1.0001773 16517066519 28.060656
rawdata/DECam_01309441.fits.fz N4 1309441 500.0 60498.36436891 1.66 34.68274395988089 -4.0161038223409244 34.690275 -3.941 M411 0.021579113 24.252241 0.97187096 1.1294134 21.896967 1.4786414 decam 10.924359 23.848482 52 object IBIS_deep_xmm_M411_59 0 0.0 924.0 1948.0 -0.20429015 1.0004655 -0.0018534856 -0.1700629 0.0009893724 1.0003058 16427980670 338.14825
rawdata/DECam_01309442.fits.fz N4 1309442 500.0 60498.37050819 1.6 34.52874237209109 -3.7261038248452003 34.53627083333333 -3.651 M411 0.022848446 24.288528 0.9865775 1.1349949 21.919147 1.3684689 decam 7.8617907 25.884365 44 object IBIS_deep_xmm_M411_43 0 0.0 924.0 1948.0 0.3145234 1.0006591 -0.0015477026 -0.5649492 0.0016561919 1.0005404 16169345005 365.37186
rawdata/DECam_01309443.fits.fz N4 1309443 417.0 60498.37668068 1.54 35.92472550230495 -5.671103808011282 35.932275 -5.596 M411 0.025048792 24.316442 0.9938141 1.1440403 21.957064 1.2753174 decam 19.843891 20.852322 65 object IBIS_deep_xmm_M411_28 0 0.0 924.0 1948.0 -0.2639216 1.0004342 -0.0018933172 -0.31767353 0.001185129 1.0005043 16018930432 326.97745
rawdata/DECam_01309444.fits.fz N4 1309444 408.0 60498.38188797 1.49 35.74172988935768 -5.325103811013083 35.749275 -5.25 M411 0.023660546 24.284687 0.9504794 1.1658732 21.988155 1.3645047 decam 5.075558 14.718528 43 object IBIS_deep_xmm_M411_47 0 0.0 924.0 1948.0 -0.4318235 1.0005856 -0.0017860208 -0.19213304 0.0015010583 1.0004554 16006840658 299.0096
rawdata/DECam_01309445.fits.fz N4 1309445 384.0 60498.38697763 1.45 36.25572599568031 -5.9451038056315895 36.26327916666666 -5.87 M411 0.027104508 24.329163 0.9781498 1.3118037 22.005342 1.5659777 decam 5.8711767 13.512102 58 object IBIS_deep_xmm_M411_11 0 0.0 924.0 1948.0 -0.08279688 0.99999946 -0.0014675072 -0.24725257 0.0014102204 1.000384 16009079337 245.21422
rawdata/DECam_01309446.fits.fz N4 1309446 354.0 60498.39177927 1.42 34.970742367185075 -4.185103820880726 34.978275 -4.11 M411 0.020531662 24.309277 0.9515998 1.2742081 21.96891 1.5850742 decam 1.8782196 0.30936342 54 object IBIS_deep_xmm_M411_76 0 0.0 924.0 1948.0 0.36194763 1.0000485 -0.0015244856 -0.25851104 0.0010955984 1.0003649 15986496893 223.33339
rawdata/DECam_01309447.fits.fz N4 1309447 500.0 60498.3962536 1.39 36.055725427431156 -5.349103810804979 36.063270833333334 -5.274 M411 0.024518557 24.285051 0.92207974 1.1950476 22.019518 1.3917725 decam 16.448904 -0.08554359 40 object IBIS_deep_xmm_M411_48 0 0.0 924.0 1948.0 -0.044424027 0.9996335 -0.0015353973 -0.19762738 0.0007050528 1.0004488 16100392606 359.25412
rawdata/DECam_01309448.fits.fz N4 1309448 500.0 60498.40239792 1.36 36.699723769102704 -6.105103804240898 36.707279166666666 -6.03 M411 0.033667758 24.343449 0.964121 1.1853318 22.020699 1.2282859 decam 9.996439 -5.80997 55 object IBIS_deep_xmm_M411_88 0 0.0 924.0 1948.0 0.6824741 1.0000396 -0.0017182888 -0.100724235 0.0017493999 1.0000457 16272616656 407.07135
rawdata/DECam_01309449.fits.fz N4 1309449 449.0 60498.4085597 1.32 36.55071931967042 -5.823103806691448 36.55827083333333 -5.748 M411 0.03065804 24.328075 0.9389751 1.1710018 22.034628 1.2175329 decam 1.6943828 -11.017241 56 object IBIS_deep_xmm_M411_12 0 0.0 924.0 1948.0 0.255631 1.0003107 -0.0017285452 -0.33527663 0.0012698201 1.0002065 16025762195 368.77853
rawdata/DECam_01309450.fits.fz N4 1309450 372.0 60498.41412212 1.3 34.9367415048109 -3.8261038239818506 34.944270833333334 -3.751 M411 0.019765398 24.336351 0.9403735 1.0860703 21.99017 1.0749148 decam -0.5435676 -13.065054 53 object IBIS_deep_xmm_M411_58 0 0.0 924.0 1948.0 0.67653406 1.0004828 -0.0015371608 -0.37719604 0.0016297437 1.0003009 15934080465 346.07394
rawdata/DECam_01309451.fits.fz N4 1309451 399.0 60498.41881444 1.28 36.515728148013 -5.465103809798902 36.523275 -5.39 M411 0.025040146 24.396427 0.98779446 1.104198 22.003426 0.9825595 decam 11.357467 -5.114853 55 object IBIS_deep_xmm_M411_30 0 0.0 924.0 1948.0 -0.59679306 1.0003402 -0.0016497253 -0.29422882 0.0014656376 1.0000247 15995755273 406.08228
rawdata/DECam_01309452.fits.fz N4 1309452 360.0 60498.42382467 1.25 36.33673548813323 -5.207103812036035 36.34427916666667 -5.132 M411 0.028377183 24.36726 0.9528055 1.0538601 21.937698 1.0035568 decam -4.5344214 -9.788101 53 object IBIS_deep_xmm_M411_49 0 0.0 924.0 1948.0 1.0889221 0.99970603 -0.0013156156 -0.39845544 0.0012947896 1.0003728 15950366232 358.72406
rawdata/DECam_01309453.fits.fz N4 1309453 329.0 60498.42836831 1.24 36.80572184415615 -5.632103808349813 36.813270833333334 -5.557 M411 0.028117586 24.342993 0.9288925 1.0244987 21.820017 1.1054572 decam 7.213414 -15.110011 52 object IBIS_deep_xmm_M411_13 0 0.0 924.0 1948.0 0.5337165 1.0001078 -0.0014743356 -0.4699428 0.0015876384 0.99977654 15953935732 297.61444
rawdata/DECam_01309454.fits.fz N4 1309454 310.0 60498.43258235 1.22 35.24774799712283 -4.030103822219986 35.25527916666667 -3.955 M411 0.02128556 24.372143 0.94833404 1.0966798 21.490498 1.6256782 decam 20.551073 -5.771686 47 object IBIS_deep_xmm_M411_75 0 0.0 924.0 1948.0 -0.17402984 1.0006709 -0.0016376172 -0.14813831 0.0018258992 1.0002317 16141121334 190.68965
