logs/db-2026-04-19.ecsv
# %ECSV 1.0
# ---
# datatype:
# - {name: filename, datatype: string}
# - {name: extension, datatype: string}
# - {name: expnum, datatype: int64}
# - {name: exptime, datatype: float32}
# - {name: mjd_obs, datatype: float64}
# - {name: airmass, datatype: float32}
# - {name: racenter, datatype: float64}
# - {name: deccenter, datatype: float64}
# - {name: rabore, datatype: float64}
# - {name: decbore, datatype: float64}
# - {name: band, datatype: string}
# - {name: ebv, datatype: float32}
# - {name: zeropoint, datatype: float32}
# - {name: transparency, datatype: float32}
# - {name: seeing, datatype: float32}
# - {name: sky, datatype: float32}
# - {name: expfactor, datatype: float32}
# - {name: camera, datatype: string}
# - {name: dx, datatype: float32}
# - {name: dy, datatype: float32}
# - {name: nmatched, datatype: int64}
# - {name: obstype, datatype: string}
# - {name: object, datatype: string}
# - {name: tileid, datatype: int64}
# - {name: tileebv, datatype: float32}
# - {name: affine_x0, datatype: float32}
# - {name: affine_y0, datatype: float32}
# - {name: affine_dx, datatype: float32}
# - {name: affine_dxx, datatype: float32}
# - {name: affine_dxy, datatype: float32}
# - {name: affine_dy, datatype: float32}
# - {name: affine_dyx, datatype: float32}
# - {name: affine_dyy, datatype: float32}
# - {name: checksum, datatype: string}
# - {name: efftime, datatype: float32}
# schema: astropy-2.0
filename extension expnum exptime mjd_obs airmass racenter deccenter rabore decbore band ebv zeropoint transparency seeing sky expfactor camera dx dy nmatched obstype object tileid tileebv affine_x0 affine_y0 affine_dx affine_dxx affine_dxy affine_dy affine_dyx affine_dyy checksum efftime
/home/declsp/obsbot/rawdata/DECam_01476710.fits.fz N4 1476710 5.0 61149.96160892 1.0 123.1828181536459 -29.985935517170667 123.19149166666668 -29.910831944444446 r 0.6019222 26.793642 0.9778159 1.1870738 17.641232 19.151567 decam -0.5925739 -51.06647 1788 object pointing 0 0.0 924.0 1948.0 0.02924175 1.0000246 -0.0020649522 -0.34889862 0.0021045974 0.9999505 18795704581 0.26107523
/home/declsp/obsbot/rawdata/DECam_01476711.fits.fz N4 1476711 30.0 61149.96284564 1.0 123.1828181536459 -29.985935517170667 123.19149166666668 -29.910831944444446 r 0.6019222 26.798521 0.9822188 1.1178737 18.105858 10.9744 decam 14.085553 13.260991 2633 object pointing 0 0.0 924.0 1948.0 0.24684767 0.9998672 -0.002072247 -0.2975398 0.0020448437 0.99995667 28888872418 2.7336347
/home/declsp/obsbot/rawdata/DECam_01476712.fits.fz N4 1476712 10.0 61149.96653596 1.0 130.3761489802335 -32.93424242676747 130.3851 -32.859138888888886 M490 0.33464447 24.943293 0.9667565 0.94574773 19.387436 7.0573664 decam 3.5292296 15.780617 872 object "LTT3218 N4" 0 0.0 924.0 1948.0 -0.18597156 0.9999283 -0.002000768 -0.19671716 0.0021531305 0.9999821 15627456801 1.4169592
/home/declsp/obsbot/rawdata/DECam_01476713.fits.fz N4 1476713 10.0 61149.96696715 1.0 130.00609898023347 -32.93424242676747 130.01505 -32.859138888888886 M490 0.29259276 24.928165 0.953381 0.9141293 19.475712 6.2514944 decam 7.1247005 1.0560932 1095 object "LTT3218 N5" 0 0.0 924.0 1948.0 0.23360285 1.0001487 -0.0020246024 -0.029225083 0.0022388315 0.99995273 15598882704 1.5996175
/home/declsp/obsbot/rawdata/DECam_01476714.fits.fz N4 1476714 10.0 61149.96737415 1.0 130.74619871054136 -33.10090964695198 130.75516666666667 -33.02580611111111 M490 0.41609186 24.942242 0.9658212 0.9326519 19.55224 5.9086 decam 5.1628003 5.92178 766 object "LTT3218 S3" 0 0.0 924.0 1948.0 0.21629132 1.0004203 -0.002089262 0.09809624 0.0017483088 1.000028 15608679274 1.6924484
/home/declsp/obsbot/rawdata/DECam_01476715.fits.fz N4 1476715 10.0 61149.96781327 1.0 130.37613204387472 -33.100909646952 130.3851 -33.02580611111111 M490 0.3320199 24.904099 0.93247974 1.0109371 19.659029 6.74694 decam -7.0807996 14.072889 864 object "LTT3218 S4" 0 0.0 924.0 1948.0 -0.15887466 0.9999533 -0.0018916256 -0.22162612 0.0019815785 0.9999481 15558699355 1.4821534
/home/declsp/obsbot/rawdata/DECam_01476716.fits.fz N4 1476716 10.0 61149.96822513 1.0 130.00608204387473 -33.10090964695198 130.01505 -33.02580611111111 M490 0.27418688 24.87341 0.906492 0.9839852 19.73528 6.305875 decam 0.42411128 6.249803 1041 object "LTT3218 S5" 0 0.0 924.0 1948.0 0.299002 1.0001587 -0.002022126 -0.10727824 0.0018713317 0.9999993 15546586116 1.5858228
/home/declsp/obsbot/rawdata/DECam_01476717.fits.fz N4 1476717 15.0 61149.96995798 1.18 89.0930033306711 -27.849770541142576 89.1015 -27.774666944444444 M490 0.038579706 24.885494 0.9470694 1.0621138 19.776106 6.917561 decam -32.650177 56.16401 166 object "LTT2415 N4" 0 0.0 924.0 1948.0 0.7484411 0.9997059 -0.0029760636 -0.19529425 0.0027940534 1.000097 15625431932 2.1683943
/home/declsp/obsbot/rawdata/DECam_01476718.fits.fz N4 1476718 15.0 61149.97045313 1.19 88.74173249733775 -27.849770541142576 88.75022916666667 -27.774666944444444 M490 0.03469151 24.847958 0.91654706 0.9531771 19.864185 5.507944 decam -18.742891 59.45126 152 object "LTT2415 N5" 0 0.0 924.0 1948.0 0.7101122 1.000056 -0.002964746 -0.5507673 0.0028916022 0.999972 15602634610 2.723339
/home/declsp/obsbot/rawdata/DECam_01476719.fits.fz N4 1476719 15.0 61149.97091768 1.18 89.4442443826225 -28.016436650418257 89.45275416666667 -27.941333055555557 M490 0.029162224 24.82197 0.89324766 1.0644612 19.952139 6.6415973 decam -19.612759 58.298164 203 object "LTT2415 S3" 0 0.0 924.0 1948.0 1.0339309 1.0002602 -0.0028060803 -0.13618308 0.0030281565 0.9999436 15597828634 2.258493
/home/declsp/obsbot/rawdata/DECam_01476720.fits.fz N4 1476720 15.0 61149.97139441 1.19 89.09299021595584 -28.016436650418257 89.1015 -27.941333055555557 M490 0.035507463 24.842607 0.91204184 1.0554339 20.08915 5.540862 decam -18.145275 50.521458 165 object "LTT2415 S4" 0 0.0 924.0 1948.0 0.67827916 1.0002675 -0.0031274108 0.2325515 0.003328884 1.000135 15556326990 2.70716
/home/declsp/obsbot/rawdata/DECam_01476721.fits.fz N4 1476721 15.0 61149.97186409 1.19 88.7417193826225 -28.016436650418257 88.75022916666667 -27.941333055555557 M490 0.034228936 24.860373 0.9270885 0.9615972 20.210506 3.9824126 decam -14.726245 43.67769 180 object "LTT2415 S5" 0 0.0 924.0 1948.0 -0.31444475 1.0000091 -0.0030559388 -0.57069385 0.0030715298 1.0000206 15536776126 3.766561
/home/declsp/obsbot/rawdata/DECam_01476722.fits.fz N4 1476722 150.0 61149.97396487 1.26 151.47196661494695 -0.06467996747533987 151.47947916666666 0.01042388888888889 M490 0.039787255 24.861153 0.93961346 1.1697087 20.988487 2.871555 decam 6.8490605 2.0573134 131 object "Pal3 position 5" 0 0.0 924.0 1948.0 0.3025784 1.0001626 -0.0012127707 -0.28984705 0.0008148183 0.99992377 16227527832 52.236504
/home/declsp/obsbot/rawdata/DECam_01476723.fits.fz N4 1476723 150.0 61149.97604806 1.26 151.34323743732875 0.11728003096052049 151.35075 0.19238388888888888 M490 0.041424714 24.839035 0.920666 0.9934755 21.281536 1.6483847 decam 6.2506647 9.774482 214 object "Pal3 position 6" 0 0.0 924.0 1948.0 0.34620276 1.0002418 -0.0012517145 -0.45575592 0.0008452391 0.9999106 16028771070 90.99818
/home/declsp/obsbot/rawdata/DECam_01476724.fits.fz N4 1476724 150.0 61149.97810841 1.25 151.31344576901827 -0.12325274474962152 151.32095833333335 -0.04814888888888889 M490 0.045850176 24.94866 1.0166329 0.9206687 21.534922 0.9163847 decam -0.41924894 19.863926 134 object "Pal3 position 7" 0 0.0 924.0 1948.0 0.6553006 0.99978495 -0.0011430145 -0.1282156 0.0011045558 0.9999714 15906432445 163.68672
/home/declsp/obsbot/rawdata/DECam_01476725.fits.fz N4 1476725 150.0 61149.98016344 1.24 151.5112666173043 0.046079198239234696 151.51877916666666 0.12118305555555556 M490 0.03762518 24.901096 0.9712928 0.99344134 21.646734 1.0502701 decam -0.21094367 29.568947 180 object "Pal3 position 8" 0 0.0 924.0 1948.0 -0.3586856 0.99991727 -0.0012099877 0.034996655 0.0011009937 1.0000049 15837330495 142.8204
/home/declsp/obsbot/rawdata/DECam_01476726.fits.fz N4 1476726 150.0 61149.98224144 1.24 151.23417078294182 0.05497919816272972 151.24168333333333 0.13008305555555555 M490 0.038566466 24.758106 0.851441 0.9517722 21.67787 1.2193215 decam 7.429636 25.700682 179 object "Pal3 position 9" 0 0.0 924.0 1948.0 0.86668146 1.0000027 -0.0012261579 0.20131677 0.0014409337 0.9999516 15821225724 123.01924
/home/declsp/obsbot/rawdata/DECam_01476727.fits.fz N4 1476727 35.0 61149.98442665 1.14 145.76073166844498 -5.178103812287381 145.76827500000002 -5.103 M490 0.07114778 24.717342 0.80532026 1.0472462 21.754404 1.4823086 decam 7.700366 21.148876 116 object "pointing test" 0 0.0 924.0 1948.0 0.541895 0.9998165 -0.0014953981 -0.12993936 0.0013417578 1.0000386 15460321309 23.611816
/home/declsp/obsbot/rawdata/DECam_01476728.fits.fz N4 1476728 277.9782 61149.98638591 1.15 148.91774073878503 -4.74910381600292 148.92527916666666 -4.6739999999999995 M490 0.039996225 24.924294 0.9761968 0.9540228 21.872826 0.75375855 decam -5.0873966 21.525726 174 object IBIS_wide_M490_424972 424972 0.03366 924.0 1948.0 0.04861978 0.9998033 -0.001271196 0.04056185 0.0011274326 0.99982667 16235278808 368.78946
/home/declsp/obsbot/rawdata/DECam_01476729.fits.fz N4 1476729 256.7083 61149.98994689 1.15 150.25973115542834 -4.8621038150247005 150.26727083333333 -4.787 M490 0.031096214 24.86924 0.9279312 0.8861082 21.890785 0.708171 decam -7.510496 8.052083 175 object IBIS_wide_M490_425456 425456 0.031953 924.0 1948.0 0.13583791 0.9999903 -0.00127264 0.06365473 0.0013369033 1.0000347 16013588320 362.4948
/home/declsp/obsbot/rawdata/DECam_01476730.fits.fz N4 1476730 332.688 61149.9932344 1.17 152.44174172720443 -4.251103820310299 152.449275 -4.176 M490 0.030539775 24.854805 0.9190057 0.8570844 21.883316 0.68523866 decam -3.3990946 14.166463 163 object IBIS_wide_M490_425458 425458 0.03412 924.0 1948.0 0.16076663 0.9999685 -0.0011543371 -0.122013256 0.0010222511 0.9999784 16262702220 485.50674
/home/declsp/obsbot/rawdata/DECam_01476731.fits.fz N4 1476731 211.7487 61149.99740218 1.16 154.50074066221393 -4.756103815942332 154.50827916666668 -4.681 M490 0.044812225 24.951855 1.0031134 0.8514784 21.924688 0.5444692 decam -9.815192 6.48405 167 object IBIS_wide_M490_425451 425451 0.044191 924.0 1948.0 -0.01512877 1.0003386 -0.0011516551 -0.010940564 0.0009474666 1.000042 15903298421 388.9085
/home/declsp/obsbot/rawdata/DECam_01476732.fits.fz N4 1476732 262.9583 61150.00017508 1.16 153.65273765815405 -4.2411038203967335 153.66027083333333 -4.166 M490 0.04026888 24.862053 0.9234838 0.8732191 21.902674 0.6893593 decam -2.9190352 8.282155 151 object IBIS_wide_M490_425453 425453 0.036678 924.0 1948.0 0.066329286 1.0003074 -0.00095468987 -0.07266568 0.0010404087 0.9999086 16040730023 381.4532
/home/declsp/obsbot/rawdata/DECam_01476733.fits.fz N4 1476733 304.8981 61150.00354425 1.16 154.1997446092593 -3.945103822954202 154.207275 -3.87 M490 0.037351593 24.879288 0.93826026 0.9222518 21.892271 0.7518365 decam -9.788993 2.2530963 134 object IBIS_wide_M490_428439 428439 0.038409 924.0 1948.0 0.17182706 1.0001055 -0.0010531517 -0.13677824 0.001017973 1.0000013 16188423842 405.53778
/home/declsp/obsbot/rawdata/DECam_01476734.fits.fz N4 1476734 331.398 61150.00738612 1.15 155.32474251122622 -4.170103821010353 155.332275 -4.095 M490 0.046212506 24.916271 0.9690099 1.0396101 21.899801 0.8857171 decam -8.767766 -3.277356 170 object IBIS_wide_M490_425462 425462 0.046121 924.0 1948.0 0.24725993 0.99996513 -0.0010510329 -0.053629767 0.000855381 0.9999679 16301999067 374.15787
/home/declsp/obsbot/rawdata/DECam_01476735.fits.fz N4 1476735 333.178 61150.01155796 1.15 158.43772782306144 -5.151103812521368 158.44527083333335 -5.076 M490 0.040080756 24.847837 0.90981936 0.9322622 21.915375 0.7968778 decam -6.7171392 1.2829952 146 object IBIS_wide_M490_428419 428419 0.040355 924.0 1948.0 0.19951384 0.9999204 -0.00096234906 -0.023032067 0.00062327087 0.9999419 16208728459 418.10428
/home/declsp/obsbot/rawdata/DECam_01476736.fits.fz N4 1476736 342.4279 61150.01572073 1.15 157.70774287836326 -4.549103817733503 157.71527916666665 -4.474 M490 0.039821137 24.852688 0.91389316 0.9301518 21.909872 0.7902239 decam -10.687698 -2.95471 170 object IBIS_wide_M490_428425 428425 0.039682 924.0 1948.0 0.042149115 1.0001386 -0.0009858415 -0.06696721 0.00069900823 0.999927 16308806602 433.3302
/home/declsp/obsbot/rawdata/DECam_01476737.fits.fz N4 1476737 332.838 61150.02001094 1.14 156.9887401878941 -3.9731038227123587 156.99627083333334 -3.898 M490 0.044262 24.887882 0.9422911 0.9293642 21.88683 0.75522804 decam -13.832513 1.7847917 126 object IBIS_wide_M490_428427 428427 0.041954 924.0 1948.0 0.28620878 1.0005088 -0.0009484886 -0.12057677 0.0012014534 1.0000583 16307174459 440.71194
/home/declsp/obsbot/rawdata/DECam_01476738.fits.fz N4 1476738 259.2884 61150.02416827 1.14 158.39774813577483 -4.015103822349564 158.40527916666667 -3.94 M490 0.0391214 24.97925 1.02502 0.9330138 21.932684 0.61664605 decam -12.221629 0.39257503 123 object IBIS_wide_M490_428428 428428 0.042334 924.0 1948.0 -0.24507584 1.0002028 -0.0010169118 -0.10560072 0.00094340555 1.000045 15994730405 420.48172
/home/declsp/obsbot/rawdata/DECam_01476739.fits.fz N4 1476739 289.7383 61150.0274892 1.14 159.46874583519 -4.257103820258437 159.47627916666667 -4.182 M490 0.060318504 24.937857 0.9866769 0.9837773 21.927757 0.74304134 decam -11.32992 4.178572 137 object IBIS_wide_M490_425437 425437 0.055447 924.0 1948.0 0.15542226 0.9999803 -0.0010052203 0.10727842 0.0007984305 0.9999225 16194989097 389.93567
/home/declsp/obsbot/rawdata/DECam_01476740.fits.fz N4 1476740 383.3776 61150.03115594 1.14 158.7687471824223 -3.650103825501216 158.776275 -3.575 M490 0.052881405 24.90324 0.9557147 1.0050341 21.901905 0.8463853 decam -7.7133956 8.214566 167 object IBIS_wide_M490_425443 425443 0.051013 924.0 1948.0 0.031188222 1.0001307 -0.00094784115 -0.17550358 0.0011469955 0.9999778 16355489003 452.9587
/home/declsp/obsbot/rawdata/DECam_01476741.fits.fz N4 1476741 260.2684 61150.03598601 1.13 163.04573107701492 -4.869103814964093 163.05327083333333 -4.7940000000000005 M490 0.031358298 24.963177 1.0081263 0.92657363 21.929968 0.62803257 decam -12.356124 3.746767 151 object IBIS_wide_M490_425226 425226 0.030856 924.0 1948.0 0.19206716 1.0000498 -0.00069331226 -0.08727483 0.00054184214 1.0000361 16048562035 414.41864
/home/declsp/obsbot/rawdata/DECam_01476742.fits.fz N4 1476742 315.888 61150.0393617 1.13 159.65474975014368 -3.836103823895505 159.66227916666668 -3.761 M490 0.06377505 24.958803 1.0040736 0.92426705 21.910896 0.64113784 decam -2.999462 7.58398 135 object IBIS_wide_M490_428423 428423 0.058357 924.0 1948.0 0.07764151 1.0001276 -0.000947187 0.044788633 0.0008185631 0.99989635 16261737392 492.69904
/home/declsp/obsbot/rawdata/DECam_01476743.fits.fz N4 1476743 234.5685 61150.043334 1.13 161.21774861239962 -3.963103822798733 161.22527916666667 -3.888 M490 0.0472546 24.976973 1.021017 0.9051406 21.92717 0.5858668 decam -5.2434034 5.860397 122 object IBIS_wide_M490_428464 428464 0.046052 924.0 1948.0 0.25688136 1.000283 -0.00080201414 -0.07944549 0.0010282578 0.9999671 15974525523 400.37854
/home/declsp/obsbot/rawdata/DECam_01476744.fits.fz N4 1476744 228.6185 61150.04637954 1.13 162.5297404697741 -3.9421038229801115 162.53727083333334 -3.867 M490 0.03815067 24.991453 1.034725 0.8878563 21.910652 0.5573492 decam -6.523159 4.3879566 137 object IBIS_wide_M490_428214 428214 0.038884 924.0 1948.0 0.13690953 0.9996755 -0.000790188 -0.019089071 0.00061037956 0.9999146 15986087163 410.18896
/home/declsp/obsbot/rawdata/DECam_01476745.fits.fz N4 1476745 237.3585 61150.0493462 1.13 164.04874457298496 -3.9491038229196533 164.056275 -3.874 M490 0.032922026 24.935947 0.98315716 0.8898953 21.903225 0.62443644 decam -6.693737 -0.63886607 158 object IBIS_wide_M490_428215 428215 0.033751 924.0 1948.0 0.0640925 1.0001924 -0.00071185763 -0.07381666 0.0007290493 0.99994737 15972737788 380.11636
/home/declsp/obsbot/rawdata/DECam_01476746.fits.fz N4 1476746 255.6284 61150.0524115 1.13 165.47974459112677 -3.9471038229369264 165.48727499999998 -3.872 M490 0.04543001 24.993193 1.0363846 0.9321765 21.912302 0.61130536 decam -8.8812475 -0.31939146 134 object IBIS_wide_M490_428210 428210 0.043164 924.0 1948.0 0.29144484 0.9999338 -0.0006255247 -0.08777071 0.00092739327 0.9997195 16074756002 418.1681
/home/declsp/obsbot/rawdata/DECam_01476747.fits.fz N4 1476747 295.5881 61150.05569791 1.13 166.85674439105748 -3.969103822746909 166.86427500000002 -3.894 M490 0.062242415 24.989548 1.0329119 0.97659725 21.926256 0.6666762 decam -7.9671845 -7.668491 109 object IBIS_wide_M490_428219 428219 0.060608 924.0 1948.0 0.084239684 1.000153 -0.0005613752 0.029264588 0.00053512043 0.99990284 16086213080 443.3758
/home/declsp/obsbot/rawdata/DECam_01476748.fits.fz N4 1476748 273.8982 61150.05943496 1.13 168.26873985775632 -4.009103822401394 168.27627083333334 -3.934 M490 0.042785984 24.98374 1.0274001 0.95785826 21.902294 0.6627712 decam -7.0760617 -3.3951077 132 object IBIS_wide_M490_428198 428198 0.04832 924.0 1948.0 0.02150346 1.0000362 -0.0005991362 -0.061016697 0.00046619654 0.99998647 16172879625 413.26205
/home/declsp/obsbot/rawdata/DECam_01476749.fits.fz N4 1476749 316.358 61150.06293392 1.12 165.7777512567536 -3.6611038254062733 165.78527916666667 -3.586 M490 0.052158356 24.94471 0.98932624 1.0082815 21.863733 0.8174426 decam -4.897109 -1.080957 140 object IBIS_wide_M490_425235 425235 0.047113 924.0 1948.0 0.00058001885 1.000268 -0.00082722306 -0.06589252 0.0005973497 0.99989873 16232760402 387.00943
