logs/db-2024-11-27.ecsv
# %ECSV 1.0
# ---
# datatype:
# - {name: filename, datatype: string}
# - {name: extension, datatype: string}
# - {name: expnum, datatype: int64}
# - {name: exptime, datatype: float32}
# - {name: mjd_obs, datatype: float64}
# - {name: airmass, datatype: float32}
# - {name: racenter, datatype: float64}
# - {name: deccenter, datatype: float64}
# - {name: rabore, datatype: float64}
# - {name: decbore, datatype: float64}
# - {name: band, datatype: string}
# - {name: ebv, datatype: float32}
# - {name: zeropoint, datatype: float32}
# - {name: transparency, datatype: float32}
# - {name: seeing, datatype: float32}
# - {name: sky, datatype: float32}
# - {name: expfactor, datatype: float32}
# - {name: camera, datatype: string}
# - {name: dx, datatype: float32}
# - {name: dy, datatype: float32}
# - {name: nmatched, datatype: int64}
# - {name: obstype, datatype: string}
# - {name: object, datatype: string}
# - {name: tileid, datatype: int64}
# - {name: tileebv, datatype: float32}
# - {name: affine_x0, datatype: float32}
# - {name: affine_y0, datatype: float32}
# - {name: affine_dx, datatype: float32}
# - {name: affine_dxx, datatype: float32}
# - {name: affine_dxy, datatype: float32}
# - {name: affine_dy, datatype: float32}
# - {name: affine_dyx, datatype: float32}
# - {name: affine_dyy, datatype: float32}
# - {name: checksum, datatype: string}
# - {name: efftime, datatype: float32}
# schema: astropy-2.0
filename extension expnum exptime mjd_obs airmass racenter deccenter rabore decbore band ebv zeropoint transparency seeing sky expfactor camera dx dy nmatched obstype object tileid tileebv affine_x0 affine_y0 affine_dx affine_dxx affine_dxy affine_dy affine_dyx affine_dyy checksum efftime
[from data line 48]
rawdata/DECam_01343647.fits.fz N4 1343647 482.0 60642.24914366 1.2 53.54051384599396 -14.541103729169475 53.548275000000004 -14.466 M411 0.07104866 24.381462 0.9506591 1.1145346 22.162043 1.5600561 decam -1.011656 -7.4273815 53 object IBIS_wide_M411_107059 107059 0.0644 924.0 1948.0 0.09453951 0.99967176 -0.0021018833 0.09510994 0.0023327654 0.9999361 15958562784 308.96326
rawdata/DECam_01343648.fits.fz N4 1343648 500.0 60642.25509506 1.23 53.144497362580864 -15.002103724931139 53.152275 -14.927 M411 0.071563 24.41703 0.9913977 1.0725876 22.147882 1.3767859 decam -7.4395423 -8.178962 57 object IBIS_wide_M411_109738 109738 0.077409 924.0 1948.0 0.24142249 0.99939615 -0.0017968006 -0.007235367 0.0020428505 1.0000925 15981105890 363.16467
rawdata/DECam_01343649.fits.fz N4 1343649 447.0 60642.26127113 1.26 54.08153706891506 -13.610103737675734 54.08926666666667 -13.535 M411 0.046246115 24.3572 0.94691724 0.99533015 22.150702 1.080972 decam -8.901752 -17.864704 50 object IBIS_wide_M411_107146 107146 0.050663 924.0 1948.0 0.026420824 1.000193 -0.0021350912 -0.3933563 0.002155674 1.000066 15996150323 413.51675
rawdata/DECam_01343650.fits.fz N4 1343650 407.0 60642.26682419 1.29 54.4355660120042 -12.69010374601597 54.443266666666666 -12.615 M411 0.06091182 24.330975 0.9328636 1.025452 22.145462 1.358707 decam -12.641502 -19.202572 76 object IBIS_wide_M411_110135 110135 0.058991 924.0 1948.0 0.44057792 1.0003452 -0.0019866538 -0.6271763 0.0021544602 1.0001523 15845475762 299.5495
rawdata/DECam_01343652.fits.fz N4 1343652 490.0 60642.27679742 1.35 54.96760100967038 -11.623103755613888 54.97527083333333 -11.548 M411 0.06257371 24.316238 0.9373801 1.0630294 21.467371 2.8382535 decam -9.34437 -31.725376 74 object IBIS_wide_M411_107163 107163 0.071603 924.0 1948.0 0.86700237 1.000515 -0.0015759413 0.26600415 0.0022081125 0.9998968 16589155414 172.64137
rawdata/DECam_01343653.fits.fz N4 1343653 60.0 60642.28491932 1.29 130.85272764478097 -5.16610381239138 130.86027083333335 -5.091 g 0.021161413 26.667608 1.1034765 1.104143 21.631615 1.1590585 decam -36.98873 -28.790636 234 object Wide 0 0.0 924.0 1948.0 -0.06605824 1.000348 -0.0016543255 -0.1732307 0.0015581069 1.0003084 16315907835 51.766155
rawdata/DECam_01343654.fits.fz N4 1343654 500.0 60642.28703435 1.28 130.85272764478097 -5.16610381239138 130.86027083333335 -5.091 M411 0.021161413 24.351955 0.9481516 1.1200804 22.079313 1.2097288 decam 10.58594 6.4237266 200 object IBIS_wide_M411_122194 122194 0.021636 924.0 1948.0 0.063995816 1.0003383 -0.0017273584 -0.28957796 0.0017554677 1.0002823 16114774604 413.31577
rawdata/DECam_01343655.fits.fz N4 1343655 60.0 60642.29372805 1.71 148.68442672696148 1.4458961306481382 148.69194166666668 1.521 g 0.02613424 26.573433 1.0805708 1.326797 21.403252 2.5284815 decam 22.418463 34.700214 109 object COSMOS 0 0.0 924.0 1948.0 -0.20713876 1.0001692 -0.0010908127 -0.21926767 0.0010332142 1.0005034 16423498103 23.729658
rawdata/DECam_01343656.fits.fz N4 1343656 500.0 60642.29583603 1.69 148.6857600602948 1.4458961306481382 148.693275 1.521 M411 0.026158934 24.226952 0.9582723 1.2233655 21.888744 2.2519917 decam 5.4711885 12.401231 86 object IBIS_deep_cosmos_M411_64 0 0.0 924.0 1948.0 0.2050788 1.0001028 -0.0011539384 -0.269624 0.0017866828 1.0005382 16156533044 222.02568
rawdata/DECam_01343657.fits.fz N4 1343657 500.0 60642.30202528 1.66 149.31376090609155 2.233896123867351 149.32127916666667 2.309 M411 0.021011224 24.240667 0.96156543 1.1680309 21.883965 1.9305522 decam -2.3956366 12.402815 84 object IBIS_deep_cosmos_M411_4 0 0.0 924.0 1948.0 -0.12692885 1.0007128 -0.0015382643 -0.08282899 0.00082780333 1.0003064 16159992898 258.99326
rawdata/DECam_01343658.fits.fz N4 1343658 468.0 60642.30822095 1.61 149.4997595261277 2.488896121671626 149.50727916666665 2.564 M517 0.020213213 24.719492 1.0525736 1.0719151 21.048315 2.2838483 decam -3.9068787 -0.97034556 114 object IBIS_deep_cosmos_M517_3 0 0.0 924.0 1948.0 0.14974315 1.0002929 -0.0011568165 -0.1218718 0.00095856114 1.0002003 17549122290 204.91728
rawdata/DECam_01343659.fits.fz N4 1343659 496.0 60642.31404604 1.54 149.2467582114563 1.9248961265270395 149.25427499999998 2.0 M411 0.022061344 24.274319 0.95599437 1.1174878 21.870848 1.6953812 decam 2.085495 -0.6884537 94 object IBIS_deep_cosmos_M411_5 0 0.0 924.0 1948.0 -0.45448655 1.0002785 -0.0011815467 -0.062431183 0.0007378515 1.0004297 16188360018 292.55957
rawdata/DECam_01343660.fits.fz N4 1343660 441.0 60642.32019804 1.49 149.29775947545477 1.6128961292115729 149.305275 1.6880000000000002 M411 0.020448064 24.31324 0.9758076 1.1222696 21.85591 1.5931684 decam 5.813739 -4.2872295 78 object IBIS_deep_cosmos_M411_6 0 0.0 924.0 1948.0 0.30263248 1.0003415 -0.0012644148 -0.12011731 0.00071632746 1.0003521 16151609272 276.80692
rawdata/DECam_01343661.fits.fz N4 1343661 429.0 60642.32571206 1.45 149.45276874087074 1.3368961315856607 149.46028333333334 1.412 M411 0.017505977 24.3107 0.9616561 1.1542811 21.831755 1.6913224 decam 18.136772 -7.0415606 62 object IBIS_deep_cosmos_M411_7 0 0.0 924.0 1948.0 0.22633128 0.99974155 -0.00076921267 -0.41497937 0.00025542564 1.0003697 16056032900 253.64767
rawdata/DECam_01343662.fits.fz N4 1343662 436.0 60642.33107258 1.41 149.6877610075145 1.1238961334174677 149.695275 1.199 M411 0.025978917 24.31174 0.95084226 1.1118165 21.793226 1.7355264 decam 10.341819 -16.060234 84 object IBIS_deep_cosmos_M411_8 0 0.0 924.0 1948.0 0.20575194 1.0003974 -0.001398391 -0.18464488 0.0012341125 1.0002501 16107348844 251.2206
rawdata/DECam_01343663.fits.fz N4 1343663 414.0 60642.33652242 1.38 149.97576132943973 0.9908961345611326 149.983275 1.066 M517 0.023141902 24.73906 1.0329322 1.0153493 20.979431 2.1455057 decam 14.085198 -24.102097 113 object IBIS_deep_cosmos_M517_9 0 0.0 924.0 1948.0 -0.26120317 1.000374 -0.0011496932 -0.04156578 0.0008995687 1.0003581 17386088541 192.9615
rawdata/DECam_01343664.fits.fz N4 1343664 410.0 60642.34173115 1.36 150.60376550516082 0.9868961345955268 150.61127916666666 1.062 M517 0.024570351 24.745996 1.036226 1.0800006 20.796988 2.859744 decam 17.9189 -18.572887 136 object IBIS_deep_cosmos_M517_11 0 0.0 924.0 1948.0 0.3587233 0.9999602 -0.0011047877 -0.13801667 0.0007797048 1.0003295 17689402606 143.36948
