logs/db-2026-03-15.ecsv
# %ECSV 1.0
# ---
# datatype:
# - {name: filename, datatype: string}
# - {name: extension, datatype: string}
# - {name: expnum, datatype: int64}
# - {name: exptime, datatype: float32}
# - {name: mjd_obs, datatype: float64}
# - {name: airmass, datatype: float32}
# - {name: racenter, datatype: float64}
# - {name: deccenter, datatype: float64}
# - {name: rabore, datatype: float64}
# - {name: decbore, datatype: float64}
# - {name: band, datatype: string}
# - {name: ebv, datatype: float32}
# - {name: zeropoint, datatype: float32}
# - {name: transparency, datatype: float32}
# - {name: seeing, datatype: float32}
# - {name: sky, datatype: float32}
# - {name: expfactor, datatype: float32}
# - {name: camera, datatype: string}
# - {name: dx, datatype: float32}
# - {name: dy, datatype: float32}
# - {name: nmatched, datatype: int64}
# - {name: obstype, datatype: string}
# - {name: object, datatype: string}
# - {name: tileid, datatype: int64}
# - {name: tileebv, datatype: float32}
# - {name: affine_x0, datatype: float32}
# - {name: affine_y0, datatype: float32}
# - {name: affine_dx, datatype: float32}
# - {name: affine_dxx, datatype: float32}
# - {name: affine_dxy, datatype: float32}
# - {name: affine_dy, datatype: float32}
# - {name: affine_dyx, datatype: float32}
# - {name: affine_dyy, datatype: float32}
# - {name: checksum, datatype: string}
# - {name: efftime, datatype: float32}
# schema: astropy-2.0
filename extension expnum exptime mjd_obs airmass racenter deccenter rabore decbore band ebv zeropoint transparency seeing sky expfactor camera dx dy nmatched obstype object tileid tileebv affine_x0 affine_y0 affine_dx affine_dxx affine_dxy affine_dy affine_dyx affine_dyy checksum efftime
/home/declsp/obsbot/rawdata/DECam_01463588.fits.fz N4 1463588 35.0 61115.20143776 1.1 180.01471793610804 -6.222103803223428 180.022275 -6.147 M517 0.02163278 25.00971 0.99734277 1.3653132 21.633818 2.0602543 decam 20.607653 27.33047 96 object "pointing test" 0 0.0 924.0 1948.0 -0.04269122 1.0003457 -0.00015113455 0.17207849 0.00020100482 1.0002184 15490408039 16.988194
/home/declsp/obsbot/rawdata/DECam_01463589.fits.fz N4 1463589 403.9075 61115.20620481 1.17 195.46874583518996 -4.257103820258437 195.47627916666667 -4.182 M517 0.02786791 25.010408 1.0092425 1.2303553 21.60351 1.7870336 decam -25.889143 7.4039707 146 object IBIS_wide_M517_531429 531429 0.029476 924.0 1948.0 -0.26632008 1.0000924 0.00069069274 -0.08391977 -0.000714573 1.0000877 16931041573 226.02122
/home/declsp/obsbot/rawdata/DECam_01463590.fits.fz N4 1463590 304.3983 61115.211227 1.15 192.98874018789408 -3.9731038227123596 192.99627083333334 -3.898 M517 0.023643296 25.014736 1.0100312 1.0692762 21.61704 1.2886925 decam -23.336868 -8.445476 158 object IBIS_wide_M517_534419 534419 0.023096 924.0 1948.0 -0.19445556 1.0001345 0.0004742039 0.045587733 -0.00050274725 1.0000266 16410813726 236.20708
/home/declsp/obsbot/rawdata/DECam_01463591.fits.fz N4 1463591 318.9982 61115.2150604 1.15 194.39774813577475 -4.015103822349564 194.40527916666665 -3.94 M517 0.02143784 25.04861 1.0420403 1.0470221 21.614204 1.1480849 decam -26.474781 -6.327967 187 object IBIS_wide_M517_534420 534420 0.021871 924.0 1948.0 -0.28169352 1.0000832 0.00056042575 -0.005470367 -0.00044896157 1.0001 16478700791 277.85245
/home/declsp/obsbot/rawdata/DECam_01463592.fits.fz N4 1463592 314.6682 61115.21909874 1.14 197.17972951936127 -5.006103813777643 197.18727083333332 -4.931 M517 0.044228792 25.009123 1.0032126 1.0719316 21.62048 1.4834025 decam -31.78016 -10.367767 171 object IBIS_wide_M517_534162 534162 0.033418 924.0 1948.0 0.01689772 1.0002053 0.00066673494 0.08125816 -0.0006014004 1.0001124 16513121446 212.12598
/home/declsp/obsbot/rawdata/DECam_01463593.fits.fz N4 1463593 328.6383 61115.22306227 1.15 197.2177486123996 -3.963103822798733 197.22527916666667 -3.888 M517 0.025917087 25.01814 1.0132031 1.0300462 21.632286 1.1887854 decam -25.342293 -12.116079 168 object IBIS_wide_M517_534456 534456 0.028705 924.0 1948.0 -0.22779389 1.0002742 0.0008192435 0.15536943 -0.00061602757 1.0002382 16523442742 276.4488
/home/declsp/obsbot/rawdata/DECam_01463594.fits.fz N4 1463594 415.8379 61115.22718693 1.14 195.65474975014362 -3.836103823895505 195.66227916666665 -3.761 M517 0.02773336 25.01594 1.0095322 1.0750163 21.631367 1.3158054 decam -22.836145 -19.024908 177 object IBIS_wide_M517_534415 534415 0.028648 924.0 1948.0 0.020715646 1.0001047 0.00063220283 0.044355094 -0.0006005542 1.000062 16824867985 316.03296
/home/declsp/obsbot/rawdata/DECam_01463595.fits.fz N4 1463595 388.4279 61115.23230999 1.13 198.01274277359394 -4.559103817646996 198.02027916666668 -4.484 M517 0.03194717 25.011555 1.0038526 1.1277238 21.649662 1.4733374 decam -25.905294 -23.381458 192 object IBIS_wide_M517_534205 534205 0.032649 924.0 1948.0 -0.35980546 1.0005592 0.0007696243 0.13828173 -0.0004903171 1.0001379 16671160076 263.63812
/home/declsp/obsbot/rawdata/DECam_01463596.fits.fz N4 1463596 322.4382 61115.23713016 1.11 198.02372476588724 -5.727103807525109 198.031275 -5.652 M517 0.03526221 25.015629 1.0044012 1.1367512 21.647755 1.5195391 decam -23.423134 -18.859322 176 object IBIS_wide_M517_534160 534160 0.038591 924.0 1948.0 -0.008268479 1.0002041 0.0007924741 0.12857336 -0.0005701586 1.0000395 16549590698 212.19473
/home/declsp/obsbot/rawdata/DECam_01463597.fits.fz N4 1463597 394.1479 61115.24118086 1.12 198.28373756053776 -4.2511038203103 198.29127083333333 -4.176 M517 0.032691795 25.014223 1.0047108 1.199693 21.647572 1.6697803 decam -25.193388 -13.260286 160 object IBIS_wide_M517_531220 531220 0.031968 924.0 1948.0 -0.088469535 1.0002546 0.0007441611 0.14714827 -0.00068150676 0.999993 16768125931 236.04776
/home/declsp/obsbot/rawdata/DECam_01463598.fits.fz N4 1463598 355.178 61115.24605074 1.12 198.52974046977403 -3.942103822980111 198.5372708333333 -3.867 M517 0.032956596 25.01211 1.0027571 1.179497 21.651165 1.617747 decam -24.965656 -13.2247095 155 object IBIS_wide_M517_534206 534206 0.031845 924.0 1948.0 -0.15531845 1.0001619 0.0007366032 0.08285104 -0.0007197125 1.0001165 16591945415 219.55103
/home/declsp/obsbot/rawdata/DECam_01463599.fits.fz N4 1463599 422.1778 61115.25047935 1.12 200.04874457298493 -3.9491038229196533 200.056275 -3.874 M517 0.037341204 25.016735 1.0070376 1.1678202 21.656998 1.6074829 decam -28.170803 -12.783423 159 object IBIS_wide_M517_534207 534207 0.037054 924.0 1948.0 -0.2308033 1.0003201 0.00076489884 0.29818422 -0.000788766 1.000173 16742680374 262.63284
/home/declsp/obsbot/rawdata/DECam_01463600.fits.fz N4 1463600 369.8482 61115.25568383 1.12 198.98175129036238 -3.657103825440798 198.98927916666665 -3.582 M517 0.037437145 25.014185 1.0046766 1.2216929 21.645359 1.7873261 decam -21.984705 -12.652148 181 object IBIS_wide_M517_531223 531223 0.034313 924.0 1948.0 -0.098619185 1.0002208 0.0006867251 0.14648347 -0.00076871744 1.0000879 16606180995 206.92822
/home/declsp/obsbot/rawdata/DECam_01463601.fits.fz N4 1463601 504.8674 61115.26028218 1.11 201.07274586454093 -4.254103820284368 201.08027916666666 -4.179 M517 0.054777544 25.020226 1.0086637 1.3625906 21.610943 2.528381 decam -21.948727 -9.249798 143 object IBIS_wide_M517_531216 531216 0.038779 924.0 1948.0 -0.16353562 1.0001104 0.0007395648 0.025105732 -0.00062819844 1.0001643 18907533011 199.6801
/home/declsp/obsbot/rawdata/DECam_01463602.fits.fz N4 1463602 558.1272 61115.26645399 1.12 201.47974459112677 -3.9471038229369264 201.487275 -3.872 M517 0.047299474 25.01348 1.0040224 1.3913442 21.645744 2.4668806 decam -25.499031 -5.988627 169 object IBIS_wide_M517_534202 534202 0.038566 924.0 1948.0 -0.12049789 1.0001576 0.00072894426 0.0266638 -0.000796721 0.9999614 17224283937 226.24817
/home/declsp/obsbot/rawdata/DECam_01463603.fits.fz N4 1463603 448.5177 61115.27322427 1.12 201.77775125675353 -3.6611038254062738 201.78527916666667 -3.586 M517 0.049182367 25.027576 1.0171441 1.2564151 21.646029 1.9833032 decam -21.642794 -0.33659542 162 object IBIS_wide_M517_531227 531227 0.038572 924.0 1948.0 -0.010472837 1.0000719 0.00064053375 -0.04946873 -0.00048754286 1.0000123 16875601972 226.14682
/home/declsp/obsbot/rawdata/DECam_01463604.fits.fz N4 1463604 388.398 61115.2787647 1.11 204.26873985775626 -4.009103822401394 204.2762708333333 -3.934 M517 0.032239247 25.026579 1.0145826 1.1834352 21.663473 1.560832 decam -22.433308 -0.67098475 186 object IBIS_wide_M517_534190 534190 0.032939 924.0 1948.0 -0.26756832 1.0002066 0.00091395114 0.05888469 -0.00086448464 1.0001156 16641866629 248.84036
/home/declsp/obsbot/rawdata/DECam_01463605.fits.fz N4 1463605 378.178 61115.28357052 1.11 205.57974040631828 -3.9491038229196533 205.58727083333332 -3.874 M517 0.035827104 25.023504 1.011714 1.2104012 21.660723 1.6833892 decam -28.229647 2.663324 202 object IBIS_wide_M517_534191 534191 0.03589 924.0 1948.0 -0.15748185 1.000229 0.0009061731 0.002431289 -0.00063764886 1.0000592 16656174431 224.65276
/home/declsp/obsbot/rawdata/DECam_01463606.fits.fz N4 1463606 390.7178 61115.28827391 1.11 207.04874831065231 -3.996103822513689 207.05627916666666 -3.921 M517 0.038125116 25.025831 1.0138853 1.1427693 21.652853 1.5270488 decam -33.254673 -0.96433264 191 object IBIS_wide_M517_534186 534186 0.034855 924.0 1948.0 -0.23662768 1.0002384 0.0009090559 -0.03131622 -0.0007639926 0.99991035 16878665629 255.86464
/home/declsp/obsbot/rawdata/DECam_01463607.fits.fz N4 1463607 600.8167 61115.2931269 1.12 207.44475220011378 -3.5471038263901113 207.45227916666667 -3.472 M517 0.04526136 25.014341 1.0048198 1.3312982 21.64041 2.2376761 decam -34.664124 4.0611286 172 object IBIS_wide_M517_531295 531295 0.041245 924.0 1948.0 -0.07078978 1.0000699 0.00092628127 -0.11101171 -0.00071459 1.0000954 17516180534 268.5003
/home/declsp/obsbot/rawdata/DECam_01463608.fits.fz N4 1463608 440.2477 61115.30040362 1.11 209.4767371183931 -4.296103819921318 209.48427083333334 -4.221 M517 0.038348567 25.015942 1.0046904 1.3135287 21.643959 2.0734284 decam -32.833054 9.048705 181 object IBIS_wide_M517_531270 531270 0.034261 924.0 1948.0 -0.22803687 1.0001402 0.0011338441 0.20271291 -0.0010660941 1.0000745 16827195453 212.32838
/home/declsp/obsbot/rawdata/DECam_01463609.fits.fz N4 1463609 433.0477 61115.30581821 1.11 210.67773859643756 -4.560103817638346 210.68527500000002 -4.485 M517 0.027432827 25.02536 1.013444 1.2189397 21.642004 1.6425225 decam -35.02526 5.9658146 182 object IBIS_wide_M517_534254 534254 0.03145 924.0 1948.0 -0.37076434 1.0001389 0.0009638804 0.09770943 -0.00085783505 1.0000404 16816404599 263.64795
/home/declsp/obsbot/rawdata/DECam_01463610.fits.fz N4 1463610 356.0681 61115.31114637 1.09 212.80171575259135 -6.3721038019183185 212.80927499999999 -6.297 M517 0.034753278 25.032541 1.0169057 1.1037308 21.633352 1.402839 decam -30.47488 7.6925364 209 object IBIS_wide_M517_534237 534237 0.031792 924.0 1948.0 -0.3804941 1.0001731 0.0011435796 0.21669038 -0.0011548784 1.0002124 16595509796 253.81967
/home/declsp/obsbot/rawdata/DECam_01463611.fits.fz N4 1463611 402.5779 61115.31559648 1.11 214.65374011195937 -4.806103815509522 214.66127916666667 -4.731 M517 0.048752777 25.02489 1.013006 1.1527909 21.653564 1.6623509 decam -25.731188 11.848368 205 object IBIS_wide_M517_531257 531257 0.044534 924.0 1948.0 -0.4037771 1.0003082 0.0011373736 0.25291362 -0.0012449482 1.000157 16727413185 242.17384
/home/declsp/obsbot/rawdata/DECam_01463612.fits.fz N4 1463612 358.648 61115.3205793 1.1 215.2847262726732 -5.280103811403238 215.29227083333333 -5.205 M517 0.048049267 25.030142 1.0162878 1.1563079 21.626566 1.6906471 decam -37.114635 13.340005 235 object IBIS_wide_M517_534242 534242 0.046369 924.0 1948.0 -0.009681148 1.0000585 0.0011942831 0.0189148 -0.0010874253 0.9999823 17475352892 212.13652
/home/declsp/obsbot/rawdata/DECam_01463613.fits.fz N4 1463613 423.2778 61115.32506005 1.1 216.5747163615302 -6.039103804814658 216.58227083333335 -5.964 M517 0.046442285 25.034212 1.0201049 1.1850564 21.645363 1.7147866 decam -25.362522 16.762144 231 object IBIS_wide_M517_536949 536949 0.047986 924.0 1948.0 -0.11459896 1.0001159 0.0013235845 0.047249414 -0.0014601286 1.0000913 16881726645 246.83992
/home/declsp/obsbot/rawdata/DECam_01463614.fits.fz N4 1463614 540.1271 61115.33029587 1.1 219.15573191847892 -5.157103812469373 219.163275 -5.082 M517 0.07561465 25.03301 1.018976 1.2952993 21.631926 2.4935722 decam -29.087133 14.373457 240 object IBIS_wide_M517_539940 539940 0.073448 924.0 1948.0 0.16297849 0.9999969 0.0014212675 0.19290526 -0.0013173836 1.0000185 17787388321 216.60776
/home/declsp/obsbot/rawdata/DECam_01463615.fits.fz N4 1463615 546.6472 61115.33686818 1.11 218.80273436215447 -5.300103811229842 218.81027916666667 -5.225 M517 0.068429984 25.030563 1.018313 1.2997578 21.616167 2.4466486 decam -25.07312 12.576392 223 object IBIS_wide_M517_536954 536954 0.071112 924.0 1948.0 -0.3339525 1.0004267 0.001343884 0.09380606 -0.0012968394 1.0001037 18281524290 223.42694
/home/declsp/obsbot/rawdata/DECam_01463616.fits.fz N4 1463616 492.6874 61115.34356506 1.1 222.29472424729008 -6.071103804536489 222.30227916666666 -5.996 M517 0.058573946 25.049257 1.0343391 1.2300574 21.620575 1.9829756 decam -30.483957 9.068554 243 object IBIS_wide_M517_536938 536938 0.068474 924.0 1948.0 -0.37654042 1.0000806 0.0015315366 0.16732438 -0.0013986003 1.0000911 17068335085 248.45863
/home/declsp/obsbot/rawdata/DECam_01463617.fits.fz N4 1463617 355.2181 61115.34960724 1.11 219.52872437341364 -6.062103804614728 219.53627916666667 -5.987 M517 0.06571594 25.039251 1.0264949 1.0453141 21.601444 1.5533464 decam -32.919243 3.8778977 236 object IBIS_wide_M517_536952 536952 0.065744 924.0 1948.0 -0.11075116 1.0002192 0.0013463083 0.060614455 -0.0013139505 1.0001286 16711138712 228.67926
/home/declsp/obsbot/rawdata/DECam_01463618.fits.fz N4 1463618 478.9775 61115.35406111 1.12 221.28573876399406 -4.5441038177767545 221.293275 -4.469 M517 0.08115929 25.036577 1.0256107 1.0696626 21.600819 1.8009809 decam -34.552532 13.671269 249 object IBIS_wide_M517_539942 539942 0.081149 924.0 1948.0 -0.29853624 1.0002561 0.0014182376 0.11272974 -0.0013485394 1.0001018 17074151538 265.95367
/home/declsp/obsbot/rawdata/DECam_01463619.fits.fz N4 1463619 405.5378 61115.3599255 1.12 221.99872758523736 -5.171103812348045 222.00627083333333 -5.096 M517 0.06698641 25.029634 1.0190734 1.083932 21.588917 1.7332504 decam -37.063076 13.974148 271 object IBIS_wide_M517_539926 539926 0.068408 924.0 1948.0 -0.1091677 1.0005395 0.0013479111 0.12713866 -0.0014863141 1.0001651 16898234380 233.97533
/home/declsp/obsbot/rawdata/DECam_01463620.fits.fz N4 1463620 511.4273 61115.36492549 1.13 224.44174172720443 -4.251103820310301 224.449275 -4.176 M517 0.10213074 25.036243 1.0269403 1.0829268 21.527206 2.2531643 decam -41.86817 14.959741 242 object IBIS_wide_M517_537442 537442 0.1044 924.0 1948.0 -0.4197276 1.0001403 0.001420683 -0.0400892 -0.0015041978 1.0001352 17385051621 226.98181
/home/declsp/obsbot/rawdata/DECam_01463621.fits.fz N4 1463621 569.687 61115.37114388 1.14 224.0767535898348 -3.37210382789992 224.08427916666665 -3.297 M517 0.123775415 25.043077 1.0350819 1.1051112 21.573925 2.540584 decam -41.34654 16.606663 231 object IBIS_wide_M517_540430 540430 0.115 924.0 1948.0 -0.5620585 1.0001763 0.0015284617 0.15325011 -0.0013006394 1.0001028 17407284808 224.23466
/home/declsp/obsbot/rawdata/DECam_01463622.fits.fz N4 1463622 577.397 61115.37805603 1.16 224.79675779919486 -2.775103833046608 224.80427916666665 -2.7 M517 0.11860743 25.030762 1.0266927 1.1562939 21.562923 2.7823644 decam -43.44757 17.255087 224 object IBIS_wide_M517_540431 540431 0.1096 924.0 1948.0 -0.14266293 1.0002615 0.0013673131 0.123989195 -0.0015107747 1.0000045 17491820767 207.52026
/home/declsp/obsbot/rawdata/DECam_01463623.fits.fz N4 1463623 658.3566 61115.38506582 1.18 225.15875617209736 -2.3421038367761486 225.16627499999998 -2.267 M517 0.087609746 25.026485 1.0259405 1.2696248 21.554905 2.805608 decam -39.348988 16.836733 238 object IBIS_wide_M517_537456 537456 0.08005 924.0 1948.0 -0.09345257 0.9999873 0.0014729253 0.19325396 -0.0014240938 1.0000932 18065879838 234.65738
/home/declsp/obsbot/rawdata/DECam_01463624.fits.fz N4 1463624 150.0 61115.39375482 1.41 242.68062265559902 14.762846013292627 242.68839166666663 14.83795 M517 0.036494657 24.97778 1.0177655 1.2659369 21.522356 2.2846699 decam -35.352768 3.0606577 230 object "Pal14 position 7" 0 0.0 924.0 1948.0 -0.45504087 1.0003533 0.002110009 0.2100113 -0.0021694019 1.0001355 15964816399 65.655
/home/declsp/obsbot/rawdata/DECam_01463625.fits.fz N4 1463625 150.0 61115.39581342 1.42 242.88536656762727 14.932144067290611 242.89314166666668 15.007248055555555 M517 0.035395764 24.973885 1.0157485 1.2773626 21.472746 2.4355319 decam -36.068527 12.727709 327 object "Pal14 position 8" 0 0.0 924.0 1948.0 0.73732674 1.0001667 0.0020542126 -0.09837347 -0.002094518 1.0001408 15994773518 61.588192
/home/declsp/obsbot/rawdata/DECam_01463626.fits.fz N4 1463626 150.0 61115.39787234 1.42 242.59847457888375 14.941041011653132 242.60625 15.016145 M517 0.033571757 24.979137 1.0206742 1.1292148 21.355944 2.0762339 decam -37.920547 13.15699 331 object "Pal14 position 9" 0 0.0 924.0 1948.0 -1.2679006 1.000439 0.0020256978 -0.2345444 -0.0021000826 0.99996394 16101610197 72.24619
/home/declsp/obsbot/rawdata/DECam_01463627.fits.fz N4 1463627 150.0 61115.39994618 1.41 242.81575692934746 14.736501013534783 242.823525 14.811605 M517 0.035430316 24.974901 1.0150708 1.2302613 21.185482 2.938998 decam -37.235588 18.694658 276 object "Pal14 position 10" 0 0.0 924.0 1948.0 -0.16274072 1.0004627 0.0020452887 0.11214651 -0.0022067127 1.000091 16123165273 51.037804
