logs/db-2024-06-29.ecsv
# %ECSV 1.0
# ---
# datatype:
# - {name: filename, datatype: string}
# - {name: extension, datatype: string}
# - {name: expnum, datatype: int64}
# - {name: exptime, datatype: float32}
# - {name: mjd_obs, datatype: float64}
# - {name: airmass, datatype: float32}
# - {name: racenter, datatype: float64}
# - {name: deccenter, datatype: float64}
# - {name: rabore, datatype: float64}
# - {name: decbore, datatype: float64}
# - {name: band, datatype: string}
# - {name: ebv, datatype: float32}
# - {name: zeropoint, datatype: float32}
# - {name: transparency, datatype: float32}
# - {name: seeing, datatype: float32}
# - {name: sky, datatype: float32}
# - {name: expfactor, datatype: float32}
# - {name: camera, datatype: string}
# - {name: dx, datatype: float32}
# - {name: dy, datatype: float32}
# - {name: nmatched, datatype: int64}
# - {name: obstype, datatype: string}
# - {name: object, datatype: string}
# - {name: tileid, datatype: int64}
# - {name: tileebv, datatype: float32}
# - {name: affine_x0, datatype: float32}
# - {name: affine_y0, datatype: float32}
# - {name: affine_dx, datatype: float32}
# - {name: affine_dxx, datatype: float32}
# - {name: affine_dxy, datatype: float32}
# - {name: affine_dy, datatype: float32}
# - {name: affine_dyx, datatype: float32}
# - {name: affine_dyy, datatype: float32}
# - {name: checksum, datatype: string}
# - {name: efftime, datatype: float32}
# schema: astropy-2.0
filename extension expnum exptime mjd_obs airmass racenter deccenter rabore decbore band ebv zeropoint transparency seeing sky expfactor camera dx dy nmatched obstype object tileid tileebv affine_x0 affine_y0 affine_dx affine_dxx affine_dxy affine_dy affine_dyx affine_dyy checksum efftime
rawdata/DECam_01307124.fits.fz N4 1307124 5.0 60490.94518287 1.0 186.31799699406068 -27.82426970808957 186.32649166666667 -27.749166111111112 r 0.057071 26.879122 1.0579097 1.7899892 16.86323 79.09189 decam -46.832382 -4.3707113 88 object pointing 0 0.0 924.0 1948.0 -0.09648869 0.9998047 0.00023666568 0.068939604 0.0001525779 0.99995816 22326023986 0.06321761
rawdata/DECam_01307125.fits.fz N4 1307125 10.0 60490.94677951 1.0 186.31799699406068 -27.82426970808957 186.32649166666667 -27.749166111111112 r 0.057071 26.896093 1.074577 1.0234638 17.299368 23.637285 decam 9.303313 -10.183959 141 object pointing 0 0.0 924.0 1948.0 -0.08537977 0.99970794 0.00013798577 0.09552308 -5.0855065e-06 0.9997249 24679381428 0.42306042
rawdata/DECam_01307126.fits.fz N4 1307126 10.0 60490.94788053 1.0 186.31799699406068 -27.82426970808957 186.32649166666667 -27.749166111111112 r 0.057071 26.888416 1.067005 0.97009695 17.616142 16.873508 decam 7.0917954 4.700397 156 object pointing 0 0.0 924.0 1948.0 -0.09486721 0.9997566 5.4196185e-05 0.024516206 -9.961209e-05 0.99974984 22333928341 0.592645
rawdata/DECam_01307127.fits.fz N4 1307127 30.0 60490.94840629 1.0 186.31799699406068 -27.82426970808957 186.32649166666667 -27.749166111111112 r 0.057071 26.890293 1.0688508 0.8699991 17.799942 12.690806 decam 4.3646617 16.476116 195 object pointing 0 0.0 924.0 1948.0 -0.095684566 0.99983716 0.00017287926 0.01661282 1.20500035e-05 0.9998196 32992397647 2.363916
rawdata/DECam_01307128.fits.fz N4 1307128 45.0 60490.962542 1.59 151.52476486599534 1.2378961324371 151.53227916666665 1.313 g 0.031027596 26.630535 1.1177236 1.1388948 20.517204 4.1745005 decam 57.439373 30.74681 90 object COSMOS 0 0.0 924.0 1948.0 0.063010946 1.000162 -0.0013317232 0.0053293537 0.0013898481 1.000185 17229158702 10.779733
rawdata/DECam_01307129.fits.fz N4 1307129 45.0 60490.96343698 1.6 151.3047612882414 1.0088961344063565 151.312275 1.084 g 0.031784024 26.619534 1.1081876 1.1478348 20.61343 3.9544277 decam 48.160683 35.37409 98 object COSMOS 0 0.0 924.0 1948.0 0.3600672 1.0000327 -0.001361111 -0.025226995 0.0014224525 0.99998856 17030619535 11.379649
rawdata/DECam_01307130.fits.fz N4 1307130 500.0 60490.96430746 1.61 151.6967681943119 1.5048961301406345 151.70428333333334 1.58 M464 0.034417734 24.777168 0.96424526 1.0411519 20.949663 3.7152603 decam 46.3737 29.97033 79 object IBIS_deep_cosmos_M464_91 0 0.0 924.0 1948.0 -0.35981035 1.0002236 -0.0016489367 -0.2881908 0.0016787944 0.9999335 18337167740 134.58008
rawdata/DECam_01307131.fits.fz N4 1307131 500.0 60490.97153868 1.68 151.0447658391844 0.8258961359798389 151.05227916666666 0.901 M464 0.026774086 24.670696 0.8872342 1.1667571 21.16339 4.071912 decam -10.306848 1.1646351 86 object IBIS_deep_cosmos_M464_88 0 0.0 924.0 1948.0 0.21332614 1.0001866 -0.0016825731 -0.11455535 0.0020725064 1.000141 17830591377 122.79244
rawdata/DECam_01307132.fits.fz N4 1307132 500.0 60490.97768709 1.76 151.81676708213143 1.7988961276112874 151.82428333333334 1.874 M464 0.03761686 24.666086 0.898576 1.2063044 21.160202 4.5828724 decam -9.641854 4.050975 101 object IBIS_deep_cosmos_M464_92 0 0.0 924.0 1948.0 -0.068901345 0.9996363 -0.0013044908 0.05957964 0.0020748798 1.0002362 17834260732 109.10188
rawdata/DECam_01307133.fits.fz N4 1307133 500.0 60490.98382762 1.84 150.75376605919445 0.699896137063134 150.76127916666667 0.775 M464 0.025444476 24.654512 0.90424216 1.2036176 21.20145 4.181669 decam -10.033971 -1.1997149 130 object IBIS_deep_cosmos_M464_87 0 0.0 924.0 1948.0 0.1441604 1.000145 -0.0013682664 -0.23993067 0.0015927401 1.0001107 17742168067 119.56947
rawdata/DECam_01307134.fits.fz N4 1307134 500.0 60490.98996912 1.94 151.35176805817977 1.543896129805151 151.35928333333334 1.619 M464 0.033871163 24.740826 1.0000234 1.1377968 21.177843 3.5686955 decam -4.7602143 -2.769482 97 object IBIS_deep_cosmos_M464_14 0 0.0 924.0 1948.0 0.16019988 1.0002091 -0.0011314007 -0.3155677 0.00222244 1.0003488 17759882899 140.10722
rawdata/DECam_01307135.fits.fz N4 1307135 457.0 60490.99731485 1.11 195.11670653516134 -6.969103796716234 195.124275 -6.894 M464 0.040842213 24.883093 0.95621836 1.023149 21.745707 1.495126 decam -51.343327 66.456314 130 object IBIS_wide_M464_334157 334157 0.040336 924.0 1948.0 0.020101624 1.0001084 0.00020098462 0.11005774 -0.00016218309 1.0000439 16692826992 305.65985
rawdata/DECam_01307136.fits.fz N4 1307136 454.0 60491.00298342 1.12 195.3967166511905 -6.590103800020194 195.40427916666667 -6.515 M464 0.03829882 24.925644 0.9965458 1.0044572 21.723547 1.3612368 decam -37.75906 52.54297 121 object IBIS_wide_M464_331172 331172 0.03795 924.0 1948.0 -0.08237776 1.0000278 0.00025483276 0.08919619 -0.0004114779 0.9997558 16744026486 333.52023
rawdata/DECam_01307137.fits.fz N4 1307137 387.0 60491.00860468 1.12 196.5867082810717 -6.860103797666984 196.59427499999998 -6.785 M464 0.03449613 24.887033 0.9617298 1.0044669 21.730526 1.4199002 decam -33.402443 42.374577 134 object IBIS_wide_M464_334156 334156 0.041287 924.0 1948.0 -0.15883492 1.0001363 0.0004429032 0.05658947 -0.00017098131 0.9998449 16506141869 272.55438
rawdata/DECam_01307138.fits.fz N4 1307138 390.0 60491.01345633 1.12 197.89170629269094 -6.984103796585361 197.899275 -6.909 M464 0.045101326 24.840603 0.9214705 0.9971426 21.72708 1.6387196 decam -20.629547 37.1196 117 object IBIS_wide_M464_334153 334153 0.045146 924.0 1948.0 0.021225544 1.0001941 0.00044235314 0.027644163 -0.00027643202 0.99997956 16741772628 237.99069
rawdata/DECam_01307139.fits.fz N4 1307139 357.0 60491.01889825 1.12 201.0437075370943 -6.641103799575897 201.05127083333332 -6.566 M464 0.03338202 24.793633 0.882456 0.9577878 21.766323 1.5387554 decam 8.037853 -8.051366 123 object IBIS_wide_M464_331188 331188 0.036216 924.0 1948.0 -0.21572644 1.000167 0.0005636234 0.13146217 -0.00052976346 0.9998239 16415783882 232.00568
rawdata/DECam_01307140.fits.fz N4 1307140 380.0 60491.02339696 1.13 199.71371523829268 -6.682103799218653 199.72127916666665 -6.607 M464 0.049255487 24.831928 0.916076 0.9820532 21.753332 1.6380113 decam 15.731532 -14.643609 127 object IBIS_wide_M464_331209 331209 0.044926 924.0 1948.0 0.11009163 1.0001128 0.0004124848 0.18868718 -0.00047867466 0.999893 16541036660 231.98863
rawdata/DECam_01307141.fits.fz N4 1307141 344.0 60491.02815292 1.14 201.77972207573612 -5.927103805787992 201.787275 -5.852 M464 0.031870693 24.893406 0.97149837 0.99935055 21.759806 1.3372812 decam 13.816707 -14.527722 146 object IBIS_wide_M464_331191 331191 0.033976 924.0 1948.0 -0.21620736 1.0000696 0.00036165005 0.2718855 -0.0005872012 0.9996978 17080641748 257.23834
rawdata/DECam_01307142.fits.fz N4 1307142 374.0 60491.03249028 1.15 199.99670974079396 -6.4961038008388545 200.00427083333335 -6.421 M464 0.041532613 24.895433 0.9753783 0.9724392 21.757404 1.3720373 decam 5.776963 -20.623102 126 object IBIS_wide_M464_334195 334195 0.041018 924.0 1948.0 -0.14571646 0.99984014 0.00035494042 0.015137784 -6.615952e-05 0.99983305 16868362297 272.58734
rawdata/DECam_01307143.fits.fz N4 1307143 347.0 60491.03718313 1.14 202.85270966563172 -6.501103800795315 202.86027083333332 -6.426 M464 0.032417607 24.902508 0.97967714 0.93112904 21.772352 1.2084203 decam 11.459122 -14.037106 148 object IBIS_wide_M464_334175 334175 0.031744 924.0 1948.0 -0.14304537 0.99998605 0.00047788947 0.12709697 -0.0005186561 0.99994195 16351230904 287.15176
rawdata/DECam_01307144.fits.fz N4 1307144 330.0 60491.04156559 1.15 204.12371811919624 -6.493103800864976 204.13127916666667 -6.418 M464 0.029440364 24.856031 0.94061726 1.0362082 21.805878 1.4100509 decam 0.9373923 -7.3660355 135 object IBIS_wide_M464_331184 331184 0.029033 924.0 1948.0 -0.03024885 1.000023 0.0005268277 0.14556094 -0.00047472623 0.9997066 16386446912 234.0341
rawdata/DECam_01307145.fits.fz N4 1307145 312.0 60491.04575092 1.15 205.99971623589371 -6.048103804736427 206.00727083333334 -5.973 M464 0.02676231 24.910927 0.98939687 1.0836128 21.832726 1.289547 decam 4.5939684 -9.916411 131 object IBIS_wide_M464_331194 331194 0.02753 924.0 1948.0 -0.3030854 0.99992615 0.00052374357 0.14236784 -0.0007037494 1.0000204 16197229435 241.94543
rawdata/DECam_01307146.fits.fz N4 1307146 344.0 60491.04971209 1.15 206.72971162688432 -6.646103799532334 206.73727499999998 -6.571 M464 0.032082465 24.92119 0.9987949 1.0499736 21.816181 1.27762 decam 2.5735345 -9.090422 124 object IBIS_wide_M464_331108 331108 0.028345 924.0 1948.0 -0.21471141 1.0001186 0.0006091274 0.13066119 -0.000937459 1.000141 17428133330 269.25064
rawdata/DECam_01307147.fits.fz N4 1307147 351.0 60491.05405745 1.16 207.35271679281954 -6.008103805084103 207.36027083333335 -5.933 M464 0.024898034 24.875475 0.9596434 0.9557718 21.826624 1.1879056 decam -2.7923715 -8.441882 162 object IBIS_wide_M464_331111 331111 0.027152 924.0 1948.0 0.0006036629 1.0000465 0.00059987605 0.06035844 -0.0007099498 0.9999556 16343328437 295.47803
rawdata/DECam_01307148.fits.fz N4 1307148 346.0 60491.05849726 1.16 207.72570913557843 -6.806103798137836 207.733275 -6.731 M464 0.02628167 24.861063 0.94698906 1.0098071 21.826195 1.3068539 decam 9.876691 -10.700353 145 object IBIS_wide_M464_334092 334092 0.028636 924.0 1948.0 -0.15910003 1.0001582 0.0005368541 0.17255151 -0.00069646013 0.9999283 16309110261 264.758
rawdata/DECam_01307149.fits.fz N4 1307149 312.0 60491.06285629 1.17 208.8177193906059 -6.120103804110478 208.825275 -6.045 M464 0.025659002 24.868315 0.955357 1.0791923 21.829126 1.3836205 decam 0.51575863 -11.461358 136 object IBIS_wide_M464_331110 331110 0.028618 924.0 1948.0 -0.032064624 1.0001138 0.0006661462 0.12561454 -0.0005451009 0.9999716 16220006533 225.49536
rawdata/DECam_01307150.fits.fz N4 1307150 332.0 60491.06682739 1.17 209.0397087250123 -6.8321037979111425 209.04727499999998 -6.757 M464 0.035946283 24.864073 0.9516315 1.1832498 21.82161 1.6715851 decam 1.9786725 -8.228075 139 object IBIS_wide_M464_334089 334089 0.03042 924.0 1948.0 -0.23169723 0.99992234 0.00095001294 0.06937849 -0.0005206249 0.99995905 16268680864 198.61388
rawdata/DECam_01307151.fits.fz N4 1307151 373.0 60491.07104636 1.18 209.5497104043798 -6.725103798843918 209.557275 -6.65 M464 0.032794554 24.8511 0.9423238 1.1036363 21.8133 1.5528518 decam -8.206 -15.899275 145 object IBIS_wide_M464_331104 331104 0.031325 924.0 1948.0 0.18639503 0.9999654 0.0006497921 0.19892688 -0.0005812377 0.9998265 16428256825 240.20322
rawdata/DECam_01307152.fits.fz N4 1307152 418.0 60491.0757179 1.18 211.43571186543906 -6.353103802083675 211.44327083333332 -6.278 M464 0.025375227 24.865973 0.95532095 1.0439767 21.812792 1.3545753 decam -10.702205 -17.993715 160 object IBIS_wide_M464_334245 334245 0.026729 924.0 1948.0 0.054033596 0.9999198 0.0010726337 0.19959141 -0.0006139203 0.9999678 16562569128 308.5838
rawdata/DECam_01307153.fits.fz N4 1307153 378.0 60491.08091028 1.2 211.09970614426086 -6.7311037987916205 211.10727083333333 -6.656 M464 0.028374976 24.84022 0.9368886 1.0089825 21.786154 1.4252845 decam -7.8659735 -17.615067 185 object IBIS_wide_M464_331259 331259 0.027093 924.0 1948.0 -0.18101119 1.0001572 0.00074343535 0.21565458 -0.00074603147 0.99991846 16601029313 265.2102
rawdata/DECam_01307154.fits.fz N4 1307154 367.0 60491.08564071 1.2 213.41072247163177 -5.898103806039951 213.418275 -5.823 M464 0.035672676 24.91113 1.0001214 1.1049182 21.755165 1.4940618 decam -9.5107765 -12.369014 152 object IBIS_wide_M464_334240 334240 0.034405 924.0 1948.0 0.0035256066 1.0000334 0.0006425557 0.20855004 -0.0009691905 1.0001308 16693788454 245.6391
rawdata/DECam_01307155.fits.fz N4 1307155 367.0 60491.09023989 1.21 213.9277293279782 -5.697103807785572 213.93527916666667 -5.622 M464 0.03454715 24.873753 0.96832395 1.2405295 21.74 1.86664 decam -7.4586124 -18.212267 188 object IBIS_wide_M464_331255 331255 0.036821 924.0 1948.0 -0.063268006 1.0000386 0.0011022333 0.08846662 -0.0007758632 1.0000111 16526159441 196.60995
rawdata/DECam_01307156.fits.fz N4 1307156 430.0 60491.09483862 1.22 214.44771577359586 -6.081103804449555 214.45527083333334 -6.006 M464 0.04753947 24.874252 0.97082514 1.2704173 21.744907 2.0694027 decam -8.491325 -14.042178 189 object IBIS_wide_M464_331253 331253 0.04116 924.0 1948.0 -0.049958132 1.0002121 0.00083017553 0.19308485 -0.0008720502 1.0000544 16623803836 207.78943
rawdata/DECam_01307157.fits.fz N4 1307157 500.0 60491.10017658 1.23 214.7747023846403 -6.968103796724959 214.7822708333333 -6.893 M464 0.043879595 24.896688 0.99319774 1.286051 21.743622 1.9776253 decam -3.8617635 -19.693085 171 object IBIS_wide_M464_334232 334232 0.044174 924.0 1948.0 -0.12740308 1.0002071 0.0009467717 0.12469463 -0.00090079015 1.0000104 17979727488 252.82849
rawdata/DECam_01307158.fits.fz N4 1307158 500.0 60491.1063261 1.23 217.339714940675 -6.140103803936575 217.34727083333334 -6.065 M464 0.062411472 24.849413 0.95087844 1.3672333 21.764027 2.5707407 decam -9.030407 -10.601498 168 object IBIS_wide_M464_339932 339932 0.053756 924.0 1948.0 0.0190979 0.9999713 0.0010570256 0.30774662 -0.00096519955 0.99976677 16912699197 194.49648
rawdata/DECam_01307159.fits.fz N4 1307159 500.0 60491.11246989 1.25 217.44270883570698 -6.825103797972178 217.45027499999998 -6.75 M464 0.06231538 24.873875 0.9766752 1.3684503 21.758097 2.4726071 decam -0.70110804 -10.3403015 177 object IBIS_wide_M464_336947 336947 0.05579 924.0 1948.0 -0.07962061 0.99987644 0.0010052866 0.123284526 -0.00091378734 0.99997914 16808668334 202.21571
rawdata/DECam_01307160.fits.fz N4 1307160 500.0 60491.11862138 1.26 220.58673014660513 -5.304103811195162 220.59427499999998 -5.229 M464 0.061091974 24.843126 0.95141554 1.3957285 21.751905 2.6865125 decam 0.8819462 -5.159572 180 object IBIS_wide_M464_339941 339941 0.066242 924.0 1948.0 0.013718251 0.999994 0.0008235082 -0.035923705 -0.0011057954 1.0000151 16817545313 186.1149
rawdata/DECam_01307161.fits.fz N4 1307161 500.0 60491.12476044 1.27 220.5937201546952 -6.356103802057566 220.60127916666667 -6.281 M464 0.063182764 24.87027 0.97756946 1.3122331 21.729757 2.4230146 decam -3.9128084 -5.542641 178 object IBIS_wide_M464_339922 339922 0.064019 924.0 1948.0 0.07582344 1.0001012 0.0012845459 0.114745334 -0.000763177 1.0000606 16826312419 206.3545
rawdata/DECam_01307162.fits.fz N4 1307162 500.0 60491.13091472 1.28 221.59770946601972 -6.785103798320916 221.605275 -6.71 M464 0.08092535 24.842535 0.954935 1.3955883 21.727106 3.0939665 decam 5.9044065 -11.398459 187 object IBIS_wide_M464_336937 336937 0.076246 924.0 1948.0 -0.26382768 0.99990517 0.0011272933 0.2091013 -0.0011275684 0.9997962 16889870346 161.60486
rawdata/DECam_01307163.fits.fz N4 1307163 500.0 60491.1370618 1.3 224.8277403063728 -3.9601038228246455 224.83527083333334 -3.885 M464 0.13631244 24.866001 0.9799414 1.3935953 21.72238 4.1225286 decam 7.4932365 -10.12934 170 object IBIS_wide_M464_340428 340428 0.1249 924.0 1948.0 -0.37202406 1.0001137 0.0012188954 -0.14142977 -0.0010810684 1.0000285 16896030125 121.28479
rawdata/DECam_01307164.fits.fz N4 1307164 500.0 60491.14321887 1.33 226.58975540384372 -2.481103835579178 226.597275 -2.406 M464 0.08610814 24.864807 0.9851057 1.2318946 21.750235 2.5275836 decam 10.952888 -21.406837 197 object IBIS_wide_M464_337455 337455 0.085104 924.0 1948.0 0.029975915 1.0002037 0.00110866 0.06475367 -0.0009945319 1.0001009 16820231709 197.8174
rawdata/DECam_01307165.fits.fz N4 1307165 500.0 60491.14936666 1.36 226.91776121799913 -2.1721038382397495 226.92527916666668 -2.097 M464 0.07294582 24.83361 0.96330583 1.3403606 21.74163 2.7971873 decam 9.890535 -23.00383 232 object IBIS_wide_M464_340441 340441 0.078602 924.0 1948.0 -0.48382688 1.0002557 0.0016791702 0.18284023 -0.0014123844 0.99980336 16836737862 178.75099
rawdata/DECam_01307166.fits.fz N4 1307166 500.0 60491.15565775 1.37 232.49076012278283 1.4268961308115662 232.498275 1.502 M464 0.04584704 24.851828 0.9816825 1.373984 21.798069 2.2642493 decam 9.679162 -24.821907 225 object IBIS_wide_M464_340498 340498 0.049558 924.0 1948.0 0.16206789 1.0002722 0.0014875815 0.16778651 -0.0011009655 1.0000219 16861297052 220.82375
rawdata/DECam_01307167.fits.fz N4 1307167 500.0 60491.16182214 1.36 236.40976050514507 2.310896123204412 236.41727916666667 2.386 M464 0.10732447 24.840664 0.96958363 1.2223316 21.805525 2.8185554 decam 6.844919 -22.868637 262 object IBIS_wide_M464_337664 337664 0.095235 924.0 1948.0 -0.0868629 1.0003552 0.0016598793 0.09696659 -0.0012348195 0.99980515 16893372147 177.39584
rawdata/DECam_01307168.fits.fz N4 1307168 500.0 60491.16796055 1.37 236.98976797267295 1.5678961295986935 236.99728333333334 1.643 M464 0.1139201 24.844517 0.97509414 1.3392682 21.713629 3.581455 decam 6.158416 -24.030628 201 object IBIS_wide_M464_337662 337662 0.10435 924.0 1948.0 -0.37641016 0.9999471 0.0015630355 0.23589417 -0.0012173385 1.0002031 19111539080 139.60806
rawdata/DECam_01307169.fits.fz N4 1307169 500.0 60491.17410315 1.39 237.81576096605633 1.1398961332798767 237.823275 1.215 M464 0.090149626 24.826479 0.9631002 1.2959061 21.779325 2.893937 decam 5.323649 -30.433561 276 object IBIS_wide_M464_337656 337656 0.1001 924.0 1948.0 -0.047647852 1.0001262 0.0015873432 0.121908255 -0.0013580362 0.99975353 16904530528 172.77501
rawdata/DECam_01307170.fits.fz N4 1307170 500.0 60491.18028838 1.36 242.0397610382232 1.1118961335206592 242.047275 1.187 M464 0.13942845 24.852377 0.98010164 1.2664804 21.767033 3.6220572 decam -0.29432797 -23.31128 341 object IBIS_wide_M464_337330 337330 0.12517 924.0 1948.0 -0.28424942 1.000084 0.0017267675 0.13236292 -0.0014084494 1.0000857 16924410057 138.0431
rawdata/DECam_01307171.fits.fz N4 1307171 500.0 60491.18644069 1.37 243.71376064794603 1.255896132282298 243.721275 1.331 M464 0.09468369 24.849949 0.9799851 1.2971888 21.786015 2.8332105 decam 0.59285134 -25.208054 378 object IBIS_wide_M464_340321 340321 0.092707 924.0 1948.0 -0.3161708 1.000051 0.0018343129 0.15419346 -0.0015614018 1.0001274 16982477623 176.47824
rawdata/DECam_01307172.fits.fz N4 1307172 500.0 60491.19257757 1.37 246.44576817013464 1.5118961300804203 246.45328333333333 1.587 M464 0.06341315 24.843195 0.97390765 1.5917196 21.770334 3.2489417 decam -0.30972928 -29.758663 383 object IBIS_wide_M464_340301 340301 0.066776 924.0 1948.0 -0.27493858 1.0003307 0.0016767397 0.22398594 -0.0016282034 0.9999349 17000513883 153.89627
