logs/db-2026-06-14.ecsv
# %ECSV 1.0
# ---
# datatype:
# - {name: filename, datatype: string}
# - {name: extension, datatype: string}
# - {name: expnum, datatype: int64}
# - {name: exptime, datatype: float32}
# - {name: mjd_obs, datatype: float64}
# - {name: airmass, datatype: float32}
# - {name: racenter, datatype: float64}
# - {name: deccenter, datatype: float64}
# - {name: rabore, datatype: float64}
# - {name: decbore, datatype: float64}
# - {name: band, datatype: string}
# - {name: ebv, datatype: float32}
# - {name: zeropoint, datatype: float32}
# - {name: transparency, datatype: float32}
# - {name: seeing, datatype: float32}
# - {name: sky, datatype: float32}
# - {name: expfactor, datatype: float32}
# - {name: camera, datatype: string}
# - {name: dx, datatype: float32}
# - {name: dy, datatype: float32}
# - {name: nmatched, datatype: int64}
# - {name: obstype, datatype: string}
# - {name: object, datatype: string}
# - {name: tileid, datatype: int64}
# - {name: tileebv, datatype: float32}
# - {name: affine_x0, datatype: float32}
# - {name: affine_y0, datatype: float32}
# - {name: affine_dx, datatype: float32}
# - {name: affine_dxx, datatype: float32}
# - {name: affine_dxy, datatype: float32}
# - {name: affine_dy, datatype: float32}
# - {name: affine_dyx, datatype: float32}
# - {name: affine_dyy, datatype: float32}
# - {name: checksum, datatype: string}
# - {name: efftime, datatype: float32}
# schema: astropy-2.0
filename extension expnum exptime mjd_obs airmass racenter deccenter rabore decbore band ebv zeropoint transparency seeing sky expfactor camera dx dy nmatched obstype object tileid tileebv affine_x0 affine_y0 affine_dx affine_dxx affine_dxy affine_dy affine_dyx affine_dyy checksum efftime
/home/declsp/obsbot/rawdata/DECam_01488837.fits.fz N4 1488837 5.0 61205.96196714 1.0 318.935500906319 -36.28593543976061 318.9448208333333 -36.21083194444444 r 0.060477354 27.182455 1.3988847 1.6296203 20.438168 1.3403999 decam -6.236559 -142.67528 9 object pointing 0 0.0 924.0 1948.0 -0.81821424 0.99880314 -0.0019837192 -0.62070024 0.0026253555 1.002819 15649268470 3.73023
/home/declsp/obsbot/rawdata/DECam_01488838.fits.fz N4 1488838 10.0 61205.9630275 1.0 318.935500906319 -36.28593543976061 318.9448208333333 -36.21083194444444 r 0.060477354 27.770208 2.4037158 1.4509631 20.481777 0.3458084 decam 431.02133 195.9732 13 object pointing 0 0.0 924.0 1948.0 0.4099882 0.9988565 0.00033329165 0.72918093 -0.0012528521 0.9998816 15893184676 28.91775
/home/declsp/obsbot/rawdata/DECam_01488839.fits.fz N4 1488839 10.0 61205.96405588 1.0 318.935500906319 -36.28593543976061 318.9448208333333 -36.21083194444444 r 0.060477354 27.963598 2.8723652 1.5094072 20.449692 0.2699091 decam 441.4448 196.59375 12 object pointing 0 0.0 924.0 1948.0 2.1207078 0.9986039 -0.0005589716 0.51677424 -0.00019166007 0.9994776 15904947745 37.049507
/home/declsp/obsbot/rawdata/DECam_01488840.fits.fz N4 1488840 30.0 61205.96508891 1.0 318.935500906319 -36.28593543976061 318.9448208333333 -36.21083194444444 r 0.060477354 27.395372 1.7019585 1.2930241 20.505136 0.5362843 decam 440.06528 211.97993 15 object pointing 0 0.0 924.0 1948.0 1.8911188 1.0002037 -0.0009671436 2.2035213 -0.002142021 0.9983848 16900188137 55.940475
/home/declsp/obsbot/rawdata/DECam_01488841.fits.fz N4 1488841 30.0 61205.97003923 1.0 318.935500906319 -36.28593543976061 318.9448208333333 -36.21083194444444 r 0.060477354 27.441673 1.7761084 1.2505119 20.476784 0.47282717 decam 447.07626 224.80788 16 object test 0 0.0 924.0 1948.0 0.8770409 0.99578035 0.00043161763 2.0977423 -0.00027217975 0.997779 16929089225 63.44813
/home/declsp/obsbot/rawdata/DECam_01488842.fits.fz N4 1488842 30.0 61205.97273485 1.0 178.90876396883388 -28.552047477814277 178.91731666666666 -28.47694388888889 r 0.07244257 25.259254 0.23795867 1.582238 20.170322 55.889336 decam -426.44827 -185.08833 115 object test 0 0.0 924.0 1948.0 -0.037765063 1.0001371 -0.00028055857 0.1317627 0.00015721637 0.99989635 17907018067 0.53677505
/home/declsp/obsbot/rawdata/DECam_01488843.fits.fz N4 1488843 15.0 61205.97487087 1.0 178.90876396883388 -28.552047477814277 178.91731666666666 -28.47694388888889 r 0.07244257 25.665905 0.34606868 1.4618859 20.31725 19.705843 decam 15.951299 -0.3039904 157 object test 0 0.0 924.0 1948.0 0.12412715 0.9997733 -0.00023884833 0.0017175238 0.000102741105 0.9998448 16192800863 0.76119554
/home/declsp/obsbot/rawdata/DECam_01488844.fits.fz N4 1488844 35.0 61205.97697101 1.12 174.67773859643756 -4.560103817638346 174.685275 -4.485 M517 0.053008594 23.952034 0.37771633 1.4422868 21.056978 23.971273 decam 3.7486236 31.490664 40 object "pointing test" 0 0.0 924.0 1948.0 0.14882194 0.99991846 -0.0006122105 0.0044105 0.00050707755 0.9999491 15572910031 1.460081
/home/declsp/obsbot/rawdata/DECam_01488845.fits.fz N4 1488845 800.0 61205.97968396 1.12 186.18274712369575 -3.657103825440798 186.19027499999999 -3.582 M517 0.03420506 23.857853 0.34633228 1.5966585 21.117203 33.04995 decam 16.40643 -27.080116 103 object IBIS_wide_M517_531535 531535 0.040154 924.0 1948.0 0.0155570675 1.0002584 -2.97998e-05 0.027142195 -1.1408082e-06 1.0000441 19668873476 24.205786
/home/declsp/obsbot/rawdata/DECam_01488846.fits.fz N4 1488846 800.0 61205.98934691 1.12 182.10174294863035 -3.658103825432166 182.1092708333333 -3.583 M517 0.031064382 23.822615 0.3352727 1.5085466 21.082563 32.505787 decam 1.3679446 -16.509102 131 object IBIS_wide_M517_530973 530973 0.029538 924.0 1948.0 -0.027485147 0.9999315 -0.00025732853 -0.20410684 0.00045222777 1.0000564 19803282151 24.611002
/home/declsp/obsbot/rawdata/DECam_01488847.fits.fz N4 1488847 800.0 61205.99928587 1.13 193.02275372771615 -2.7601038331758496 193.030275 -2.685 M517 0.018577622 23.320457 0.21146135 1.6163374 21.113256 91.47336 decam -2.213758 -35.647552 110 object IBIS_wide_M517_534444 534444 0.021288 924.0 1948.0 -0.28222272 1.0003756 0.00037587495 -0.2142372 5.4852637e-05 0.99986285 19684066677 8.745716
/home/declsp/obsbot/rawdata/DECam_01488848.fits.fz N4 1488848 800.0 61206.00891778 1.13 190.18275784368038 -2.768103833106921 190.19027916666667 -2.693 M517 0.03857054 23.107693 0.17383026 1.4616625 21.022964 120.32224 decam -18.71327 -22.588076 78 object IBIS_wide_M517_534448 534448 0.030764 924.0 1948.0 0.14640942 1.0002687 8.695031e-05 0.08577058 -0.0001320447 0.9997708 20076956925 6.6488123
/home/declsp/obsbot/rawdata/DECam_01488849.fits.fz N4 1488849 800.0 61206.01857642 1.13 194.69576386736472 -2.4581038357772544 194.70328333333333 -2.383 M517 0.026454158 23.598455 0.27316844 1.4082597 21.097425 42.23398 decam -20.580725 -20.477383 85 object IBIS_wide_M517_531480 531480 0.022426 924.0 1948.0 -0.27890095 1.0001 0.00037935778 -0.11429287 -0.00072794344 0.99981195 19832986171 18.942095
/home/declsp/obsbot/rawdata/DECam_01488850.fits.fz N4 1488850 800.0 61206.02823149 1.13 199.34476164228238 -2.085103838988639 199.35227916666668 -2.01 M517 0.028311588 23.689083 0.29694867 1.3650628 21.135654 32.422344 decam -25.454695 -28.186132 108 object IBIS_wide_M517_534461 534461 0.027518 924.0 1948.0 -0.105186276 1.0003138 0.0003779089 0.21401814 -0.00076383876 0.9998783 19584587905 24.674341
/home/declsp/obsbot/rawdata/DECam_01488851.fits.fz N4 1488851 800.0 61206.03785215 1.13 202.11275717503264 -2.1471038384549566 202.12027500000002 -2.072 M517 0.045588978 23.77283 0.32075945 1.3378189 21.14817 26.384886 decam -24.349611 -25.440111 136 object IBIS_wide_M517_534220 534220 0.037504 924.0 1948.0 -0.16264546 1.000095 0.000678663 0.09421988 -0.000600687 0.99996865 19547821021 30.320389
/home/declsp/obsbot/rawdata/DECam_01488852.fits.fz N4 1488852 800.0 61206.04746465 1.14 203.81476271840916 -1.8461038410455188 203.82227916666668 -1.771 M517 0.035101872 23.343256 0.21629499 1.559295 21.083494 83.904434 decam -32.966038 -28.788086 89 object IBIS_wide_M517_531232 531232 0.035078 924.0 1948.0 0.004435598 1.000591 0.00042325293 0.22780828 -0.00059733266 0.9997403 19790101229 9.534657
/home/declsp/obsbot/rawdata/DECam_01488853.fits.fz N4 1488853 800.0 61206.05709592 1.13 206.71674748149098 -3.0711038304955363 206.72427083333332 -2.996 M517 0.043352395 22.667477 0.115888 1.3724891 21.041111 234.77591 decam -28.02832 -28.58733 94 object IBIS_wide_M517_531301 531301 0.044511 924.0 1948.0 0.24922922 1.0004348 0.00071330764 0.030493982 -0.0010568562 0.99981034 19959209808 3.4075046
/home/declsp/obsbot/rawdata/DECam_01488854.fits.fz N4 1488854 800.0 61206.06669075 1.14 208.82375547191947 -2.4691038356825232 208.83127499999998 -2.394 M517 0.048750017 22.723993 0.12227605 1.6115243 21.084557 280.1293 decam -36.589058 -23.068836 111 object IBIS_wide_M517_531299 531299 0.049047 924.0 1948.0 -0.5552942 0.99984914 0.00083263963 0.03373662 -0.00041815193 0.99989885 19806230000 2.855824
/home/declsp/obsbot/rawdata/DECam_01488855.fits.fz N4 1488855 800.0 61206.07632928 1.13 212.54475791335827 -2.7571038332016973 212.55227916666666 -2.682 M517 0.062948026 22.21404 0.07632451 1.9436041 21.071299 1054.957 decam -24.545818 -21.427906 69 object IBIS_wide_M517_534268 534268 0.06247 924.0 1948.0 0.10254249 1.0005318 0.0008613557 0.01836918 -0.0007658089 0.99987316 19832263129 0.75832474
/home/declsp/obsbot/rawdata/DECam_01488856.fits.fz N4 1488856 800.0 61206.08592763 1.14 214.39576056743203 -2.2991038371463866 214.40327916666666 -2.224 M517 0.06078811 22.282104 0.08139274 1.5180464 21.12303 541.5391 decam -32.467228 -25.680607 97 object IBIS_wide_M517_531280 531280 0.058687 924.0 1948.0 -0.55652815 1.0001214 0.0010024316 0.25923336 -0.0014847928 0.9999436 19625928694 1.477271
/home/declsp/obsbot/rawdata/DECam_01488857.fits.fz N4 1488857 800.0 61206.09552843 1.14 215.70675457643253 -3.2421038290211386 215.71427916666667 -3.167 M517 0.0618586 22.00739 0.06319744 1.5777793 21.1632 935.02075 decam -30.038385 -10.709075 65 object IBIS_wide_M517_530977 530977 0.060696 924.0 1948.0 0.424864 0.99983007 0.0011019032 -0.2834432 -0.0012340622 1.0000407 19484723123 0.855596
/home/declsp/obsbot/rawdata/DECam_01488858.fits.fz N4 1488858 800.0 61206.10515335 1.15 217.57575798905287 -2.7451038333050883 217.58327916666667 -2.67 M517 0.06515963 21.083927 0.02704024 1.8290045 21.185247 6745.2446 decam -25.40496 -13.09996 43 object IBIS_wide_M517_539956 539956 0.063719 924.0 1948.0 -0.26731333 1.0011684 0.0007848444 0.639457 -0.0013087882 1.0005914 19379826697 0.118602075
/home/declsp/obsbot/rawdata/DECam_01488859.fits.fz N4 1488859 800.0 61206.11477904 1.14 219.84873904539626 -4.517103818010305 219.856275 -4.442 M517 0.10146154 21.030096 0.025691085 1.3939747 21.251019 4074.4507 decam -31.42454 -11.420499 58 object IBIS_wide_M517_539943 539943 0.087061 924.0 1948.0 -0.19084507 0.99999315 0.0014331149 0.26713222 -0.0007949387 1.0004492 19141154257 0.1963455
/home/declsp/obsbot/rawdata/DECam_01488860.fits.fz N4 1488860 800.0 61206.12439827 1.17 220.50075808320506 -2.730103833434324 220.50827916666668 -2.655 M517 0.057396557 21.655067 0.045904905 1.2668517 21.29702 1020.3542 decam -33.10009 -6.1692724 67 object IBIS_wide_M517_540520 540520 0.065527 924.0 1948.0 -0.5612245 1.0003014 0.0011530165 -0.0148146385 -0.0009798278 0.99988145 18994354410 0.78404146
/home/declsp/obsbot/rawdata/DECam_01488861.fits.fz N4 1488861 800.0 61206.13401386 1.21 220.4227626376558 -1.8651038408820226 220.43027916666668 -1.79 M517 0.044547476 21.244 0.031638514 1.2566626 21.279587 2175.5789 decam -23.499378 -4.7300887 64 object IBIS_wide_M517_537537 537537 0.04817 924.0 1948.0 0.4485285 1.0005004 0.0007984849 0.16735686 -0.0008934826 0.99981534 19046964481 0.36771822
/home/declsp/obsbot/rawdata/DECam_01488862.fits.fz N4 1488862 800.0 61206.14385852 1.22 228.01376933827382 1.1248961334088676 228.02128333333332 1.2 M517 0.04549966 22.223667 0.07812299 1.2363266 21.308838 337.28195 decam -28.895914 5.8215823 109 object IBIS_wide_M517_537591 537591 0.048585 924.0 1948.0 -0.067907095 1.0001554 0.0014770884 0.1578289 -0.0015462138 1.0000252 18955129085 2.3719027
/home/declsp/obsbot/rawdata/DECam_01488863.fits.fz N4 1488863 800.0 61206.15346488 1.24 230.66675684133833 2.213896124039531 230.674275 2.289 M517 0.0398051 22.985365 0.15807018 1.3885248 21.313116 104.1398 decam -18.330494 -0.14859456 168 object IBIS_wide_M517_537520 537520 0.04415 924.0 1948.0 -0.12602973 1.0005419 0.0014434851 0.010106178 -0.0017138836 1.0001369 19035188813 7.681981
/home/declsp/obsbot/rawdata/DECam_01488864.fits.fz N4 1488864 800.0 61206.1631734 1.24 235.66575677992753 2.9308961178636386 235.67327916666667 3.006 M517 0.06601237 22.882486 0.14378005 1.5673612 21.37444 151.53032 decam -27.015461 2.957614 150 object IBIS_wide_M517_537686 537686 0.065998 924.0 1948.0 -0.057369187 0.99983084 0.001611116 -0.020433776 -0.0017641069 0.9998059 18758180805 5.2794714
/home/declsp/obsbot/rawdata/DECam_01488865.fits.fz N4 1488865 800.0 61206.17274748 1.25 237.15275276725455 2.9078961180618625 237.16027499999998 2.983 M517 0.11794919 22.355253 0.08861384 1.4952599 21.317999 383.70767 decam -25.506119 -3.6216986 132 object IBIS_wide_M517_537665 537665 0.111 924.0 1948.0 0.5150684 1.0000736 0.0018772121 0.23536702 -0.0015108421 0.9999675 18920891759 2.0849204
/home/declsp/obsbot/rawdata/DECam_01488866.fits.fz N4 1488866 800.0 61206.182346 1.25 239.29576053159408 2.3058961232474626 239.30327916666664 2.3810000000000002 M517 0.08684441 21.855268 0.0559123 1.6417668 21.313126 1166.9304 decam -20.627907 0.2765108 126 object IBIS_wide_M517_537660 537660 0.095313 924.0 1948.0 -0.05680899 1.0001589 0.0017308564 0.19788179 -0.0016756535 0.9999347 18944507871 0.6855593
/home/declsp/obsbot/rawdata/DECam_01488867.fits.fz N4 1488867 800.0 61206.19210059 1.26 244.74075246926247 3.513896112836209 244.74827916666666 3.589 M517 0.06356888 21.037283 0.026363857 1.4808931 21.301094 4332.747 decam -24.71757 -2.584702 118 object IBIS_wide_M517_537346 537346 0.060396 924.0 1948.0 0.066930324 1.0002334 0.0015239507 0.3762427 -0.0021940642 0.99982285 18976869239 0.18464036
