logs/db-2026-07-11.ecsv
# %ECSV 1.0
# ---
# datatype:
# - {name: filename, datatype: string}
# - {name: extension, datatype: string}
# - {name: expnum, datatype: int64}
# - {name: exptime, datatype: float32}
# - {name: mjd_obs, datatype: float64}
# - {name: airmass, datatype: float32}
# - {name: racenter, datatype: float64}
# - {name: deccenter, datatype: float64}
# - {name: rabore, datatype: float64}
# - {name: decbore, datatype: float64}
# - {name: band, datatype: string}
# - {name: ebv, datatype: float32}
# - {name: zeropoint, datatype: float32}
# - {name: transparency, datatype: float32}
# - {name: seeing, datatype: float32}
# - {name: sky, datatype: float32}
# - {name: expfactor, datatype: float32}
# - {name: camera, datatype: string}
# - {name: dx, datatype: float32}
# - {name: dy, datatype: float32}
# - {name: nmatched, datatype: int64}
# - {name: obstype, datatype: string}
# - {name: object, datatype: string}
# - {name: tileid, datatype: int64}
# - {name: tileebv, datatype: float32}
# - {name: affine_x0, datatype: float32}
# - {name: affine_y0, datatype: float32}
# - {name: affine_dx, datatype: float32}
# - {name: affine_dxx, datatype: float32}
# - {name: affine_dxy, datatype: float32}
# - {name: affine_dy, datatype: float32}
# - {name: affine_dyx, datatype: float32}
# - {name: affine_dyy, datatype: float32}
# - {name: checksum, datatype: string}
# - {name: efftime, datatype: float32}
# schema: astropy-2.0
filename extension expnum exptime mjd_obs airmass racenter deccenter rabore decbore band ebv zeropoint transparency seeing sky expfactor camera dx dy nmatched obstype object tileid tileebv affine_x0 affine_y0 affine_dx affine_dxx affine_dxy affine_dy affine_dyx affine_dyy checksum efftime
/home/declsp/obsbot/rawdata/DECam_01497697.fits.fz N4 1497697 5.0 61232.94922005 1.0 199.21266054845265 -31.581491609696187 199.22147916666665 -31.506388055555554 r 0.063828364 26.784517 0.9696328 1.2434227 16.952612 40.287033 decam -3.1745453 -39.403786 178 object pointing 0 0.0 924.0 1948.0 0.19795404 0.99971867 0.00091194996 0.21805473 -0.00069780665 0.9999305 21766804984 0.12410941
/home/declsp/obsbot/rawdata/DECam_01497698.fits.fz N4 1497698 10.0 61232.95039869 1.0 199.21266054845265 -31.581491609696187 199.22147916666665 -31.506388055555554 r 0.063828364 26.807533 0.9904059 1.0944165 17.359594 20.57279 decam 12.887088 11.371202 239 object pointing 0 0.0 924.0 1948.0 0.07340916 1.0000892 0.0010609312 0.25708237 -0.00078479917 0.9998628 24141978703 0.48607895
/home/declsp/obsbot/rawdata/DECam_01497699.fits.fz N4 1497699 30.0 61232.95129695 1.0 199.21266054845265 -31.581491609696187 199.22147916666665 -31.506388055555554 r 0.063828364 26.811808 0.994313 1.1515437 17.564772 18.702972 decam -1.8783605 16.815073 299 object pointing 0 0.0 924.0 1948.0 0.031040749 1.0001562 0.0010049405 0.19568698 -0.0008456981 0.99987864 37191696864 1.6040231
/home/declsp/obsbot/rawdata/DECam_01497709.fits.fz N4 1497709 35.0 61232.97527905 1.14 201.8447640797928 -2.4201038361044973 201.85228333333333 -2.3449999999999998 M517 0.03847438 24.994621 0.98990196 1.3985722 21.393023 2.4238386 decam -8.922911 82.33509 91 object "pointing test" 0 0.0 924.0 1948.0 -0.24561639 1.0000718 0.0006328595 0.1644874 -0.000654937 0.99993706 15525431811 14.439905
/home/declsp/obsbot/rawdata/DECam_01497710.fits.fz N4 1497710 800.0 61232.97751605 1.13 207.89476159439823 -2.0951038389025647 207.90227916666666 -2.02 M517 0.049888138 24.991941 0.985882 1.4732175 21.490253 2.4709466 decam 17.1627 1.4671566 160 object IBIS_wide_M517_534288 534288 0.048071 924.0 1948.0 -0.19463593 1.0000011 0.0008765951 0.32901257 -0.0009217644 0.9999063 18509523541 323.76257
/home/declsp/obsbot/rawdata/DECam_01497711.fits.fz N4 1497711 800.0 61232.98711062 1.14 207.38075633737841 -2.3111038370430665 207.388275 -2.236 M517 0.047463592 24.985817 0.9819084 1.5682681 21.4754 2.8704631 decam 10.530075 -6.62512 192 object IBIS_wide_M517_531302 531302 0.047501 924.0 1948.0 0.019601261 1.0002259 0.0010397086 -0.008139987 -0.00087821385 0.99983835 18547633573 278.70068
/home/declsp/obsbot/rawdata/DECam_01497712.fits.fz N4 1497712 511.3366 61232.9967004 1.14 208.82375547191947 -2.4691038356825232 208.83127499999998 -2.394 M517 0.048750017 24.992952 0.9883831 1.6615112 21.478159 3.1714494 decam 17.784185 -3.869578 202 object IBIS_wide_M517_531299 531299 0.049047 924.0 1948.0 -0.28501752 0.99987996 0.0010212596 0.18718265 -0.00092343776 0.99989223 17457676377 161.2312
/home/declsp/obsbot/rawdata/DECam_01497713.fits.fz N4 1497713 800.0 61233.00310624 1.14 214.01576527964832 -2.1931038380589696 214.02328333333332 -2.118 M517 0.0584403 24.983753 0.9800437 1.5813956 21.524319 2.8007157 decam 14.053368 -6.9917946 175 object IBIS_wide_M517_531286 531286 0.060041 924.0 1948.0 -0.2025758 0.9999341 0.0011474801 0.1784587 -0.0012784174 0.99987864 18415431053 285.64127
/home/declsp/obsbot/rawdata/DECam_01497714.fits.fz N4 1497714 800.0 61233.01270632 1.13 214.88375147131407 -3.0961038302800103 214.891275 -3.021 M517 0.059834927 24.947245 0.94611925 1.720818 21.530087 3.527685 decam 17.710823 -17.522646 175 object IBIS_wide_M517_534262 534262 0.057147 924.0 1948.0 -0.044174574 1.0001962 0.0011105062 0.058459368 -0.001008595 0.99994326 18347293431 226.77762
/home/declsp/obsbot/rawdata/DECam_01497715.fits.fz N4 1497715 800.0 61233.02230297 1.14 216.9187592600723 -2.5351038351141 216.92627916666666 -2.46 M517 0.056797888 24.969696 0.9674369 1.6188127 21.57511 2.8740249 decam 11.761969 -12.84766 222 object IBIS_wide_M517_536972 536972 0.056439 924.0 1948.0 -0.26841563 0.9999928 0.0011925772 0.2878243 -0.0010777444 1.0000557 18217690381 278.3553
/home/declsp/obsbot/rawdata/DECam_01497716.fits.fz N4 1497716 800.0 61233.03188814 1.14 218.45274530289527 -3.3661038279516746 218.46027083333334 -3.291 M517 0.07969954 24.998495 0.993441 1.4990826 21.606602 2.270813 decam 16.09361 -12.942271 197 object IBIS_wide_M517_539951 539951 0.086916 924.0 1948.0 -0.4943807 0.9999141 0.0013734483 0.21720822 -0.0011347445 1.000083 18424179058 352.29672
/home/declsp/obsbot/rawdata/DECam_01497717.fits.fz N4 1497717 389.0075 61233.04148057 1.14 219.84873904539626 -4.517103818010305 219.856275 -4.442 M517 0.10146154 24.987669 0.9835851 1.5518186 21.609722 2.4750974 decam 11.308505 -15.438374 211 object IBIS_wide_M517_539943 539943 0.087061 924.0 1948.0 -0.16162127 0.9999771 0.0014214517 0.15359977 -0.0013016112 0.9999965 16725892296 157.16856
/home/declsp/obsbot/rawdata/DECam_01497718.fits.fz N4 1497718 800.0 61233.04631495 1.17 221.25575705630803 -2.1711038382483587 221.263275 -2.096 M517 0.054285806 24.9773 0.9789306 1.6376281 21.65057 2.7055247 decam 14.729385 -7.682215 210 object IBIS_wide_M517_540521 540521 0.056447 924.0 1948.0 -0.24252672 0.9999536 0.001372903 0.076255694 -0.0013696213 0.9998538 18280369096 295.69125
/home/declsp/obsbot/rawdata/DECam_01497719.fits.fz N4 1497719 800.0 61233.05589216 1.19 219.1287533632465 -2.817103832684712 219.136275 -2.742 M517 0.07821339 24.981005 0.98543054 1.5130738 21.628067 2.3423302 decam 14.61404 -12.631534 261 object IBIS_wide_M517_539952 539952 0.072679 924.0 1948.0 -0.07730966 0.99998385 0.0013789716 0.15064564 -0.0012444089 1.0000037 18191208314 341.54022
/home/declsp/obsbot/rawdata/DECam_01497720.fits.fz N4 1497720 722.1854 61233.0658084 1.21 228.6497673925766 1.7218961282738086 228.65728333333334 1.7970000000000002 M517 0.04240942 24.978853 0.98663604 1.5617198 21.725868 2.2893188 decam 9.865494 -10.936989 257 object IBIS_wide_M517_537594 537594 0.045518 924.0 1948.0 -0.046801306 1.0000749 0.00155343 0.097265065 -0.0015793912 0.9998966 18037697144 315.45865
