logs/db-2025-10-20.ecsv
# %ECSV 1.0
# ---
# datatype:
# - {name: filename, datatype: string}
# - {name: extension, datatype: string}
# - {name: expnum, datatype: int64}
# - {name: exptime, datatype: float32}
# - {name: mjd_obs, datatype: float64}
# - {name: airmass, datatype: float32}
# - {name: racenter, datatype: float64}
# - {name: deccenter, datatype: float64}
# - {name: rabore, datatype: float64}
# - {name: decbore, datatype: float64}
# - {name: band, datatype: string}
# - {name: ebv, datatype: float32}
# - {name: zeropoint, datatype: float32}
# - {name: transparency, datatype: float32}
# - {name: seeing, datatype: float32}
# - {name: sky, datatype: float32}
# - {name: expfactor, datatype: float32}
# - {name: camera, datatype: string}
# - {name: dx, datatype: float32}
# - {name: dy, datatype: float32}
# - {name: nmatched, datatype: int64}
# - {name: obstype, datatype: string}
# - {name: object, datatype: string}
# - {name: tileid, datatype: int64}
# - {name: tileebv, datatype: float32}
# - {name: affine_x0, datatype: float32}
# - {name: affine_y0, datatype: float32}
# - {name: affine_dx, datatype: float32}
# - {name: affine_dxx, datatype: float32}
# - {name: affine_dxy, datatype: float32}
# - {name: affine_dy, datatype: float32}
# - {name: affine_dyx, datatype: float32}
# - {name: affine_dyy, datatype: float32}
# - {name: checksum, datatype: string}
# - {name: efftime, datatype: float32}
# schema: astropy-2.0
filename extension expnum exptime mjd_obs airmass racenter deccenter rabore decbore band ebv zeropoint transparency seeing sky expfactor camera dx dy nmatched obstype object tileid tileebv affine_x0 affine_y0 affine_dx affine_dxx affine_dxy affine_dy affine_dyx affine_dyy checksum efftime
rawdata/DECam_01427446.fits.fz N4 1427446 5.0 60968.98863758 1.0 308.68859329207476 -30.548713566240856 308.69731666666667 -30.47361 r 0.06891452 26.858217 1.0377364 0.97784626 17.949944 11.438571 decam 27.577019 -29.564045 258 object pointing 0 0.0 924.0 1948.0 -0.31980884 0.9997733 0.0019292056 0.31274575 -0.001944564 0.9998494 17949548789 0.43711755
rawdata/DECam_01427448.fits.fz N4 1427448 15.0 60968.99303382 1.18 279.0992446105669 -44.30093643183224 279.10974166666665 -44.225833055555555 M517 0.050970625 25.05209 1.0504227 1.0066848 18.910364 15.303818 decam -28.63398 28.342823 1514 object "LTT7379 N4" 0 0.0 924.0 1948.0 -0.12143549 0.9997804 0.0026869408 -0.10098582 -0.002780395 1.0000037 16014118690 0.9801476
rawdata/DECam_01427449.fits.fz N4 1427449 15.0 60968.99352686 1.19 278.66524877723356 -44.30093643183225 278.67574583333334 -44.225833055555555 M517 0.07475387 25.052008 1.0520271 0.85677224 19.023628 11.599325 decam -46.323277 28.81639 1700 object "LTT7379 N5" 0 0.0 924.0 1948.0 -0.48762336 1.000131 0.0026812044 -0.055235945 -0.0025270006 1.0000196 15944812210 1.2931787
rawdata/DECam_01427450.fits.fz N4 1427450 15.0 60968.9939971 1.18 279.53320634919174 -44.467603373471604 279.54373333333336 -44.3925 M517 0.06628882 25.051712 1.0500573 0.8940643 19.15188 10.648528 decam -38.67058 21.579525 1490 object "LTT7379 S3" 0 0.0 924.0 1948.0 -0.08580063 0.99992156 0.0026732683 0.20041357 -0.0027758332 1.0000907 15891794409 1.4086454
rawdata/DECam_01427451.fits.fz N4 1427451 15.0 60968.99448471 1.19 279.09921468252503 -44.467603373471604 279.10974166666665 -44.3925 M464 0.06489883 24.926435 1.0109322 0.88001394 18.931997 14.620686 decam -48.597015 12.292774 1398 object "LTT7379 S4" 0 0.0 924.0 1948.0 -0.03494054 1.0000876 0.0026764253 0.22561796 -0.0027347861 1.0000156 15973056242 1.0259436
rawdata/DECam_01427452.fits.fz N4 1427452 15.0 60968.99497255 1.19 278.6652188491917 -44.467603373471604 278.67574583333334 -44.3925 M464 0.057193663 24.926027 1.0105524 0.9392391 19.047586 14.17564 decam -37.03406 12.048137 1478 object "LTT7379 S5" 0 0.0 924.0 1948.0 -0.046416722 0.999829 0.0025334428 0.154547 -0.0027952176 1.0000919 15915175440 1.0581533
rawdata/DECam_01427447.fits.fz N4 1427447 30.0 60968.99026152 1.0 308.68859329207476 -30.548713566240856 308.69731666666667 -30.47361 r 0.06891452 26.861158 1.0405514 0.91820514 18.464272 6.2485437 decam -6.0382876 -6.3910832 454 object pointing 0 0.0 924.0 1948.0 -0.26361716 0.99987096 0.0019580494 0.14797075 -0.00203497 0.9998514 25031892327 4.801119
rawdata/DECam_01427453.fits.fz N4 1427453 15.0 60968.99545015 1.19 279.0992446105669 -44.30093643183224 279.10974166666665 -44.225833055555555 M464 0.050970625 24.931133 1.015317 0.9048096 19.173151 11.106383 decam -27.182016 15.9649515 1476 object "LTT7379 N4" 0 0.0 924.0 1948.0 -0.11714898 0.9999564 0.002612257 0.21742776 -0.002849934 1.00004 15843057168 1.3505746
rawdata/DECam_01427459.fits.fz N4 1427459 5.0 60969.00087854 1.21 278.66524877723356 -44.30093643183225 278.67574583333334 -44.225833055555555 M517 0.07475387 25.045012 1.0486261 0.88613236 20.384184 3.589028 decam -13.672165 45.327126 1139 object "LTT7379 N5" 0 0.0 924.0 1948.0 -0.29820815 1.0000573 0.0025333783 0.3874406 -0.0024233202 0.99998236 15439513751 1.393135
rawdata/DECam_01427460.fits.fz N4 1427460 5.0 60969.00125192 1.21 279.0992446105669 -44.30093643183224 279.10974166666665 -44.225833055555555 M517 0.050970625 25.048286 1.0517933 0.86428684 20.44575 2.7644026 decam -17.683628 31.644175 1133 object "LTT7379 N4" 0 0.0 924.0 1948.0 -0.14279999 0.99983233 0.0026153168 0.091500744 -0.0027470316 1.0000472 15437461383 1.808709
rawdata/DECam_01427461.fits.fz N4 1427461 5.0 60969.00161201 1.21 279.53320634919174 -44.467603373471604 279.54373333333336 -44.3925 M517 0.06628882 25.04368 1.0473416 0.91165614 20.472101 3.3304172 decam -12.700383 22.851831 963 object "LTT7379 S3" 0 0.0 924.0 1948.0 -0.08203829 0.999763 0.002543861 0.0668862 -0.0024511225 1.0001274 15435574489 1.5013134
rawdata/DECam_01427462.fits.fz N4 1427462 5.0 60969.00198019 1.22 278.6652188491917 -44.467603373471604 278.67574583333334 -44.3925 M464 0.057193663 24.916977 1.0083587 1.0227399 20.559605 4.243851 decam -27.752441 22.473917 882 object "LTT7379 S5" 0 0.0 924.0 1948.0 -0.16435781 0.99993426 0.0025368026 0.05104368 -0.0027400805 1.0001029 15439116615 1.1781751
rawdata/DECam_01427463.fits.fz N4 1427463 5.0 60969.00235648 1.21 279.0992446105669 -44.30093643183224 279.10974166666665 -44.225833055555555 M464 0.050970625 24.915298 1.0047352 0.9793578 20.5918 3.6253862 decam -13.652888 7.806279 878 object "LTT7379 N4" 0 0.0 924.0 1948.0 -0.3205468 0.99987626 0.0026370634 -0.1368982 -0.0024803698 1.0000242 15432716054 1.3791634
rawdata/DECam_01427464.fits.fz N4 1427464 5.0 60969.0027463 1.21 279.09921468252503 -44.467603373471604 279.10974166666665 -44.3925 M464 0.06489883 24.91415 1.0036731 0.90386623 20.605427 3.3773742 decam -32.45687 20.99224 892 object "LTT7379 S4" 0 0.0 924.0 1948.0 -0.123439044 0.9999324 0.002716719 0.2562056 -0.002718208 0.9999971 15437812700 1.48044
rawdata/DECam_01427465.fits.fz N4 1427465 150.0 60969.00489458 1.14 346.75700311413834 -15.739913718109475 346.76480833333335 -15.66481 M464 0.03516305 24.95207 1.0245091 1.2312009 21.43062 2.20649 decam -0.57513076 -0.48142266 113 object "NGC7492 position 7" 0 0.0 924.0 1948.0 -0.10372989 1.0002601 0.00043651898 0.03065988 -0.00047538805 0.9998635 15953864594 67.98127
rawdata/DECam_01427466.fits.fz N4 1427466 150.0 60969.00695577 1.13 346.78797476938405 -15.49938677589423 346.79577083333334 -15.424283055555556 M464 0.03427077 24.941145 1.0121716 1.15158 21.595566 1.6816149 decam 1.7301786 5.1327085 120 object "NGC7492 position 6" 0 0.0 924.0 1948.0 -0.17874008 1.0000763 0.0003725491 0.076946475 -0.00042004802 0.9999751 15864628305 89.199974
rawdata/DECam_01427467.fits.fz N4 1427467 150.0 60969.00903035 1.13 346.96233041072753 -15.570545664124165 346.97012916666665 -15.495441944444444 M464 0.03632592 24.976305 1.0454855 1.0896852 21.696646 1.3051354 decam 3.138673 16.23932 503 object "NGC7492 position 8" 0 0.0 924.0 1948.0 -0.714983 1.0000452 0.00031286513 0.2124216 -0.0004573962 1.0003496 15845218643 114.9306
rawdata/DECam_01427468.fits.fz N4 1427468 150.0 60969.01109727 1.12 346.67479741499466 -15.561641775317755 346.6825958333333 -15.486538055555556 M464 0.034417696 24.935455 1.0048145 1.2248106 21.747412 1.6728275 decam 10.387471 22.770796 112 object "NGC7492 position 9" 0 0.0 924.0 1948.0 -0.18564688 1.0000046 0.00033700248 -0.0023477916 -0.00059551065 0.99999297 15892744674 89.66854
rawdata/DECam_01427469.fits.fz N4 1427469 60.0 60969.01369349 1.05 328.1404483523839 -14.023159845021418 328.14819166666666 -13.94805611111111 M517 0.046777066 25.069736 1.045622 1.0682395 21.4922 1.5066122 decam 12.717273 26.721634 197 object Poining 0 0.0 924.0 1948.0 -0.102104686 0.99997383 0.0010878767 0.02502234 -0.0011741426 0.99997306 15615671342 39.824448
rawdata/DECam_01427470.fits.fz N4 1427470 328.7077 60969.01614949 1.05 331.2325413318443 -13.734103736546743 331.240275 -13.659 M517 0.037956323 25.070507 1.0463642 1.0062209 21.50832 1.2450292 decam -11.607282 9.434397 205 object IBIS_wide_M517_557782 557782 0.037108 924.0 1948.0 -0.24291736 1.0000204 0.00081083016 0.06344981 -0.00094722473 0.99995255 16774877179 264.01605
rawdata/DECam_01427471.fits.fz N4 1427471 338.1576 60969.02028831 1.05 330.3445553696665 -13.301103740483976 330.352275 -13.226 M517 0.041728154 25.069014 1.0449253 1.0006437 21.523224 1.2468954 decam -5.0166774 0.91188985 231 object IBIS_wide_M517_554854 554854 0.043217 924.0 1948.0 -0.12373668 1.0002367 0.00093396375 0.14101602 -0.00068013597 1.0000395 16681576558 271.19965
rawdata/DECam_01427472.fits.fz N4 1427472 302.3579 60969.02470113 1.05 335.7755382104954 -13.57510373799418 335.7832666666667 -13.5 M517 0.040993538 25.069645 1.0455344 0.93663657 21.538172 1.0717375 decam -21.234467 -5.9231243 165 object IBIS_wide_M517_557787 557787 0.040736 924.0 1948.0 0.035263784 0.99988383 0.0007641511 0.11379099 -0.0008107274 0.9999391 16489995881 282.11935
rawdata/DECam_01427473.fits.fz N4 1427473 286.648 60969.02852387 1.05 335.9925447801899 -13.501103738667169 336.00027083333333 -13.426 M517 0.039446358 25.07225 1.0480455 0.94300425 21.506128 1.1027915 decam -18.992878 5.1794887 149 object IBIS_wide_M517_557788 557788 0.041539 924.0 1948.0 0.19618997 1.0000583 0.00080478715 0.03506012 -0.0009379318 0.9999611 18673716429 259.92947
rawdata/DECam_01427474.fits.fz N4 1427474 286.868 60969.03217082 1.05 337.44154061451735 -13.629103737502817 337.44927083333334 -13.554 M517 0.04809787 25.064997 1.0410663 0.91264 21.550821 1.0605822 decam -18.573492 10.119438 158 object IBIS_wide_M517_554783 554783 0.051886 924.0 1948.0 -0.122643426 1.0000488 0.0007121165 0.07572491 -0.0006887733 0.9998783 16445854269 270.48166
rawdata/DECam_01427475.fits.fz N4 1427475 369.7874 60969.03581567 1.05 338.78154636685906 -13.322103740293349 338.78926666666666 -13.247 M517 0.048271462 25.067429 1.0434016 0.9974569 21.566172 1.2442437 decam -14.028446 9.993502 168 object IBIS_wide_M517_554782 554782 0.057694 924.0 1948.0 -0.033774164 1.0000807 0.00070726866 -0.013428642 -0.0006432685 0.9998942 16741262413 297.19855
rawdata/DECam_01427476.fits.fz N4 1427476 294.7579 60969.04040148 1.06 340.1265650884577 -12.857103744506645 340.13427083333335 -12.782 M517 0.05958838 25.068802 1.0463977 0.9061168 21.5665 1.0994819 decam -15.404764 7.410768 155 object IBIS_wide_M517_555090 555090 0.062262 924.0 1948.0 -0.08383705 1.0001341 0.0006611736 0.13396509 -0.000986995 0.99990845 16460451134 268.08798
rawdata/DECam_01427477.fits.fz N4 1427477 309.0379 60969.04412512 1.06 340.74357284521966 -12.462103748073412 340.75126666666665 -12.387 M517 0.059203885 25.068834 1.0464292 0.9131378 21.54757 1.1333789 decam -15.609517 6.1511707 149 object IBIS_wide_M517_555084 555084 0.063626 924.0 1948.0 -0.21748847 0.9997205 0.000603475 -0.06575655 -0.0006945794 0.99994737 16532616253 272.66956
rawdata/DECam_01427478.fits.fz N4 1427478 313.7977 60969.04804329 1.06 341.2205744735401 -12.407103748569183 341.2282666666667 -12.332 M517 0.054043964 25.077978 1.0552781 0.9458922 21.560616 1.143842 decam -3.900069 5.100991 158 object IBIS_wide_M517_558070 558070 0.056898 924.0 1948.0 -0.14727898 0.9994776 0.00047285776 0.065587044 -0.0004011754 1.000008 16531223596 274.33658
rawdata/DECam_01427479.fits.fz N4 1427479 270.1281 60969.05200989 1.06 343.3225954689858 -11.97010375250094 343.330275 -11.895 M517 0.039569557 25.074602 1.0520029 0.92388606 21.593733 0.9731177 decam -6.456612 3.493337 146 object IBIS_wide_M517_558072 558072 0.04085 924.0 1948.0 -0.019874599 1.0000294 0.00048770997 -0.081501715 -0.0002160304 0.9999772 16371598825 277.5904
rawdata/DECam_01427480.fits.fz N4 1427480 300.6179 60969.05545749 1.06 342.96760100967043 -11.623103755613887 342.97527083333335 -11.548 M517 0.04222461 25.060501 1.0384283 0.9962578 21.600279 1.1731617 decam -9.055313 12.273685 132 object IBIS_wide_M517_555099 555099 0.043647 924.0 1948.0 -0.036812596 0.9999718 0.00066196814 0.13926673 -0.00056405476 1.0001163 16429817418 256.2459
rawdata/DECam_01427481.fits.fz N4 1427481 321.6479 60969.05925439 1.06 343.82661302816695 -11.334103758200591 343.834275 -11.259 M517 0.040368013 25.062325 1.0401742 1.0139909 21.604916 1.1920501 decam -10.173139 11.422427 138 object IBIS_wide_M517_555097 555097 0.04176 924.0 1948.0 -0.013137634 1.0000176 0.00045004286 -0.0048569883 -0.00040430724 0.99992007 16525711735 269.82748
rawdata/DECam_01427482.fits.fz N4 1427482 327.6577 60969.06329181 1.06 344.4166180109787 -10.987103761299537 344.4242708333333 -10.912 M517 0.04179069 25.067673 1.0453097 1.0516998 21.614977 1.2690891 decam -13.594294 14.544269 131 object IBIS_wide_M517_555098 555098 0.041853 924.0 1948.0 -0.10415024 1.0000664 0.00042432433 -0.007922393 -0.00032439528 0.9999674 16524269800 258.18338
rawdata/DECam_01427483.fits.fz N4 1427483 335.5078 60969.06741484 1.06 345.59962863291486 -10.735103763545489 345.607275 -10.66 M517 0.04048346 25.06638 1.0440661 0.99687374 21.615398 1.1334947 decam -15.614128 21.340582 152 object IBIS_wide_M517_555015 555015 0.040805 924.0 1948.0 -0.13328257 0.9999043 0.00042462416 -0.01759093 -0.00039000643 0.9999259 16515720644 295.99414
rawdata/DECam_01427484.fits.fz N4 1427484 369.4475 60969.07162729 1.07 346.4706466018123 -10.17410376853211 346.47827916666665 -10.099 M517 0.03991023 25.049013 1.0291466 1.0127676 21.614649 1.2043781 decam -20.561882 11.719681 157 object IBIS_wide_M517_555016 555016 0.039092 924.0 1948.0 -0.0071364017 1.0000653 0.00028999377 -0.043653097 -0.0004961834 0.99988556 16649430203 306.75375
rawdata/DECam_01427485.fits.fz N4 1427485 321.2478 60969.07622837 1.07 347.13564742443236 -9.963103770403062 347.143275 -9.888 M517 0.03488465 25.06445 1.0438833 1.0577103 21.613842 1.2380224 decam -24.38847 15.428778 135 object IBIS_wide_M517_558002 558002 0.036688 924.0 1948.0 0.0072390125 0.99999714 0.00019809269 -0.016589683 -0.00033822222 0.9998295 16497153704 259.48465
rawdata/DECam_01427486.fits.fz N4 1427486 333.3577 60969.08026757 1.07 346.92464467968534 -9.902103770943503 346.93227083333335 -9.827 M517 0.037520684 25.065672 1.0450583 1.0865018 21.609766 1.3298709 decam -26.673243 14.737528 168 object IBIS_wide_M517_555059 555059 0.037788 924.0 1948.0 -0.11721523 0.9999958 0.00024026656 -0.1451427 -0.00029012613 1.0000392 16559082359 250.6692
rawdata/DECam_01427487.fits.fz N4 1427487 387.7173 60969.08447937 1.07 350.01565743110933 -9.525103774279183 350.023275 -9.45 M517 0.02865375 25.060234 1.0398372 1.0800799 21.578712 1.292376 decam -25.088474 5.7658615 128 object IBIS_wide_M517_555055 555055 0.030533 924.0 1948.0 -0.017750947 1.0000199 -2.3277914e-06 0.15320723 -0.00033696782 0.99983835 16774022952 300.00345
rawdata/DECam_01427488.fits.fz N4 1427488 362.9475 60969.08929575 1.07 350.72366543208466 -9.159103777510502 350.731275 -9.084 M517 0.032304585 25.060644 1.0402303 1.1083214 21.600527 1.3633614 decam -28.781067 16.893154 130 object IBIS_wide_M517_555056 555056 0.032303 924.0 1948.0 -0.09755567 1.0001029 0.000110872454 -0.062615186 -9.4913725e-05 0.9999972 16667263229 266.2152
rawdata/DECam_01427489.fits.fz N4 1427489 351.4076 60969.09381349 1.08 351.4746815695278 -8.581103782600074 351.4822791666667 -8.506 M517 0.03043255 25.049728 1.0314772 1.1209961 21.585676 1.4258103 decam -28.085045 15.977715 117 object IBIS_wide_M517_555067 555067 0.033028 924.0 1948.0 -0.31387833 1.0003171 0.00016567804 -0.07598437 3.291022e-05 0.9999401 16833471116 246.46167
rawdata/DECam_01427490.fits.fz N4 1427490 324.6577 60969.09820301 1.08 351.01268094806727 -8.612103782327509 351.0202791666666 -8.537 M517 0.037939735 25.06015 1.041425 1.0696368 21.583515 1.337534 decam -34.696888 28.471592 119 object IBIS_wide_M517_558042 558042 0.034267 924.0 1948.0 -0.06406071 1.0001233 5.621226e-05 -0.15332398 0.000120090815 0.9997372 16548923226 242.72858
rawdata/DECam_01427491.fits.fz N4 1427491 335.4978 60969.10232954 1.08 355.0056954972673 -7.853103788988591 355.0132791666667 -7.7780000000000005 M517 0.030793766 25.06635 1.0473895 1.0436786 21.585918 1.2014512 decam -16.940899 12.91054 123 object IBIS_wide_M517_555048 555048 0.031185 924.0 1948.0 -0.018808179 1.000022 -0.00015229915 0.026394922 0.00024645758 1.0000681 16580136094 279.2438
rawdata/DECam_01427492.fits.fz N4 1427492 287.208 60969.10655212 1.08 353.2206915355143 -8.067103787113066 353.22827916666665 -7.992 M517 0.027101038 25.062622 1.0437992 1.006514 21.580853 1.104787 decam -27.123331 32.755627 129 object IBIS_wide_M517_558052 558052 0.029177 924.0 1948.0 -0.022702774 0.99971724 -3.1323198e-05 -0.2231707 0.00020376651 0.9999888 16579853976 259.96686
