logs/db-2025-12-19.ecsv
# %ECSV 1.0
# ---
# datatype:
# - {name: filename, datatype: string}
# - {name: extension, datatype: string}
# - {name: expnum, datatype: int64}
# - {name: exptime, datatype: float32}
# - {name: mjd_obs, datatype: float64}
# - {name: airmass, datatype: float32}
# - {name: racenter, datatype: float64}
# - {name: deccenter, datatype: float64}
# - {name: rabore, datatype: float64}
# - {name: decbore, datatype: float64}
# - {name: band, datatype: string}
# - {name: ebv, datatype: float32}
# - {name: zeropoint, datatype: float32}
# - {name: transparency, datatype: float32}
# - {name: seeing, datatype: float32}
# - {name: sky, datatype: float32}
# - {name: expfactor, datatype: float32}
# - {name: camera, datatype: string}
# - {name: dx, datatype: float32}
# - {name: dy, datatype: float32}
# - {name: nmatched, datatype: int64}
# - {name: obstype, datatype: string}
# - {name: object, datatype: string}
# - {name: tileid, datatype: int64}
# - {name: tileebv, datatype: float32}
# - {name: affine_x0, datatype: float32}
# - {name: affine_y0, datatype: float32}
# - {name: affine_dx, datatype: float32}
# - {name: affine_dxx, datatype: float32}
# - {name: affine_dxy, datatype: float32}
# - {name: affine_dy, datatype: float32}
# - {name: affine_dyx, datatype: float32}
# - {name: affine_dyy, datatype: float32}
# - {name: checksum, datatype: string}
# - {name: efftime, datatype: float32}
# schema: astropy-2.0
filename extension expnum exptime mjd_obs airmass racenter deccenter rabore decbore band ebv zeropoint transparency seeing sky expfactor camera dx dy nmatched obstype object tileid tileebv affine_x0 affine_y0 affine_dx affine_dxx affine_dxy affine_dy affine_dyx affine_dyy checksum efftime
[from data line 43]
rawdata/DECam_01442676.fits.fz N4 1442676 579.4166 61029.15676745 1.13 50.34453917261496 -13.673103737102284 50.35227083333333 -13.598 M490 0.056351237 24.977129 1.0211641 1.4347764 21.923082 2.150821 decam 0.46612504 13.728525 93 object IBIS_wide_M490_409831 409831 0.059447 924.0 1948.0 -0.22268243 0.99987596 -0.0021274262 -0.35173103 0.0022322154 1.0002038 16848374715 269.39325
rawdata/DECam_01442677.fits.fz N4 1442677 712.5159 61029.16380988 1.15 50.78154636685908 -13.322103740293349 50.78926666666666 -13.247 M490 0.06095189 24.999285 1.046005 1.4014322 21.903557 2.0686011 decam -7.351687 -1.4334149 89 object IBIS_wide_M490_406846 406846 0.069966 924.0 1948.0 0.53499424 1.0000508 -0.0024182093 -0.36729783 0.0023669025 1.0000136 17208783466 344.44336
rawdata/DECam_01442678.fits.fz N4 1442678 625.2565 61029.17238436 1.16 52.74357284521967 -12.462103748073414 52.751266666666666 -12.387 M490 0.06096765 24.97341 1.0232264 1.422371 21.869919 2.3053846 decam -3.3750837 -6.9970856 119 object IBIS_wide_M490_407148 407148 0.058029 924.0 1948.0 -0.29544172 0.9997301 -0.0022718492 -0.14807004 0.0022248214 1.0001527 17362395860 271.2157
rawdata/DECam_01442679.fits.fz N4 1442679 758.726 61029.18481855 1.19 54.046559489884025 -13.038103742868516 54.054270833333334 -12.963 M490 0.05455411 24.988747 1.0434483 1.5804858 21.87376 2.64076 decam 2.2270195 -19.079803 119 object IBIS_wide_M490_410132 410132 0.054434 924.0 1948.0 0.64718354 1.0001618 -0.0023821013 -0.06721884 0.002655364 1.0000889 17341784560 287.3135
rawdata/DECam_01442680.fits.fz N4 1442680 800.0 61029.19390838 1.24 54.092611280578076 -11.399103757619267 54.100275 -11.324 M490 0.06478401 24.968996 1.0339767 1.6162602 21.798494 3.2871726 decam -0.3142751 -24.592882 112 object IBIS_wide_M490_407152 407152 0.064598 924.0 1948.0 -0.5353938 0.9997756 -0.0023861693 -0.374338 0.0022314787 0.9999572 17644429614 243.37025
rawdata/DECam_01442681.fits.fz N4 1442681 800.0 61029.20349742 1.3 53.205620313654975 -11.21710375924631 53.213279166666666 -11.142 M490 0.038224697 24.962524 1.0390828 1.6649395 21.733328 3.1371787 decam 5.1668677 -33.455067 115 object IBIS_wide_M490_410143 410143 0.052329 924.0 1948.0 0.33437994 1.000053 -0.0024861782 -0.1661759 0.0026272193 1.0000201 18890046233 255.0062
rawdata/DECam_01442682.fits.fz N4 1442682 800.0 61029.21307622 1.37 52.85459988373484 -11.512103756608022 52.86226666666667 -11.437 M490 0.045834802 24.93597 1.0269386 1.8422633 21.670876 4.495115 decam 6.1680884 -42.6005 120 object IBIS_wide_M490_407157 407157 0.055119 924.0 1948.0 0.080422804 1.0000848 -0.0023703985 -0.41633776 0.0026581804 1.0001327 18013234706 177.97098
rawdata/DECam_01442683.fits.fz N4 1442683 800.0 61029.22470358 1.3 130.2047454108243 -3.352103828072435 130.21227083333332 -3.277 M490 0.02373916 24.966454 1.0428481 1.8973035 21.671846 3.8835533 decam 11.831115 -69.33166 348 object IBIS_wide_M490_422229 422229 0.025948 924.0 1948.0 0.3806453 1.0002015 -0.002093126 -0.23485227 0.0021101637 1.0000913 18140831353 205.99692
rawdata/DECam_01442684.fits.fz N4 1442684 800.0 61029.23580697 1.26 129.84476407979284 -2.420103836104497 129.85228333333333 -2.3449999999999998 M490 0.02700517 24.981775 1.0500205 1.7760108 21.638544 3.487033 decam 6.54345 -4.508391 325 object IBIS_wide_M490_419250 419250 0.028195 924.0 1948.0 0.3796274 1.0000756 -0.001997213 -0.2903645 0.0017557886 1.0001323 18131212410 229.4214
rawdata/DECam_01442685.fits.fz N4 1442685 798.6656 61029.24543727 1.23 133.56673225164053 -5.470103809755528 133.57427916666668 -5.395 M490 0.023676414 24.996271 1.0583575 1.5830579 21.44068 3.166003 decam 3.5436032 3.2501154 239 object IBIS_wide_M490_419212 419212 0.021021 924.0 1948.0 0.42789346 1.0002145 -0.001972556 -0.30143368 0.0016020073 1.000087 22152758213 252.26306
rawdata/DECam_01442686.fits.fz N4 1442686 800.0 61029.2550149 1.21 136.11770843977155 -6.58210380008988 136.12527083333333 -6.507 M490 0.035647377 24.982834 1.0415533 1.5559113 21.698797 2.6781585 decam 7.506048 12.129082 261 object IBIS_wide_M490_419125 419125 0.037243 924.0 1948.0 -0.05278591 1.0002042 -0.0017978856 -0.17056751 0.0015448678 1.0000684 18054880334 298.7127
rawdata/DECam_01442687.fits.fz N4 1442687 771.4357 61029.26462165 1.18 134.33474118498248 -4.70810381635777 134.34227916666666 -4.633 M490 0.019629331 25.002638 1.0549676 1.6746699 21.72558 2.6212027 decam 6.0019636 19.439804 289 object IBIS_wide_M490_422201 422201 0.019506 924.0 1948.0 0.14890856 1.0002165 -0.0018926004 -0.24540415 0.001751328 1.000016 18007173219 294.30603
rawdata/DECam_01442688.fits.fz N4 1442688 800.0 61029.27390598 1.16 137.54971040437982 -6.725103798843916 137.557275 -6.65 M490 0.037889 25.01236 1.0606003 1.5886681 21.755459 2.5477202 decam 2.4943888 21.063005 277 object IBIS_wide_M490_419120 419120 0.040263 924.0 1948.0 0.2874562 1.0002644 -0.0018320463 -0.053049862 0.0017876067 1.0001224 17755485412 314.00623
rawdata/DECam_01442689.fits.fz N4 1442689 800.0 61029.28350309 1.15 140.12171084705378 -6.960103796794753 140.12927916666666 -6.885 M490 0.03642792 25.000965 1.0476254 1.6776395 21.760695 2.858955 decam 6.5177493 31.898745 259 object IBIS_wide_M490_422252 422252 0.035246 924.0 1948.0 0.35584584 1.000058 -0.0017863542 -0.19788946 0.001594921 1.0001161 17851549362 279.82254
rawdata/DECam_01442690.fits.fz N4 1442690 800.0 61029.2931021 1.15 141.00972587203344 -5.954103805553385 141.01727916666667 -5.879 M490 0.029702526 24.995829 1.0426817 1.8352865 21.763945 3.2915053 decam 1.650943 31.928652 233 object IBIS_wide_M490_419270 419270 0.031876 924.0 1948.0 -0.1440876 1.0003098 -0.0017091036 -0.20082779 0.0017071737 1.0001482 17759890467 243.04988
rawdata/DECam_01442691.fits.fz N4 1442691 706.386 61029.30270146 1.14 142.98373123505235 -5.5501038090614445 142.99127916666666 -5.475 M490 0.03922439 25.017143 1.0614258 1.383334 21.767149 1.9118699 decam 9.607609 20.792751 217 object IBIS_wide_M490_419272 419272 0.037587 924.0 1948.0 0.25198197 1.0001236 -0.0017051455 -0.2086708 0.0015569967 1.0001621 17478701795 369.47388
rawdata/DECam_01442692.fits.fz N4 1442692 577.7768 61029.31118502 1.13 144.5747163615302 -6.039103804814658 144.58227083333333 -5.964 M490 0.026859442 25.021383 1.0636472 1.4593198 21.801376 1.8827275 decam 8.617233 17.67655 201 object IBIS_wide_M490_424965 424965 0.029272 924.0 1948.0 0.1255766 1.0002524 -0.0014421521 -0.07322419 0.0014644786 1.0001549 17009929903 306.88284
rawdata/DECam_01442693.fits.fz N4 1442693 765.4356 61029.31819641 1.12 146.09672077889817 -6.021103804971113 146.104275 -5.946 M490 0.04199359 25.016247 1.0567079 1.469342 21.828548 2.0796967 decam 11.457395 21.322235 183 object IBIS_wide_M490_424969 424969 0.047463 924.0 1948.0 -0.1969293 1.0004942 -0.0014355914 -0.18783486 0.001248881 0.99993026 17772530460 368.05157
rawdata/DECam_01442694.fits.fz N4 1442694 615.3066 61029.3274616 1.12 150.66570650286283 -6.9711037966987845 150.67327500000002 -6.896 M490 0.04278886 25.009819 1.0504702 1.4532987 21.817163 2.0916352 decam 10.923494 17.079151 153 object IBIS_wide_M490_427933 427933 0.03848 924.0 1948.0 0.010451731 1.0004123 -0.0013545594 -0.18403947 0.0013148588 0.99993706 17168581574 294.1749
rawdata/DECam_01442695.fits.fz N4 1442695 150.0 61029.33620329 1.01 137.25514986791808 -37.18162042777241 137.26457916666666 -37.106516944444444 M438 0.29679164 24.83624 1.0461371 1.5379785 21.88552 15.094935 decam 23.117058 21.08052 1370 object "Pyxis position 21" 0 0.0 924.0 1948.0 0.13787588 1.0001565 -0.0018729902 -0.13869345 0.0017754795 1.0000349 15746652039 9.937108
rawdata/DECam_01442696.fits.fz N4 1442696 150.0 61029.33830025 1.01 136.7185379936529 -37.07620042919801 136.72795416666665 -37.00109694444444 M438 0.33961394 24.839005 1.0488023 1.3041219 21.862621 15.249542 decam 9.022514 19.1508 1497 object "Pyxis position 22" 0 0.0 924.0 1948.0 0.1726472 1.0001003 -0.001934988 -0.3408174 0.0018806534 1.0000628 15808800175 9.836361
rawdata/DECam_01442697.fits.fz N4 1442697 150.0 61029.34037419 1.01 137.03209506658652 -37.451909590765624 137.0415583333333 -37.37680611111111 M438 0.34890202 24.836226 1.0461217 1.350699 21.73927 19.758097 decam 11.185211 31.114256 1389 object "Pyxis position 23" 0 0.0 924.0 1948.0 0.24510016 0.99996173 -0.0018598397 -0.06721699 0.0019761927 1.0001221 15903817586 7.5918245
rawdata/DECam_01442698.fits.fz N4 1442698 150.0 61029.34244868 1.01 137.12003958225128 -36.99614543027798 137.12944583333334 -36.92104194444445 M438 0.29558417 24.833387 1.0433905 1.4371657 21.651333 16.293203 decam 1.0906084 40.50774 1465 object "Pyxis position 24" 0 0.0 924.0 1948.0 0.32600805 1.0001582 -0.0019289032 0.018963419 0.0019428137 1.0000058 15849857215 9.206293
rawdata/DECam_01442699.fits.fz N4 1442699 150.0 61029.34452246 1.01 137.02796187396896 -37.05164959619613 137.037375 -36.97654611111111 M490 0.3068103 24.990551 1.0115983 1.5220692 21.41474 20.192078 decam 9.312579 45.154106 1656 object "Pyxis position 11" 0 0.0 924.0 1948.0 0.11358553 1.0000904 -0.0019324028 -0.08048331 0.0018587447 1.0000842 16289369291 7.428656
rawdata/DECam_01442700.fits.fz N4 1442700 150.0 61029.34658693 1.01 136.7724348406158 -37.301641537255605 136.78187916666667 -37.22653805555556 M490 0.38689458 24.988335 1.0095363 1.5960658 21.222395 45.50873 decam -1.5462865 43.759136 1591 object "Pyxis position 12" 0 0.0 924.0 1948.0 0.3073333 0.99995434 -0.001889199 -0.2597226 0.0018278462 1.0000206 16470428364 3.2960708
rawdata/DECam_01442701.fits.fz N4 1442701 150.0 61029.34867246 1.01 137.1900701766948 -37.25245348236783 137.19950833333334 -37.17735 M490 0.3036501 24.990158 1.0112327 1.5691531 20.957983 32.021145 decam 8.859334 61.582546 1591 object "Pyxis position 13" 0 0.0 924.0 1948.0 0.07482139 1.0000571 -0.0019434543 -0.1464349 0.0018717338 1.0001005 16440684051 4.684405
rawdata/DECam_01442702.fits.fz N4 1442702 150.0 61029.3507374 1.01 136.82708205865956 -37.05687848501443 136.83649583333334 -36.981775 M490 0.31991524 24.99073 1.0117662 1.3864803 20.64356 37.21293 decam 14.251306 59.190926 1639 object "Pyxis position 14" 0 0.0 924.0 1948.0 0.24528232 1.0000961 -0.001999424 -0.36355054 0.001958995 1.0000077 16642190943 4.030857
rawdata/DECam_01442703.fits.fz N4 1442703 150.0 61029.35280169 1.02 136.93256296954672 -37.4091584802373 136.94202083333334 -37.334055 M490 0.3547214 25.001966 1.0241482 1.3355784 20.268606 60.327244 decam 12.818719 64.056 1478 object "Pyxis position 15" 0 0.0 924.0 1948.0 0.21992189 1.0002044 -0.0018249184 -0.47685713 0.0020303158 1.0000554 17737282509 2.4864388
rawdata/DECam_01442704.fits.fz N4 1442704 150.0 61029.35485861 1.02 137.1600040081281 -37.08145154023821 137.16942083333333 -37.006348055555556 M490 0.29236436 25.003399 1.025499 1.2763584 19.871246 52.184643 decam 12.121314 69.60865 1474 object "Pyxis position 16" 0 0.0 924.0 1948.0 0.32677862 1.0001324 -0.0019725699 -0.46972522 0.0020037012 0.99999046 18106773548 2.874409
rawdata/DECam_01442705.fits.fz N4 1442705 150.0 61029.35693287 1.02 136.70085121762503 -37.204173483022444 136.71028333333334 -37.12907 M490 0.38261816 24.991064 1.0139147 1.3861337 19.437809 171.77151 decam 6.343599 70.48548 1299 object "Pyxis position 17" 0 0.0 924.0 1948.0 0.4812552 1.0002681 -0.0020012637 -0.113608204 0.0021049832 1.0000671 19153971904 0.87325305
rawdata/DECam_01442706.fits.fz N4 1442706 10.0 61029.35914685 1.03 130.3761489802335 -32.93424242676747 130.3851 -32.859138888888886 M438 0.33464447 24.82087 1.0366302 1.5332303 19.048923 280.1128 decam 3.890498 96.71907 449 object "LTT3218 N4" 0 0.0 924.0 1948.0 -0.116450384 0.9998554 -0.0020756149 -0.36851925 0.002127869 1.0001698 15649374496 0.035699904
rawdata/DECam_01442707.fits.fz N4 1442707 10.0 61029.35958396 1.04 130.00609898023347 -32.93424242676747 130.01505 -32.859138888888886 M438 0.29259276 24.828081 1.0461649 1.5125214 18.931017 218.22151 decam -9.3517685 82.25094 587 object "LTT3218 N5" 0 0.0 924.0 1948.0 0.32360885 1.0002097 -0.0021595098 -0.2607051 0.0023114793 1.0000051 15673242589 0.045824997
rawdata/DECam_01442708.fits.fz N4 1442708 10.0 61029.35999769 1.03 130.74619871054136 -33.10090964695198 130.75516666666667 -33.02580611111111 M438 0.41609186 24.831533 1.0468616 1.3332678 18.844337 464.24658 decam -5.931577 87.848045 421 object "LTT3218 S3" 0 0.0 924.0 1948.0 0.21101789 1.0001189 -0.0022071002 -0.16559368 0.0017138735 1.0002518 15722662503 0.021540277
rawdata/DECam_01442709.fits.fz N4 1442709 10.0 61029.36043699 1.04 130.37613204387472 -33.100909646952 130.3851 -33.02580611111111 M438 0.3320199 24.831017 1.0489979 1.2933408 18.757298 250.98624 decam -17.843065 77.95897 500 object "LTT3218 S4" 0 0.0 924.0 1948.0 -0.23837808 1.0000561 -0.001863433 -0.021937454 0.002237013 0.99999225 15732886045 0.03984282
rawdata/DECam_01442710.fits.fz N4 1442710 10.0 61029.36085588 1.04 130.00608204387473 -33.10090964695198 130.01505 -33.02580611111111 M438 0.27418688 24.820591 1.0389736 1.4226741 18.660076 218.6349 decam -15.262206 67.853584 606 object "LTT3218 S5" 0 0.0 924.0 1948.0 0.22548684 1.0001633 -0.0022860363 -0.16346169 0.0019405516 1.0002236 15769805341 0.04573835
rawdata/DECam_01442711.fits.fz N4 1442711 15.0 61029.3622844 1.01 158.0489082850337 -35.62021461516044 158.05815 -35.54511111111111 M490 0.09512646 25.030565 1.0495757 1.4017433 18.36745 63.785496 decam -6.4507213 31.83545 212 object "LTT3864 N4" 0 0.0 924.0 1948.0 0.32405913 1.0005282 -0.0012068211 0.0016776463 0.0010900489 1.0001704 16322529210 0.23516318
rawdata/DECam_01442712.fits.fz N4 1442712 15.0 61029.36277409 1.01 157.66682911836705 -35.62021461516044 157.67607083333334 -35.54511111111111 M490 0.097239666 25.027018 1.0461535 1.1948658 18.258028 52.358395 decam 5.4620776 18.921417 170 object "LTT3864 N5" 0 0.0 924.0 1948.0 0.20834762 1.0004203 -0.0012350086 -0.06803859 0.0010971123 1.0002139 16424608724 0.286487
rawdata/DECam_01442713.fits.fz N4 1442713 15.0 61029.36325752 1.02 158.43095561147695 -35.78688155743227 158.44021666666666 -35.711778055555556 M490 0.09434271 25.018297 1.0396683 1.4292545 18.140503 83.15647 decam 0.8323575 7.7157564 186 object "LTT3864 S3" 0 0.0 924.0 1948.0 0.12684138 1.0001506 -0.001055071 0.056916554 0.0006298757 1.0000975 16543916394 0.18038283
rawdata/DECam_01442714.fits.fz N4 1442714 15.0 61029.36374498 1.01 158.0488889448103 -35.78688155743227 158.05815 -35.711778055555556 M490 0.10869775 25.02795 1.0470508 1.4645517 18.029238 104.61944 decam 14.0915575 -0.8737527 215 object "LTT3864 S4" 0 0.0 924.0 1948.0 0.1336658 1.0000552 -0.0011303357 -0.04775479 0.00093723566 1.0002333 16674072689 0.1433768
rawdata/DECam_01442715.fits.fz N4 1442715 15.0 61029.36422068 1.01 157.66680977814363 -35.78688155743227 157.67607083333334 -35.711778055555556 M490 0.09514436 25.026745 1.0458894 1.3587917 17.922197 90.97797 decam 23.645023 0.47292507 196 object "LTT3864 S5" 0 0.0 924.0 1948.0 -0.24550298 0.9999963 -0.0011194028 0.097923175 0.0008121639 1.0002246 16808842122 0.16487509
