logs/db-2026-03-13.ecsv
# %ECSV 1.0
# ---
# datatype:
# - {name: filename, datatype: string}
# - {name: extension, datatype: string}
# - {name: expnum, datatype: int64}
# - {name: exptime, datatype: float32}
# - {name: mjd_obs, datatype: float64}
# - {name: airmass, datatype: float32}
# - {name: racenter, datatype: float64}
# - {name: deccenter, datatype: float64}
# - {name: rabore, datatype: float64}
# - {name: decbore, datatype: float64}
# - {name: band, datatype: string}
# - {name: ebv, datatype: float32}
# - {name: zeropoint, datatype: float32}
# - {name: transparency, datatype: float32}
# - {name: seeing, datatype: float32}
# - {name: sky, datatype: float32}
# - {name: expfactor, datatype: float32}
# - {name: camera, datatype: string}
# - {name: dx, datatype: float32}
# - {name: dy, datatype: float32}
# - {name: nmatched, datatype: int64}
# - {name: obstype, datatype: string}
# - {name: object, datatype: string}
# - {name: tileid, datatype: int64}
# - {name: tileebv, datatype: float32}
# - {name: affine_x0, datatype: float32}
# - {name: affine_y0, datatype: float32}
# - {name: affine_dx, datatype: float32}
# - {name: affine_dxx, datatype: float32}
# - {name: affine_dxy, datatype: float32}
# - {name: affine_dy, datatype: float32}
# - {name: affine_dyx, datatype: float32}
# - {name: affine_dyy, datatype: float32}
# - {name: checksum, datatype: string}
# - {name: efftime, datatype: float32}
# schema: astropy-2.0
filename extension expnum exptime mjd_obs airmass racenter deccenter rabore decbore band ebv zeropoint transparency seeing sky expfactor camera dx dy nmatched obstype object tileid tileebv affine_x0 affine_y0 affine_dx affine_dxx affine_dxy affine_dy affine_dyx affine_dyy checksum efftime
/home/declsp/obsbot/rawdata/DECam_01462922.fits.fz N4 1462922 15.0 61112.99692353 1.23 57.082910562594094 -39.134436511725795 57.092595833333334 -39.059333055555555 M517 0.01304523 24.995077 1.0047053 1.3312252 18.94012 22.7971 decam -44.76022 59.45428 46 object "LTT1788 N4" 0 0.0 924.0 1948.0 0.3684415 0.99964607 -0.0024004346 -0.06974585 0.002938072 0.99968654 15968290465 0.6579784
/home/declsp/obsbot/rawdata/DECam_01462923.fits.fz N4 1462923 15.0 61112.99741287 1.24 56.6824855625941 -39.1344365117258 56.692170833333336 -39.059333055555555 M517 0.011692572 24.99384 1.0051711 1.050937 19.06469 12.600702 decam -47.38678 46.40359 44 object "LTT1788 N5" 0 0.0 924.0 1948.0 0.6647599 1.0005435 -0.0027122444 -0.2858373 0.002528974 1.0000699 15897529202 1.1904099
/home/declsp/obsbot/rawdata/DECam_01462924.fits.fz N4 1462924 15.0 61112.99791177 1.23 57.48329587640457 -39.30110345378338 57.493004166666665 -39.226 M517 0.0115917595 24.985636 0.99600655 0.96774983 19.214724 9.445403 decam -34.617977 63.9514 54 object "LTT1788 S3" 0 0.0 924.0 1948.0 0.6285089 0.99990165 -0.0028209616 -0.19194598 0.0025660398 1.0001005 15827361303 1.5880741
/home/declsp/obsbot/rawdata/DECam_01462925.fits.fz N4 1462925 15.0 61112.99839884 1.24 57.08288754307122 -39.30110345378338 57.092595833333334 -39.226 M517 0.0186828 24.988922 1.0006285 0.98809963 19.329523 9.203139 decam -22.595182 51.080334 53 object "LTT1788 S4" 0 0.0 924.0 1948.0 -0.58561844 1.0000297 -0.0029357807 -0.63048244 0.002722381 1.0000904 15786651375 1.6298786
/home/declsp/obsbot/rawdata/DECam_01462926.fits.fz N4 1462926 15.0 61112.99886392 1.24 56.682462543071225 -39.30110345378338 56.692170833333336 -39.226 M517 0.016055398 24.993305 1.0046753 0.9510695 19.440636 7.5122266 decam -27.700579 55.28052 55 object "LTT1788 S5" 0 0.0 924.0 1948.0 -0.9655449 1.0003138 -0.0028510818 -0.07780814 0.0027803192 1.0001768 15744614316 1.9967449
/home/declsp/obsbot/rawdata/DECam_01462927.fits.fz N4 1462927 15.0 61113.00044581 1.02 89.0930033306711 -27.849770541142576 89.1015 -27.774666944444444 M517 0.038579706 25.027094 1.0005287 1.1065392 20.355616 4.7319946 decam -11.165872 58.58839 181 object "LTT2415 N4" 0 0.0 924.0 1948.0 0.32246503 1.0000263 -0.0027142845 -0.14006199 0.0026036017 0.9998846 15534653826 3.1699107
/home/declsp/obsbot/rawdata/DECam_01462928.fits.fz N4 1462928 15.0 61113.00094172 1.02 88.74173249733775 -27.849770541142576 88.75022916666667 -27.774666944444444 M517 0.03469151 25.029125 1.0024031 0.9824567 20.472303 3.2593226 decam 2.895496 42.235733 168 object "LTT2415 N5" 0 0.0 924.0 1948.0 0.5734065 0.9998784 -0.0028414945 -0.49002826 0.002723666 0.9998517 15514443386 4.6021833
/home/declsp/obsbot/rawdata/DECam_01462929.fits.fz N4 1462929 15.0 61113.00142452 1.02 89.4442443826225 -28.016436650418257 89.45275416666667 -27.941333055555557 M517 0.029162224 25.026878 1.0003307 0.9941806 20.5792 2.9338892 decam 12.204034 46.140377 233 object "LTT2415 S3" 0 0.0 924.0 1948.0 0.882623 1.0002316 -0.0026237569 -0.1913871 0.0027668236 0.9998995 15520591768 5.1126676
/home/declsp/obsbot/rawdata/DECam_01462930.fits.fz N4 1462930 15.0 61113.00188821 1.02 89.09299021595584 -28.016436650418257 89.1015 -27.941333055555557 M517 0.035507463 25.026184 0.9996898 0.98943067 20.625328 2.9014375 decam 13.501311 44.679 184 object "LTT2415 S4" 0 0.0 924.0 1948.0 0.86561465 1.0000402 -0.0030240172 -0.18797322 0.003052057 1.0000427 15488209531 5.1698513
/home/declsp/obsbot/rawdata/DECam_01462931.fits.fz N4 1462931 15.0 61113.00236375 1.02 88.7417193826225 -28.016436650418257 88.75022916666667 -27.941333055555557 M517 0.034228936 25.023613 0.99732614 0.86757135 20.776772 1.9355183 decam 5.196127 49.356895 206 object "LTT2415 S5" 0 0.0 924.0 1948.0 -0.28981686 1.0003513 -0.0028018982 -0.47368884 0.0028810601 0.9999463 15480499944 7.749862
/home/declsp/obsbot/rawdata/DECam_01462932.fits.fz N4 1462932 150.0 61113.00355277 1.19 66.28091037871295 -21.3232617202208 66.28897500000001 -21.248158055555557 M517 0.020169608 25.00743 1.0097072 0.95594215 20.751162 2.2690642 decam 10.1087475 66.45938 127 object "Eridanus position 5" 0 0.0 924.0 1948.0 0.9363626 1.0000628 -0.002765431 -0.14603917 0.0028041473 0.999982 16532270355 66.106544
/home/declsp/obsbot/rawdata/DECam_01462933.fits.fz N4 1462933 150.0 61113.00563615 1.2 66.14284532176353 -21.141329777576313 66.1509 -21.06622611111111 M517 0.02472266 25.00566 1.0096802 0.9337246 21.029797 1.7289835 decam -1.6063218 60.52733 200 object "Eridanus position 6" 0 0.0 924.0 1948.0 0.9683503 1.0003847 -0.0025534334 -0.88193774 0.002822548 0.99995166 16416157056 86.75618
/home/declsp/obsbot/rawdata/DECam_01462934.fits.fz N4 1462934 150.0 61113.00769157 1.21 66.11080715395481 -21.3818536640846 66.11887499999999 -21.30675 M517 0.01828929 25.0064 1.0119885 0.90691465 21.245283 1.2832837 decam -4.13742 59.0202 114 object "Eridanus position 7" 0 0.0 924.0 1948.0 0.53256446 1.0000644 -0.002676065 -0.27545017 0.002684363 1.0001516 16089820808 116.887634
/home/declsp/obsbot/rawdata/DECam_01462935.fits.fz N4 1462935 150.0 61113.00974492 1.22 66.32297477959969 -21.212471721317435 66.33103333333334 -21.137368055555555 M517 0.023133205 25.002514 1.0099903 0.89460045 21.374403 1.1510284 decam -1.6962256 58.713192 167 object "Eridanus position 8" 0 0.0 924.0 1948.0 -0.72961336 1.0004616 -0.0023198547 0.11842461 0.0027079366 1.0001088 16186987627 130.31824
/home/declsp/obsbot/rawdata/DECam_01462936.fits.fz N4 1462936 150.0 61113.01183622 1.23 66.02591693225567 -21.20356672140551 66.033975 -21.128463055555557 M517 0.021272728 24.995192 1.0048122 0.9276471 21.455387 1.1505724 decam -18.94438 50.161697 195 object "Eridanus position 9" 0 0.0 924.0 1948.0 1.4851274 0.9999626 -0.002473862 0.13109404 0.0024538944 1.0001177 15971001498 130.36989
/home/declsp/obsbot/rawdata/DECam_01462937.fits.fz N4 1462937 35.0 61113.0159146 1.24 131.25675962159832 -2.472103835656688 131.26427916666668 -2.3970000000000002 M517 0.028793292 24.997002 1.0081025 1.0981416 21.456501 1.68117 decam -3.1791682 0.047099724 203 object "pointing test" 0 0.0 924.0 1948.0 0.46376514 1.0000665 -0.0019132955 -0.08433235 0.0016290869 1.0000209 15510460094 20.818834
/home/declsp/obsbot/rawdata/DECam_01462938.fits.fz N4 1462938 369.3777 61113.01879357 1.25 135.04874831065234 -3.996103822513689 135.05627916666666 -3.921 M517 0.020045014 24.990786 1.0039544 0.98367107 21.532682 1.204996 decam -2.323733 13.993734 323 object IBIS_wide_M517_522202 522202 0.019307 924.0 1948.0 0.04873008 1.0001258 -0.0017521192 -0.21087901 0.0016749898 1.000072 16853573011 306.5385
/home/declsp/obsbot/rawdata/DECam_01462939.fits.fz N4 1462939 276.0082 61113.02340309 1.24 132.94475700145048 -2.1821038381536657 132.95227500000001 -2.107 M517 0.023155594 25.002981 1.0136696 0.9281577 21.535044 1.0675904 decam -10.030873 18.044092 301 object IBIS_wide_M517_522232 522232 0.018451 924.0 1948.0 0.39454615 1.0002217 -0.0017730866 -0.08545699 0.0017537675 0.999983 16509504262 258.5338
/home/declsp/obsbot/rawdata/DECam_01462940.fits.fz N4 1462940 373.0977 61113.02707493 1.27 138.54474583045183 -3.297103828546813 138.55227083333335 -3.222 M517 0.031011105 24.977936 0.99532753 0.98982364 21.533922 1.33635 decam -7.595673 29.512558 234 object IBIS_wide_M517_522275 522275 0.032784 924.0 1948.0 0.20258872 1.0002333 -0.0017060922 -0.22389638 0.0014583861 1.000093 16828667530 279.1916
/home/declsp/obsbot/rawdata/DECam_01462941.fits.fz N4 1462941 350.3078 61113.03169203 1.25 138.92075046178402 -3.2351038290815035 138.92827499999999 -3.16 M517 0.03805092 24.965183 0.9805582 1.0279307 21.544823 1.5261259 decam -5.7937646 28.397865 221 object IBIS_wide_M517_519290 519290 0.0355 924.0 1948.0 0.51935154 0.9999454 -0.0016282959 -0.25241393 0.0016382539 1.0000516 16677889210 229.54056
/home/declsp/obsbot/rawdata/DECam_01462942.fits.fz N4 1462942 333.3178 61113.03609339 1.25 139.3947536833596 -2.7671038331155375 139.402275 -2.692 M517 0.03138108 24.983639 0.997369 1.0156237 21.55553 1.3677633 decam -20.790068 29.60056 200 object IBIS_wide_M517_522276 522276 0.038174 924.0 1948.0 0.90816516 1.0002193 -0.0016790237 -0.063052826 0.0011761158 0.99996626 16648164662 243.69554
/home/declsp/obsbot/rawdata/DECam_01462943.fits.fz N4 1462943 335.4679 61113.0402735 1.23 138.70576127755436 -2.1601038383430504 138.71327916666667 -2.085 M517 0.04707275 24.991735 1.0016189 1.0019817 21.572788 1.4239095 decam -17.01963 34.935974 239 object IBIS_wide_M517_522300 522300 0.036794 924.0 1948.0 0.44299132 0.99973106 -0.001585483 -0.14370652 0.0015296834 1.000016 16641791702 235.59636
/home/declsp/obsbot/rawdata/DECam_01462944.fits.fz N4 1462944 301.8181 61113.0444847 1.22 140.32775174656084 -3.0571038306162257 140.335275 -2.982 M517 0.037989415 24.998213 1.0059988 0.98148775 21.586092 1.2601826 decam -21.48057 24.18733 238 object IBIS_wide_M517_519298 519298 0.036644 924.0 1948.0 0.30780733 1.0000675 -0.0015590587 -0.1054403 0.0017005474 0.99998266 16581817922 239.50348
/home/declsp/obsbot/rawdata/DECam_01462945.fits.fz N4 1462945 350.0878 61113.04830498 1.22 141.35674979199186 -3.3241038283139424 141.364275 -3.249 M517 0.03272134 24.926662 0.9418397 1.0175419 21.550543 1.5447533 decam -12.858164 30.727383 191 object IBIS_wide_M517_522279 522279 0.033526 924.0 1948.0 -0.182709 1.0000076 -0.0016007444 -0.34800246 0.0013955069 1.0000058 16753739863 226.63023
/home/declsp/obsbot/rawdata/DECam_01462946.fits.fz N4 1462946 325.538 61113.05273846 1.21 145.33971494067504 -6.140103803936575 145.34727083333334 -6.065 M517 0.025585765 24.976265 0.9842868 0.99517894 21.602821 1.2292905 decam -14.693577 24.81525 191 object IBIS_wide_M517_527948 527948 0.029478 924.0 1948.0 0.14141798 1.0000476 -0.0014859502 -0.067452915 0.0013000079 1.0000769 16532642350 264.81778
/home/declsp/obsbot/rawdata/DECam_01462947.fits.fz N4 1462947 309.9582 61113.05687719 1.2 141.68274722637977 -3.1071038301851766 141.69027083333333 -3.032 M517 0.030893557 25.002716 1.0069458 0.9989711 21.581444 1.2437665 decam -11.386431 25.509298 195 object IBIS_wide_M517_519294 519294 0.033309 924.0 1948.0 0.047334038 0.99989617 -0.0015877521 -0.16712718 0.0013640545 1.0000067 16540501068 249.2093
/home/declsp/obsbot/rawdata/DECam_01462948.fits.fz N4 1462948 394.1075 61113.06077946 1.19 143.4747453979226 -3.8571038237141715 143.48227500000002 -3.782 M517 0.043816056 25.01375 1.0156034 1.039695 21.599258 1.4075478 decam -9.155444 21.45698 186 object IBIS_wide_M517_518991 518991 0.041273 924.0 1948.0 0.1930309 1.0001277 -0.0014542989 -0.04624177 0.00134971 0.9999387 16869330471 279.99582
/home/declsp/obsbot/rawdata/DECam_01462949.fits.fz N4 1462949 350.7678 61113.06585021 1.19 148.2187156396203 -6.656103799445205 148.22627916666667 -6.5809999999999995 M517 0.07373133 25.018072 1.0196543 1.0180167 21.612196 1.5948718 decam -9.096845 18.554253 187 object IBIS_wide_M517_524952 524952 0.063984 924.0 1948.0 0.13121684 1.0000123 -0.0013517409 -0.0717534 0.0011643237 0.9999293 16595479003 219.9348
/home/declsp/obsbot/rawdata/DECam_01462950.fits.fz N4 1462950 347.0678 61113.07027395 1.17 144.6377400964903 -3.9831038226259823 144.64527083333334 -3.908 M517 0.04359751 25.021677 1.0197707 0.9975139 21.614239 1.2579125 decam -8.071133 21.82039 221 object IBIS_wide_M517_527969 527969 0.044049 924.0 1948.0 0.030282354 1.0001456 -0.001492096 -0.13065867 0.0011780217 1.0000455 17371814091 275.90775
/home/declsp/obsbot/rawdata/DECam_01462951.fits.fz N4 1462951 372.4276 61113.07461911 1.17 144.9887452022704 -3.3791038278395384 144.9962708333333 -3.304 M517 0.035399985 25.025085 1.0229784 1.0825093 21.627977 1.3805401 decam -1.8133839 20.26138 195 object IBIS_wide_M517_527970 527970 0.041598 924.0 1948.0 0.14493965 1.0002288 -0.001539331 -0.15082087 0.0013866611 1.000009 16689507454 269.7695
/home/declsp/obsbot/rawdata/DECam_01462952.fits.fz N4 1462952 348.5778 61113.07936216 1.17 150.29472424729008 -6.07110380453649 150.30227916666666 -5.996 M517 0.0391751 25.022938 1.0209554 1.1174555 21.639292 1.4963167 decam -1.4182274 17.407755 172 object IBIS_wide_M517_524954 524954 0.036622 924.0 1948.0 -0.1715976 1.0001352 -0.0011683508 -0.050971325 0.0011613528 0.9999824 16659943322 232.95723
/home/declsp/obsbot/rawdata/DECam_01462953.fits.fz N4 1462953 371.5976 61113.0836998 1.16 148.2167373351398 -4.274103820111492 148.22427083333335 -4.199 M517 0.032835696 25.02782 1.0239162 1.1705465 21.630697 1.5761461 decam 0.58279145 24.063736 180 object IBIS_wide_M517_524974 524974 0.035089 924.0 1948.0 0.1334109 1.0000569 -0.001300752 -0.07867102 0.0010711718 1.000036 16664851746 235.76341
/home/declsp/obsbot/rawdata/DECam_01462954.fits.fz N4 1462954 352.5677 61113.08832107 1.16 150.25973115542834 -4.8621038150247005 150.26727083333333 -4.787 M517 0.031096214 25.025103 1.0213552 1.1569914 21.64319 1.5134121 decam 1.3850949 26.258686 176 object IBIS_wide_M517_525456 525456 0.031953 924.0 1948.0 0.2642772 0.99996394 -0.001216823 0.01827211 0.0013569455 1.0000848 16543905189 232.96211
/home/declsp/obsbot/rawdata/DECam_01462955.fits.fz N4 1462955 294.0781 61113.09271418 1.16 150.74774262652627 -4.573103817525884 150.75527916666664 -4.498 M517 0.03283498 25.034594 1.030323 1.0480233 21.637907 1.2400924 decam 1.6249201 18.512283 157 object IBIS_wide_M517_528442 528442 0.032581 924.0 1948.0 0.021150077 1.0001305 -0.0012193929 -0.09655339 0.0011860635 0.9999944 16364378558 237.14209
/home/declsp/obsbot/rawdata/DECam_01462956.fits.fz N4 1462956 307.488 61113.09642972 1.15 152.80173179954357 -5.167103812382711 152.80927499999999 -5.092 M517 0.04059073 25.02534 1.019942 1.056299 21.642817 1.3389044 decam -3.0315864 26.2307 137 object IBIS_wide_M517_528435 528435 0.038409 924.0 1948.0 0.37908182 1.0000975 -0.0011569501 -0.13177499 0.0011610212 0.9999948 16436359871 229.65643
/home/declsp/obsbot/rawdata/DECam_01462957.fits.fz N4 1462957 360.8777 61113.10031644 1.15 152.44174172720443 -4.251103820310299 152.449275 -4.176 M517 0.030539775 25.0259 1.0204693 1.05188 21.632792 1.2572212 decam 3.1376 17.925362 170 object IBIS_wide_M517_525458 525458 0.03412 924.0 1948.0 0.11951223 0.99999374 -0.0011296603 -0.1631337 0.00091545953 1.000119 16648226650 287.0439
/home/declsp/obsbot/rawdata/DECam_01462958.fits.fz N4 1462958 347.1678 61113.10481042 1.15 151.64374644448927 -3.737103824750243 151.651275 -3.662 M517 0.031769514 25.023737 1.0184382 1.1019415 21.635155 1.3926129 decam 4.889676 14.804076 196 object IBIS_wide_M517_525460 525460 0.034136 924.0 1948.0 0.26832694 1.0000325 -0.0012074339 -0.24713533 0.0010743621 0.9999445 16552978656 249.29237
/home/declsp/obsbot/rawdata/DECam_01462959.fits.fz N4 1462959 299.9281 61113.1091656 1.14 154.50074066221393 -4.756103815942332 154.50827916666668 -4.681 M517 0.044812225 25.021582 1.0147915 1.0064533 21.630991 1.27072 decam -4.192952 26.181547 173 object IBIS_wide_M517_525451 525451 0.044191 924.0 1948.0 0.2207982 1.00018 -0.0011189888 -0.019253 0.0010157279 1.0000437 16406938174 236.03004
/home/declsp/obsbot/rawdata/DECam_01462960.fits.fz N4 1462960 283.2582 61113.11296282 1.14 156.63172519272842 -5.368103810640216 156.63927083333334 -5.293 M517 0.03923246 25.030869 1.0235087 0.9480207 21.637407 1.0643935 decam -0.07070616 13.519359 195 object IBIS_wide_M517_525438 525438 0.04034 924.0 1948.0 0.0012295493 1.0001553 -0.0009561677 -0.15070154 0.0010766397 1.000006 16332244899 266.1217
/home/declsp/obsbot/rawdata/DECam_01462961.fits.fz N4 1462961 265.8583 61113.11655519 1.13 157.6967200953185 -5.765103807195152 157.70427083333334 -5.6899999999999995 M517 0.03805412 25.03559 1.026323 0.91934144 21.633814 0.98846436 decam -0.93251795 22.11845 152 object IBIS_wide_M517_528418 528418 0.039774 924.0 1948.0 -0.03982522 1.0001686 -0.00095313054 -0.10427484 0.0008637695 0.9999042 16274079670 268.96094
