logs/db-2026-02-14.ecsv
# %ECSV 1.0
# ---
# datatype:
# - {name: filename, datatype: string}
# - {name: extension, datatype: string}
# - {name: expnum, datatype: int64}
# - {name: exptime, datatype: float32}
# - {name: mjd_obs, datatype: float64}
# - {name: airmass, datatype: float32}
# - {name: racenter, datatype: float64}
# - {name: deccenter, datatype: float64}
# - {name: rabore, datatype: float64}
# - {name: decbore, datatype: float64}
# - {name: band, datatype: string}
# - {name: ebv, datatype: float32}
# - {name: zeropoint, datatype: float32}
# - {name: transparency, datatype: float32}
# - {name: seeing, datatype: float32}
# - {name: sky, datatype: float32}
# - {name: expfactor, datatype: float32}
# - {name: camera, datatype: string}
# - {name: dx, datatype: float32}
# - {name: dy, datatype: float32}
# - {name: nmatched, datatype: int64}
# - {name: obstype, datatype: string}
# - {name: object, datatype: string}
# - {name: tileid, datatype: int64}
# - {name: tileebv, datatype: float32}
# - {name: affine_x0, datatype: float32}
# - {name: affine_y0, datatype: float32}
# - {name: affine_dx, datatype: float32}
# - {name: affine_dxx, datatype: float32}
# - {name: affine_dxy, datatype: float32}
# - {name: affine_dy, datatype: float32}
# - {name: affine_dyx, datatype: float32}
# - {name: affine_dyy, datatype: float32}
# - {name: checksum, datatype: string}
# - {name: efftime, datatype: float32}
# schema: astropy-2.0
filename extension expnum exptime mjd_obs airmass racenter deccenter rabore decbore band ebv zeropoint transparency seeing sky expfactor camera dx dy nmatched obstype object tileid tileebv affine_x0 affine_y0 affine_dx affine_dxx affine_dxy affine_dy affine_dyx affine_dyy checksum efftime
[from data line 41]
/home/declsp/obsbot/rawdata/DECam_01456925.fits.fz N4 1456925 316.2479 61086.26090696 1.1 172.81771939060593 -6.120103804110478 172.825275 -6.045 M490 0.038349632 25.013117 1.0498487 1.0008457 21.753258 1.0164592 decam 1.550541 18.563168 144 object IBIS_wide_M490_425118 425118 0.036879 924.0 1948.0 0.040395748 1.0002013 -0.00036374005 0.0025939497 0.00031932376 1.0000035 16332214005 311.12698
/home/declsp/obsbot/rawdata/DECam_01456926.fits.fz N4 1456926 327.4377 61086.26505624 1.1 178.77470238464034 -6.968103796724958 178.7822708333333 -6.893 M490 0.03284274 25.019356 1.0558982 0.98534095 21.74 0.95028365 decam -4.5580735 19.958096 155 object IBIS_wide_M490_428240 428240 0.034384 924.0 1948.0 0.0757303 0.99999446 -1.0231397e-06 -0.014690487 0.00024389703 1.0000235 16306938970 344.5684
/home/declsp/obsbot/rawdata/DECam_01456927.fits.fz N4 1456927 355.6176 61086.26925002 1.1 174.31071496904383 -6.138103803953966 174.31827083333334 -6.063 M490 0.031922966 25.012865 1.0496054 0.9964955 21.746841 0.9713709 decam 2.4460173 16.176062 132 object IBIS_wide_M490_425269 425269 0.041645 924.0 1948.0 -0.09303526 1.0004237 -0.00013831472 0.03200513 0.0005865863 1.0001771 16423639662 366.0987
/home/declsp/obsbot/rawdata/DECam_01456928.fits.fz N4 1456928 349.4276 61086.27388546 1.1 181.442708835707 -6.825103797972179 181.450275 -6.75 M490 0.032310568 25.017773 1.0543612 1.0429416 21.744081 1.0596526 decam -6.105064 14.092818 190 object IBIS_wide_M490_430955 430955 0.029983 924.0 1948.0 -0.004434939 1.0001643 7.321405e-05 0.04575648 -9.1884925e-05 1.000172 16394172886 329.75677
/home/declsp/obsbot/rawdata/DECam_01456929.fits.fz N4 1456929 309.1379 61086.27824047 1.1 180.01471793610804 -6.222103803223428 180.022275 -6.147 M490 0.02163278 25.018826 1.0553836 1.0171416 21.751265 0.93041074 decam -2.954771 11.747584 160 object IBIS_wide_M490_434233 434233 0.023749 924.0 1948.0 -0.08762256 1.0002508 -9.33925e-06 0.12126747 3.0946074e-05 1.0001844 16356512344 332.2596
/home/declsp/obsbot/rawdata/DECam_01456930.fits.fz N4 1456930 344.4676 61086.28214064 1.1 181.339714940675 -6.140103803936575 181.34727083333334 -6.065 M490 0.03283956 25.00834 1.0452412 1.0634058 21.74488 1.1240067 decam 0.50008404 13.603379 168 object IBIS_wide_M490_433940 433940 0.028753 924.0 1948.0 -0.0899467 1.0002041 2.8611956e-05 0.0555385 -0.0001434866 1.0001353 16478151107 306.464
/home/declsp/obsbot/rawdata/DECam_01456931.fits.fz N4 1456931 332.5978 61086.286452 1.1 180.57471636153016 -6.039103804814658 180.58227083333333 -5.964 M490 0.021721747 25.019005 1.0555574 1.0428809 21.7441 0.9847181 decam 6.6116114 17.165253 183 object IBIS_wide_M490_430957 430957 0.024084 924.0 1948.0 -0.16484015 1.0000681 -1.5650563e-05 -0.033926316 4.3774886e-05 1.0000867 16339908588 337.75943
/home/declsp/obsbot/rawdata/DECam_01456932.fits.fz N4 1456932 402.1973 61086.29078095 1.1 182.09672077889815 -6.021103804971113 182.104275 -5.946 M490 0.05321772 25.009203 1.0460709 1.0607418 21.7334 1.2935699 decam 4.8663406 18.772781 129 object IBIS_wide_M490_430961 430961 0.042646 924.0 1948.0 -0.070802785 1.0000869 9.97642e-05 0.046453863 -7.259422e-05 1.0001082 16527954127 310.9204
/home/declsp/obsbot/rawdata/DECam_01456933.fits.fz N4 1456933 405.5673 61086.29577223 1.1 182.45372446129866 -5.750103807325404 182.461275 -5.675 M490 0.045476485 25.020054 1.0565771 1.0870122 21.72616 1.2725816 decam 3.8645334 26.712923 156 object IBIS_wide_M490_433947 433947 0.042586 924.0 1948.0 -0.055308823 1.0002375 0.00011713602 0.09381195 -6.8177e-05 1.0001181 16568073025 318.6965
/home/declsp/obsbot/rawdata/DECam_01456934.fits.fz N4 1456934 300.078 61086.30080234 1.1 179.9947264337716 -5.913103805909631 180.00227916666668 -5.838 M490 0.024256436 25.010704 1.0475183 1.0181229 21.741968 0.97131544 decam -6.113955 40.803574 167 object IBIS_wide_M490_433943 433943 0.023523 924.0 1948.0 -0.22680528 1.0002136 3.1200518e-05 0.023619317 9.205069e-05 1.0000724 16229644865 308.93982
/home/declsp/obsbot/rawdata/DECam_01456935.fits.fz N4 1456935 299.4281 61086.30465469 1.1 184.1867242078028 -5.447103809955042 184.19427083333335 -5.372 M490 0.03911838 25.021341 1.0578319 0.98924637 21.752398 0.98399264 decam -7.1695647 35.64484 167 object IBIS_wide_M490_430963 430963 0.041412 924.0 1948.0 -0.016585032 1.0001435 0.00015837532 0.11419159 -1.2525251e-05 1.0001175 16238748419 304.29913
/home/declsp/obsbot/rawdata/DECam_01456936.fits.fz N4 1456936 339.4377 61086.30847882 1.1 187.41472789422644 -5.145103812573365 187.42227083333333 -5.07 M490 0.044895183 25.011154 1.0479522 1.047171 21.720213 1.2026246 decam -1.9435366 28.218958 164 object IBIS_wide_M490_434432 434432 0.04177 924.0 1948.0 0.0077355374 1.000245 0.00028954598 0.06385672 -0.0002750242 1.0000774 16390308022 282.24744
/home/declsp/obsbot/rawdata/DECam_01456937.fits.fz N4 1456937 425.9172 61086.31273154 1.11 187.66773628713625 -4.775103815777873 187.675275 -4.7 M490 0.040150173 25.01659 1.0551245 1.0630733 21.727118 1.1810699 decam -4.851026 30.45885 157 object IBIS_wide_M490_431447 431447 0.043463 924.0 1948.0 -0.022077465 0.99995655 0.0002739578 0.040862978 -0.00016683244 0.9999979 16690411386 360.61984
/home/declsp/obsbot/rawdata/DECam_01456938.fits.fz N4 1456938 383.1075 61086.31801717 1.11 191.07273875353923 -4.545103817768103 191.080275 -4.47 M490 0.029403815 25.001812 1.0408616 1.0937533 21.725462 1.1971555 decam -6.36365 31.66095 153 object IBIS_wide_M490_434429 434429 0.027293 924.0 1948.0 -0.18021026 1.0002391 0.0004982367 0.02921342 -0.00043825436 1.0001489 16497073698 320.01483
/home/declsp/obsbot/rawdata/DECam_01456939.fits.fz N4 1456939 349.0077 61086.32280158 1.11 188.07974200173356 -4.63210381701543 188.08727916666666 -4.557 M490 0.051568136 25.01561 1.0541728 1.0660619 21.741026 1.2680919 decam -12.015496 40.03499 168 object IBIS_wide_M490_434433 434433 0.041699 924.0 1948.0 -0.18549299 1.0001802 0.00033425636 0.15928279 -0.00032734277 1.0002356 16380480168 275.22272
/home/declsp/obsbot/rawdata/DECam_01456940.fits.fz N4 1456940 390.2075 61086.32750321 1.11 197.61873528850322 -4.865103814998726 197.626275 -4.79 M490 0.033697464 25.022642 1.0610224 1.0481379 21.70716 1.107593 decam -7.916994 21.279268 163 object IBIS_wide_M490_431219 431219 0.033902 924.0 1948.0 -0.14479713 1.0001768 0.0007871357 0.13417342 -0.0007366601 1.0001414 17351729024 352.30222
/home/declsp/obsbot/rawdata/DECam_01456941.fits.fz N4 1456941 364.3176 61086.33234265 1.1 198.02372476588724 -5.727103807525109 198.031275 -5.652 M490 0.03526221 25.023386 1.0598257 1.051598 21.71846 1.1134564 decam 2.006989 21.433603 176 object IBIS_wide_M490_434160 434160 0.038591 924.0 1948.0 -0.03964511 1.0000999 0.0008633605 0.14740732 -0.00061725476 1.0001113 16561033904 327.19522
/home/declsp/obsbot/rawdata/DECam_01456942.fits.fz N4 1456942 366.3477 61086.33689649 1.11 199.04573107701492 -4.869103814964093 199.05327083333336 -4.7940000000000005 M490 0.03421007 25.024336 1.0626802 1.0503484 21.740564 1.078896 decam -11.152923 22.370441 148 object IBIS_wide_M490_431218 431218 0.036212 924.0 1948.0 -0.09763065 1.0003204 0.0006443031 0.117057905 -0.0007853886 1.0000947 16480409660 339.55792
/home/declsp/obsbot/rawdata/DECam_01456943.fits.fz N4 1456943 356.9577 61086.34145767 1.11 199.77473774581034 -4.2321038204745225 199.7822708333333 -4.157 M490 0.036587887 25.003803 1.0427711 1.0318226 21.749392 1.0898681 decam -5.1192055 27.593313 168 object IBIS_wide_M490_431221 431221 0.036528 924.0 1948.0 -0.06120727 0.9999929 0.0008789519 -0.02102987 -0.00089919585 1.0001345 16388655717 327.52377
/home/declsp/obsbot/rawdata/DECam_01456944.fits.fz N4 1456944 392.9875 61086.34592693 1.11 198.28373756053776 -4.2511038203103 198.29127083333333 -4.176 M490 0.032691795 25.020445 1.0588787 1.1026855 21.746094 1.1792554 decam -13.501607 28.154076 162 object IBIS_wide_M490_431220 431220 0.031968 924.0 1948.0 0.048877146 1.0001415 0.0006550516 0.23499829 -0.0007453731 0.9999759 16589797913 333.25055
/home/declsp/obsbot/rawdata/DECam_01456945.fits.fz N4 1456945 345.3077 61086.35087039 1.11 203.20073121136798 -4.857103815067992 203.20827083333333 -4.782 M490 0.033408735 25.023674 1.0620326 1.006404 21.745214 0.9823897 decam 1.2047396 24.787764 181 object IBIS_wide_M490_431203 431203 0.031599 924.0 1948.0 -0.2927143 1.0005264 0.0007452206 -0.13052283 -0.0013523654 1.0001667 16379024976 351.49768
/home/declsp/obsbot/rawdata/DECam_01456946.fits.fz N4 1456946 392.9575 61086.35520949 1.11 203.91473624017195 -4.384103819160506 203.92227083333333 -4.309 M490 0.029549988 25.012226 1.050893 1.0951232 21.752272 1.1497582 decam -11.168797 23.494993 199 object IBIS_wide_M490_431204 431204 0.032147 924.0 1948.0 -0.03819402 1.0002552 0.0010067971 -0.044682495 -0.0011927683 1.0001671 16706889491 341.77402
/home/declsp/obsbot/rawdata/DECam_01456947.fits.fz N4 1456947 356.1977 61086.36009301 1.11 205.57974040631828 -3.9491038229196533 205.58727083333332 -3.874 M490 0.035827104 25.019936 1.0583806 1.0815065 21.772516 1.1317765 decam 3.995366 26.551981 204 object IBIS_wide_M490_434191 434191 0.03589 924.0 1948.0 -0.27546793 1.000237 0.0010535867 0.115229726 -0.0007757048 1.0000947 16414760562 314.72443
/home/declsp/obsbot/rawdata/DECam_01456948.fits.fz N4 1456948 438.9272 61086.36454482 1.11 204.26873985775626 -4.009103822401394 204.2762708333333 -3.934 M490 0.032239247 25.008038 1.0468475 1.1960596 21.765244 1.3900329 decam 0.37041524 35.9954 189 object IBIS_wide_M490_434190 434190 0.032939 924.0 1948.0 -0.22846696 1.0001069 0.0010661143 0.12433976 -0.0012243562 1.0001564 16612216905 315.7675
/home/declsp/obsbot/rawdata/DECam_01456949.fits.fz N4 1456949 439.2272 61086.37016596 1.11 208.36974135507225 -3.843103823835061 208.37727083333334 -3.768 M490 0.037430815 25.01649 1.0550297 1.1514485 21.732124 1.354125 decam -0.10187518 38.969624 179 object IBIS_wide_M490_434279 434279 0.038166 924.0 1948.0 -0.08721593 1.0002575 0.001179117 0.0888061 -0.0011483878 1.0001646 16694637578 324.36237
/home/declsp/obsbot/rawdata/DECam_01456950.fits.fz N4 1456950 150.0 61086.37703218 1.74 242.7449975212446 14.882674067745997 242.75277083333333 14.957778055555556 M490 0.034399606 24.907362 1.0696877 1.6117638 21.562813 3.7117486 decam -22.258219 37.919506 260 object "Pal14 position 0" 0 0.0 924.0 1948.0 -0.60956866 1.0001526 0.0023836978 -0.092503816 -0.0027952439 1.0001394 15887599873 40.41222
/home/declsp/obsbot/rawdata/DECam_01456951.fits.fz N4 1456951 150.0 61086.38011473 1.71 242.70604211022518 14.917142122984282 242.71381666666667 14.992246111111111 M490 0.033786226 24.910505 1.0669649 1.3486346 21.351305 3.1278706 decam 20.27024 7.620099 327 object "Pal14 position 1" 0 0.0 924.0 1948.0 -1.0492669 1.0001694 0.0024406456 -0.55696017 -0.0027246065 1.0001885 16061313431 47.955948
/home/declsp/obsbot/rawdata/DECam_01456952.fits.fz N4 1456952 150.0 61086.38218956 1.7 242.75152510637162 14.810781012851859 242.75929583333334 14.885885 M490 0.035507225 24.91723 1.0716486 1.4104402 21.133394 4.177431 decam 20.860577 14.051243 226 object "Pal14 position 2" 0 0.0 924.0 1948.0 -0.075000316 1.0002886 0.0024677215 0.2028609 -0.0026163254 1.0001957 16118732454 35.907234
/home/declsp/obsbot/rawdata/DECam_01456953.fits.fz N4 1456953 150.0 61086.38424621 1.69 242.8006741524306 14.952812122655848 242.80845 15.02791611111111 M490 0.033765104 24.91528 1.0677857 1.5262818 20.815002 6.504852 decam 24.51137 18.43518 293 object "Pal14 position 3" 0 0.0 924.0 1948.0 0.676628 1.0004214 0.0023804614 0.1288344 -0.0028448617 1.0002973 16397482622 23.059711
/home/declsp/obsbot/rawdata/DECam_01456954.fits.fz N4 1456954 150.0 61086.38631957 1.67 242.64097316263624 14.864872956798699 242.6487458333333 14.939976944444444 M490 0.03584386 24.923298 1.0718043 1.4318862 20.424755 8.195609 decam 29.137964 14.41278 166 object "Pal14 position 4" 0 0.0 924.0 1948.0 -0.5657747 1.000513 0.0024075673 0.2157694 -0.0027982863 1.0002319 16880110056 18.302483
/home/declsp/obsbot/rawdata/DECam_01456955.fits.fz N4 1456955 15.0 61086.39011536 1.12 189.70078795747543 -49.79143632983654 189.712425 -49.71633305555556 M490 0.12849489 24.998255 1.0393401 1.5076287 20.172783 18.565348 decam -10.770701 34.486523 793 object "LTT4861 N4" 0 0.0 924.0 1948.0 -0.21248098 1.0002933 0.0007427131 -0.14783753 -0.000653702 1.0000446 15556782897 0.8079569
/home/declsp/obsbot/rawdata/DECam_01456956.fits.fz N4 1456956 15.0 61086.39060033 1.13 189.21964629080875 -49.79143632983654 189.23128333333335 -49.71633305555556 M490 0.123391315 25.003426 1.0461996 1.1547059 20.080101 11.362674 decam -10.424937 22.895317 875 object "LTT4861 N5" 0 0.0 924.0 1948.0 -0.40440175 0.99999005 0.00070449803 0.14637575 -0.0010320484 1.0000695 15575251401 1.3201119
/home/declsp/obsbot/rawdata/DECam_01456957.fits.fz N4 1456957 15.0 61086.39109388 1.12 190.1818893914288 -49.95810327083149 190.19356666666667 -49.883 M490 0.13002166 25.003283 1.0441647 1.189414 19.960419 14.0746155 decam 1.9298496 14.71017 859 object "LTT4861 S3" 0 0.0 924.0 1948.0 -0.14165606 1.0002677 0.0007099624 -0.13123135 -0.0009088029 1.0000504 15597436202 1.0657485
/home/declsp/obsbot/rawdata/DECam_01456958.fits.fz N4 1456958 15.0 61086.39160042 1.13 189.70074772476212 -49.95810327083149 189.712425 -49.883 M490 0.11683266 25.001139 1.0439979 1.1626018 19.836395 13.855349 decam -12.5218315 5.036277 925 object "LTT4861 S4" 0 0.0 924.0 1948.0 0.0034689 1.0000365 0.00067811133 0.3858609 -0.0007649942 1.000115 15620366485 1.0826144
/home/declsp/obsbot/rawdata/DECam_01456959.fits.fz N4 1456959 15.0 61086.39208376 1.13 189.21960605809545 -49.95810327083149 189.23128333333335 -49.883 M490 0.12251485 25.00334 1.0461167 1.189913 19.72135 16.693213 decam -3.119193 8.923628 863 object "LTT4861 S5" 0 0.0 924.0 1948.0 -0.062594414 1.000036 0.0006586763 -0.16034175 -0.00081638753 1.0001885 15644623614 0.8985688
/home/declsp/obsbot/rawdata/DECam_01456960.fits.fz N4 1456960 10.0 61086.39376667 1.04 234.74177384719718 -28.584297477454864 234.7503291666667 -28.509193888888888 M490 0.11373475 25.020094 1.045177 1.0189139 19.279219 16.825434 decam 29.390919 -26.962152 460 object "LTT6248 N4" 0 0.0 924.0 1948.0 -0.34981322 1.0003084 0.0021621238 0.16799098 -0.0020186342 1.0001162 15648302411 0.5943383
/home/declsp/obsbot/rawdata/DECam_01456961.fits.fz N4 1456961 10.0 61086.39418181 1.04 234.38807384719718 -28.584297477454868 234.39662916666666 -28.509193888888888 M490 0.22622195 25.037674 1.0622373 0.9645602 19.17817 34.0503 decam 26.388304 -23.559944 327 object "LTT6248 N5" 0 0.0 924.0 1948.0 -0.347518 1.0003023 0.0022251243 0.2326417 -0.0019908652 1.0001959 15664545252 0.29368317
/home/declsp/obsbot/rawdata/DECam_01456962.fits.fz N4 1456962 10.0 61086.39462427 1.04 235.09544772966674 -28.750964697816126 235.10401666666667 -28.67586111111111 M490 0.13145722 25.01741 1.0425965 1.012819 19.062716 22.965813 decam 39.600353 -42.01438 453 object "LTT6248 S3" 0 0.0 924.0 1948.0 0.01790876 1.0001687 0.0020749355 0.3042917 -0.0021454333 1.0002377 15700870665 0.43542984
/home/declsp/obsbot/rawdata/DECam_01456963.fits.fz N4 1456963 10.0 61086.395038 1.04 234.74176022966677 -28.750964697816126 234.7503291666667 -28.67586111111111 M490 0.12067507 25.019981 1.045068 1.0004517 18.963818 22.728336 decam 45.9712 -36.604958 388 object "LTT6248 S4" 0 0.0 924.0 1948.0 0.25430176 1.0001819 0.0022109018 0.12780492 -0.0020100488 1.0001915 15730783789 0.4399794
/home/declsp/obsbot/rawdata/DECam_01456964.fits.fz N4 1456964 10.0 61086.39545031 1.04 234.38806022966676 -28.750964697816126 234.39662916666666 -28.67586111111111 M490 0.33074725 25.04011 1.064622 1.0257862 18.859024 103.580345 decam 40.62582 -41.275154 298 object "LTT6248 S5" 0 0.0 924.0 1948.0 -0.39372766 0.99988973 0.0022996464 0.64422584 -0.0023073955 0.9998497 15770046572 0.09654341
