logs/db-2024-11-26.ecsv
# %ECSV 1.0
# ---
# datatype:
# - {name: filename, datatype: string}
# - {name: extension, datatype: string}
# - {name: expnum, datatype: int64}
# - {name: exptime, datatype: float32}
# - {name: mjd_obs, datatype: float64}
# - {name: airmass, datatype: float32}
# - {name: racenter, datatype: float64}
# - {name: deccenter, datatype: float64}
# - {name: rabore, datatype: float64}
# - {name: decbore, datatype: float64}
# - {name: band, datatype: string}
# - {name: ebv, datatype: float32}
# - {name: zeropoint, datatype: float32}
# - {name: transparency, datatype: float32}
# - {name: seeing, datatype: float32}
# - {name: sky, datatype: float32}
# - {name: expfactor, datatype: float32}
# - {name: camera, datatype: string}
# - {name: dx, datatype: float32}
# - {name: dy, datatype: float32}
# - {name: nmatched, datatype: int64}
# - {name: obstype, datatype: string}
# - {name: object, datatype: string}
# - {name: tileid, datatype: int64}
# - {name: tileebv, datatype: float32}
# - {name: affine_x0, datatype: float32}
# - {name: affine_y0, datatype: float32}
# - {name: affine_dx, datatype: float32}
# - {name: affine_dxx, datatype: float32}
# - {name: affine_dxy, datatype: float32}
# - {name: affine_dy, datatype: float32}
# - {name: affine_dyx, datatype: float32}
# - {name: affine_dyy, datatype: float32}
# - {name: checksum, datatype: string}
# - {name: efftime, datatype: float32}
# schema: astropy-2.0
filename extension expnum exptime mjd_obs airmass racenter deccenter rabore decbore band ebv zeropoint transparency seeing sky expfactor camera dx dy nmatched obstype object tileid tileebv affine_x0 affine_y0 affine_dx affine_dxx affine_dxy affine_dy affine_dyx affine_dyy checksum efftime
rawdata/DECam_01343415.fits.fz N4 1343415 5.0 60641.01060305 1.0 354.26347155628287 -31.94621466091466 354.272325 -31.871111111111112 r 0.016571363 0.0 0.0 0.0 16.745079 0.0 decam 0.0 0.0 0 object pointing 0 0.0 0.0 0.0 0.0 0.0 0.0 0.0 0.0 0.0 23062722242 0.0
rawdata/DECam_01343416.fits.fz N4 1343416 30.0 60641.01196033 1.0 354.26347155628287 -31.94621466091466 354.272325 -31.871111111111112 r 0.016571363 0.0 0.0 0.0 17.144283 0.0 decam 0.0 0.0 0 object pointing 0 0.0 0.0 0.0 0.0 0.0 0.0 0.0 0.0 0.0 47499652730 0.0
rawdata/DECam_01343417.fits.fz N4 1343417 150.0 60641.0149588 1.06 347.1044708676797 -15.60240371938456 347.11227083333335 -15.5273 M464 0.03634075 24.91567 0.97458607 1.6010544 18.563904 56.36684 decam 13.335123 52.166874 138 object "NGC7492 M464" 0 0.0 924.0 1948.0 -0.10634739 0.99990076 0.00025137825 0.006160033 -0.0003645185 1.0000064 23157120234 2.661139
rawdata/DECam_01343418.fits.fz N4 1343418 150.0 60641.01707014 1.06 347.08846032942307 -15.769003717839515 347.0962666666667 -15.6939 M464 0.03546531 24.975845 1.0301261 1.299215 19.05031 21.104422 decam 17.940748 57.715683 59 object "NGC7492 M464" 0 0.0 924.0 1948.0 -0.3583093 0.999872 0.0006754633 0.13401943 -0.00042834104 0.9997015 20349980869 7.1075153
rawdata/DECam_01343419.fits.fz N4 1343419 150.0 60641.01918551 1.07 346.8214612481695 -15.745103718061324 346.8292666666667 -15.67 M464 0.03494858 24.976545 1.0329101 1.3658452 19.50858 15.21532 decam 13.81391 63.003654 59 object "NGC7492 M464" 0 0.0 924.0 1948.0 -0.29159603 1.0001786 0.00061728444 -0.027700871 -0.00034825475 1.0001608 18618368827 9.858485
rawdata/DECam_01343420.fits.fz N4 1343420 150.0 60641.02130475 1.07 347.3084701943705 -15.620103719220527 347.31627083333336 -15.545 M464 0.034631554 24.933565 0.9928193 1.9405209 19.947445 22.124525 decam 26.820158 71.58057 68 object "NGC7492 M464" 0 0.0 924.0 1948.0 -0.15900733 1.0001659 0.00017535617 -0.10048507 -9.0655085e-05 0.999963 17523117508 6.7798066
rawdata/DECam_01343421.fits.fz N4 1343421 150.0 60641.02340829 1.07 347.1044708676797 -15.60240371938456 347.11227083333335 -15.5273 M411 0.03634075 24.472506 0.99340534 1.5190312 20.401175 9.416928 decam 17.392273 67.42561 140 object "NGC7492 M411" 0 0.0 924.0 1948.0 0.0676067 0.99970204 0.00013326609 0.04888929 -0.00026090635 1.0000021 16254868735 15.928761
rawdata/DECam_01343422.fits.fz N4 1343422 150.0 60641.02553097 1.08 347.08846032942307 -15.769003717839515 347.0962666666667 -15.6939 M411 0.03546531 24.398996 0.93122464 1.8062352 20.799774 10.484452 decam 17.519342 78.09209 43 object "NGC7492 M411" 0 0.0 924.0 1948.0 -0.23699296 0.9997961 0.00043089836 0.14484753 -0.0002730849 0.9997243 15977895192 14.306899
rawdata/DECam_01343423.fits.fz N4 1343423 150.0 60641.02764398 1.08 346.8214612481695 -15.745103718061324 346.8292666666667 -15.67 M411 0.03494858 24.40725 0.93833023 1.5392023 21.104267 5.643375 decam 5.8799334 75.25833 52 object "NGC7492 M411" 0 0.0 924.0 1948.0 -0.12908925 1.0003284 0.0007829486 0.07901559 -0.00010086435 1.0002124 15816183716 26.57984
rawdata/DECam_01343424.fits.fz N4 1343424 150.0 60641.0297624 1.08 347.3084701943705 -15.620103719220527 347.31627083333336 -15.545 M411 0.034631554 24.401808 0.93363863 1.5212597 21.342714 4.459133 decam 8.685338 75.973404 65 object "NGC7492 M411" 0 0.0 924.0 1948.0 -0.22402418 0.99940664 0.00016693231 -0.061181776 -0.00048793407 0.9999602 15718370970 33.638824
rawdata/DECam_01343425.fits.fz N4 1343425 60.0 60641.03321157 1.27 36.14874136389894 -3.8421038238436958 36.15627083333334 -3.767 g 0.024478564 26.640034 1.0724415 2.08523 21.287498 6.0806966 decam -12.73719 58.478973 52 object XMM 0 0.0 924.0 1948.0 0.65430295 0.99998164 -0.0013509888 -0.116857484 0.0006216659 0.99943864 17712037796 9.8672905
rawdata/DECam_01343426.fits.fz N4 1343426 500.0 60641.03476513 1.26 35.860742517228324 -3.70910382499195 35.868270833333334 -3.634 M411 0.026497362 24.375048 0.96261096 1.8911592 21.807833 4.42118 decam -15.778944 -24.48317 51 object IBIS_deep_xmm_M411_55 0 0.0 924.0 1948.0 0.84356344 1.0002931 -0.0015570258 0.39536428 0.0014443108 1.0002955 16223697437 113.09199
rawdata/DECam_01343427.fits.fz N4 1343427 500.0 60641.04090154 1.24 35.54574289818932 -3.6641038253803795 35.553270833333336 -3.589 M411 0.02429236 24.337252 0.92399263 1.9578912 21.947805 4.3884206 decam -12.663735 -35.762558 34 object IBIS_deep_xmm_M411_56 0 0.0 924.0 1948.0 0.25463152 0.9995818 -0.0010669942 -0.01716366 0.0008288772 1.0001314 16101489022 113.93621
rawdata/DECam_01343428.fits.fz N4 1343428 500.0 60641.04707146 1.21 35.23074255128113 -3.70510382502648 35.23827083333333 -3.63 M411 0.022458946 24.3662 0.9402683 1.3596447 21.968996 1.9406688 decam -18.055792 -38.11528 57 object IBIS_deep_xmm_M411_57 0 0.0 924.0 1948.0 0.49637264 1.0005087 -0.0015435211 0.010326528 0.0013203342 1.0002435 16066132623 257.64313
rawdata/DECam_01343429.fits.fz N4 1343429 500.0 60641.05323454 1.17 34.265731728070264 -5.173103812330712 34.273275 -5.098 M411 0.02235076 24.385101 0.9451139 1.3450068 22.025217 1.7401313 decam -4.6205964 -28.105022 53 object IBIS_deep_xmm_M411_63 0 0.0 924.0 1948.0 -0.36163455 1.0001795 -0.0011760897 -0.017109966 0.0012406536 1.0000002 16035388951 287.33466
rawdata/DECam_01343430.fits.fz N4 1343430 500.0 60641.05950417 1.15 34.32973207481943 -5.484103809634076 34.33727916666667 -5.409 M411 0.023258748 24.39618 0.9489688 1.2835127 22.036194 1.5483131 decam 10.496677 6.695994 51 object IBIS_deep_xmm_M411_64 0 0.0 924.0 1948.0 0.35551673 0.9990446 -0.00088354753 -0.43086487 0.0012247694 0.99993 16033425175 322.9321
rawdata/DECam_01343431.fits.fz N4 1343431 500.0 60641.06566818 1.14 34.455728282153 -5.77610380709963 34.463279166666666 -5.7010000000000005 M411 0.024104962 24.410618 0.95872796 1.5421106 22.062263 2.1380384 decam 23.76196 5.786642 50 object IBIS_deep_xmm_M411_65 0 0.0 924.0 1948.0 -0.41471055 1.0006363 -0.0012694092 -0.13793775 0.0013455818 0.9999324 16017243820 233.85922
rawdata/DECam_01343432.fits.fz N4 1343432 458.0 60641.07182409 1.13 34.869721612494466 -6.2561038029276705 34.87727916666667 -6.181 M411 0.02540927 24.362617 0.91445607 1.6171814 22.079838 2.5533748 decam 19.813145 -7.7909546 55 object IBIS_deep_xmm_M411_67 0 0.0 924.0 1948.0 0.0026977786 0.9992509 -0.0012054233 -0.4471161 0.0015060339 0.99977314 16291908743 179.37045
rawdata/DECam_01343433.fits.fz N4 1343433 500.0 60641.07749102 1.14 36.2687349202747 -4.513103818044904 36.276270833333335 -4.438 M411 0.024391212 24.405819 0.9544985 1.3174456 22.096685 1.5292356 decam 7.729549 -2.782707 63 object IBIS_deep_xmm_M411_71 0 0.0 924.0 1948.0 0.5363239 0.9999785 -0.0012642314 -0.25822946 0.0018064555 0.99961406 15998265380 326.96072
rawdata/DECam_01343434.fits.fz N4 1343434 500.0 60641.08364388 1.13 36.12574190274673 -4.23310382046588 36.133275000000005 -4.158 M411 0.028798766 24.431257 0.97413504 1.3485764 22.095552 1.5848235 decam 14.879079 -2.1289732 56 object IBIS_deep_xmm_M411_72 0 0.0 924.0 1948.0 -0.01241119 0.9995482 -0.0012519058 -0.08460439 0.0012353542 0.9999081 16058817849 315.49255
rawdata/DECam_01343435.fits.fz N4 1343435 500.0 60641.08981819 1.13 35.560740133079584 -3.9791038226605333 35.56827083333333 -3.904 M411 0.02547976 24.369572 0.9203317 1.1203139 22.099365 1.1901348 decam 6.2652125 -6.078261 45 object IBIS_deep_xmm_M411_74 0 0.0 924.0 1948.0 0.9055497 1.0002313 -0.0016370307 0.22513393 0.001862514 1.0000892 15991385615 420.12048
rawdata/DECam_01343436.fits.fz N4 1343436 500.0 60641.09596792 1.11 34.62374119581646 -4.7071038163664225 34.631279166666666 -4.632 M411 0.021382116 24.373749 0.9182305 1.0522999 22.125893 0.98463416 decam 10.815157 0.7293897 51 object IBIS_deep_xmm_M411_78 0 0.0 924.0 1948.0 0.37026104 1.0001616 -0.0013365286 -0.12665096 0.0013465672 1.0001372 15993652594 507.80283
rawdata/DECam_01343437.fits.fz N4 1343437 336.0 60641.10213896 1.1 34.73972606277688 -5.62810380838453 34.747275 -5.553 M411 0.0225511 24.380182 0.92085934 1.2051442 22.159107 1.248604 decam 2.5015965 18.271059 60 object IBIS_deep_xmm_M411_81 0 0.0 924.0 1948.0 1.0564783 0.9999724 -0.0013696635 -0.18153445 0.0012768689 0.9999016 15751779785 269.10052
rawdata/DECam_01343438.fits.fz N4 1343438 301.0 60641.10640106 1.1 34.93071852254436 -5.882103806178952 34.938270833333334 -5.807 M411 0.0256092 24.38434 0.9243923 1.1706724 22.160326 1.1966287 decam 13.40211 20.021112 44 object IBIS_deep_xmm_M411_82 0 0.0 924.0 1948.0 0.29171586 1.0004097 -0.0012023989 -0.5165425 0.0013555588 0.9999426 15697400385 251.54002
rawdata/DECam_01343439.fits.fz N4 1343439 300.0 60641.11024239 1.1 37.35373282939357 -5.424103810154543 37.36127916666666 -5.349 M411 0.024244979 24.413895 0.94990057 1.190604 22.16146 1.1582717 decam 5.7809362 14.121223 45 object IBIS_deep_xmm_M411_91 0 0.0 924.0 1948.0 0.3811265 0.9998498 -0.0015980321 0.17905422 0.0017339615 0.99988955 15799077741 259.0066
rawdata/DECam_01343440.fits.fz N4 1343440 316.0 60641.11408377 1.11 37.47273223843806 -5.130103812703347 37.480275 -5.055 M411 0.029684784 24.447697 0.9829477 1.0906067 22.173954 0.9427953 decam 10.756711 25.588028 42 object IBIS_deep_xmm_M411_92 0 0.0 924.0 1948.0 0.027181111 0.9998883 -0.0016125395 -0.15524998 0.001245244 0.9999182 15717133244 335.17352
rawdata/DECam_01343441.fits.fz N4 1343441 60.0 60641.11852414 1.04 34.191492834034726 -14.897103725898075 34.19926666666667 -14.822 g 0.026671706 26.701765 1.0950302 1.0606624 21.866674 0.83579874 decam 6.00578 25.232122 72 object Wide 0 0.0 924.0 1948.0 0.21718615 0.99938494 -0.0014261189 -0.29654208 0.0014307558 0.99992085 16025803996 71.78762
rawdata/DECam_01343442.fits.fz N4 1343442 250.0 60641.1204631 1.04 34.191492834034726 -14.897103725898075 34.19926666666667 -14.822 M517 0.026671706 24.77441 1.0105273 1.0102991 21.577417 1.1730331 decam 18.08537 31.040907 73 object IBIS_wide_M517_505954 505954 0.02444 924.0 1948.0 0.25737342 0.999396 -0.0014673321 -0.29310408 0.0014897472 0.99996746 16026673595 213.12271
rawdata/DECam_01343443.fits.fz N4 1343443 245.0 60641.12373683 1.04 35.64449732543829 -14.88810372598091 35.65227083333334 -14.813 M517 0.021344706 24.781391 1.0170459 1.0230501 21.492039 1.2424899 decam 21.389849 26.205515 55 object IBIS_wide_M517_500898 500898 0.021221 924.0 1948.0 0.44050094 1.0001066 -0.0017307005 0.1861646 0.0014818454 0.9999849 16594917773 197.1847
rawdata/DECam_01343444.fits.fz N4 1343444 341.0 60641.12695043 1.04 36.791501059073774 -14.900103725870464 36.799275 -14.825 M517 0.021740386 24.60504 0.8645691 0.9864963 21.473875 1.6300044 decam 26.600416 32.844055 66 object IBIS_wide_M517_509876 509876 0.021501 924.0 1948.0 0.12523171 1.0001806 -0.0017001921 -0.4100282 0.001851469 0.99998665 16406472914 209.20189
rawdata/DECam_01343445.fits.fz N4 1343445 375.0 60641.13128253 1.04 37.73950160030191 -14.885103726008522 37.747274999999995 -14.81 M517 0.025268616 24.630356 0.8849652 1.0049561 21.458149 1.6744053 decam 33.689037 24.724237 70 object IBIS_wide_M517_509885 509885 0.02208 924.0 1948.0 -0.0065895235 1.000403 -0.0017372255 -0.09046417 0.0015926132 0.9999775 16567006001 223.96011
rawdata/DECam_01343446.fits.fz N4 1343446 0.0 60641.14316586 0.0 0.0 0.0 37.747499999999995 -14.8105 g 0.0 0.0 0.0 0.0 0.0 0.0 decam 0.0 0.0 -1 zero "" 0 0.0 0.0 0.0 0.0 0.0 0.0 0.0 0.0 0.0 "" 0.0
rawdata/DECam_01343447.fits.fz N4 1343447 0.0 60641.14344561 0.0 0.0 0.0 37.74745416666667 -14.810528055555556 g 0.0 0.0 0.0 0.0 0.0 0.0 decam 0.0 0.0 -1 zero "" 0 0.0 0.0 0.0 0.0 0.0 0.0 0.0 0.0 0.0 "" 0.0
rawdata/DECam_01343448.fits.fz N4 1343448 500.0 60641.14452759 1.04 42.520517793195395 -14.308103731304866 42.52827083333333 -14.233 M517 0.02797012 24.312828 0.66056406 2.2982538 21.292873 18.575918 decam 27.774406 -1.6811143 63 object IBIS_wide_M517_509845 509845 0.02722 924.0 1948.0 0.85384536 1.0000087 -0.0019814419 -0.35102662 0.0020789932 0.9999508 17153577196 26.91657
rawdata/DECam_01343449.fits.fz N4 1343449 500.0 60641.15072754 1.04 43.207495409946084 -14.941103725492999 43.215270833333335 -14.866 M517 0.03224282 24.790262 1.0253901 1.4076912 21.585207 2.2710285 decam 28.9843 10.655237 61 object IBIS_wide_M517_509843 509843 0.033332 924.0 1948.0 -0.27686557 1.000873 -0.002040076 -0.5940154 0.0019755084 1.0002581 16710038728 220.16457
rawdata/DECam_01343450.fits.fz N4 1343450 122.4193 60641.15690603 1.05 44.832498681495224 -14.73410372739726 44.840266666666665 -14.659 M517 0.048092443 24.791048 1.027778 1.0393126 21.570955 1.3842937 decam 16.561354 21.34137 61 object IBIS_wide_M517_509838 509838 0.04758 924.0 1948.0 0.4492411 1.0002152 -0.0018664128 -0.41943336 0.0016536381 1.0002172 15680258197 88.43449
rawdata/DECam_01343451.fits.fz N4 1343451 0.0 60641.17757793 0.0 0.0 0.0 59.435249999999996 -30.258471944444445 g 0.0 0.0 0.0 0.0 0.0 0.0 decam 0.0 0.0 -1 zero "" 0 0.0 0.0 0.0 0.0 0.0 0.0 0.0 0.0 0.0 "" 0.0
rawdata/DECam_01343452.fits.fz N4 1343452 0.0 60641.17785758 0.0 0.0 0.0 59.44779166666667 -30.258443888888888 g 0.0 0.0 0.0 0.0 0.0 0.0 decam 0.0 0.0 -1 zero "" 0 0.0 0.0 0.0 0.0 0.0 0.0 0.0 0.0 0.0 "" 0.0
rawdata/DECam_01343453.fits.fz N4 1343453 366.9381 60641.17980823 1.04 56.03350058951737 -14.913103725750796 56.041275 -14.838 M517 0.041493464 24.73886 0.9779749 3.6497679 21.572157 17.976608 decam 18.235716 3.164865 63 object IBIS_wide_M517_510038 510038 0.056353 924.0 1948.0 0.25213858 1.0004184 -0.0025164871 -0.5368664 0.0022840744 1.0000107 16449480936 20.411976
rawdata/DECam_01343454.fits.fz N4 1343454 500.0 60641.19950591 1.06 56.290550342035615 -13.328103740238879 56.29827083333333 -13.253 M517 0.07872839 24.77713 1.0163136 2.4412694 21.556562 9.597156 decam 36.805714 13.5269 91 object IBIS_wide_M517_507062 507062 0.071093 924.0 1948.0 -0.1400517 1.000283 -0.0021509824 -0.41483414 0.0023123852 0.99996746 17279886365 52.09877
rawdata/DECam_01343455.fits.fz N4 1343455 5.0 60641.20703205 1.08 53.144497362580864 -15.002103724931139 53.152275 -14.927 r 0.071563 26.865559 1.0525038 1.6356865 21.05579 1.8233649 decam 21.719234 22.311543 61 object Test 0 0.0 924.0 1948.0 -0.13170728 1.0003802 -0.0020469653 -0.11325182 0.0019627374 1.0001539 15476144983 2.742183
rawdata/DECam_01343456.fits.fz N4 1343456 60.0 60641.20852395 1.08 53.144497362580864 -15.002103724931139 53.152275 -14.927 r 0.071563 26.865435 1.0523839 0.99485016 21.107145 0.64452434 decam 10.127662 30.561365 82 object Test 0 0.0 924.0 1948.0 0.19802131 1.0001574 -0.001966319 -0.11470349 0.0019920631 1.0001246 17078385230 93.09191
rawdata/DECam_01343457.fits.fz N4 1343457 60.0 60641.2214022 1.11 53.144497362580864 -15.002103724931139 53.152275 -14.927 r 0.071563 26.862768 1.0527067 0.9510372 21.106153 0.5925884 decam 15.405755 42.21746 82 object Test 0 0.0 924.0 1948.0 0.22548375 1.0001314 -0.0019652243 -0.1750694 0.0020289533 1.0001402 17081072500 101.25071
rawdata/DECam_01343458.fits.fz N4 1343458 60.0 60641.22837771 1.12 53.144497362580864 -15.002103724931139 53.152275 -14.927 r 0.071563 26.86279 1.0536963 0.8656067 21.067768 0.5088465 decam 11.904256 46.237045 82 object Test 0 0.0 924.0 1948.0 0.16850981 1.0001458 -0.0019689826 -0.11299657 0.0020381883 1.0001639 17139394041 117.91375
rawdata/DECam_01343459.fits.fz N4 1343459 500.0 60641.23105018 1.15 53.47258293085154 -12.117103751179801 53.480266666666665 -12.042 M517 0.07663366 24.777637 1.0315604 0.9914616 21.489758 1.6634991 decam -6.526932 8.311697 96 object IBIS_wide_M517_507151 507151 0.059297 924.0 1948.0 -0.10033199 0.9999326 -0.0022395884 -0.00867718 0.0020917384 0.9998987 17288839685 300.57126
rawdata/DECam_01343460.fits.fz N4 1343460 500.0 60641.23721262 1.17 52.55056331356232 -13.049103742768885 52.558275 -12.974 M517 0.04785801 24.769384 1.0270367 1.0341115 21.482664 1.5448692 decam 5.4862294 7.8164196 106 object IBIS_wide_M517_510133 510133 0.062112 924.0 1948.0 0.50529873 1.0001773 -0.002074039 -0.17041683 0.0021252627 0.99997693 17018801545 323.652
