logs/db-2025-04-26.ecsv
# %ECSV 1.0
# ---
# datatype:
# - {name: filename, datatype: string}
# - {name: extension, datatype: string}
# - {name: expnum, datatype: int64}
# - {name: exptime, datatype: float32}
# - {name: mjd_obs, datatype: float64}
# - {name: airmass, datatype: float32}
# - {name: racenter, datatype: float64}
# - {name: deccenter, datatype: float64}
# - {name: rabore, datatype: float64}
# - {name: decbore, datatype: float64}
# - {name: band, datatype: string}
# - {name: ebv, datatype: float32}
# - {name: zeropoint, datatype: float32}
# - {name: transparency, datatype: float32}
# - {name: seeing, datatype: float32}
# - {name: sky, datatype: float32}
# - {name: expfactor, datatype: float32}
# - {name: camera, datatype: string}
# - {name: dx, datatype: float32}
# - {name: dy, datatype: float32}
# - {name: nmatched, datatype: int64}
# - {name: obstype, datatype: string}
# - {name: object, datatype: string}
# - {name: tileid, datatype: int64}
# - {name: tileebv, datatype: float32}
# - {name: affine_x0, datatype: float32}
# - {name: affine_y0, datatype: float32}
# - {name: affine_dx, datatype: float32}
# - {name: affine_dxx, datatype: float32}
# - {name: affine_dxy, datatype: float32}
# - {name: affine_dy, datatype: float32}
# - {name: affine_dyx, datatype: float32}
# - {name: affine_dyy, datatype: float32}
# - {name: checksum, datatype: string}
# - {name: efftime, datatype: float32}
# schema: astropy-2.0
filename extension expnum exptime mjd_obs airmass racenter deccenter rabore decbore band ebv zeropoint transparency seeing sky expfactor camera dx dy nmatched obstype object tileid tileebv affine_x0 affine_y0 affine_dx affine_dxx affine_dxy affine_dy affine_dyx affine_dyy checksum efftime
[from data line 44]
rawdata/DECam_01382138.fits.fz N4 1382138 395.408 60792.14212358 1.11 187.99272928853077 -5.700103807759526 188.00027916666667 -5.625 M517 0.03522524 25.068258 1.0542883 1.143109 21.551876 1.5229777 decam 15.13797 4.413716 141 object IBIS_wide_M517_531441 531441 0.035643 924.0 1948.0 -0.061069824 1.0000837 -5.4022963e-05 0.020131469 0.00016701705 1.0000405 16798420360 259.6282
rawdata/DECam_01382139.fits.fz N4 1382139 406.3483 60792.14703689 1.11 189.49372016181502 -5.760103807238571 189.50127083333334 -5.6850000000000005 M517 0.046582036 25.06115 1.0474074 1.1592469 21.534473 1.7310308 decam 12.323879 8.459648 163 object IBIS_wide_M517_534425 534425 0.027008 924.0 1948.0 -0.113191724 1.0000918 4.3829597e-05 0.08460611 -6.0513353e-06 1.0000162 16918355046 234.74353
rawdata/DECam_01382140.fits.fz N4 1382140 459.7679 60792.15209834 1.11 189.82573242800268 -5.456103809876974 189.83327916666667 -5.381 M517 0.024371441 25.060846 1.0471163 1.2442681 21.538866 1.7294385 decam 13.026995 12.767942 186 object IBIS_wide_M517_531442 531442 0.026024 924.0 1948.0 0.04003419 1.0000486 -0.00015827261 0.14819817 -0.000109181376 0.9999253 17116484891 265.84808
rawdata/DECam_01382141.fits.fz N4 1382141 438.048 60792.15789481 1.11 190.88272005539244 -5.768103807169101 190.89027083333335 -5.693 M517 0.024009762 25.06891 1.0549216 1.1757814 21.536278 1.5220126 decam 2.787558 9.028269 197 object IBIS_wide_M517_534406 534406 0.024952 924.0 1948.0 0.0063945483 0.99996483 7.783634e-05 0.003093592 4.381174e-06 0.99998003 17131492564 287.8084
rawdata/DECam_01382142.fits.fz N4 1382142 387.9283 60792.16334716 1.12 191.486730948386 -5.238103811767332 191.494275 -5.163 M517 0.026829775 25.074461 1.0620283 1.070172 21.53218 1.2755122 decam -2.3013852 18.995478 220 object IBIS_wide_M517_534407 534407 0.027942 924.0 1948.0 0.0273984 1.0001819 0.00017629529 0.056179713 -8.817266e-05 0.99983406 16786822531 304.1353
rawdata/DECam_01382143.fits.fz N4 1382143 366.3983 60792.16819799 1.12 194.05273242800266 -5.456103809876974 194.06027916666665 -5.381 M517 0.030872224 25.060112 1.0480852 1.0699971 21.531425 1.3436626 decam 5.8352237 19.415152 163 object IBIS_wide_M517_531425 531425 0.028435 924.0 1948.0 0.03994981 0.99997854 0.00023161068 0.03440862 -0.0002512137 1.0000094 16836903342 272.68622
rawdata/DECam_01382144.fits.fz N4 1382144 337.0585 60792.17279632 1.11 193.65971092765167 -6.955103796838372 193.66727916666667 -6.88 M517 0.035859417 25.068731 1.0547479 1.0434368 21.539856 1.2875608 decam -0.9186718 19.963478 184 object IBIS_wide_M517_534397 534397 0.033736 924.0 1948.0 -0.0907575 0.99999374 9.2523434e-05 0.268285 -0.0007122841 1.0000117 16602281514 261.78064
rawdata/DECam_01382145.fits.fz N4 1382145 349.6884 60792.17705413 1.13 192.31271333376074 -6.804103798155272 192.32027916666667 -6.729 M517 0.027004775 25.044477 1.034759 1.056955 21.531221 1.3175248 decam 1.7620609 19.771275 190 object IBIS_wide_M517_534398 534398 0.02831 924.0 1948.0 -0.13244866 1.0002296 0.00016478798 0.056832142 -0.00017448359 1.0000194 17407025664 265.41315
rawdata/DECam_01382146.fits.fz N4 1382146 341.6983 60792.18146676 1.12 195.83871139418716 -6.385103801805175 195.84627083333334 -6.31 M517 0.037157126 25.073832 1.0614141 1.0550674 21.522394 1.3359758 decam 4.743471 28.92512 172 object IBIS_wide_M517_534158 534158 0.037334 924.0 1948.0 -0.03648389 0.99968094 0.0004901101 -0.020267531 -0.00047786438 1.0001265 17054540545 255.76685
rawdata/DECam_01382147.fits.fz N4 1382147 69.0097 60792.18578603 1.13 196.256720903963 -6.012103805049338 196.264275 -5.937 M517 0.036834344 25.069542 1.0589244 1.0090363 21.533428 1.216986 decam 0.8446986 19.092268 144 object IBIS_wide_M517_531175 531175 0.035659 924.0 1948.0 0.016041046 1.0000843 0.000226775 0.09086146 -0.0002594707 1.0000261 15623911786 56.705418
rawdata/DECam_01382148.fits.fz N4 1382148 379.8982 60792.18694 1.13 197.53572558278356 -5.975103805370897 197.54327916666668 -5.9 M517 0.033421554 25.072718 1.0620267 1.0173038 21.497421 1.2443987 decam 1.4664593 29.479952 191 object IBIS_wide_M517_531174 531174 0.039124 924.0 1948.0 -0.094367765 0.99998313 0.0004229458 0.060363453 -0.00019168432 0.9999834 16856335449 305.28656
rawdata/DECam_01382149.fits.fz N4 1382149 370.4182 60792.19170272 1.13 198.56671336497408 -6.532103800525359 198.574275 -6.457 M517 0.056075633 25.06868 1.0580834 1.0205182 21.529547 1.4110099 decam 7.347689 17.540833 181 object IBIS_wide_M517_534154 534154 0.044655 924.0 1948.0 -0.104544446 1.0000663 0.00043397944 -0.011226774 -0.0003987835 0.9999736 16771897112 262.51993
rawdata/DECam_01382150.fits.fz N4 1382150 347.9684 60792.1963374 1.13 201.0297271067782 -5.547103809087475 201.037275 -5.472 M517 0.03786733 25.07748 1.0666949 0.98894614 21.495895 1.2003996 decam 5.5619335 27.910654 168 object IBIS_wide_M517_531213 531213 0.035527 924.0 1948.0 -0.09279984 1.0001353 0.0005850836 0.116929725 -0.0005938352 1.0000652 16706444036 289.87714
rawdata/DECam_01382151.fits.fz N4 1382151 344.0683 60792.20072408 1.14 201.87573519882267 -4.873103814929458 201.883275 -4.798 M517 0.031663433 25.073038 1.0640438 1.0069025 21.500544 1.2016569 decam 5.8605585 24.030266 176 object IBIS_wide_M517_531214 531214 0.03381 924.0 1948.0 -0.030460844 1.0002953 0.0005129007 0.030913811 -0.00089463795 1.0000001 16720346749 286.32822
rawdata/DECam_01382152.fits.fz N4 1382152 372.8082 60792.20505855 1.15 202.1427385544554 -4.564103817603741 202.150275 -4.489 M517 0.031564627 25.06889 1.0616859 1.0444965 21.494226 1.3095464 decam 10.14806 26.90448 159 object IBIS_wide_M517_534200 534200 0.033776 924.0 1948.0 -0.14351845 1.0000367 0.00061386183 0.083917886 -0.00042068952 1.0000739 16808755808 284.685
rawdata/DECam_01382153.fits.fz N4 1382153 443.0578 60792.20972721 1.14 202.1807062377131 -6.725103798843917 202.18827083333335 -6.65 M517 0.03393197 25.056137 1.0476078 1.1090575 21.471703 1.5658016 decam 11.814024 25.54072 200 object IBIS_wide_M517_534172 534172 0.032631 924.0 1948.0 0.1827349 0.9998319 0.00045527684 0.14072047 -0.0007215988 1.0001067 17118881773 282.95908
rawdata/DECam_01382154.fits.fz N4 1382154 499.0575 60792.21520948 1.15 203.2107183521353 -6.193103803475665 203.218275 -6.118 M517 0.03258865 25.064018 1.0569332 1.2004046 21.442635 1.8409053 decam 9.012652 24.126894 146 object IBIS_wide_M517_531190 531190 0.03035 924.0 1948.0 -0.28561583 1.0002419 0.0006013957 -0.022397209 -0.00048383232 1.000086 17474674316 271.0935
rawdata/DECam_01382155.fits.fz N4 1382155 500.0 60792.22135062 1.17 203.5737243949195 -5.755103807281987 203.581275 -5.68 M517 0.026824446 25.060486 1.0568815 1.2100091 21.451416 1.8014357 decam 18.715345 21.930729 179 object IBIS_wide_M517_534176 534176 0.029096 924.0 1948.0 -0.29479513 1.0001699 0.0006212165 0.17653364 -0.0007345014 1.0000412 17497198631 277.5564
rawdata/DECam_01382156.fits.fz N4 1382156 500.0 60792.22751657 1.16 207.40673186705797 -4.798103815578777 207.41427083333335 -4.723 M517 0.031560797 25.050507 1.0455347 1.2937388 21.472193 2.1191564 decam 10.235232 29.030626 176 object IBIS_wide_M517_531198 531198 0.028493 924.0 1948.0 0.057261977 0.99999213 0.0007623478 -0.049351607 -0.00054456195 1.000027 17357775892 235.94295
rawdata/DECam_01382157.fits.fz N4 1382157 500.0 60792.23367717 1.18 207.78374093515842 -4.731103816158713 207.79127916666667 -4.656 M517 0.029080262 25.05959 1.0577023 1.2560503 21.464306 1.9484224 decam 11.524996 25.291912 216 object IBIS_wide_M517_534184 534184 0.028731 924.0 1948.0 -0.104804136 1.000186 0.00067804236 0.07660613 -0.0006194354 0.9999604 17743705884 256.61786
rawdata/DECam_01382158.fits.fz N4 1382158 469.5776 60792.23982916 1.18 206.98471473034652 -6.441103801317714 206.992275 -6.366 M517 0.027438913 25.050844 1.0492182 1.1271484 21.432396 1.6259408 decam 16.37701 21.133718 182 object IBIS_wide_M517_534094 534094 0.02732 924.0 1948.0 -0.12750399 1.0003251 0.00069280906 0.19041325 -0.0007434891 1.000083 17270211777 288.80362
rawdata/DECam_01382159.fits.fz N4 1382159 500.0 60792.2456177 1.18 210.57072743764192 -5.839103806552477 210.57827916666668 -5.764 M517 0.026596528 25.064257 1.0622599 1.197962 21.437227 1.7741188 decam 10.44483 23.46467 199 object IBIS_wide_M517_534247 534247 0.02855 924.0 1948.0 -0.1811358 1.0000968 0.000913808 0.1276267 -0.0008259539 1.0000541 17392330533 281.83005
rawdata/DECam_01382160.fits.fz N4 1382160 483.4576 60792.25176394 1.2 210.93373241542062 -5.4571038098683 210.94127916666667 -5.382 M517 0.028126407 25.062828 1.0642692 1.1532764 21.403948 1.7164364 decam 10.605112 19.888514 215 object IBIS_wide_M517_531262 531262 0.027547 924.0 1948.0 -0.1642186 1.0001047 0.0009940572 -0.0057100216 -0.00080565974 1.000062 17504432116 281.66357
rawdata/DECam_01382161.fits.fz N4 1382161 434.3278 60792.25772845 1.2 211.09970614426086 -6.7311037987916205 211.10727083333333 -6.656 M517 0.028374976 25.05713 1.0586989 1.0594957 21.383413 1.4947109 decam 8.3480625 13.980346 218 object IBIS_wide_M517_531259 531259 0.027093 924.0 1948.0 -0.13288422 0.99992824 0.0009351712 -0.011591143 -0.0007487512 1.0000223 17438759654 290.57645
rawdata/DECam_01382162.fits.fz N4 1382162 500.0 60792.26311892 1.22 212.65072758523735 -5.171103812348046 212.65827083333332 -5.096 M517 0.032816425 25.058405 1.0633446 1.1329212 21.379702 1.7585351 decam 9.255916 13.958059 213 object IBIS_wide_M517_534249 534249 0.032114 924.0 1948.0 -0.17050369 0.99991983 0.0008706566 0.08536865 -0.0007728455 1.00005 17669695161 284.32755
rawdata/DECam_01382163.fits.fz N4 1382163 500.0 60792.26928336 1.22 213.55070707494707 -6.671103799314507 213.55827083333332 -6.596 M517 0.03476269 25.046354 1.0516081 1.087789 21.364258 1.7021978 decam 15.955155 5.2905593 229 object IBIS_wide_M517_531252 531252 0.035388 924.0 1948.0 0.0131114805 1.0000962 0.0009714133 0.34855154 -0.00093044084 1.0000987 17570041023 293.73788
rawdata/DECam_01382164.fits.fz N4 1382164 500.0 60792.27545648 1.23 216.44673177572847 -5.16910381236538 216.454275 -5.094 M517 0.05786268 25.05688 1.063556 1.1220973 21.386581 2.0102112 decam 8.945756 6.564287 202 object IBIS_wide_M517_539936 539936 0.05545 924.0 1948.0 -0.17755328 1.0001534 0.0011000963 0.25920516 -0.0010084978 1.0001621 17497355662 248.73009
rawdata/DECam_01382165.fits.fz N4 1382165 500.0 60792.28160991 1.23 217.339714940675 -6.140103803936575 217.34727083333334 -6.065 M517 0.062411472 25.044233 1.0512391 1.1520207 21.365088 2.2756846 decam 7.185713 11.246335 226 object IBIS_wide_M517_539932 539932 0.053756 924.0 1948.0 -0.24287404 1.0001932 0.0011681959 0.273825 -0.0010806785 1.0000441 17685286308 219.7141
rawdata/DECam_01382166.fits.fz N4 1382166 500.0 60792.28776704 1.25 218.09672077889815 -6.021103804971114 218.104275 -5.946 M517 0.059689805 25.06132 1.0713414 1.1538172 21.346594 2.212117 decam 17.302767 3.7686706 216 object IBIS_wide_M517_536953 536953 0.060449 924.0 1948.0 -0.060954623 1.0001955 0.0011527344 0.15900858 -0.000874742 1.0000896 17669155375 226.02783
rawdata/DECam_01382167.fits.fz N4 1382167 500.0 60792.29392259 1.26 219.08471996344852 -6.369103801944429 219.09227916666669 -6.294 M517 0.06403735 25.062147 1.073877 1.1162643 21.321291 2.1745937 decam 12.409147 7.5627174 225 object IBIS_wide_M517_539937 539937 0.065608 924.0 1948.0 -0.07587157 1.0001638 0.0011970507 0.05942909 -0.0010416162 1.0001014 17610456815 229.92801
rawdata/DECam_01382168.fits.fz N4 1382168 500.0 60792.30007502 1.27 220.5937201546952 -6.356103802057566 220.60127916666667 -6.281 M517 0.063182764 25.04455 1.0583079 1.198296 21.284037 2.6638973 decam 11.751106 -2.7672727 228 object IBIS_wide_M517_539922 539922 0.064019 924.0 1948.0 -0.1719658 1.0002221 0.001217992 0.18299064 -0.0012113615 1.0001069 17678078189 187.69493
rawdata/DECam_01382169.fits.fz N4 1382169 500.0 60792.30622603 1.28 223.66773628713625 -4.775103815777873 223.675275 -4.7 M517 0.0945745 25.047005 1.0624049 1.1535199 21.288345 2.978318 decam 13.736437 -4.7413993 234 object IBIS_wide_M517_537439 537439 0.087502 924.0 1948.0 -0.19274408 1.0001978 0.0012741188 0.08235061 -0.0013148162 1.0001168 17687679344 167.87999
rawdata/DECam_01382170.fits.fz N4 1382170 500.0 60792.31236929 1.3 225.54174543389308 -3.3491038280983108 225.54927083333334 -3.274 M517 0.1441894 25.075375 1.0940313 1.13291 21.268349 3.786521 decam 15.735343 -9.383514 212 object IBIS_wide_M517_540429 540429 0.13881 924.0 1948.0 0.2101729 1.0000392 0.0013681144 0.11942686 -0.0010051109 1.0000018 17722549997 132.04733
rawdata/DECam_01382171.fits.fz N4 1382171 500.0 60792.31853329 1.33 225.83075173954705 -3.0581038306076045 225.838275 -2.983 M517 0.12842089 25.051355 1.0752509 1.2748104 21.231472 4.696258 decam 13.491737 -13.740254 217 object IBIS_wide_M517_537454 537454 0.12833 924.0 1948.0 -0.17322005 1.0003043 0.0013164191 0.26358107 -0.0013330107 1.0000412 19268446193 106.46774
rawdata/DECam_01382172.fits.fz N4 1382172 500.0 60792.32483881 1.34 232.49076012278283 1.4268961308115662 232.498275 1.502 M517 0.04584704 25.044428 1.0701264 1.039029 21.288862 1.7907449 decam 16.513329 -12.375845 295 object IBIS_wide_M517_540498 540498 0.049558 924.0 1948.0 0.1445408 1.0000488 0.0015087571 -0.023686735 -0.001140023 1.0000689 17820257054 279.2134
rawdata/DECam_01382173.fits.fz N4 1382173 500.0 60792.33101051 1.37 232.07476517932216 1.121896133434666 232.08227916666667 1.197 M517 0.046073653 25.034914 1.0659031 1.0844241 21.271809 2.0190222 decam 14.555368 -6.1515536 292 object IBIS_wide_M517_537512 537512 0.052778 924.0 1948.0 -0.020180674 1.0002363 0.0015907352 0.16941558 -0.001511017 1.0000697 17763159684 247.64462
rawdata/DECam_01382174.fits.fz N4 1382174 500.0 60792.33722112 1.36 236.40976050514507 2.310896123204412 236.41727916666667 2.386 M517 0.10732447 25.033184 1.0625015 1.1616391 21.262733 3.435117 decam 10.88451 2.785569 325 object IBIS_wide_M517_537664 537664 0.095235 924.0 1948.0 -0.1338071 1.0000081 0.0016790583 0.1380508 -0.001440318 1.0000368 17952924997 145.55545
rawdata/DECam_01382175.fits.fz N4 1382175 500.0 60792.34336983 1.37 236.33276970100127 0.9738961347073083 236.34028333333333 1.049 M517 0.093977004 25.036337 1.0673 1.1003734 21.23342 2.8971198 decam 16.381403 1.5455523 318 object IBIS_wide_M517_537491 537491 0.094705 924.0 1948.0 -0.3533334 1.0001419 0.0016604199 0.030232618 -0.0013901487 1.0001107 20130752322 172.5852
rawdata/DECam_01382176.fits.fz N4 1382176 500.0 60792.34963879 1.33 242.0397610382232 1.1118961335206592 242.047275 1.187 M517 0.13942845 25.051537 1.0754318 1.0687563 21.257801 3.452116 decam 11.28921 16.208239 394 object IBIS_wide_M517_537330 537330 0.12517 924.0 1948.0 -0.22254841 1.0001792 0.0017556002 0.1666062 -0.0016150591 1.0001258 17960900541 144.8387
rawdata/DECam_01382177.fits.fz N4 1382177 500.0 60792.35580734 1.36 243.42575630666371 2.3168961231527514 243.43327499999998 2.392 M517 0.07969658 25.030005 1.0593944 1.1309451 21.264389 2.7520726 decam 12.692038 3.0831723 473 object IBIS_wide_M517_537342 537342 0.079227 924.0 1948.0 -0.3615159 1.0002959 0.001854755 0.07176029 -0.0014401888 1.0001321 17821721002 181.68126
rawdata/DECam_01382178.fits.fz N4 1382178 500.0 60792.36196557 1.37 243.71376064794603 1.255896132282298 243.721275 1.331 M517 0.09468369 25.032434 1.0634722 1.0803999 21.25527 2.7694054 decam 20.264486 3.7268949 435 object IBIS_wide_M517_540321 540321 0.092707 924.0 1948.0 -0.2312639 1.0002432 0.0018513178 0.29496104 -0.0016594611 1.0001394 18032978478 180.54417
