logs/db-2024-12-02.ecsv
# %ECSV 1.0
# ---
# datatype:
# - {name: filename, datatype: string}
# - {name: extension, datatype: string}
# - {name: expnum, datatype: int64}
# - {name: exptime, datatype: float32}
# - {name: mjd_obs, datatype: float64}
# - {name: airmass, datatype: float32}
# - {name: racenter, datatype: float64}
# - {name: deccenter, datatype: float64}
# - {name: rabore, datatype: float64}
# - {name: decbore, datatype: float64}
# - {name: band, datatype: string}
# - {name: ebv, datatype: float32}
# - {name: zeropoint, datatype: float32}
# - {name: transparency, datatype: float32}
# - {name: seeing, datatype: float32}
# - {name: sky, datatype: float32}
# - {name: expfactor, datatype: float32}
# - {name: camera, datatype: string}
# - {name: dx, datatype: float32}
# - {name: dy, datatype: float32}
# - {name: nmatched, datatype: int64}
# - {name: obstype, datatype: string}
# - {name: object, datatype: string}
# - {name: tileid, datatype: int64}
# - {name: tileebv, datatype: float32}
# - {name: affine_x0, datatype: float32}
# - {name: affine_y0, datatype: float32}
# - {name: affine_dx, datatype: float32}
# - {name: affine_dxx, datatype: float32}
# - {name: affine_dxy, datatype: float32}
# - {name: affine_dy, datatype: float32}
# - {name: affine_dyx, datatype: float32}
# - {name: affine_dyy, datatype: float32}
# - {name: checksum, datatype: string}
# - {name: efftime, datatype: float32}
# schema: astropy-2.0
filename extension expnum exptime mjd_obs airmass racenter deccenter rabore decbore band ebv zeropoint transparency seeing sky expfactor camera dx dy nmatched obstype object tileid tileebv affine_x0 affine_y0 affine_dx affine_dxx affine_dxy affine_dy affine_dyx affine_dyy checksum efftime
rawdata/DECam_01344912.fits.fz N4 1344912 5.0 60647.01407623 1.0 5.793554528156776 -31.111213559683122 5.8023291666666665 -31.03611 r 0.015776243 0.0 0.0 0.0 16.823826 0.0 decam 0.0 0.0 0 object pointing 0 0.0 0.0 0.0 0.0 0.0 0.0 0.0 0.0 0.0 22508794091 0.0
rawdata/DECam_01344913.fits.fz N4 1344913 30.0 60647.01529304 1.0 5.793554528156776 -31.111213559683122 5.8023291666666665 -31.03611 r 0.015776243 0.0 0.0 0.0 17.17998 0.0 decam 0.0 0.0 0 object pointing 0 0.0 0.0 0.0 0.0 0.0 0.0 0.0 0.0 0.0 46377511696 0.0
rawdata/DECam_01344914.fits.fz N4 1344914 5.0 60647.01781387 1.1 343.16323338400645 -20.585453671937714 343.1712583333333 -20.51035 g 0.03460902 26.693819 1.0973057 1.4363043 18.059288 54.290005 decam -1.1701149 17.708027 28 object "LTT9239 N4 g" 0 0.0 924.0 1948.0 -0.27592275 0.9998718 0.0006073799 0.043678824 -0.0010953384 0.9998525 17221896514 0.09209798
rawdata/DECam_01344915.fits.fz N4 1344915 15.0 60647.01823355 1.1 343.16323338400645 -20.585453671937714 343.1712583333333 -20.51035 M438 0.03460902 24.785221 1.0209589 1.282582 18.117922 51.117638 decam -14.343604 19.581806 23 object "LTT9239 N4 M438" 0 0.0 924.0 1948.0 -0.3907476 0.9994788 0.0005571565 0.015904957 -0.0012589849 0.9998423 16329375364 0.2934408
rawdata/DECam_01344916.fits.fz N4 1344916 12.0 60647.01876245 1.1 343.16323338400645 -20.585453671937714 343.1712583333333 -20.51035 M490 0.03460902 24.966032 1.0052941 1.2722399 18.28986 42.38597 decam -19.32233 34.650326 26 object "LTT9239 N4 M490" 0 0.0 924.0 1948.0 -0.37730473 0.9997807 0.00052352843 0.069036745 -0.0012075235 0.99991924 16140384172 0.28311256
rawdata/DECam_01344917.fits.fz N4 1344917 15.0 60647.0192513 1.1 343.16323338400645 -20.585453671937714 343.1712583333333 -20.51035 M464 0.03460902 24.974567 1.0374023 1.272457 18.351423 38.392365 decam -14.296309 45.84481 26 object "LTT9239 M464" 0 0.0 924.0 1948.0 -0.38110408 0.99973315 0.0005139532 0.030099437 -0.0012563494 0.99991024 16279815569 0.3907027
rawdata/DECam_01344918.fits.fz N4 1344918 3.0 60647.01974983 1.1 343.16323338400645 -20.585453671937714 343.1712583333333 -20.51035 g 0.03460902 26.687473 1.0909103 1.4525139 18.506254 37.217445 decam -16.390146 41.668346 27 object "LTT9239 g" 0 0.0 924.0 1948.0 -0.43553638 0.99978936 0.000510493 0.019685607 -0.0013089201 1.0000355 16079633894 0.08060736
rawdata/DECam_01344919.fits.fz N4 1344919 150.0 60647.02022071 1.1 347.1044708676797 -15.60240371938456 347.11227083333335 -15.5273 M438 0.03634075 24.772017 1.008618 1.3021133 18.78706 29.530445 decam -6.9157896 38.58541 143 object "NGC7492 M438" 0 0.0 924.0 1948.0 -0.15689628 1.0001088 0.00032770756 -0.07623841 -0.00012464634 1.0000283 20780638847 5.0795035
rawdata/DECam_01344920.fits.fz N4 1344920 150.0 60647.02232718 1.1 347.08846032942307 -15.769003717839515 347.0962666666667 -15.6939 M438 0.03546531 24.77395 1.0104157 1.3046502 19.259405 18.993294 decam 0.032581374 44.10632 45 object "NGC7492 M438" 0 0.0 924.0 1948.0 -0.2134982 0.9998486 0.0006341261 0.011987762 -0.0005864232 0.9996915 18871508077 7.8975244
rawdata/DECam_01344921.fits.fz N4 1344921 150.0 60647.02445634 1.11 346.8214612481695 -15.745103718061324 346.8292666666667 -15.67 M438 0.03494858 24.773468 1.0125097 1.2415357 19.704798 11.379666 decam -7.5148377 46.752403 52 object "NGC7492 M438" 0 0.0 924.0 1948.0 -0.24344058 0.9999037 0.000552689 -0.05884657 -0.00030381576 1.000138 17678118066 13.181406
rawdata/DECam_01344922.fits.fz N4 1344922 150.0 60647.0265536 1.11 347.3084701943705 -15.620103719220527 347.31627083333336 -15.545 M438 0.034631554 24.779816 1.0184466 1.3979313 20.11855 9.714354 decam -5.585488 46.102764 67 object "NGC7492 M438" 0 0.0 924.0 1948.0 -0.17006738 0.9996198 0.0002274056 -0.10356103 -0.0002649612 0.99991155 16926074286 15.441069
rawdata/DECam_01344923.fits.fz N4 1344923 60.0 60647.02934023 1.04 13.425846970438766 -14.547047618003827 13.433608333333334 -14.47194388888889 g 0.026233882 26.680346 1.0736393 1.3886176 20.726854 4.2427487 decam -25.434786 24.368362 67 object pointing 0 0.0 924.0 1948.0 -0.32937872 1.000228 -0.0003797103 -0.12717548 0.0003923535 0.99978805 17324696720 14.141775
rawdata/DECam_01344924.fits.fz N4 1344924 500.0 60647.0320415 1.04 13.42850530179971 -14.547103729114426 13.436266666666667 -14.472 M438 0.02623184 24.785812 1.0062196 1.3378105 21.369314 2.6098087 decam 1.4592756 5.519107 63 object IBIS_wide_M438_200850 200850 0.024418 924.0 1948.0 -0.16747282 1.0004565 -0.00046263088 0.067684636 0.00022451204 0.99981225 17093083015 191.58493
rawdata/DECam_01344925.fits.fz N4 1344925 500.0 60647.03823437 1.04 14.458494721409863 -14.960103725318026 14.466270833333333 -14.885 M438 0.023405 24.784245 1.0047687 1.4233224 21.729683 2.0805686 decam 1.664848 -11.271333 56 object IBIS_wide_M438_203830 203830 0.024203 924.0 1948.0 0.28875738 1.0003562 -0.0006046655 -0.06264267 0.00071684114 0.9995693 16565599630 240.31892
rawdata/DECam_01344926.fits.fz N4 1344926 500.0 60647.04439949 1.04 12.897495748789318 -14.81610372664335 12.905266666666666 -14.741 M438 0.021933515 24.78583 1.0062367 1.1153598 21.796112 1.18597 decam 6.009919 -5.413471 68 object IBIS_wide_M438_203835 203835 0.022012 924.0 1948.0 0.082855426 0.99984944 -0.00043573545 -0.05689606 0.00075626664 1.0002065 16660087292 421.59586
rawdata/DECam_01344927.fits.fz N4 1344927 500.0 60647.05056411 1.04 15.7814972893672 -14.889103725971706 15.789270833333333 -14.814 M438 0.019105501 24.803114 1.022383 1.1591861 21.839617 1.1667386 decam -5.5898657 3.968 69 object IBIS_wide_M438_203831 203831 0.020514 924.0 1948.0 0.069190904 0.99979657 -0.0007271089 0.048380528 4.147984e-05 0.99953556 16461232761 428.54498
rawdata/DECam_01344928.fits.fz N4 1344928 355.0 60647.05674096 1.04 16.086502905290274 -14.615103728490341 16.09426666666667 -14.54 M438 0.0215062 24.8063 1.025386 1.2600703 21.846312 1.3867149 decam 10.428529 11.91822 52 object IBIS_wide_M438_200846 200846 0.020878 924.0 1948.0 0.103031546 0.99996483 -0.0007832444 -0.20365758 0.0008922569 0.99976116 16112378201 256.0007
rawdata/DECam_01344929.fits.fz N4 1344929 363.0 60647.06126213 1.05 16.548513143098884 -14.322103731176686 16.556266666666666 -14.247 M438 0.02491223 24.778467 1.0019525 1.2870667 21.845793 1.5632305 decam -3.3134704 22.331041 64 object IBIS_wide_M438_203832 203832 0.02248 924.0 1948.0 0.10398777 1.0003893 -0.00059371325 -0.36160922 0.0008895429 1.000187 16176990178 232.21144
rawdata/DECam_01344930.fits.fz N4 1344930 13.6699 60647.06584176 1.05 17.54051384599394 -14.541103729169471 17.548275 -14.466 M438 0.022138903 24.798855 1.0209446 1.223081 21.800703 1.3881135 decam 6.849266 18.579588 14 object IBIS_wide_M438_201067 201067 0.022561 924.0 1948.0 -0.5400908 1.0006108 -0.0011165139 -0.41105115 0.0007510815 0.9995136 15348392902 9.847826
rawdata/DECam_01344932.fits.fz N4 1344932 13.3699 60647.06950214 1.05 17.54051384599394 -14.541103729169471 17.548275 -14.466 M438 0.022138903 24.810154 1.0316249 1.0604196 21.711721 1.1098475 decam 2.921995 16.199324 14 object IBIS_wide_M438_201067 201067 0.022561 924.0 1948.0 -0.5777637 1.0007296 -0.0011184763 -0.29340273 0.00089281285 0.9994348 15353111319 12.046609
rawdata/DECam_01344934.fits.fz N4 1344934 12.1099 60647.07115507 1.05 17.54051384599394 -14.541103729169471 17.548275 -14.466 M438 0.022138903 24.801996 1.023902 1.05394 21.663998 1.1629688 decam 1.7357402 16.877138 14 object IBIS_wide_M438_201067 201067 0.022561 924.0 1948.0 -0.484768 1.0005823 -0.0011451349 -0.38559842 0.0007742338 0.99954385 15350279255 10.41292
rawdata/DECam_01344935.fits.fz N4 1344935 26.6499 60647.07163077 1.05 17.14449736258087 -15.002103724931139 17.152275000000003 -14.927 M438 0.02498017 24.770063 0.9942266 1.3826507 21.787966 1.9330151 decam 1.2006593 17.189562 25 object IBIS_wide_M438_203746 203746 0.022894 924.0 1948.0 0.39477524 1.0002669 -0.00067928893 -0.36630112 0.00038623673 0.99987566 15379368714 13.7867
rawdata/DECam_01344936.fits.fz N4 1344936 500.0 60647.07228067 1.05 18.540486951286276 -15.059103724405832 18.548266666666667 -14.984 M438 0.021754462 24.772741 0.9966813 1.5389651 21.855463 2.184889 decam 3.1521041 18.522346 46 object IBIS_wide_M438_204051 204051 0.021365 924.0 1948.0 0.087985955 0.9996976 -0.0008458262 -0.2876226 0.0008178195 0.999967 16512323490 228.84457
rawdata/DECam_01344937.fits.fz N4 1344937 245.8786 60647.07843361 1.05 20.95949162914556 -15.045103724534885 20.967270833333334 -14.97 M438 0.019610537 24.730696 0.9588221 2.2845578 21.864565 5.0732136 decam -6.2038207 21.57706 32 object IBIS_wide_M438_201061 201061 0.020242 924.0 1948.0 0.060959466 0.99994665 -0.0008474963 -0.15573502 0.0005665187 0.9998827 15852030827 48.466045
rawdata/DECam_01344938.fits.fz N4 1344938 167.2091 60647.08164644 1.05 20.95949162914556 -15.045103724534885 20.967270833333334 -14.97 M438 0.019610537 24.769377 0.99359846 1.8933076 21.878122 3.2051463 decam -9.983828 13.779116 33 object IBIS_wide_M438_201061 201061 0.020242 924.0 1948.0 0.061023984 1.0000141 -0.0010094679 -0.049243588 0.0006852734 0.9998802 15683328922 52.168945
rawdata/DECam_01344939.fits.fz N4 1344939 100.5894 60647.08391437 1.05 23.562518670988503 -14.161103732649805 23.57026666666667 -14.086 M438 0.01905933 24.768885 0.9931469 1.9372344 21.913208 3.2382247 decam -4.656639 25.431 28 object IBIS_wide_M438_204037 204037 0.01832 924.0 1948.0 0.69072497 0.999933 -0.0011479575 -0.108768135 0.001504287 0.9997155 15528005931 31.063131
rawdata/DECam_01344940.fits.fz N4 1344940 500.0 60647.08542787 1.05 21.6235006979171 -14.910103725778411 21.631275000000002 -14.835 M438 0.019029949 24.791302 1.0138665 1.5483376 21.926783 1.960548 decam -7.6866255 23.214245 63 object IBIS_wide_M438_204047 204047 0.018352 924.0 1948.0 0.3457814 1.0002011 -0.0010606175 -0.33309838 0.0011810373 1.0000114 16356272238 255.03073
rawdata/DECam_01344941.fits.fz N4 1344941 500.0 60647.09157392 1.06 22.87849301447113 -14.892103725944098 22.886266666666664 -14.817 M438 0.017905245 24.776283 1.0024557 1.6442671 21.943842 2.2183976 decam 4.3789353 26.222342 60 object IBIS_wide_M438_204026 204026 0.017225 924.0 1948.0 0.018124226 1.0001984 -0.0011591719 -0.010009343 0.001099743 1.0000576 16352430564 225.38791
rawdata/DECam_01344942.fits.fz N4 1344942 451.1876 60647.09772929 1.06 25.002514385147343 -14.286103731506262 25.010266666666666 -14.211 M438 0.018361349 24.795212 1.020086 1.5983312 21.953978 2.0125716 decam 6.6206393 28.458652 50 object IBIS_wide_M438_204036 204036 0.017414 924.0 1948.0 0.4930578 0.9998546 -0.0011163643 -0.18056086 0.0011552251 0.9999891 16226893123 224.18462
rawdata/DECam_01344943.fits.fz N4 1344943 500.0 60647.10332119 1.07 24.61151342417557 -14.553103729059375 24.619275 -14.478 M438 0.017096872 24.812418 1.0389899 1.5257612 21.94618 1.7727028 decam 6.410702 31.183445 50 object IBIS_wide_M438_201050 201050 0.016829 924.0 1948.0 0.2766314 0.99985373 -0.0010443055 -0.34576303 0.0015059075 0.9998469 16319959392 282.05518
rawdata/DECam_01344944.fits.fz N4 1344944 338.5882 60647.10946083 1.07 25.71749991545599 -14.81610372664335 25.725270833333333 -14.741 M438 0.0151527515 24.79646 1.0238298 1.4175218 21.955517 1.5397398 decam 4.8917136 25.564653 44 object IBIS_wide_M438_204030 204030 0.015655 924.0 1948.0 0.8207482 0.99980044 -0.0012818653 0.008947077 0.0009474442 0.9999249 16000502521 219.89961
rawdata/DECam_01344945.fits.fz N4 1344945 415.4878 60647.11372348 1.07 26.94649348328958 -14.879103726063747 26.95426666666667 -14.804 M438 0.014036169 24.787481 1.0153977 1.3765166 21.959078 1.459073 decam 7.5489535 32.70675 63 object IBIS_wide_M438_204031 204031 0.014824 924.0 1948.0 0.026636306 1.0003594 -0.0010553742 -0.25903457 0.000792771 1.000163 16225850538 284.7615
rawdata/DECam_01344946.fits.fz N4 1344946 301.6584 60647.11886797 1.07 28.502503148453282 -14.842103726404186 28.510275 -14.767 M438 0.015557632 24.812977 1.0395249 1.4296422 21.957565 1.5209988 decam 5.787743 29.375252 55 object IBIS_wide_M438_205939 205939 0.014895 924.0 1948.0 0.60950273 0.9998663 -0.0014656255 -0.11666717 0.00083219446 0.99999654 15988074722 198.32913
rawdata/DECam_01344947.fits.fz N4 1344947 347.9781 60647.12283191 1.08 29.02950974959279 -14.539103729187822 29.037270833333334 -14.464 M438 0.014821835 24.794773 1.0248151 1.3775057 21.949411 1.4632246 decam 4.9416866 24.782486 62 object IBIS_wide_M438_202959 202959 0.015554 924.0 1948.0 0.0959254 1.0003972 -0.001330393 -0.47667554 0.0010213208 1.0004703 16056222325 237.8159
rawdata/DECam_01344948.fits.fz N4 1344948 368.078 60647.12722591 1.09 29.32953362022404 -13.841103735571577 29.337270833333335 -13.766 M438 0.016283987 24.788473 1.0214503 1.4143519 21.925365 1.6131245 decam 6.5506363 28.381832 59 object IBIS_wide_M438_204076 204076 0.016963 924.0 1948.0 -0.64193195 1.0000969 -0.0014803221 -0.088704824 0.00095673953 0.99999017 16068584909 228.17706
rawdata/DECam_01344949.fits.fz N4 1344949 487.7974 60647.13183323 1.09 30.702515520654504 -14.253103731808281 30.710266666666662 -14.178 M438 0.021053677 24.773842 1.0077783 1.4866345 21.938972 1.8742518 decam 2.3718898 31.432524 63 object IBIS_wide_M438_205967 205967 0.02 924.0 1948.0 0.1851174 1.0001975 -0.0009645546 -0.24161324 0.0018700359 1.0001299 16311502943 260.26245
rawdata/DECam_01344950.fits.fz N4 1344950 471.8777 60647.13797741 1.09 31.943523303801594 -14.269103731661858 31.951274999999995 -14.194 M438 0.02247318 24.773045 1.0070379 1.4560735 21.911621 1.8665739 decam 6.7400084 23.543814 43 object IBIS_wide_M438_205964 205964 0.022561 924.0 1948.0 -0.53418505 0.99970835 -0.0016489819 -0.28948283 0.00085806265 0.9992058 16493814687 252.80418
rawdata/DECam_01344951.fits.fz N4 1344951 500.0 60647.14382033 1.11 31.607518981952623 -14.394103730517218 31.615275 -14.319 M438 0.022757435 24.781317 1.0198554 1.6006837 21.913576 2.2219484 decam 20.425272 20.681982 52 object IBIS_wide_M438_202955 202955 0.022293 924.0 1948.0 -0.041424476 1.0003264 -0.0014008399 -0.35276484 0.0016536781 0.9996995 16797521033 225.02773
rawdata/DECam_01344952.fits.fz N4 1344952 500.0 60647.14998965 1.11 32.6125008062925 -14.907103725806026 32.62027500000001 -14.832 M438 0.024979867 24.779692 1.0183302 1.6982294 21.916441 2.5440025 decam 9.220651 24.474066 61 object IBIS_wide_M438_205962 205962 0.024774 924.0 1948.0 0.2525021 0.9997232 -0.0014335221 -0.21400875 0.0015760947 0.9998906 16357804296 196.54068
rawdata/DECam_01344953.fits.fz N4 1344953 500.0 60647.15613257 1.12 34.81756431047284 -13.0171037430587 34.825275 -12.942 M438 0.022207255 24.778234 1.0195242 1.7335477 21.915575 2.6049075 decam 4.8132443 35.182907 49 object IBIS_wide_M438_202966 202966 0.020275 924.0 1948.0 0.34087184 0.99985826 -0.0017055993 -0.2882531 0.0021475104 0.9998784 16358324966 191.94539
rawdata/DECam_01344954.fits.fz N4 1344954 500.0 60647.16230304 1.13 34.65549779892428 -14.990103725041697 34.663275 -14.915 M438 0.028335774 24.7673 1.0118501 1.7663083 21.905903 2.9159 decam 21.54193 27.735714 51 object IBIS_wide_M438_202946 202946 0.024156 924.0 1948.0 0.18572375 1.0004992 -0.0017218707 -0.3244919 0.00097134034 0.99974227 16352819913 171.47365
rawdata/DECam_01344955.fits.fz N4 1344955 500.0 60647.16845472 1.14 35.64449732543829 -14.88810372598091 35.65227083333334 -14.813 M438 0.021344706 24.775705 1.0222807 1.633371 21.809807 2.5446932 decam 14.86728 26.226938 46 object IBIS_wide_M438_200898 200898 0.021221 924.0 1948.0 0.60675704 1.0000783 -0.0020266569 0.15319471 0.0016775607 0.9997933 17390454194 196.48734
rawdata/DECam_01344956.fits.fz N4 1344956 500.0 60647.17460882 1.15 36.791501059073774 -14.900103725870464 36.799275 -14.825 M438 0.021740386 24.761202 1.0112555 1.6343479 21.908438 2.3966403 decam 11.1633215 30.910027 53 object IBIS_wide_M438_209876 209876 0.021501 924.0 1948.0 0.11091035 1.0002327 -0.0016800417 -0.12274183 0.0017135672 0.9998405 16405696277 208.62538
