logs/db-2026-04-19.ecsv
# %ECSV 1.0
# ---
# datatype:
# - {name: filename, datatype: string}
# - {name: extension, datatype: string}
# - {name: expnum, datatype: int64}
# - {name: exptime, datatype: float32}
# - {name: mjd_obs, datatype: float64}
# - {name: airmass, datatype: float32}
# - {name: racenter, datatype: float64}
# - {name: deccenter, datatype: float64}
# - {name: rabore, datatype: float64}
# - {name: decbore, datatype: float64}
# - {name: band, datatype: string}
# - {name: ebv, datatype: float32}
# - {name: zeropoint, datatype: float32}
# - {name: transparency, datatype: float32}
# - {name: seeing, datatype: float32}
# - {name: sky, datatype: float32}
# - {name: expfactor, datatype: float32}
# - {name: camera, datatype: string}
# - {name: dx, datatype: float32}
# - {name: dy, datatype: float32}
# - {name: nmatched, datatype: int64}
# - {name: obstype, datatype: string}
# - {name: object, datatype: string}
# - {name: tileid, datatype: int64}
# - {name: tileebv, datatype: float32}
# - {name: affine_x0, datatype: float32}
# - {name: affine_y0, datatype: float32}
# - {name: affine_dx, datatype: float32}
# - {name: affine_dxx, datatype: float32}
# - {name: affine_dxy, datatype: float32}
# - {name: affine_dy, datatype: float32}
# - {name: affine_dyx, datatype: float32}
# - {name: affine_dyy, datatype: float32}
# - {name: checksum, datatype: string}
# - {name: efftime, datatype: float32}
# schema: astropy-2.0
filename extension expnum exptime mjd_obs airmass racenter deccenter rabore decbore band ebv zeropoint transparency seeing sky expfactor camera dx dy nmatched obstype object tileid tileebv affine_x0 affine_y0 affine_dx affine_dxx affine_dxy affine_dy affine_dyx affine_dyy checksum efftime
[from data line 41]
/home/declsp/obsbot/rawdata/DECam_01476751.fits.fz N4 1476751 486.867 61150.07270629 1.12 172.24874561931114 -4.27910382006827 172.25627916666667 -4.204 M490 0.04640034 24.739737 0.81912535 0.94237185 21.791824 1.1133602 decam -9.327539 -4.5359106 137 object IBIS_wide_M490_425301 425301 0.057635 924.0 1948.0 -0.043756183 1.0000899 -0.00034694807 0.177691 0.00011866402 0.9999156 16767140334 437.29517
/home/declsp/obsbot/rawdata/DECam_01476752.fits.fz N4 1476752 400.0576 61150.07865385 1.12 172.36974135507228 -3.843103823835061 172.37727083333334 -3.768 M490 0.082205795 24.785042 0.85402936 0.9160672 21.806164 0.9552919 decam -4.7297964 0.09822153 103 object IBIS_wide_M490_428287 428287 0.05573 924.0 1948.0 0.13692868 1.0004705 -0.00020851598 0.2480867 0.00017224086 0.99979377 16456883664 418.78046
/home/declsp/obsbot/rawdata/DECam_01476753.fits.fz N4 1476753 288.1183 61150.08360592 1.12 173.88574422653056 -3.98710382259143 173.89327500000002 -3.912 M490 0.04981878 24.9219 0.96875876 0.8969855 21.842478 0.6884895 decam -3.3625174 0.7032797 129 object IBIS_wide_M490_428264 428264 0.043328 924.0 1948.0 0.037332714 1.000072 -0.0002811094 0.10613408 0.00023156768 0.99997807 16213183534 418.47885
/home/declsp/obsbot/rawdata/DECam_01476754.fits.fz N4 1476754 342.748 61150.08730721 1.12 169.99374294022928 -3.6591038254235353 170.0012708333333 -3.584 M490 0.054445963 24.864939 0.9192458 0.9258418 21.834621 0.8204038 decam -5.725449 16.21886 155 object IBIS_wide_M490_425214 425214 0.048518 924.0 1948.0 0.12707944 1.000184 -0.00055724604 -0.0075389375 0.0003585693 0.99999076 16288875309 417.7796
/home/declsp/obsbot/rawdata/DECam_01476755.fits.fz N4 1476755 252.1285 61150.09164904 1.12 174.31474694683652 -3.6781038252595386 174.322275 -3.6029999999999998 M490 0.033268407 24.933023 0.9787357 0.8847724 21.849955 0.6518335 decam -5.8068986 1.5602598 129 object IBIS_wide_M490_425281 425281 0.034369 924.0 1948.0 -0.2958915 1.0002908 -0.00034626317 0.055731647 0.00028812225 0.999836 16091172182 386.79895
/home/declsp/obsbot/rawdata/DECam_01476756.fits.fz N4 1476756 272.0584 61150.09495864 1.12 178.58674662421356 -3.7161038249315252 178.594275 -3.641 M490 0.02133874 24.892895 0.9432213 0.8871722 21.807787 0.7335893 decam -13.973634 -0.052400198 180 object IBIS_wide_M490_425284 425284 0.024099 924.0 1948.0 0.006611321 1.0002587 -9.0620975e-05 0.032043427 0.00012502141 1.0000517 16606992695 370.8593
/home/declsp/obsbot/rawdata/DECam_01476757.fits.fz N4 1476757 362.8378 61150.09842536 1.13 179.4497441906669 -3.5071038267352597 179.45727083333335 -3.432 M490 0.025582442 24.731245 0.81422114 0.8843947 21.768608 1.0179533 decam -7.12999 -0.61038625 137 object IBIS_wide_M490_428252 428252 0.025787 924.0 1948.0 -0.078159645 1.0001658 -0.0001435891 0.06710474 -6.133637e-05 1.0000197 16409879551 356.43857
/home/declsp/obsbot/rawdata/DECam_01476758.fits.fz N4 1476758 202.2388 61150.1029384 1.12 177.35674979199186 -3.3241038283139424 177.364275 -3.249 M490 0.024208702 24.950106 0.99425596 0.8922678 21.828943 0.6549076 decam -5.952775 6.0029707 160 object IBIS_wide_M490_428271 428271 0.023615 924.0 1948.0 -0.12947266 1.0002024 -0.00015196913 0.1257607 0.00011956617 0.99986124 15984398043 308.80508
/home/declsp/obsbot/rawdata/DECam_01476759.fits.fz N4 1476759 226.2987 61150.10565548 1.12 180.9887452022704 -3.379103827839538 180.99627083333334 -3.304 M490 0.027540887 24.992844 1.0341733 0.8714583 21.829649 0.5771332 decam -13.138854 -5.769649 145 object IBIS_wide_M490_433962 433962 0.027717 924.0 1948.0 -0.13772139 1.0002745 4.9085316e-05 0.18060222 -0.00016914551 0.99988323 15992225179 392.1083
/home/declsp/obsbot/rawdata/DECam_01476760.fits.fz N4 1476760 233.6785 61150.10859547 1.12 181.4957457318971 -3.3101038284346918 181.50327083333332 -3.235 M490 0.026805758 24.96061 1.0039207 0.8624657 21.808296 0.6118225 decam -9.744962 0.25477478 142 object IBIS_wide_M490_430978 430978 0.027562 924.0 1948.0 0.047434818 0.99990636 -0.00013555014 0.07556212 2.854064e-05 0.9999298 16010733485 381.9384
/home/declsp/obsbot/rawdata/DECam_01476761.fits.fz N4 1476761 226.1586 61150.11162658 1.13 182.853755920239 -3.056103830624847 182.86127916666666 -2.981 M490 0.027124638 24.9583 1.003608 0.84970635 21.795961 0.6032599 decam -5.29393 -0.64010346 146 object IBIS_wide_M490_430974 430974 0.028542 924.0 1948.0 -0.0055499836 1.0001043 0.00014146665 0.020041972 -9.6943484e-05 0.99976593 15986488359 374.89413
/home/declsp/obsbot/rawdata/DECam_01476762.fits.fz N4 1476762 216.7587 61150.1145631 1.13 184.1977557583911 -3.0791038304265683 184.20527916666666 -3.004 M490 0.03340389 24.979673 1.0235609 0.8461513 21.791792 0.5773562 decam -12.55858 -0.6721742 150 object IBIS_wide_M490_431542 431542 0.033348 924.0 1948.0 -0.09249841 1.0000007 0.00010980974 0.25327432 -0.00039150452 0.9999993 15972675185 375.4332
/home/declsp/obsbot/rawdata/DECam_01476763.fits.fz N4 1476763 330.198 61150.11741597 1.13 185.63175548116658 -3.118103830090341 185.63927916666668 -3.043 M490 0.03443402 24.863714 0.9198767 0.91428983 21.762732 0.8568201 decam -5.277114 0.50203705 153 object IBIS_wide_M490_431537 431537 0.034762 924.0 1948.0 0.017961593 1.0000364 0.00011197725 0.18841285 -0.00037104732 0.9999868 16316762967 385.3761
/home/declsp/obsbot/rawdata/DECam_01476764.fits.fz N4 1476764 455.0872 61150.12154511 1.13 186.00075795755373 -2.750103833262009 186.00827916666668 -2.675 M490 0.031067874 24.776114 0.848574 0.956523 21.741697 1.1232945 decam -8.013107 -0.84439754 156 object IBIS_wide_M490_434523 434523 0.032164 924.0 1948.0 -0.036797825 1.0002103 0.00016858874 -0.031186407 -0.00014554804 0.999927 16696212598 405.13614
/home/declsp/obsbot/rawdata/DECam_01476765.fits.fz N4 1476765 580.3173 61150.12715419 1.13 187.39475365796233 -2.7711038330810727 187.402275 -2.6959999999999997 M490 0.027960915 24.559877 0.69533664 0.92444164 21.685123 1.6465129 decam -12.718542 0.62595135 155 object IBIS_wide_M490_434524 434524 0.030266 924.0 1948.0 -0.042782005 1.000109 0.000255058 0.1398153 -0.0003612704 0.9999294 17178615250 352.45233
/home/declsp/obsbot/rawdata/DECam_01476766.fits.fz N4 1476766 484.6377 61150.13419922 1.13 188.7967577991949 -2.775103833046608 188.80427916666667 -2.7 M490 0.034344655 24.9038 0.9544729 1.1129065 21.742455 1.2002138 decam -4.445446 8.190872 176 object IBIS_wide_M490_434439 434439 0.035688 924.0 1948.0 0.104883134 1.0000868 0.00033387073 0.04148168 -9.0010115e-05 1.0000697 16892223207 403.79282
/home/declsp/obsbot/rawdata/DECam_01476767.fits.fz N4 1476767 410.788 61150.14020565 1.12 192.98874018789408 -3.9731038227123596 192.99627083333334 -3.898 M490 0.023643296 24.913929 0.9616726 1.1268133 21.763647 1.1842492 decam -13.794475 -3.6192565 152 object IBIS_wide_M490_434419 434419 0.023096 924.0 1948.0 -0.19972876 1.0001011 0.00052201457 0.078228645 -0.000472395 0.99994683 16553042172 346.8763
/home/declsp/obsbot/rawdata/DECam_01476768.fits.fz N4 1476768 800.0 61150.14532779 1.13 190.18275784368038 -2.768103833106921 190.19027916666667 -2.693 M490 0.03857054 24.35639 0.5765004 0.96701425 21.629307 2.758543 decam -3.542566 17.470339 156 object IBIS_wide_M490_434448 434448 0.030764 924.0 1948.0 0.009412904 1.0003517 0.00038097706 0.0862984 -0.0002248909 0.99998087 18062008099 290.00818
/home/declsp/obsbot/rawdata/DECam_01476769.fits.fz N4 1476769 800.0 61150.15493356 1.13 191.95376463358326 -2.3181038369827958 191.9612833333333 -2.243 M490 0.025905685 23.372936 0.23303343 1.0326874 21.536528 20.964394 decam -11.695393 14.4997425 113 object IBIS_wide_M490_431460 431460 0.025748 924.0 1948.0 -0.11935017 1.0000545 0.00046573847 -0.096771605 -0.00031354054 0.99978125 18144986048 38.15994
/home/declsp/obsbot/rawdata/DECam_01476770.fits.fz N4 1476770 800.0 61150.16460205 1.13 196.1087638786279 -2.456103835794479 196.11628333333334 -2.3810000000000002 M490 0.020307967 24.472292 0.64144665 1.0671816 21.63824 2.690212 decam -12.888575 10.95527 156 object IBIS_wide_M490_431479 431479 0.023496 924.0 1948.0 -0.13342226 1.0002 0.0005981927 0.26720002 -0.0007306228 0.99997413 17922839482 297.37433
/home/declsp/obsbot/rawdata/DECam_01476771.fits.fz N4 1476771 449.5383 61150.17420092 1.14 196.85876680432247 -1.8651038408820226 196.8662833333333 -1.79 M490 0.023129735 24.915741 0.96678096 1.1115657 21.732176 1.182422 decam -20.937677 6.439909 152 object IBIS_wide_M490_431482 431482 0.023396 924.0 1948.0 -0.19042447 1.0001262 0.00068773166 0.058506884 -0.00050902145 1.0000021 16983310548 380.1843
/home/declsp/obsbot/rawdata/DECam_01476772.fits.fz N4 1476772 304.1788 61150.17976333 1.14 200.0137635144345 -1.6471038427577265 200.0212791666667 -1.572 M490 0.025771802 24.997206 1.0421121 1.026705 21.771143 0.83788764 decam -12.56175 7.3813653 154 object IBIS_wide_M490_434472 434472 0.027698 924.0 1948.0 -0.03975455 0.9999251 0.00071571924 0.055109587 -0.00059861434 0.9998184 16260566182 363.03055
/home/declsp/obsbot/rawdata/DECam_01476773.fits.fz N4 1476773 313.929 61150.18363486 1.14 197.22575967795353 -1.5571038435319764 197.233275 -1.482 M490 0.022907903 25.009195 1.0536836 1.0453352 21.763536 0.85549915 decam -12.942655 15.656472 189 object IBIS_wide_M490_434468 434468 0.023587 924.0 1948.0 -0.06456536 1.0001854 0.00057887577 0.061666094 -0.00060523994 0.99997973 16277654173 366.95416
/home/declsp/obsbot/rawdata/DECam_01476774.fits.fz N4 1476774 326.6588 61150.18760311 1.15 195.73775962061126 -1.573103843394337 195.745275 -1.498 M490 0.022303853 24.992926 1.0398977 1.0857356 21.765423 0.94917226 decam -10.406574 19.613094 150 object IBIS_wide_M490_434467 434467 0.021872 924.0 1948.0 -0.09557672 1.0002317 0.00054173043 -0.1533627 -7.212114e-05 1.0000155 16428987537 344.15125
/home/declsp/obsbot/rawdata/DECam_01476775.fits.fz N4 1476775 362.8784 61150.19207406 1.14 207.16475968151795 -1.5561038435405787 207.17227499999998 -1.4809999999999999 M490 0.043000046 24.997364 1.0422646 1.0537908 21.75997 0.8914413 decam -12.24072 2.3953478 156 object IBIS_wide_M490_434290 434290 0.045138 924.0 1948.0 0.19080813 1.0001347 0.00092027156 0.076017044 -0.0010315983 0.9999724 16875633361 407.0693
/home/declsp/obsbot/rawdata/DECam_01476776.fits.fz N4 1476776 330.9085 61150.19660798 1.14 208.69876381602245 -1.5651038434631568 208.70627916666666 -1.49 M490 0.04864652 25.001907 1.0466341 0.9847603 21.568865 0.9208638 decam -9.330793 5.621218 121 object IBIS_wide_M490_434291 434291 0.049402 924.0 1948.0 -0.029113485 0.99993217 0.0010397251 0.20673807 -0.00096528145 1.0001019 19084748948 359.34576
/home/declsp/obsbot/rawdata/DECam_01476777.fits.fz N4 1476777 365.4782 61150.20076691 1.14 208.11676262910726 -1.8671038408648122 208.12427916666667 -1.792 M490 0.051117446 24.981909 1.0275329 1.0184553 21.745865 0.868048 decam -16.064274 10.63846 165 object IBIS_wide_M490_431305 431305 0.047865 924.0 1948.0 0.09490205 1.0001464 0.0009848496 -0.043982834 -0.0010280049 1.0000097 16445879780 421.03455
/home/declsp/obsbot/rawdata/DECam_01476778.fits.fz N4 1476778 359.0082 61150.20532387 1.13 209.5877660542454 -2.0331038394362118 209.59528333333333 -1.958 M490 0.051336106 24.961607 1.0066695 0.9770893 21.757732 0.82056564 decam -17.62762 12.6799965 183 object IBIS_wide_M490_431300 431300 0.054618 924.0 1948.0 0.008618289 0.9999993 0.0010874855 0.06546924 -0.001169213 1.0000851 16440560895 437.5131
/home/declsp/obsbot/rawdata/DECam_01476779.fits.fz N4 1476779 325.5583 61150.20980175 1.14 211.32076381243743 -1.5661038434545547 211.32827916666668 -1.491 M490 0.055783134 24.992647 1.0377464 1.0144838 21.782387 0.81650406 decam -21.66605 19.019405 169 object IBIS_wide_M490_434295 434295 0.054743 924.0 1948.0 -0.059470307 1.0001595 0.0012027173 -0.07109215 -0.0013209445 1.0000273 16277291547 398.7222
/home/declsp/obsbot/rawdata/DECam_01476780.fits.fz N4 1476780 346.5583 61150.21389941 1.14 212.34076262482955 -1.8681038408562074 212.34827916666666 -1.793 M490 0.0654941 24.992994 1.0380777 0.97832155 21.783451 0.7582429 decam -20.2281 15.0488405 211 object IBIS_wide_M490_431285 431285 0.058806 924.0 1948.0 -0.32554272 1.0003117 0.0011013118 0.12622026 -0.0013265365 1.0000759 16384960498 457.05444
/home/declsp/obsbot/rawdata/DECam_01476781.fits.fz N4 1476781 378.1682 61150.21825309 1.12 214.0677527324937 -2.913103831857424 214.075275 -2.838 M490 0.060325176 24.98053 1.0225105 0.99596846 21.772907 0.8118691 decam -13.094977 16.9846 202 object IBIS_wide_M490_434264 434264 0.059385 924.0 1948.0 -0.12708794 1.0001493 0.0012756496 0.23690818 -0.001509127 0.9999994 16579022647 465.7995
/home/declsp/obsbot/rawdata/DECam_01476782.fits.fz N4 1476782 354.7182 61150.22297207 1.13 214.39576056743203 -2.2991038371463866 214.40327916666666 -2.224 M490 0.06078811 24.99383 1.0369933 0.991673 21.765516 0.7907831 decam -24.401356 18.773804 222 object IBIS_wide_M490_431280 431280 0.058687 924.0 1948.0 -0.30605134 1.0001098 0.0012569773 0.07308244 -0.0012924176 1.0000595 16402323390 448.56573
/home/declsp/obsbot/rawdata/DECam_01476783.fits.fz N4 1476783 320.3184 61150.22740469 1.12 214.88375147131407 -3.0961038302800103 214.891275 -3.021 M490 0.059834927 24.993599 1.0348932 0.97484195 21.762669 0.76656806 decam -16.404467 24.80288 177 object IBIS_wide_M490_434262 434262 0.057147 924.0 1948.0 -0.27252015 1.0001968 0.0011842878 0.21811512 -0.00126969 1.0000254 16292174885 417.86035
/home/declsp/obsbot/rawdata/DECam_01476784.fits.fz N4 1476784 252.9388 61150.23145525 1.12 217.49574573189707 -3.3101038284346913 217.50327083333332 -3.235 M490 0.08128855 24.96884 1.0115598 1.0083132 21.764297 0.856949 decam -19.398703 10.799469 181 object IBIS_wide_M490_436970 436970 0.077831 924.0 1948.0 0.026192673 1.0001491 0.0014216371 0.2676138 -0.0014478744 1.000034 16089849580 295.16202
/home/declsp/obsbot/rawdata/DECam_01476785.fits.fz N4 1476785 346.7284 61150.23471751 1.13 217.99175450685146 -2.634103834261356 217.99927499999998 -2.559 M490 0.05902089 24.991394 1.0346689 1.0202495 21.770723 0.8366381 decam -21.430038 26.492876 203 object IBIS_wide_M490_436971 436971 0.059446 924.0 1948.0 0.080531664 1.0001277 0.0014470157 0.14215997 -0.0013724891 1.0000355 16379866494 414.43057
/home/declsp/obsbot/rawdata/DECam_01476786.fits.fz N4 1476786 542.4975 61150.23906425 1.12 218.45274530289527 -3.3661038279516746 218.46027083333334 -3.291 M490 0.07969954 24.992775 1.0341074 1.0979733 21.734936 0.9985654 decam -9.362682 23.835917 207 object IBIS_wide_M490_439951 439951 0.086916 924.0 1948.0 -0.51754576 0.9999985 0.0014531855 0.26658428 -0.0014438992 1.0000606 17144949939 543.2769
/home/declsp/obsbot/rawdata/DECam_01476787.fits.fz N4 1476787 571.5374 61150.24565085 1.12 219.52074292342022 -3.6611038254062738 219.52827083333332 -3.586 M490 0.09566522 24.979408 1.0214556 1.1412394 21.698849 1.1428947 decam -15.75851 21.9995 212 object IBIS_wide_M490_436964 436964 0.09645 924.0 1948.0 -0.33632213 1.0004418 0.0014667874 0.041381195 -0.0015055074 0.9999936 18146883467 500.0788
/home/declsp/obsbot/rawdata/DECam_01476788.fits.fz N4 1476788 606.8172 61150.25258333 1.12 219.6097394551699 -4.865103814998726 219.61727916666666 -4.79 M490 0.07681918 24.991522 1.0329156 1.2011664 21.709656 1.225643 decam -15.398756 16.171556 233 object IBIS_wide_M490_436957 436957 0.077342 924.0 1948.0 -0.24773455 1.0001044 0.0013648006 0.17242767 -0.0015992998 1.0000821 17429895852 495.10107
/home/declsp/obsbot/rawdata/DECam_01476789.fits.fz N4 1476789 214.749 61150.25994187 1.14 219.79875438223263 -3.2681038287969186 219.80627916666666 -3.193 M490 0.11028301 24.98023 1.0259455 1.1838083 21.72248 1.201285 decam -24.043324 20.361738 222 object IBIS_wide_M490_439950 439950 0.093048 924.0 1948.0 -0.18012246 1.0001049 0.0014217276 0.14696513 -0.001370736 1.0000755 16041176057 178.76607
