logs/db-2026-05-19.ecsv
# %ECSV 1.0
# ---
# datatype:
# - {name: filename, datatype: string}
# - {name: extension, datatype: string}
# - {name: expnum, datatype: int64}
# - {name: exptime, datatype: float32}
# - {name: mjd_obs, datatype: float64}
# - {name: airmass, datatype: float32}
# - {name: racenter, datatype: float64}
# - {name: deccenter, datatype: float64}
# - {name: rabore, datatype: float64}
# - {name: decbore, datatype: float64}
# - {name: band, datatype: string}
# - {name: ebv, datatype: float32}
# - {name: zeropoint, datatype: float32}
# - {name: transparency, datatype: float32}
# - {name: seeing, datatype: float32}
# - {name: sky, datatype: float32}
# - {name: expfactor, datatype: float32}
# - {name: camera, datatype: string}
# - {name: dx, datatype: float32}
# - {name: dy, datatype: float32}
# - {name: nmatched, datatype: int64}
# - {name: obstype, datatype: string}
# - {name: object, datatype: string}
# - {name: tileid, datatype: int64}
# - {name: tileebv, datatype: float32}
# - {name: affine_x0, datatype: float32}
# - {name: affine_y0, datatype: float32}
# - {name: affine_dx, datatype: float32}
# - {name: affine_dxx, datatype: float32}
# - {name: affine_dxy, datatype: float32}
# - {name: affine_dy, datatype: float32}
# - {name: affine_dyx, datatype: float32}
# - {name: affine_dyy, datatype: float32}
# - {name: checksum, datatype: string}
# - {name: efftime, datatype: float32}
# schema: astropy-2.0
filename extension expnum exptime mjd_obs airmass racenter deccenter rabore decbore band ebv zeropoint transparency seeing sky expfactor camera dx dy nmatched obstype object tileid tileebv affine_x0 affine_y0 affine_dx affine_dxx affine_dxy affine_dy affine_dyx affine_dyy checksum efftime
[from data line 81]
/home/declsp/obsbot/rawdata/DECam_01481426.fits.fz N4 1481426 800.0 61180.36763121 1.08 314.43055638137383 -13.004103743176412 314.43826666666666 -12.929 M517 0.044948548 22.347004 0.08557947 0.9917004 21.532166 140.89073 decam 8.525069 -13.114058 305 object IBIS_wide_M517_551976 551976 0.042032 924.0 1948.0 -0.32450154 1.0002816 0.001610329 0.19440493 -0.0018545266 1.0001726 18320088065 5.678159
/home/declsp/obsbot/rawdata/DECam_01481427.fits.fz N4 1481427 799.9999 61180.37728597 1.08 318.70251552065446 -14.253103731808283 318.71026666666666 -14.178 M517 0.083074644 21.360838 0.03450668 1.4966266 21.53031 1974.248 decam 4.4390717 4.607218 108 object IBIS_wide_M517_553903 553903 0.066346 924.0 1948.0 -0.7853796 1.0005188 0.0016344552 0.23645316 -0.0014233086 1.0000411 18299110012 0.4052175
/home/declsp/obsbot/rawdata/DECam_01481428.fits.fz N4 1481428 800.0 61180.38696544 1.08 321.72153041395296 -13.937103734695903 321.7292708333333 -13.862 M517 0.06437996 23.536911 0.25605458 1.0550066 21.481052 18.664732 decam 16.86724 -3.0865457 273 object IBIS_wide_M517_550901 550901 0.070708 924.0 1948.0 -0.2529014 1.0003335 0.0015461891 0.2673107 -0.0015648392 1.000051 18467696057 42.861584
/home/declsp/obsbot/rawdata/DECam_01481429.fits.fz N4 1481429 800.0 61180.39656106 1.06 322.91150995324926 -14.414103730333956 322.91926666666666 -14.339 M517 0.083162 23.80229 0.32590556 1.1133384 21.473043 12.840058 decam 7.47097 -2.120276 230 object IBIS_wide_M517_553892 553892 0.069672 924.0 1948.0 0.045215182 1.0001078 0.0013927697 0.026297802 -0.0016363378 1.000243 18497392221 62.30501
/home/declsp/obsbot/rawdata/DECam_01481430.fits.fz N4 1481430 800.0 61180.40617369 1.06 324.65250967932735 -14.541103729169475 324.66027083333336 -14.466 M517 0.047664963 23.531706 0.25401443 1.0867465 21.462664 20.334406 decam 2.8469293 -5.9467707 215 object IBIS_wide_M517_554837 554837 0.053837 924.0 1948.0 -0.42092243 1.0007284 0.0014957743 -0.022563737 -0.0012735054 1.0001758 18496874445 39.342186
/home/declsp/obsbot/rawdata/DECam_01481431.fits.fz N4 1481431 277.2685 61180.41580447 1.06 327.48751530140856 -14.380103730645482 327.49527083333334 -14.305 M517 0.05354376 22.297968 0.08153858 1.429575 21.44678 346.21292 decam -2.8007467 1.9826947 89 object IBIS_wide_M517_554833 554833 0.051313 924.0 1948.0 -0.13127887 1.0002022 0.0011747541 0.05560558 -0.001456566 1.0000854 16459072567 0.8008612
/home/declsp/obsbot/rawdata/DECam_01481432.fits.fz N4 1481432 150.0 61180.42112714 1.15 346.98104351799907 -15.772765662249046 346.98885 -15.697661944444445 M517 0.03530337 22.15448 0.07248228 1.2820779 21.321419 407.2146 decam -10.765275 9.785581 41 object "NGC7492 position 18" 0 0.0 924.0 1948.0 -0.07710997 0.99941635 0.00029127498 -0.6811081 -5.136017e-05 0.99995667 16026682296 0.36835614
/home/declsp/obsbot/rawdata/DECam_01481433.fits.fz N4 1481433 150.0 61180.42319148 1.15 346.8109869179663 -15.397901776833228 346.8187791666667 -15.322798055555555 M517 0.034114573 22.627525 0.1120599 1.1596342 21.191946 157.08557 decam -8.376973 2.6078007 51 object "NGC7492 position 19" 0 0.0 924.0 1948.0 -0.12566963 1.0003216 0.0005945622 -0.053515736 -0.0003713718 0.9999902 16112186704 0.9548935
/home/declsp/obsbot/rawdata/DECam_01481434.fits.fz N4 1481434 150.0 61180.42530508 1.14 346.66973431775375 -15.795273717595665 346.6775416666666 -15.72017 M517 0.03547789 22.975515 0.1541523 1.1576875 21.082926 91.17916 decam -3.9560082 -9.980776 57 object "NGC7492 position 20" 0 0.0 924.0 1948.0 -0.082771495 1.0002215 0.0007663157 0.1218469 -0.00075353094 1.0001667 16196196558 1.6451128
/home/declsp/obsbot/rawdata/DECam_01481435.fits.fz N4 1481435 150.0 61180.42739225 1.14 347.0621713849674 -15.588789830621815 347.06997083333334 -15.513686111111111 M517 0.036505133 21.903757 0.05744432 1.3009864 20.854115 1023.3394 decam -11.629819 -7.8691864 182 object "NGC7492 position 21" 0 0.0 924.0 1948.0 -0.29229176 1.0005996 0.00021819201 0.87457484 -0.0012055115 0.99989 16388760582 0.14657894
/home/declsp/obsbot/rawdata/DECam_01481436.fits.fz N4 1481436 150.0 61180.42947108 1.13 346.61784620915404 -15.483305664931972 346.62564166666664 -15.408201944444444 M517 0.03384142 23.370079 0.22135018 1.2144095 20.573183 77.55594 decam -24.443005 -25.869701 48 object "NGC7492 position 22" 0 0.0 924.0 1948.0 -0.09222067 1.0004333 0.00062255573 -0.14978531 -0.0012983858 0.9998402 16749971261 1.9340879
/home/declsp/obsbot/rawdata/DECam_01481437.fits.fz N4 1481437 5.0 61180.43300918 1.05 302.72841500890684 -30.2114535701363 302.73710833333337 -30.13635 M517 0.13380514 21.502611 0.03913135 1.3868595 20.274323 4152.3613 decam -30.85634 8.089675 16 object "LTT7987 N4" 0 0.0 924.0 1948.0 -1.426276 1.0003948 0.002307556 -0.40541953 -0.0025901268 0.99993235 15430117783 0.0012041341
/home/declsp/obsbot/rawdata/DECam_01481438.fits.fz N4 1481438 5.0 61180.43335732 1.05 302.36934834224013 -30.2114535701363 302.37804166666666 -30.13635 M517 0.14321716 23.738579 0.30683956 1.4698652 20.417997 66.4477 decam -31.178782 6.944614 75 object "LTT7987 N5" 0 0.0 924.0 1948.0 -1.1199943 1.0006222 0.0022939711 0.6414369 -0.0022782045 0.99983245 15420526019 0.075247146
/home/declsp/obsbot/rawdata/DECam_01481439.fits.fz N4 1481439 5.0 61180.4337046 1.05 303.08778793322506 -30.375753568241944 303.09649583333334 -30.30065 M517 0.110923365 23.884739 0.35105544 1.1683159 20.376802 33.334152 decam -35.25676 0.9013009 94 object "LTT7987 S3" 0 0.0 924.0 1948.0 -0.4342961 1.0003535 0.002457205 0.16378236 -0.0025197568 1.0002006 15421576064 0.14999631
/home/declsp/obsbot/rawdata/DECam_01481440.fits.fz N4 1481440 5.0 61180.43407992 1.05 302.7284004332251 -30.375753568241944 302.73710833333337 -30.30065 M517 0.15053326 23.086033 0.16822611 1.1761627 20.210619 171.4472 decam -45.674202 16.376293 60 object "LTT7987 S4" 0 0.0 924.0 1948.0 -0.29661912 0.99987954 0.0025685078 0.16264549 -0.0017601487 1.0003015 15431304083 0.029163497
/home/declsp/obsbot/rawdata/DECam_01481441.fits.fz N4 1481441 5.0 61180.43442759 1.05 302.3690337665584 -30.375753568241944 302.3777416666667 -30.30065 M517 0.141642 21.993092 0.061477583 1.1201494 20.010363 1400.5045 decam -43.43269 18.184765 33 object "LTT7987 S5" 0 0.0 924.0 1948.0 -0.9198451 0.9988057 0.0021032605 -0.26947403 -0.0016264349 1.0000116 15441591673 0.003570142
/home/declsp/obsbot/rawdata/DECam_01481442.fits.fz N4 1481442 15.0 61180.43615463 1.06 343.1625585441163 -20.582409783078678 343.1705833333333 -20.50730611111111 M517 0.034743898 28.194475 18.619432 0.5459057 19.125086 0.008274656 decam -31.593851 -235.17447 3 object "LTT9239 N4" 0 0.0 924.0 1948.0 4.84309 1.0840797 -0.043794524 -4.7777553 -0.07111152 1.0365301 15871260537 1812.7643
/home/declsp/obsbot/rawdata/DECam_01481443.fits.fz N4 1481443 15.0 61180.43661985 1.06 342.8308210441164 -20.582409783078678 342.8388458333334 -20.50730611111111 M517 0.033281427 28.963057 37.791885 0.86498415 18.926853 0.0060223853 decam 724.78894 402.85825 3 object "LTT9239 N5" 0 0.0 924.0 1948.0 0.00014468071 1.004702 0.00011799042 0.00046387815 -0.0016954284 1.000473 15969692523 2490.7075
/home/declsp/obsbot/rawdata/DECam_01481444.fits.fz N4 1481444 15.0 61180.43708377 1.06 343.4943080679536 -20.74907561477552 343.50234166666667 -20.673971944444446 M517 0.030958695 29.693367 74.049644 0.84394085 18.685669 0.0018649824 decam -405.63376 -416.3163 2 object "LTT9239 S3" 0 0.0 924.0 1948.0 0.0036939306 0.77601653 0.41689473 0.0019844682 0.41689473 0.22396585 16117824928 8042.971
/home/declsp/obsbot/rawdata/DECam_01481445.fits.fz N4 1481445 15.0 61180.43754853 1.06 343.16254973462026 -20.74907561477552 343.1705833333333 -20.673971944444446 M517 0.030681815 28.040165 16.152573 0.53600556 18.44834 0.019775938 decam -335.4504 844.80255 3 object "LTT9239 S4" 0 0.0 924.0 1948.0 0.00084479013 0.9888388 -0.00048626965 0.00081919885 -0.002904229 0.9989954 16299377745 758.4975
/home/declsp/obsbot/rawdata/DECam_01481446.fits.fz N4 1481446 15.0 61180.43801349 1.06 342.83081223462034 -20.74907561477552 342.8388458333334 -20.673971944444446 M517 0.034396928 20.97295 0.02406334 1.4946247 18.710258 54022.066 decam -42.596157 -16.152647 5 object "LTT9239 S5" 0 0.0 924.0 1948.0 -0.906758 1.0045426 0.0025274747 1.1190856 -0.0065626176 0.9975542 16101757844 0.0002776643
