logs/db-2025-04-25.ecsv
# %ECSV 1.0
# ---
# datatype:
# - {name: filename, datatype: string}
# - {name: extension, datatype: string}
# - {name: expnum, datatype: int64}
# - {name: exptime, datatype: float32}
# - {name: mjd_obs, datatype: float64}
# - {name: airmass, datatype: float32}
# - {name: racenter, datatype: float64}
# - {name: deccenter, datatype: float64}
# - {name: rabore, datatype: float64}
# - {name: decbore, datatype: float64}
# - {name: band, datatype: string}
# - {name: ebv, datatype: float32}
# - {name: zeropoint, datatype: float32}
# - {name: transparency, datatype: float32}
# - {name: seeing, datatype: float32}
# - {name: sky, datatype: float32}
# - {name: expfactor, datatype: float32}
# - {name: camera, datatype: string}
# - {name: dx, datatype: float32}
# - {name: dy, datatype: float32}
# - {name: nmatched, datatype: int64}
# - {name: obstype, datatype: string}
# - {name: object, datatype: string}
# - {name: tileid, datatype: int64}
# - {name: tileebv, datatype: float32}
# - {name: affine_x0, datatype: float32}
# - {name: affine_y0, datatype: float32}
# - {name: affine_dx, datatype: float32}
# - {name: affine_dxx, datatype: float32}
# - {name: affine_dxy, datatype: float32}
# - {name: affine_dy, datatype: float32}
# - {name: affine_dyx, datatype: float32}
# - {name: affine_dyy, datatype: float32}
# - {name: checksum, datatype: string}
# - {name: efftime, datatype: float32}
# schema: astropy-2.0
filename extension expnum exptime mjd_obs airmass racenter deccenter rabore decbore band ebv zeropoint transparency seeing sky expfactor camera dx dy nmatched obstype object tileid tileebv affine_x0 affine_y0 affine_dx affine_dxx affine_dxy affine_dy affine_dyx affine_dyy checksum efftime
rawdata/DECam_01381874.fits.fz N4 1381874 5.0 60790.95803478 1.01 119.08611846870515 -30.360381623975 119.094825 -30.285278055555555 r 1.035964 26.836195 1.0178356 2.1092675 17.1527 5453.116 decam 8.284327 -2.4081216 997 object pointing 0 0.0 924.0 1948.0 -0.5040044 0.99994504 -0.0024202957 -0.19667138 0.0022337325 1.0000339 20711430407 0.0009169069
rawdata/DECam_01381875.fits.fz N4 1381875 30.0 60790.95983529 1.01 119.08611846870515 -30.360381623975 119.094825 -30.285278055555555 r 1.035964 26.87053 1.0505381 1.172105 17.745754 916.5859 decam -14.017045 15.095916 2360 object pointing 0 0.0 924.0 1948.0 0.019541863 0.99995387 -0.002371652 0.17606385 0.0022828756 1.0000753 34126993741 0.03273016
rawdata/DECam_01381876.fits.fz N4 1381876 36.8898 60790.96473366 1.23 148.8117609292994 1.1538961331594837 148.81927499999998 1.229 M490 0.024043811 25.04533 1.1072757 0.9675467 19.615578 5.8271174 decam -1.845211 45.691513 77 object IBIS_deep_cosmos_M490_65 0 0.0 924.0 1948.0 -0.073787026 0.99999964 -0.0015373531 -0.12982967 0.0016582028 0.9997902 16112518221 6.330712
rawdata/DECam_01381877.fits.fz N4 1381877 60.0 60790.96692229 1.23 148.8117609292994 1.1538961331594837 148.81927499999998 1.229 g 0.024043811 26.669128 1.0946901 1.0124006 20.208553 3.667314 decam -16.912342 32.666306 116 object COSMOS 0 0.0 924.0 1948.0 0.057636596 1.0000061 -0.0013933347 -0.1372683 0.001526185 0.9997981 18612549183 16.360748
rawdata/DECam_01381878.fits.fz N4 1381878 464.4673 60790.96946618 1.22 148.8117609292994 1.1538961331594837 148.81927499999998 1.229 M517 0.024043811 25.055595 1.0605958 0.93483305 21.044289 1.5532179 decam -11.763867 35.893726 143 object IBIS_deep_cosmos_M517_65 0 0.0 924.0 1948.0 0.08227055 0.9999971 -0.0013850427 -0.11091048 0.0016509992 0.99972415 18202934876 299.0355
rawdata/DECam_01381879.fits.fz N4 1381879 372.1978 60790.97520159 1.21 148.99476153663284 0.8948961353865774 149.002275 0.9700000000000001 M490 0.024002247 25.058311 1.1165355 0.9855291 21.56797 0.9771097 decam -3.9819558 39.987827 160 object IBIS_deep_cosmos_M490_66 0 0.0 924.0 1948.0 0.026856987 1.0001067 -0.001454575 -0.11827775 0.0008683791 1.0000535 16673963919 380.91714
rawdata/DECam_01381880.fits.fz N4 1381880 336.1481 60790.97987356 1.2 148.99476153663284 0.8948961353865774 149.002275 0.9700000000000001 M517 0.024002247 25.077015 1.0782665 0.986264 21.464512 1.1279396 decam 1.6368711 35.045776 159 object IBIS_deep_cosmos_M517_66 0 0.0 924.0 1948.0 0.05329083 0.9999414 -0.0015205573 -0.14289261 0.0009200164 0.9999686 16721132707 298.0196
rawdata/DECam_01381881.fits.fz N4 1381881 338.268 60790.98411482 1.19 149.22477026519266 0.6748961372780667 149.23228333333333 0.75 M490 0.026475038 25.062796 1.1170954 0.99215806 21.689045 0.8931579 decam 1.0428522 42.528763 148 object IBIS_deep_cosmos_M490_67 0 0.0 924.0 1948.0 0.21178609 0.99984664 -0.0014471732 -0.15059578 0.001426122 0.9998804 16424484604 378.7326
rawdata/DECam_01381882.fits.fz N4 1381882 331.898 60790.98838856 1.18 149.22477026519266 0.6748961372780667 149.23228333333333 0.75 M517 0.026475038 25.072325 1.0701817 0.9795789 21.47337 1.1306059 decam 8.004457 35.378365 148 object IBIS_deep_cosmos_M517_67 0 0.0 924.0 1948.0 0.18955092 0.9997472 -0.0014931199 -0.08932932 0.0014495924 0.9998916 16687870793 293.55765
rawdata/DECam_01381883.fits.fz N4 1381883 307.8481 60790.99258354 1.18 149.49177049701117 0.502896138756745 149.49928333333332 0.578 M490 0.024992874 25.06574 1.118099 0.9252291 21.67426 0.77567035 decam 4.711601 45.957207 162 object IBIS_deep_cosmos_M490_68 0 0.0 924.0 1948.0 -0.17351286 1.0002261 -0.0014356762 -0.15863793 0.0014361491 0.9998458 16308858544 396.8801
rawdata/DECam_01381884.fits.fz N4 1381884 314.4982 60790.99651172 1.17 149.49177049701117 0.502896138756745 149.49928333333332 0.578 M517 0.024992874 24.87392 0.8900204 0.9858713 21.456106 1.6613715 decam 7.1054664 37.519203 161 object IBIS_deep_cosmos_M517_68 0 0.0 924.0 1948.0 0.03185133 1.0000292 -0.0014081768 -0.22767091 0.0015606536 0.9998294 16602526696 189.30035
rawdata/DECam_01381885.fits.fz N4 1381885 328.3382 60791.00162707 1.17 149.78577061776556 0.3838961397797372 149.79328333333333 0.45899999999999996 M490 0.023130536 25.046263 1.0962279 0.9352394 21.662823 0.8198521 decam 2.9501262 5.911199 145 object IBIS_deep_cosmos_M490_69 0 0.0 924.0 1948.0 0.040392797 0.99999154 -0.0015057555 -0.21237682 0.0015555902 1.0000077 16625758473 400.48465
rawdata/DECam_01381886.fits.fz N4 1381886 315.7283 60791.00577976 1.16 149.78577061776556 0.3838961397797372 149.79328333333333 0.45899999999999996 M517 0.023130536 25.057589 1.0523772 0.93145466 21.471458 1.0307559 decam -4.220419 -6.7616043 150 object IBIS_deep_cosmos_M517_69 0 0.0 924.0 1948.0 0.09877861 0.9999034 -0.0014697469 -0.22963542 0.0015018029 1.0000749 16842762945 306.30756
rawdata/DECam_01381887.fits.fz N4 1381887 284.7584 60791.00978649 1.18 150.59276570912942 2.1058961249692265 150.60028333333335 2.181 M490 0.016685674 25.06319 1.1154754 0.92169017 21.65784 0.7426689 decam -8.676114 7.3352904 155 object IBIS_deep_cosmos_M490_70 0 0.0 924.0 1948.0 0.58319694 1.0001315 -0.0014714369 -0.218246 0.0013375954 1.0000668 16282373564 383.42575
rawdata/DECam_01381888.fits.fz N4 1381888 298.8182 60791.01342732 1.18 150.59276570912942 2.1058961249692265 150.60028333333335 2.181 M517 0.016685674 25.075163 1.0729829 0.9617275 21.478645 1.014944 decam -3.871895 -0.70719224 157 object IBIS_deep_cosmos_M517_70 0 0.0 924.0 1948.0 0.5227899 1.0001614 -0.0014934264 -0.14993776 0.0010681401 1.0000776 16551143372 294.41843
rawdata/DECam_01381889.fits.fz N4 1381889 307.0382 60791.0172474 1.19 150.61775575869905 2.4178961222830657 150.625275 2.493 M490 0.018931631 25.057953 1.1121233 0.93107843 21.65609 0.77803266 decam -10.978972 8.606868 148 object IBIS_deep_cosmos_M490_71 0 0.0 924.0 1948.0 0.16253924 1.000456 -0.0015178848 0.09049747 0.0016361321 0.9999377 16389698060 394.6341
rawdata/DECam_01381890.fits.fz N4 1381890 251.9985 60791.02117091 1.19 150.61775575869905 2.4178961222830657 150.625275 2.493 M517 0.018931631 25.07878 1.0782903 0.84949243 21.48541 0.7933796 decam -4.5783267 11.785827 154 object IBIS_deep_cosmos_M517_71 0 0.0 924.0 1948.0 0.29541945 1.0002823 -0.0015468473 0.09122446 0.001740157 0.9999528 16387973790 317.62665
rawdata/DECam_01381891.fits.fz N4 1381891 500.0 60791.02444555 1.19 150.47475827743065 2.6988961198627472 150.48227916666667 2.774 M490 0.020089114 25.011269 1.0653192 0.825752 21.63377 0.6866047 decam -3.6436925 20.877628 150 object IBIS_deep_cosmos_M490_72 0 0.0 924.0 1948.0 0.34938025 1.0003006 -0.0015907515 -0.06491444 0.0016863275 0.9998776 17000682380 728.22107
rawdata/DECam_01381893.fits.fz N4 1381893 264.4386 60791.03368094 1.19 150.47475827743065 2.6988961198627472 150.48227916666667 2.774 M490 0.020089114 25.02124 1.0751467 0.85908663 21.626528 0.73431265 decam -7.159653 7.99971 142 object IBIS_deep_cosmos_M490_72 0 0.0 924.0 1948.0 0.29742986 1.0002134 -0.0015437343 -0.095407166 0.0017952555 0.9998587 16235374632 360.1172
rawdata/DECam_01381894.fits.fz N4 1381894 240.6788 60791.03708241 1.2 150.47475827743065 2.6988961198627472 150.48227916666667 2.774 M517 0.020089114 25.0679 1.069252 0.82254505 21.469425 0.7759242 decam -2.8918538 -1.7055627 148 object IBIS_deep_cosmos_M517_72 0 0.0 924.0 1948.0 0.36601543 1.0001595 -0.0015568193 -0.10249602 0.001558994 0.99989057 16323359731 310.18338
rawdata/DECam_01381895.fits.fz N4 1381895 319.8384 60791.04020967 1.2 150.21975708669652 2.8848961182600776 150.22727916666665 2.96 M464 0.018493949 24.964329 1.0489901 0.8657007 21.683928 0.7510059 decam -3.539456 20.744978 131 object IBIS_deep_cosmos_M464_73 0 0.0 924.0 1948.0 0.05901016 1.0000545 -0.001561199 0.16080335 0.0017258744 0.999818 16317495129 425.88004
rawdata/DECam_01381896.fits.fz N4 1381896 333.5182 60791.04426513 1.21 150.21975708669652 2.8848961182600776 150.22727916666665 2.96 M490 0.018493949 25.053053 1.1111401 0.91749144 21.646301 0.76705915 decam -1.0352952 13.888589 135 object IBIS_deep_cosmos_M490_73 0 0.0 924.0 1948.0 0.05142829 1.0001823 -0.0016689472 0.17166843 0.0015920672 1.0000304 16425683901 434.80115
rawdata/DECam_01381897.fits.fz N4 1381897 335.9583 60791.04847139 1.21 149.91075663148905 2.9528961176740265 149.91827916666665 3.028 M490 0.024516622 25.041916 1.0998023 0.91403466 21.630323 0.8210758 decam -2.3008485 17.476168 144 object IBIS_deep_cosmos_M490_74 0 0.0 924.0 1948.0 0.06908497 1.0000858 -0.0015725013 -0.10601683 0.0017165527 0.9998947 16660332654 409.16846
rawdata/DECam_01381898.fits.fz N4 1381898 288.8385 60791.05271068 1.22 149.91075663148905 2.9528961176740265 149.91827916666665 3.028 M517 0.024516622 24.987791 0.9963873 0.86937493 21.433025 1.06759 decam 3.9883955 11.96846 148 object IBIS_deep_cosmos_M517_74 0 0.0 924.0 1948.0 0.06327095 1.0000815 -0.0016212119 -0.020441677 0.0016054997 0.99988395 16713551255 270.5519
rawdata/DECam_01381899.fits.fz N4 1381899 341.5982 60791.05639655 1.23 149.59875697389313 2.9018961181135716 149.60627916666667 2.977 M464 0.021063853 24.936577 1.0288374 0.9100303 21.669603 0.9011336 decam 3.018205 26.303143 120 object IBIS_deep_cosmos_M464_75 0 0.0 924.0 1948.0 0.5590522 1.0002561 -0.0014829353 -0.30428883 0.0018622383 1.0000148 16456979622 379.0761
rawdata/DECam_01381900.fits.fz N4 1381900 310.6884 60791.06071602 1.24 149.59875697389313 2.9018961181135716 149.60627916666667 2.977 M490 0.021063853 25.045204 1.1091578 0.93161064 21.624693 0.83263445 decam 10.444634 21.051167 115 object IBIS_deep_cosmos_M490_75 0 0.0 924.0 1948.0 0.694825 1.0002654 -0.0016864706 -0.18023945 0.0015923337 1.0000068 16418029122 373.139
rawdata/DECam_01381901.fits.fz N4 1381901 289.8485 60791.06467066 1.25 149.59875697389313 2.9018961181135716 149.60627916666667 2.977 M517 0.021063853 25.065556 1.0755289 0.925016 21.453403 1.0055195 decam 8.0433855 16.28783 122 object IBIS_deep_cosmos_M517_75 0 0.0 924.0 1948.0 0.58937514 1.0001006 -0.0016375756 -0.27020368 0.0019910594 1.0000392 16563669194 288.25748
rawdata/DECam_01381902.fits.fz N4 1381902 326.7383 60791.06837819 1.26 149.32175381110176 2.746896119449203 149.329275 2.822 M490 0.019228239 25.05026 1.1183865 0.9294586 21.630966 0.8064096 decam 3.3131495 34.604946 143 object IBIS_deep_cosmos_M490_76 0 0.0 924.0 1948.0 0.19207141 0.99990475 -0.0016908833 -0.24139282 0.0020342385 0.9998891 16493447691 405.1766
rawdata/DECam_01381903.fits.fz N4 1381903 351.5682 60791.07250494 1.27 149.32175381110176 2.746896119449203 149.329275 2.822 M517 0.019228239 25.03612 1.0501221 0.9838904 21.433249 1.2091179 decam -4.088803 25.338926 142 object IBIS_deep_cosmos_M517_76 0 0.0 924.0 1948.0 0.21848075 0.99998856 -0.0015921891 -0.18037882 0.0018961922 0.999893 16874606159 290.76422
rawdata/DECam_01381904.fits.fz N4 1381904 466.9576 60791.07691424 1.28 149.10875522764505 2.5118961214735394 149.116275 2.5869999999999997 M464 0.02387245 24.935787 1.0387022 1.057853 21.653759 1.2614604 decam -6.2274795 28.196268 141 object IBIS_deep_cosmos_M464_77 0 0.0 924.0 1948.0 -0.07807298 1.0003848 -0.0015066919 -0.2303959 0.0015020347 0.99996305 16819842584 370.1722
rawdata/DECam_01381905.fits.fz N4 1381905 493.7376 60791.08266049 1.3 149.10875522764505 2.5118961214735394 149.116275 2.5869999999999997 M490 0.02387245 25.033741 1.1095233 1.1489129 21.611109 1.3332313 decam -2.0343678 26.41947 145 object IBIS_deep_cosmos_M490_77 0 0.0 924.0 1948.0 -0.08455725 1.0002778 -0.0016549596 -0.118588455 0.0013957185 0.9999263 17001053111 370.33154
rawdata/DECam_01381906.fits.fz N4 1381906 466.468 60791.08874817 1.32 149.10875522764505 2.5118961214735394 149.116275 2.5869999999999997 M517 0.02387245 25.048244 1.0704577 1.1534517 21.42157 1.689812 decam -0.7714136 5.1144347 145 object IBIS_deep_cosmos_M517_77 0 0.0 924.0 1948.0 0.16793436 1.000421 -0.0016221972 -0.16322726 0.0015610054 0.99994105 17291762022 276.04727
rawdata/DECam_01381907.fits.fz N4 1381907 112.1594 60791.09449473 1.35 148.97675679049644 2.2238961239534416 148.984275 2.299 M490 0.023137018 25.029352 1.1151174 1.0990483 21.595146 1.2422177 decam -9.098006 10.887548 108 object IBIS_deep_cosmos_M490_78 0 0.0 924.0 1948.0 -0.025663057 1.0001314 -0.0016981459 -0.11618372 0.00182989 0.9999783 15744335415 90.28965
rawdata/DECam_01381908.fits.fz N4 1381908 417.1681 60791.09616862 1.35 148.97675679049644 2.2238961239534416 148.984275 2.299 M517 0.023137018 25.03534 1.0629078 1.0422496 21.413221 1.4178678 decam -20.326488 23.475864 134 object IBIS_deep_cosmos_M517_78 0 0.0 924.0 1948.0 0.22198123 1.0000998 -0.0016839887 -0.15904498 0.0018158151 0.9999776 17135128503 294.22214
rawdata/DECam_01381909.fits.fz N4 1381909 347.2284 60791.10137224 1.37 148.93076661066914 1.9098961266561243 148.93828333333332 1.9849999999999999 M490 0.020946138 25.017962 1.1074921 0.93070006 21.593122 0.8988486 decam -7.604208 5.989822 137 object IBIS_deep_cosmos_M490_79 0 0.0 924.0 1948.0 -0.00065845024 0.99991316 -0.0017392784 -0.036859844 0.0014701626 1.0001199 16574795620 386.30353
rawdata/DECam_01381910.fits.fz N4 1381910 292.2186 60791.10577979 1.4 148.93076661066914 1.9098961266561243 148.93828333333332 1.9849999999999999 M517 0.020946138 25.016466 1.0529953 0.891261 21.40766 1.0652455 decam -13.833268 13.545661 138 object IBIS_deep_cosmos_M517_79 0 0.0 924.0 1948.0 0.08713964 0.9998563 -0.0017415589 -0.17708448 0.0018396504 1.0001386 16624461664 274.32043
rawdata/DECam_01381911.fits.fz N4 1381911 396.5081 60791.10952496 1.41 148.97276787124588 1.5958961293578202 148.98028333333335 1.6709999999999998 M464 0.019848049 24.92302 1.0543379 0.9121042 21.603521 0.9778349 decam -7.22883 10.001772 148 object IBIS_deep_cosmos_M464_80 0 0.0 924.0 1948.0 0.19558989 0.99988174 -0.0015985094 0.04798269 0.0017953183 1.0000608 16656904312 405.49594
rawdata/DECam_01381912.fits.fz N4 1381912 357.8785 60791.11445351 1.44 148.97276787124588 1.5958961293578202 148.98028333333335 1.6709999999999998 M490 0.019848049 25.01769 1.1213682 0.89862907 21.574923 0.8464886 decam -6.108944 0.61779225 149 object IBIS_deep_cosmos_M490_80 0 0.0 924.0 1948.0 0.22014566 0.9999954 -0.0016152384 -0.015188844 0.0019223073 1.000058 16585669780 422.78006
rawdata/DECam_01381913.fits.fz N4 1381913 361.9683 60791.11895851 1.48 148.97276787124588 1.5958961293578202 148.98028333333335 1.6709999999999998 M517 0.019848049 25.019474 1.0695411 0.9452859 21.375738 1.2184223 decam -3.4721873 -3.3130229 152 object IBIS_deep_cosmos_M517_80 0 0.0 924.0 1948.0 0.19625087 0.99993587 -0.0016115617 -0.0035025745 0.0019058491 1.0000199 16918715424 297.0795
rawdata/DECam_01381914.fits.fz N4 1381914 282.3185 60791.12526728 1.09 185.9657119388539 -6.348103802127189 185.97327083333332 -6.273 M490 0.023679154 25.071827 1.1061724 0.8987943 21.72822 0.68280905 decam -25.132977 25.8063 176 object IBIS_wide_M490_433931 433931 0.027758 924.0 1948.0 -0.117207386 1.0002975 -1.3399804e-07 0.12742296 -4.0283216e-05 0.99992645 16224492840 413.46628
rawdata/DECam_01381915.fits.fz N4 1381915 252.0488 60791.12893498 1.1 186.29472424729002 -6.071103804536489 186.30227916666666 -5.996 M490 0.02717137 25.056812 1.0929611 0.8592091 21.72327 0.65986645 decam -14.502931 11.940616 161 object IBIS_wide_M490_430946 430946 0.030795 924.0 1948.0 0.10485598 1.0002218 -0.0001109639 0.16273513 -4.069078e-05 1.0000364 16126383172 381.96942
rawdata/DECam_01381916.fits.fz N4 1381916 250.0787 60791.13222513 1.09 186.66570650286278 -6.971103796698784 186.673275 -6.896 M490 0.022120109 25.051502 1.0856582 0.8956144 21.734203 0.6927242 decam -3.394056 12.294863 154 object IBIS_wide_M490_433925 433925 0.023867 924.0 1948.0 0.0018283702 0.9999549 4.4635843e-05 0.035650995 1.2605284e-05 1.0000156 16093744590 361.0076
