logs/db-2025-10-19.ecsv
# %ECSV 1.0
# ---
# datatype:
# - {name: filename, datatype: string}
# - {name: extension, datatype: string}
# - {name: expnum, datatype: int64}
# - {name: exptime, datatype: float32}
# - {name: mjd_obs, datatype: float64}
# - {name: airmass, datatype: float32}
# - {name: racenter, datatype: float64}
# - {name: deccenter, datatype: float64}
# - {name: rabore, datatype: float64}
# - {name: decbore, datatype: float64}
# - {name: band, datatype: string}
# - {name: ebv, datatype: float32}
# - {name: zeropoint, datatype: float32}
# - {name: transparency, datatype: float32}
# - {name: seeing, datatype: float32}
# - {name: sky, datatype: float32}
# - {name: expfactor, datatype: float32}
# - {name: camera, datatype: string}
# - {name: dx, datatype: float32}
# - {name: dy, datatype: float32}
# - {name: nmatched, datatype: int64}
# - {name: obstype, datatype: string}
# - {name: object, datatype: string}
# - {name: tileid, datatype: int64}
# - {name: tileebv, datatype: float32}
# - {name: affine_x0, datatype: float32}
# - {name: affine_y0, datatype: float32}
# - {name: affine_dx, datatype: float32}
# - {name: affine_dxx, datatype: float32}
# - {name: affine_dxy, datatype: float32}
# - {name: affine_dy, datatype: float32}
# - {name: affine_dyx, datatype: float32}
# - {name: affine_dyy, datatype: float32}
# - {name: checksum, datatype: string}
# - {name: efftime, datatype: float32}
# schema: astropy-2.0
filename extension expnum exptime mjd_obs airmass racenter deccenter rabore decbore band ebv zeropoint transparency seeing sky expfactor camera dx dy nmatched obstype object tileid tileebv affine_x0 affine_y0 affine_dx affine_dxx affine_dxy affine_dy affine_dyx affine_dyy checksum efftime
rawdata/DECam_01427211.fits.fz N4 1427211 15.0 60967.99126079 1.17 279.0992446105669 -44.30093643183224 279.10974166666665 -44.225833055555555 M517 0.050970625 25.045473 1.0423688 1.1850566 18.54744 29.967838 decam -37.017166 33.128025 1293 object "LTT7379 N4" 0 0.0 924.0 1948.0 -0.29420412 0.99988955 0.002655959 -0.1297961 -0.0028419276 0.99998915 16264366850 0.5005366
rawdata/DECam_01427212.fits.fz N4 1427212 15.0 60967.99174494 1.17 278.66524877723356 -44.30093643183225 278.67574583333334 -44.225833055555555 M517 0.07475387 25.047531 1.0443463 1.036722 18.664734 23.806448 decam -42.950768 41.47072 1442 object "LTT7379 N5" 0 0.0 924.0 1948.0 -0.43407172 1.0000644 0.002646831 0.2910651 -0.0024659706 1.0000786 16166380368 0.6300814
rawdata/DECam_01427213.fits.fz N4 1427213 15.0 60967.99221687 1.17 279.53320634919174 -44.467603373471604 279.54373333333336 -44.3925 M517 0.06628882 25.04753 1.0443448 1.025622 18.799505 19.520716 decam -46.91864 43.405655 1304 object "LTT7379 S3" 0 0.0 924.0 1948.0 -0.20590587 0.9998364 0.002675156 -0.042768292 -0.0027000408 1.0000596 16084614982 0.76841444
rawdata/DECam_01427214.fits.fz N4 1427214 15.0 60967.99271198 1.17 279.09921468252503 -44.467603373471604 279.10974166666665 -44.3925 M517 0.06489883 25.041441 1.038505 0.9993869 18.915253 16.704903 decam -37.465126 57.617893 1485 object "LTT7379 S4" 0 0.0 924.0 1948.0 -0.25608835 0.9997753 0.0027628848 0.16368164 -0.0027193201 0.9999563 16033706031 0.89794
rawdata/DECam_01427215.fits.fz N4 1427215 15.0 60967.99318685 1.18 278.6652188491917 -44.467603373471604 278.67574583333334 -44.3925 M517 0.057193663 25.047972 1.0464466 1.0456078 19.023088 15.586858 decam -39.010002 48.6464 1582 object "LTT7379 S5" 0 0.0 924.0 1948.0 0.07960266 0.9999304 0.00257966 -0.056776054 -0.0027763434 1.0000461 15978977163 0.9623492
rawdata/DECam_01427221.fits.fz N4 1427221 150.0 60967.99767941 1.17 346.78797476938405 -15.49938677589423 346.79577083333334 -15.424283055555556 M517 0.03427077 25.052301 1.0489441 1.118134 20.46486 4.060003 decam -8.854228 37.75037 121 object "NGC7492 position 6" 0 0.0 924.0 1948.0 0.0120125525 0.99977255 0.00041266766 0.05451276 -0.0005403599 1.0000362 16851164129 36.945786
rawdata/DECam_01427222.fits.fz N4 1427222 150.0 60967.99976161 1.16 346.75700311413834 -15.739913718109475 346.76480833333335 -15.66481 M517 0.03516305 25.052156 1.0471257 1.0373826 20.820162 2.534971 decam -3.2442367 22.462387 119 object "NGC7492 position 7" 0 0.0 924.0 1948.0 -0.068097904 1.0002096 0.00040029615 0.080435894 -0.00067004544 0.99981016 16459780476 59.172276
rawdata/DECam_01427223.fits.fz N4 1427223 150.0 60968.00183526 1.16 346.96233041072753 -15.570545664124165 346.97012916666665 -15.495441944444444 M517 0.03632592 25.108706 1.1031079 1.0119971 21.081425 1.7215372 decam 3.3229094 12.983909 515 object "NGC7492 position 8" 0 0.0 924.0 1948.0 -0.69216126 0.9999461 0.00028331723 0.085195 -0.00044600002 1.0000176 16249541490 87.13143
rawdata/DECam_01427224.fits.fz N4 1427224 150.0 60968.00391505 1.15 346.67479741499466 -15.561641775317755 346.6825958333333 -15.486538055555556 M517 0.034417696 25.062098 1.0550653 1.0043957 21.260078 1.548926 decam -1.6432452 5.4971504 120 object "NGC7492 position 9" 0 0.0 924.0 1948.0 -0.15574813 1.000025 0.00034196064 0.05637688 -0.0005459751 1.0000217 16215659550 96.84129
rawdata/DECam_01427225.fits.fz N4 1427225 150.0 60968.00600484 1.14 346.8926771018406 -15.766254828976145 346.90048333333334 -15.691151111111111 M517 0.034932733 25.048824 1.0405763 1.0836476 21.38391 1.6532134 decam 2.3190448 9.674226 122 object "NGC7492 position 10" 0 0.0 924.0 1948.0 0.02855549 0.9999719 0.00018508219 -0.051088504 -0.00036633573 0.999943 16018667893 90.73239
rawdata/DECam_01427226.fits.fz N4 1427226 150.0 60968.00806821 1.14 346.8741804726038 -15.458604831827234 346.88197499999995 -15.38350111111111 M517 0.03484899 25.043848 1.0358179 1.0694013 21.448896 1.529741 decam -8.81293 13.796866 140 object "NGC7492 position 11" 0 0.0 924.0 1948.0 -0.0020849912 1.0001332 0.00038279657 -0.024664765 -0.0003287039 1.0000056 15991221729 98.05581
rawdata/DECam_01427227.fits.fz N4 1427227 150.0 60968.01013779 1.13 346.6628043118407 -15.708683718399213 346.67060833333335 -15.63358 M517 0.035406247 25.052406 1.0423422 0.9888188 21.486006 1.2489744 decam -6.5986047 22.26383 110 object "NGC7492 position 12" 0 0.0 924.0 1948.0 -0.11220479 1.0002122 0.0002553214 -0.043015573 -0.0004099077 1.0000058 15986901962 120.09853
rawdata/DECam_01427228.fits.fz N4 1427228 60.0 60968.01383065 1.04 327.18850113127263 -14.898103725888873 327.196275 -14.823 M517 0.0630853 25.080355 1.0542077 1.1294105 21.442717 1.9134077 decam -5.493824 48.026012 185 object pointing 0 0.0 924.0 1948.0 -0.22247596 1.0000794 0.0010325297 0.1336038 -0.0010990753 0.99986285 15654272531 31.357666
rawdata/DECam_01427229.fits.fz N4 1427229 388.9373 60968.01663566 1.05 331.66350263418826 -14.740103727342118 331.6712708333334 -14.665 M517 0.03073593 25.075085 1.0507845 1.0516796 21.449762 1.360326 decam 10.227006 -21.690403 211 object IBIS_wide_M517_554794 554794 0.035641 924.0 1948.0 0.14338937 0.9998137 0.0008351929 0.04402377 -0.0008970498 0.99992245 17060957693 285.91476
rawdata/DECam_01427230.fits.fz N4 1427230 409.7572 60968.02147969 1.05 332.83249868149517 -14.73410372739726 332.84026666666665 -14.659 M517 0.034348574 25.040335 1.0176867 1.0132464 21.471651 1.3496648 decam -5.440367 -24.014925 195 object IBIS_wide_M517_557774 557774 0.03737 924.0 1948.0 -0.00015371012 0.99995095 0.00078694837 0.12946339 -0.0007635572 0.99997467 17013960356 303.59924
rawdata/DECam_01427231.fits.fz N4 1427231 404.1072 60968.0266007 1.05 336.89749574878937 -14.81610372664335 336.9052666666667 -14.741 M517 0.0394647 25.07761 1.053232 1.0365728 21.503494 1.3221186 decam 0.16032481 -29.002735 141 object IBIS_wide_M517_557763 557763 0.039747 924.0 1948.0 0.06333399 0.99991286 0.0005303025 0.04842837 -0.0006191495 0.99991775 16943758456 305.65125
rawdata/DECam_01427232.fits.fz N4 1427232 381.9873 60968.03157753 1.05 336.5105138335528 -14.302103731359797 336.5182666666667 -14.227 M517 0.040144145 25.05881 1.0351509 1.0032415 21.487345 1.3070561 decam 2.5065663 -24.285904 160 object IBIS_wide_M517_557765 557765 0.039683 924.0 1948.0 -0.25689107 1.0000951 0.0007904872 0.08410454 -0.00072803005 0.99986213 16991032451 292.25012
rawdata/DECam_01427233.fits.fz N4 1427233 384.8474 60968.03632686 1.05 338.0405103705997 -14.402103730443914 338.0482666666667 -14.327 M517 0.06552047 25.047033 1.0239836 1.034136 21.489843 1.6589661 decam 1.6646776 -34.98937 152 object IBIS_wide_M517_557764 557764 0.053088 924.0 1948.0 -0.064637676 0.99994856 0.00064504467 0.06889861 -0.00078021456 0.9999327 16854141906 231.98029
rawdata/DECam_01427234.fits.fz N4 1427234 412.3972 60968.04113444 1.05 338.0515345470927 -13.938103734686774 338.059275 -13.863 M517 0.060273014 25.009865 0.9895239 1.0197785 21.46067 1.7174741 decam -11.779812 -45.077557 158 object IBIS_wide_M517_554781 554781 0.055268 924.0 1948.0 -0.03318772 1.0001028 0.0006027976 0.03236838 -0.0007361135 1.0000339 17151882186 240.11842
rawdata/DECam_01427235.fits.fz N4 1427235 396.3773 60968.04624276 1.05 339.37053739603755 -13.727103736610509 339.3782708333334 -13.652 M517 0.050235018 24.961006 0.94598186 1.0419903 21.452112 1.8571235 decam -11.590108 -37.336773 156 object IBIS_wide_M517_554776 554776 0.051166 924.0 1948.0 -0.110317 0.9998247 0.00057890726 0.021009581 -0.0005688075 0.99994725 17348561307 213.43616
rawdata/DECam_01427236.fits.fz N4 1427236 450.9669 60968.05115113 1.05 340.5505633135623 -13.049103742768885 340.558275 -12.974 M517 0.060454316 25.00441 0.9845635 1.0723265 21.474443 1.8957449 decam -12.400852 -32.01335 163 object IBIS_wide_M517_558069 558069 0.0576 924.0 1948.0 -0.14123614 1.0000453 0.0005443337 0.01938016 -0.00080653117 0.99982 17229534115 237.88374
rawdata/DECam_01427237.fits.fz N4 1427237 342.1176 60968.05669746 1.05 342.04655948988403 -13.038103742868516 342.05427083333336 -12.963 M517 0.048258014 25.068886 1.0448021 1.0012211 21.504438 1.3233063 decam -2.5313044 -23.271189 149 object IBIS_wide_M517_558068 558068 0.049333 924.0 1948.0 -0.11310182 1.0003507 0.000430119 0.06310354 -0.0006232585 0.9998905 16780914515 258.53244
rawdata/DECam_01427238.fits.fz N4 1427238 330.6877 60968.06100053 1.05 343.87057796021895 -12.430103748361887 343.8782708333333 -12.355 M517 0.038356096 25.054295 1.0308547 1.037831 21.517506 1.3563215 decam -14.529691 -25.84621 157 object IBIS_wide_M517_557986 557986 0.039489 924.0 1948.0 0.0616572 0.99997425 0.00040453137 -0.040442873 -0.00016331539 1.0000228 16684350547 243.8122
rawdata/DECam_01427239.fits.fz N4 1427239 346.3976 60968.06532272 1.05 344.42059221292305 -12.084103751476512 344.428275 -12.009 M517 0.037024576 25.071726 1.0475389 1.0529337 21.517374 1.3408432 decam -18.39937 -17.243914 135 object IBIS_wide_M517_555011 555011 0.039773 924.0 1948.0 -0.057067554 0.9998789 0.00029343134 -0.022495717 -0.00051748805 1.0000086 16772037109 258.3431
rawdata/DECam_01427240.fits.fz N4 1427240 434.5171 60968.06965412 1.06 346.4336078898438 -11.524103756500587 346.44127499999996 -11.449 M517 0.037985034 25.02125 1.0015569 1.0334942 21.507568 1.4392564 decam -16.377222 -7.646474 152 object IBIS_wide_M517_555013 555013 0.036194 924.0 1948.0 0.0043648314 0.9999626 0.00029619248 -0.06780207 -0.0003451326 0.9999813 17123416233 301.90387
rawdata/DECam_01427241.fits.fz N4 1427241 421.2472 60968.07499379 1.06 346.83561852263654 -11.12710376005013 346.843275 -11.052 M517 0.03437934 24.93518 0.92522657 1.0063596 21.468637 1.6208024 decam -16.901714 -6.6181703 123 object IBIS_wide_M517_557999 557999 0.034396 924.0 1948.0 0.017123591 0.9998746 0.0002597541 0.0071539194 -0.000327087 1.0 17081130388 259.9004
rawdata/DECam_01427242.fits.fz N4 1427242 342.7977 60968.08018309 1.06 348.88163165108745 -10.615103764613668 348.889275 -10.54 M517 0.032943293 25.024328 1.0044017 1.0510715 21.491898 1.4550576 decam -15.1491995 -5.3931227 148 object IBIS_wide_M517_558037 558037 0.032548 924.0 1948.0 -0.082975715 1.0000439 0.00019483706 -0.098271415 -0.00018285704 0.99987155 16747838334 235.59047
rawdata/DECam_01427243.fits.fz N4 1427243 389.1075 60968.08446816 1.06 349.21163704234306 -10.397103766552057 349.219275 -10.322 M517 0.028950287 25.028126 1.0079204 1.0498482 21.464203 1.4423773 decam -16.273394 3.0056012 133 object IBIS_wide_M517_555052 555052 0.030624 924.0 1948.0 -0.03193414 1.000014 0.00015094495 -0.12831888 7.809371e-05 0.9999667 17392103211 269.7682
rawdata/DECam_01427244.fits.fz N4 1427244 613.6262 60968.08928671 1.07 349.6456440980409 -9.927103770722034 349.65327083333335 -9.852 M517 0.031495154 24.887638 0.8870078 1.0187047 21.415028 1.8704561 decam -14.629348 9.904566 138 object IBIS_wide_M517_558038 558038 0.030408 924.0 1948.0 -0.089337826 1.000207 0.0003043688 -0.039479334 -0.00018328034 1.0000007 17944389432 328.06235
rawdata/DECam_01427245.fits.fz N4 1427245 336.838 60968.09674245 1.07 352.7006585434644 -9.475103774721024 352.70827499999996 -9.4 M517 0.029624907 24.907982 0.9037848 0.9542196 21.468542 1.4877812 decam -17.214142 8.933834 141 object IBIS_wide_M517_555043 555043 0.029954 924.0 1948.0 -0.02658853 1.0000621 -3.040263e-05 -0.0466588 2.33525e-05 1.0000274 16708398522 226.40292
rawdata/DECam_01427246.fits.fz N4 1427246 508.2169 60968.10097369 1.07 353.54566258837446 -9.097103778057216 353.5532708333334 -9.022 M517 0.031917386 24.819105 0.8327495 0.9829029 21.437021 1.9414401 decam -11.304528 12.634116 128 object IBIS_wide_M517_555044 555044 0.028396 924.0 1948.0 -0.27588013 0.99973685 0.00016053318 0.0042921742 0.00041520546 0.9998865 17446796347 261.77316
rawdata/DECam_01427247.fits.fz N4 1427247 363.4777 60968.10719551 1.08 353.8776766150776 -8.825103780453487 353.8852791666667 -8.75 M517 0.02680384 24.911522 0.9081909 0.9516654 21.444218 1.4772774 decam -17.290249 4.0888624 120 object IBIS_wide_M517_558030 558030 0.028647 924.0 1948.0 -0.16892987 1.0003477 -0.00015220861 -0.12239204 0.00017891995 0.99994665 17745639750 246.04565
rawdata/DECam_01427248.fits.fz N4 1427248 280.8783 60968.11171958 1.08 354.13468141499544 -8.378103784383862 354.142275 -8.303 M517 0.030341584 25.00629 0.99102426 0.86644256 21.485723 1.0125166 decam -11.294074 5.0098534 116 object IBIS_wide_M517_555047 555047 0.029766 924.0 1948.0 -0.030008074 1.0001203 -0.00014707816 -0.12086619 0.000119197284 0.999961 16618510531 277.4061
rawdata/DECam_01427249.fits.fz N4 1427249 242.1685 60968.11529734 1.08 356.85569362979095 -7.726103790100722 356.863275 -7.651 M517 0.02875422 25.049759 1.0315057 0.87241274 21.523705 0.90588534 decam -12.329261 9.635074 101 object IBIS_wide_M517_555216 555216 0.028988 924.0 1948.0 0.0027111843 1.0000919 -0.00018019274 -0.09475811 0.00022749304 1.0000373 16385170139 267.32797
rawdata/DECam_01427250.fits.fz N4 1427250 281.9383 60968.11842661 1.09 358.19870003520145 -7.112103795468247 358.20627083333335 -7.037 M517 0.033315714 25.050463 1.0338304 0.91550595 21.521044 1.0272962 decam -13.046832 7.521569 118 object IBIS_wide_M517_558203 558203 0.033451 924.0 1948.0 0.013392832 0.999851 -0.00026833333 -0.017722836 4.765714e-05 0.9999199 16455827225 274.44693
rawdata/DECam_01427251.fits.fz N4 1427251 249.1784 60968.12201901 1.09 357.0397059866138 -7.255103794219484 357.04727916666667 -7.18 M517 0.026275134 25.072018 1.0545602 0.8758668 21.52851 0.8590911 decam -14.1925955 12.309539 124 object IBIS_wide_M517_555217 555217 0.028199 924.0 1948.0 -0.10790515 1.000044 -0.00038960378 -0.02474749 0.00014998477 0.9998114 16299182126 290.04886
rawdata/DECam_01427252.fits.fz N4 1427252 286.3183 60968.12525147 1.1 358.4477157735958 -6.081103804449554 358.4552708333333 -6.006 M517 0.03395826 25.055126 1.039945 0.8761486 21.510788 0.945722 decam -23.921568 18.475468 119 object IBIS_wide_M517_555221 555221 0.030312 924.0 1948.0 -0.015590328 1.0000588 -0.000232732 -0.036781363 0.0004041532 1.0000428 16475142948 302.75104
rawdata/DECam_01427253.fits.fz N4 1427253 315.7582 60968.12888317 1.1 358.90071903688477 -5.844103806509046 358.90827083333335 -5.769 M517 0.028831042 24.987896 0.97750425 0.868186 21.485632 1.0418291 decam -20.975609 16.498356 118 object IBIS_wide_M517_558207 558207 0.030164 924.0 1948.0 -0.13238657 0.9999699 -0.00046853945 0.016057093 0.0004799607 1.0001501 16650648663 303.08063
rawdata/DECam_01427254.fits.fz N4 1427254 252.0785 60968.13348601 1.04 10.245498717148097 -14.733103727406451 10.253266666666667 -14.658 M517 0.021259533 25.017616 0.9950164 0.9162749 21.612173 0.93227303 decam -25.789236 -7.7763696 107 object IBIS_wide_M517_503847 503847 0.019257 924.0 1948.0 0.18143606 1.0001839 -0.00078611745 -0.1904618 0.0006120867 1.0000112 16259811286 270.3913
rawdata/DECam_01427255.fits.fz N4 1427255 247.0785 60968.13673294 1.04 11.480509504027005 -14.664103728040391 11.488275 -14.589 M517 0.018826857 25.026272 1.0029804 0.8833465 21.61405 0.8386439 decam -13.790373 -5.9464993 110 object IBIS_wide_M517_500840 500840 0.019394 924.0 1948.0 0.060620107 0.99993044 -0.0008175402 -0.12699267 0.0007321039 0.999966 16345225155 294.6167
rawdata/DECam_01427256.fits.fz N4 1427256 211.9788 60968.1399147 1.04 11.910505477523833 -14.5421037291603 11.918266666666666 -14.467 M517 0.021943288 25.047934 1.0231925 0.9070816 21.632051 0.852039 decam -18.110065 -2.9580665 117 object IBIS_wide_M517_500851 500851 0.02073 924.0 1948.0 0.1206722 1.0000275 -0.00083757617 -0.04332226 0.0006581479 1.0000226 16110750033 248.79004
rawdata/DECam_01427257.fits.fz N4 1427257 216.1287 60968.14268843 1.04 10.83852033484834 -14.355103730874479 10.846275 -14.28 M517 0.017984662 25.071976 1.0461022 0.8946848 21.638454 0.76914895 decam -15.476009 4.774344 101 object IBIS_wide_M517_503848 503848 0.019216 924.0 1948.0 0.07667483 1.0000389 -0.0007215005 0.0050136144 0.00061846076 0.9999215 16150939245 280.9972
