logs/db-2025-03-03.ecsv
# %ECSV 1.0
# ---
# datatype:
# - {name: filename, datatype: string}
# - {name: extension, datatype: string}
# - {name: expnum, datatype: int64}
# - {name: exptime, datatype: float32}
# - {name: mjd_obs, datatype: float64}
# - {name: airmass, datatype: float32}
# - {name: racenter, datatype: float64}
# - {name: deccenter, datatype: float64}
# - {name: rabore, datatype: float64}
# - {name: decbore, datatype: float64}
# - {name: band, datatype: string}
# - {name: ebv, datatype: float32}
# - {name: zeropoint, datatype: float32}
# - {name: transparency, datatype: float32}
# - {name: seeing, datatype: float32}
# - {name: sky, datatype: float32}
# - {name: expfactor, datatype: float32}
# - {name: camera, datatype: string}
# - {name: dx, datatype: float32}
# - {name: dy, datatype: float32}
# - {name: nmatched, datatype: int64}
# - {name: obstype, datatype: string}
# - {name: object, datatype: string}
# - {name: tileid, datatype: int64}
# - {name: tileebv, datatype: float32}
# - {name: affine_x0, datatype: float32}
# - {name: affine_y0, datatype: float32}
# - {name: affine_dx, datatype: float32}
# - {name: affine_dxx, datatype: float32}
# - {name: affine_dxy, datatype: float32}
# - {name: affine_dy, datatype: float32}
# - {name: affine_dyx, datatype: float32}
# - {name: affine_dyy, datatype: float32}
# - {name: checksum, datatype: string}
# - {name: efftime, datatype: float32}
# schema: astropy-2.0
filename extension expnum exptime mjd_obs airmass racenter deccenter rabore decbore band ebv zeropoint transparency seeing sky expfactor camera dx dy nmatched obstype object tileid tileebv affine_x0 affine_y0 affine_dx affine_dxx affine_dxy affine_dy affine_dyx affine_dyy checksum efftime
rawdata/DECam_01370453.fits.fz N4 1370453 5.0 60737.99785824 1.0 87.98952472849354 -29.523713577998 87.99815833333334 -29.44861 r 0.029729724 26.861565 1.0409409 1.1950474 16.348305 63.435646 decam -8.757969 -50.42065 95 object pointing 0 0.0 924.0 1948.0 0.5128259 0.9998687 -0.0030238058 -0.49521238 0.0030279781 1.0000335 26542678216 0.078820035
rawdata/DECam_01370454.fits.fz N4 1370454 30.0 60737.99902519 1.0 87.98952472849354 -29.523713577998 87.99815833333334 -29.44861 r 0.029729724 26.885239 1.063886 0.97804075 16.726624 28.73343 decam -7.0290785 14.639881 146 object pointing 0 0.0 924.0 1948.0 0.47859105 1.0000188 -0.0030359428 -0.3769402 0.0029896619 1.000063 62716614578 1.04408
rawdata/DECam_01370455.fits.fz N4 1370455 3.0 60738.00142963 1.0 89.0930033306711 -27.849770541142576 89.1015 -27.774666944444444 g 0.038579706 26.682114 1.0686737 1.0446196 18.285786 24.411188 decam -18.053432 26.292177 104 object "LTT2415 N4 g" 0 0.0 924.0 1948.0 0.33343917 1.0003482 -0.0030583818 -0.089740045 0.0028472391 1.0000201 16316468080 0.122894466
rawdata/DECam_01370456.fits.fz N4 1370456 15.0 60738.00181369 1.0 89.0930033306711 -27.849770541142576 89.1015 -27.774666944444444 M517 0.038579706 25.044447 1.0133951 0.97508144 18.532764 14.998481 decam -22.44964 13.684433 121 object "LTT2415 N4 M517" 0 0.0 924.0 1948.0 0.408106 1.0002527 -0.0028101827 -0.21551771 0.00297366 0.9999264 16253913534 1.0001013
rawdata/DECam_01370457.fits.fz N4 1370457 15.0 60738.0023659 1.0 89.0930033306711 -27.849770541142576 89.1015 -27.774666944444444 M490 0.038579706 25.028618 1.0457957 0.97066796 18.557817 13.638279 decam -14.833239 33.99921 118 object "LTT2415 N4 M490" 0 0.0 924.0 1948.0 0.4263739 1.0002234 -0.002914461 -0.21495746 0.00289365 0.9999399 16193426375 1.0998455
rawdata/DECam_01370458.fits.fz N4 1370458 15.0 60738.00300372 1.0 89.0930033306711 -27.849770541142576 89.1015 -27.774666944444444 M411 0.038579706 24.497831 0.9952509 1.0574232 18.84554 13.704838 decam -13.3558855 30.597462 80 object "LTT2415 N4 M411" 0 0.0 924.0 1948.0 0.4877883 1.0003594 -0.0030557353 -0.29371428 0.0028837584 1.0000049 15782386229 1.094504
rawdata/DECam_01370459.fits.fz N4 1370459 3.0 60738.00354365 1.0 89.0930033306711 -27.849770541142576 89.1015 -27.774666944444444 g 0.038579706 26.67363 1.0603573 1.0199265 18.875418 13.733854 decam -30.664639 37.170666 111 object "LTT2415 N4 g" 0 0.0 924.0 1948.0 0.46469688 1.0002395 -0.0030175496 -0.28352347 0.0028767118 0.9999775 15926195210 0.21843831
rawdata/DECam_01370460.fits.fz N4 1370460 150.0 60738.00596697 1.25 136.96453759435042 -37.21315959401179 136.97397083333334 -37.13805611111111 M490 0.32769462 0.0 0.0 0.0 19.39158 0.0 decam 0.0 0.0 0 object "Pyxis M490" 0 0.0 0.0 0.0 0.0 0.0 0.0 0.0 0.0 0.0 19256574510 0.0
rawdata/DECam_01370461.fits.fz N4 1370461 150.0 60738.00807536 1.24 136.9978458367654 -37.37982542508124 137.0073 -37.304721944444445 M490 0.3276871 0.0 0.0 0.0 19.87452 0.0 decam 0.0 0.0 0 object "Pyxis M490" 0 0.0 0.0 0.0 0.0 0.0 0.0 0.0 0.0 0.0 18449145224 0.0
rawdata/DECam_01370462.fits.fz N4 1370462 150.0 60738.01018038 1.23 136.68119905229673 -37.22149237167661 136.69063333333332 -37.146388888888886 M490 0.3887554 0.0 0.0 0.0 20.367174 0.0 decam 0.0 0.0 0 object "Pyxis M490" 0 0.0 0.0 0.0 0.0 0.0 0.0 0.0 0.0 0.0 17121583528 0.0
rawdata/DECam_01370463.fits.fz N4 1370463 150.0 60738.01228952 1.22 136.66451561923702 -37.38815959163442 136.67397083333333 -37.31305611111111 M490 0.4292886 0.0 0.0 0.0 20.721317 0.0 decam 0.0 0.0 0 object "Pyxis M490" 0 0.0 0.0 0.0 0.0 0.0 0.0 0.0 0.0 0.0 16858707208 0.0
rawdata/DECam_01370464.fits.fz N4 1370464 150.0 60738.01440174 1.22 137.29236467737718 -37.196492372015406 137.30179583333333 -37.12138888888889 M490 0.30323255 0.0 0.0 0.0 20.991358 0.0 decam 0.0 0.0 0 object "Pyxis M490" 0 0.0 0.0 0.0 0.0 0.0 0.0 0.0 0.0 0.0 16399970608 0.0
rawdata/DECam_01370465.fits.fz N4 1370465 60.0 60738.01737966 1.33 130.20474541125597 -3.352047716961807 130.21227083333332 -3.276943888888889 g 0.023739463 26.623238 1.0659447 1.2201055 21.104755 2.5325434 decam 11.164338 42.706066 228 object wide 0 0.0 924.0 1948.0 0.3977075 1.0000188 -0.0019808235 -0.16941825 0.0019319042 1.0000702 16871376065 23.691597
rawdata/DECam_01370466.fits.fz N4 1370466 426.2375 60738.02001144 1.31 130.2047454108243 -3.352103828072435 130.21227083333332 -3.277 M517 0.02373916 24.998453 1.0208386 1.0679758 21.28464 1.5521833 decam -8.843103 -1.0472156 253 object IBIS_wide_M517_522229 522229 0.025948 924.0 1948.0 0.26726133 1.0003204 -0.0020370793 -0.21831763 0.0017933743 0.99993116 17526417454 274.60513
rawdata/DECam_01370467.fits.fz N4 1370467 351.1578 60738.02530896 1.29 130.2047454108243 -3.352103828072435 130.21227083333332 -3.277 M517 0.02373916 25.005852 1.0245295 1.0317835 21.34088 1.3572216 decam 0.6668536 -10.782699 253 object IBIS_wide_M517_522229 522229 0.025948 924.0 1948.0 0.29912654 1.0000697 -0.0020589961 -0.3048564 0.0020154023 1.0000441 17066309578 258.73282
rawdata/DECam_01370468.fits.fz N4 1370468 319.2681 60738.02972659 1.27 132.11973204903813 -5.146103812564697 132.127275 -5.071 M517 0.019981273 25.004688 1.0201571 1.012121 21.364126 1.2811817 decam 4.070886 -3.156282 250 object IBIS_wide_M517_522203 522203 0.020616 924.0 1948.0 0.34765625 1.0000823 -0.0023055703 -0.35978082 0.0019767287 0.99989307 16863052703 249.19815
rawdata/DECam_01370469.fits.fz N4 1370469 380.9877 60738.0337979 1.27 131.39574530289528 -3.3661038279516755 131.40327083333332 -3.291 M517 0.017485721 24.99989 1.0156591 1.1221198 21.362604 1.5902765 decam 2.2156363 -15.134688 246 object IBIS_wide_M517_522228 522228 0.020969 924.0 1948.0 0.34903616 0.9999224 -0.002023484 -0.40047178 0.0020943396 1.0001063 17393482796 239.57324
rawdata/DECam_01370470.fits.fz N4 1370470 387.0176 60738.03858374 1.25 133.56673225164053 -5.470103809755528 133.57427916666668 -5.395 M517 0.023676414 25.007448 1.0194818 1.1167874 21.19114 1.8192099 decam -3.9555492 -4.227624 191 object IBIS_wide_M517_519212 519212 0.021021 924.0 1948.0 0.543011 1.0000513 -0.002049352 -0.26594117 0.001826029 1.0001096 19697782551 212.73938
rawdata/DECam_01370471.fits.fz N4 1370471 314.468 60738.0434079 1.23 133.28474543196648 -4.2981038199040285 133.29227916666667 -4.223 M517 0.015663246 24.129995 0.452904 0.5842608 21.220064 5.3439546 decam -28.590515 996.85004 10 object IBIS_wide_M517_519221 519221 0.017412 924.0 1948.0 0.7843926 0.99813765 -0.0006290788 -0.44881713 -0.0059589944 1.0015821 18956656921 58.845562
rawdata/DECam_01370472.fits.fz N4 1370472 332.248 60738.04741708 1.23 134.7957285375497 -5.434103810067805 134.80327499999999 -5.359 M517 0.023443175 25.012016 1.0205039 1.0337899 21.447456 1.2211559 decam -9.425277 2.53916 226 object IBIS_wide_M517_519213 519213 0.023009 924.0 1948.0 0.1775783 1.0001413 -0.0021076798 -0.28755087 0.0018114215 0.99993986 16899258619 272.07666
rawdata/DECam_01370473.fits.fz N4 1370473 60.0 60738.05337414 1.5 147.99275903751965 1.7273961282264874 148.00027500000002 1.8025 g 0.053839423 26.588194 1.0599314 1.2288758 21.353342 2.6047142 decam -10.194848 20.313326 108 object cosmos 0 0.0 924.0 1948.0 0.12604077 1.0001737 -0.0014420094 -0.0754559 0.001111569 1.0001149 16575920710 23.035156
rawdata/DECam_01370474.fits.fz N4 1370474 500.0 60738.05519957 1.5 148.62076309050707 1.7558961279812735 148.62827916666666 1.831 M490 0.026393529 24.951908 1.0669974 1.1712575 21.483253 1.5443792 decam -21.260887 23.582724 116 object IBIS_deep_cosmos_M490_63 0 0.0 924.0 1948.0 0.46568376 1.0002201 -0.001580597 -0.2163714 0.0013508184 1.000425 17365756180 323.75467
rawdata/DECam_01370475.fits.fz N4 1370475 217.4987 60738.06135928 1.48 149.31376090609155 2.233896123867351 149.32127916666667 2.309 M490 0.021011224 24.956951 1.0680816 1.0924363 21.52788 1.277836 decam -21.717157 15.025549 107 object IBIS_deep_cosmos_M490_4 0 0.0 924.0 1948.0 0.05082378 1.0003556 -0.0018168141 -0.18499123 0.0013542497 1.0000546 16164531332 170.20863
rawdata/DECam_01370476.fits.fz N4 1370476 365.9677 60738.06424536 1.47 149.78075452620993 2.6308961204485457 149.788275 2.706 M490 0.019724825 24.962006 1.0711209 1.1371028 21.56348 1.3271742 decam -28.329636 13.279311 113 object IBIS_deep_cosmos_M490_2 0 0.0 924.0 1948.0 -0.03066171 1.000246 -0.0014255828 -0.11079163 0.0012763313 1.0003023 16690460704 275.74957
rawdata/DECam_01370477.fits.fz N4 1370477 263.9983 60738.06883945 1.45 150.09375883696464 2.606896120655282 150.10127916666667 2.682 M490 0.019469626 24.9711 1.0762174 1.0363741 21.589172 1.0592083 decam -24.0605 8.102544 95 object IBIS_deep_cosmos_M490_1 0 0.0 924.0 1948.0 0.3548136 1.0002558 -0.0016177892 -0.1876885 0.0011566046 1.0001284 16391451771 249.24117
rawdata/DECam_01370471.fits.fz S4 1370471 314.468 60738.0434079 1.23 133.28545091829167 -4.133216804721931 133.29227916666667 -4.223 M517 0.015663246 24.24218 0.5022037 1.0401288 21.397644 5.3439546 decam 38.66732 -387.00046 17 object IBIS_wide_M517_519221 519221 0.017412 924.0 1948.0 -0.41481292 0.9982863 -0.00040927914 -0.6953351 5.61208e-05 1.0001281 18289338162 58.845562
rawdata/DECam_01370478.fits.fz N4 1370478 150.589 60738.07226037 1.43 150.09375883696464 2.606896120655282 150.10127916666667 2.682 M517 0.019469626 24.990763 1.0333164 1.0422789 21.472574 1.2612841 decam -14.535869 11.342987 84 object IBIS_deep_cosmos_M517_1 0 0.0 924.0 1948.0 0.21235502 1.000024 -0.0014040233 0.02347621 0.00090238143 1.000282 16047029021 119.3934
rawdata/DECam_01370479.fits.fz N4 1370479 200.0188 60738.07436919 1.41 149.78075452620993 2.6308961204485457 149.788275 2.706 M517 0.019724825 24.987461 1.0268818 1.1366829 21.487406 1.4882411 decam -9.362551 20.684877 105 object IBIS_deep_cosmos_M517_2 0 0.0 924.0 1948.0 0.048729703 0.9998929 -0.001382318 -0.06737614 0.0008165843 1.0001355 16182360495 134.39946
rawdata/DECam_01370480.fits.fz N4 1370480 230.2685 60738.07703018 1.39 149.4997595261277 2.488896121671626 149.50727916666665 2.564 M490 0.020213213 24.978645 1.0719879 1.190293 21.613838 1.3461972 decam -8.501268 15.48574 99 object IBIS_deep_cosmos_M490_3 0 0.0 924.0 1948.0 0.20362142 1.0000978 -0.0014774358 -0.03296879 0.0013517414 1.0000622 16188928721 171.05109
rawdata/DECam_01370481.fits.fz N4 1370481 150.289 60738.08005426 1.37 149.31376090609155 2.233896123867351 149.32127916666667 2.309 M517 0.021011224 24.98151 1.0147423 1.18986 21.500444 1.6287661 decam -3.200985 15.841602 104 object IBIS_deep_cosmos_M517_4 0 0.0 924.0 1948.0 -0.06748583 1.0004535 -0.0017645882 -0.31388322 0.0013869046 1.0000225 15962366102 92.27169
rawdata/DECam_01370482.fits.fz N4 1370482 249.0784 60738.08213548 1.35 149.2467582114563 1.9248961265270395 149.25427499999998 2.0 M490 0.022061344 24.976688 1.0623193 1.0922426 21.628489 1.1227651 decam -11.701259 16.649363 106 object IBIS_deep_cosmos_M490_5 0 0.0 924.0 1948.0 -0.4300595 1.0002223 -0.0014814426 -0.09087584 0.0014832149 1.0002916 16228627690 221.84375
rawdata/DECam_01370483.fits.fz N4 1370483 190.2187 60738.08537225 1.33 149.2467582114563 1.9248961265270395 149.25427499999998 2.0 M517 0.022061344 24.995354 1.021197 1.0954952 21.52318 1.3184274 decam -6.229139 7.127891 106 object IBIS_deep_cosmos_M517_5 0 0.0 924.0 1948.0 -0.41982868 1.0000635 -0.0014989383 -0.006456669 0.0013473515 1.0002866 16123271286 144.27696
rawdata/DECam_01370484.fits.fz N4 1370484 390.5075 60738.08792997 1.32 149.29775947545477 1.6128961292115729 149.305275 1.6880000000000002 M490 0.020448064 24.992678 1.0722277 1.097896 21.63168 1.0982338 decam -13.356207 4.4546504 111 object IBIS_deep_cosmos_M490_6 0 0.0 924.0 1948.0 0.10695542 1.000006 -0.0015281637 -0.035730693 0.0016746108 1.0000398 16899363059 355.57776
rawdata/DECam_01370485.fits.fz N4 1370485 150.8991 60738.09279111 1.3 149.29775947545477 1.6128961292115729 149.305275 1.6880000000000002 M517 0.020448064 25.000162 1.0208092 1.1411521 21.521437 1.4200462 decam -9.120465 -9.1282625 94 object IBIS_deep_cosmos_M517_6 0 0.0 924.0 1948.0 0.20228961 1.0001357 -0.001618568 -0.13440648 0.0014274128 1.0000758 16053792676 106.26352
rawdata/DECam_01370486.fits.fz N4 1370486 281.2982 60738.09492132 1.29 149.45276874087074 1.3368961315856607 149.46028333333334 1.412 M490 0.017505977 24.987278 1.0611173 1.1512051 21.636473 1.2139424 decam -13.854644 9.862108 85 object IBIS_deep_cosmos_M490_7 0 0.0 924.0 1948.0 0.23294812 0.9998781 -0.001269354 -0.08203801 0.0014236504 1.0001956 16290630726 231.72285
rawdata/DECam_01370487.fits.fz N4 1370487 500.0 60738.09854107 1.28 149.45276874087074 1.3368961315856607 149.46028333333334 1.412 M517 0.017505977 25.014284 1.0308647 1.0610864 21.552248 1.1631215 decam -7.7324934 -5.274034 94 object IBIS_deep_cosmos_M517_7 0 0.0 924.0 1948.0 0.33622295 0.99974394 -0.0012139311 -0.25405753 0.0012916183 1.0001857 17218566019 429.87772
rawdata/DECam_01370488.fits.fz N4 1370488 9.1599 60738.10467195 1.25 149.6877610075145 1.1238961334174677 149.695275 1.199 M490 0.025978917 24.993439 1.059438 1.1327356 21.579708 1.2244883 decam -1.4297432 4.690157 43 object IBIS_deep_cosmos_M490_8 0 0.0 924.0 1948.0 -0.080909505 1.0001416 -0.0017415924 -0.27873927 0.0018612344 1.0000926 15408871413 7.4805946
rawdata/DECam_01370489.fits.fz N4 1370489 105.0493 60738.10514787 1.25 149.6877610075145 1.1238961334174677 149.695275 1.199 M517 0.025978917 25.012407 1.0241487 0.9597457 21.540672 0.9655679 decam -2.706836 2.173095 100 object IBIS_deep_cosmos_M517_8 0 0.0 924.0 1948.0 0.37817332 1.0002589 -0.0016991956 -0.037395336 0.001495541 0.9999085 15776649906 108.79536
rawdata/DECam_01370490.fits.fz N4 1370490 241.6885 60738.10674013 1.25 149.45276874087074 1.3368961315856607 149.46028333333334 1.412 M517 0.017505977 25.014114 1.0257598 0.9683329 21.557236 0.9649573 decam -4.675085 -10.272773 87 object IBIS_deep_cosmos_M517_7 0 0.0 924.0 1948.0 0.30938363 0.9999018 -0.0012373143 -0.13759722 0.0013584889 1.0001916 16264324652 250.46548
rawdata/DECam_01370491.fits.fz N4 1370491 230.0485 60738.10991057 1.24 149.6877610075145 1.1238961334174677 149.695275 1.199 M490 0.025978917 24.995605 1.0596299 0.9799777 21.648138 0.8576492 decam 1.4453945 -1.7674112 105 object IBIS_deep_cosmos_M490_8 0 0.0 924.0 1948.0 0.30026022 1.0002562 -0.0017246249 -0.20716137 0.001697465 1.0000381 16134830654 268.23145
rawdata/DECam_01370492.fits.fz N4 1370492 105.3493 60738.11292681 1.23 149.6877610075145 1.1238961334174677 149.695275 1.199 M517 0.025978917 25.010647 1.0192177 0.99354565 21.552423 1.0267736 decam -5.6366086 -12.336947 100 object IBIS_deep_cosmos_M517_8 0 0.0 924.0 1948.0 0.17984939 1.0002902 -0.0017035793 -0.053622052 0.0014684114 0.99999243 15774422833 102.602264
rawdata/DECam_01370493.fits.fz N4 1370493 270.7983 60738.11448891 1.23 149.97576132943973 0.9908961345611326 149.983275 1.066 M490 0.023141902 25.002697 1.0646405 1.0253419 21.64813 0.9265024 decam -8.280035 -0.99188226 110 object IBIS_deep_cosmos_M490_9 0 0.0 924.0 1948.0 0.014600461 1.0001304 -0.0014135167 -0.08285962 0.0014081391 1.0001607 16280221571 292.28018
rawdata/DECam_01370494.fits.fz N4 1370494 279.4382 60738.11798613 1.22 150.28876559585595 0.9458961349480653 150.29627916666666 1.021 M490 0.020056581 25.003542 1.0635382 0.9622142 21.63679 0.82348 decam -4.4903536 4.5296626 117 object IBIS_deep_cosmos_M490_10 0 0.0 924.0 1948.0 0.16891234 1.0000702 -0.0013123185 -0.38081554 0.0015541355 1.0000247 16278920485 339.33817
rawdata/DECam_01370495.fits.fz N4 1370495 227.3986 60738.12156808 1.21 150.28876559585595 0.9458961349480653 150.29627916666666 1.021 M517 0.020056581 25.023895 1.0284277 0.95142007 21.574091 0.9009055 decam -0.005388531 -1.2657104 119 object IBIS_deep_cosmos_M517_10 0 0.0 924.0 1948.0 0.010782293 1.0001107 -0.0013070593 -0.40432858 0.0016246724 1.0000697 16193477516 252.41116
