logs/db-2026-02-17.ecsv
# %ECSV 1.0
# ---
# datatype:
# - {name: filename, datatype: string}
# - {name: extension, datatype: string}
# - {name: expnum, datatype: int64}
# - {name: exptime, datatype: float32}
# - {name: mjd_obs, datatype: float64}
# - {name: airmass, datatype: float32}
# - {name: racenter, datatype: float64}
# - {name: deccenter, datatype: float64}
# - {name: rabore, datatype: float64}
# - {name: decbore, datatype: float64}
# - {name: band, datatype: string}
# - {name: ebv, datatype: float32}
# - {name: zeropoint, datatype: float32}
# - {name: transparency, datatype: float32}
# - {name: seeing, datatype: float32}
# - {name: sky, datatype: float32}
# - {name: expfactor, datatype: float32}
# - {name: camera, datatype: string}
# - {name: dx, datatype: float32}
# - {name: dy, datatype: float32}
# - {name: nmatched, datatype: int64}
# - {name: obstype, datatype: string}
# - {name: object, datatype: string}
# - {name: tileid, datatype: int64}
# - {name: tileebv, datatype: float32}
# - {name: affine_x0, datatype: float32}
# - {name: affine_y0, datatype: float32}
# - {name: affine_dx, datatype: float32}
# - {name: affine_dxx, datatype: float32}
# - {name: affine_dxy, datatype: float32}
# - {name: affine_dy, datatype: float32}
# - {name: affine_dyx, datatype: float32}
# - {name: affine_dyy, datatype: float32}
# - {name: checksum, datatype: string}
# - {name: efftime, datatype: float32}
# schema: astropy-2.0
filename extension expnum exptime mjd_obs airmass racenter deccenter rabore decbore band ebv zeropoint transparency seeing sky expfactor camera dx dy nmatched obstype object tileid tileebv affine_x0 affine_y0 affine_dx affine_dxx affine_dxy affine_dy affine_dyx affine_dyy checksum efftime
/home/declsp/obsbot/rawdata/DECam_01457636.fits.fz N4 1457636 15.0 61089.01456264 1.08 57.082910562594094 -39.134436511725795 57.092595833333334 -39.059333055555555 M464 0.01304523 24.923204 0.9854124 1.5906532 18.499647 49.287132 decam -1.8197696 37.750793 36 object "LTT1788 N4" 0 0.0 924.0 1948.0 0.0331092 0.99947965 -0.0022266814 0.24909613 0.0027496552 0.99968696 16194633837 0.30433908
/home/declsp/obsbot/rawdata/DECam_01457637.fits.fz N4 1457637 15.0 61089.01506353 1.08 56.6824855625941 -39.1344365117258 56.692170833333336 -39.059333055555555 M464 0.011692572 24.91657 0.97940874 1.8312631 18.6295 58.096054 decam 10.874227 26.471731 29 object "LTT1788 N5" 0 0.0 924.0 1948.0 0.67925966 1.0005318 -0.0025321427 -0.9431599 0.0024520138 0.9999257 16093169026 0.2581931
/home/declsp/obsbot/rawdata/DECam_01457638.fits.fz N4 1457638 15.0 61089.01556269 1.08 57.48329587640457 -39.30110345378338 57.493004166666665 -39.226 M464 0.0115917595 24.949068 1.0091673 1.4616066 18.769148 30.642267 decam -2.6496646 42.549885 37 object "LTT1788 S3" 0 0.0 924.0 1948.0 1.4246122 1.0004642 -0.0027744689 -0.178764 0.0018764316 1.0000156 15995278073 0.48951992
/home/declsp/obsbot/rawdata/DECam_01457639.fits.fz N4 1457639 15.0 61089.01605111 1.08 57.08288754307122 -39.30110345378338 57.092595833333334 -39.226 M464 0.0186828 24.924145 0.9862659 1.6932898 18.888586 40.566353 decam 5.8756495 54.93906 41 object "LTT1788 S4" 0 0.0 924.0 1948.0 0.14377713 1.0006834 -0.0016968171 -0.71002007 0.0029355972 1.0001103 15932044883 0.36976457
/home/declsp/obsbot/rawdata/DECam_01457640.fits.fz N4 1457640 15.0 61089.01653328 1.09 56.682462543071225 -39.30110345378338 56.692170833333336 -39.226 M464 0.016055398 24.925524 0.9895487 1.5789602 19.00693 30.967619 decam 3.1681676 63.886837 41 object "LTT1788 S5" 0 0.0 924.0 1948.0 -0.89806414 1.0003763 -0.0027747934 -0.07455756 0.0027795678 1.000082 15870554578 0.48437694
/home/declsp/obsbot/rawdata/DECam_01457641.fits.fz N4 1457641 15.0 61089.01854564 1.0 89.0930033306711 -27.849770541142576 89.1015 -27.774666944444444 M464 0.038579706 24.93201 0.97724676 1.7936821 19.820793 21.91481 decam 12.709506 38.2032 135 object "LTT2415 N4" 0 0.0 924.0 1948.0 0.45791394 0.999792 -0.0028185542 -0.4932616 0.0024877274 0.9999803 15606169857 0.6844686
/home/declsp/obsbot/rawdata/DECam_01457642.fits.fz N4 1457642 15.0 61089.0190407 1.0 88.74173249733775 -27.849770541142576 88.75022916666667 -27.774666944444444 M464 0.03469151 24.932962 0.9781039 1.6387031 19.955322 15.691792 decam 17.256577 26.597792 129 object "LTT2415 N5" 0 0.0 924.0 1948.0 0.49879006 0.9999275 -0.0028138321 -0.66837 0.0025605569 0.9999744 15577246523 0.9559138
/home/declsp/obsbot/rawdata/DECam_01457643.fits.fz N4 1457643 15.0 61089.01951045 1.0 89.4442443826225 -28.016436650418257 89.45275416666667 -27.941333055555557 M464 0.029162224 24.941746 0.9860481 1.5356984 20.074774 11.678042 decam 20.06702 27.71515 180 object "LTT2415 S3" 0 0.0 924.0 1948.0 0.9060954 1.0003011 -0.002509887 -0.18911679 0.0025264865 0.99982107 15567570662 1.2844619
/home/declsp/obsbot/rawdata/DECam_01457644.fits.fz N4 1457644 15.0 61089.0199852 1.0 89.09299021595584 -28.016436650418257 89.1015 -27.941333055555557 M464 0.035507463 24.93544 0.9803392 1.5378449 20.186193 11.188012 decam 13.053443 22.25087 138 object "LTT2415 S4" 0 0.0 924.0 1948.0 0.2986862 1.0002037 -0.0030112222 0.27126813 0.0028828543 1.0000557 15532621662 1.3407208
/home/declsp/obsbot/rawdata/DECam_01457645.fits.fz N4 1457645 15.0 61089.02046627 1.0 88.7417193826225 -28.016436650418257 88.75022916666667 -27.941333055555557 M464 0.034228936 24.934752 0.9797171 1.6847917 20.29344 12.067793 decam 22.581287 25.305964 151 object "LTT2415 S5" 0 0.0 924.0 1948.0 0.0577846 1.000362 -0.0027606648 -0.54157907 0.0027306336 0.9999693 15516733988 1.2429779
/home/declsp/obsbot/rawdata/DECam_01457646.fits.fz N4 1457646 150.0 61089.02207606 1.06 66.28091037871295 -21.3232617202208 66.28897500000001 -21.248158055555557 M464 0.020169608 24.922197 0.98046213 1.8373069 20.698967 9.141772 decam 22.026087 37.539894 90 object "Eridanus position 5" 0 0.0 924.0 1948.0 0.5742882 1.0000101 -0.0025621995 -0.62364507 0.0027992665 0.99978125 16494299057 16.408197
/home/declsp/obsbot/rawdata/DECam_01457647.fits.fz N4 1457647 150.0 61089.02414753 1.06 66.14284532176353 -21.141329777576313 66.1509 -21.06622611111111 M464 0.02472266 24.91814 0.9768051 1.6258291 21.095638 5.171501 decam 16.540398 47.74998 166 object "Eridanus position 6" 0 0.0 924.0 1948.0 0.96265334 1.0002582 -0.002468759 -1.1503927 0.002356584 0.9999552 16266714926 29.005117
/home/declsp/obsbot/rawdata/DECam_01457648.fits.fz N4 1457648 150.0 61089.02622405 1.07 66.11080715395481 -21.3818536640846 66.11887499999999 -21.30675 M464 0.01828929 24.91087 0.9722818 1.9399613 21.413454 5.3167973 decam 11.902389 35.59563 90 object "Eridanus position 7" 0 0.0 924.0 1948.0 0.98045844 1.0001376 -0.0026078878 -0.18775947 0.002576556 0.99992824 15933629043 28.212473
/home/declsp/obsbot/rawdata/DECam_01457649.fits.fz N4 1457649 150.0 61089.02829258 1.07 66.32297477959969 -21.212471721317435 66.33103333333334 -21.137368055555555 M464 0.023133205 24.912357 0.97361445 1.7212694 21.638548 3.5127592 decam 16.670921 28.239872 131 object "Eridanus position 8" 0 0.0 924.0 1948.0 -0.94672436 1.0001624 -0.0023942264 -0.06239172 0.0026121603 1.0000834 15964041442 42.701473
/home/declsp/obsbot/rawdata/DECam_01457650.fits.fz N4 1457650 150.0 61089.03038838 1.08 66.02591693225567 -21.20356672140551 66.033975 -21.128463055555557 M464 0.021272728 24.885443 0.95172846 2.0591998 21.80765 4.460184 decam 2.4473684 38.47406 130 object "Eridanus position 9" 0 0.0 924.0 1948.0 1.92184 1.0000252 -0.002529599 -0.098959714 0.0028333766 0.9999024 15763133308 33.630898
/home/declsp/obsbot/rawdata/DECam_01457651.fits.fz N4 1457651 35.0 61089.0335617 1.27 53.205620313654975 -11.21710375924631 53.213279166666666 -11.142 M464 0.038224697 24.841908 0.9507073 2.441229 21.591717 9.352316 decam 17.873209 30.811243 46 object "pointing test" 0 0.0 924.0 1948.0 -0.034468956 0.99972516 -0.0022949798 -0.07238638 0.0022584398 0.99994713 15507720610 3.7423885
/home4/images/fits/2025B-479281/DECam_01457655.fits.fz N4 1457655 800.0 61089.06695005 1.29 134.72971162688438 -6.646103799532334 134.737275 -6.571 M464 0.03167059 24.88946 0.9973601 1.7664857 21.875658 3.297054 decam -4.7397046 -34.111786 301 object IBIS_wide_M464_319124 319124 0.032384 924.0 1948.0 0.23538344 0.9998356 -0.0017323096 -0.16754246 0.0016446597 1.0001152 17547532045 242.64085
/home4/images/fits/2025B-479281/DECam_01457657.fits.fz N4 1457657 800.0 61089.08626359 1.22 132.56374756552154 -3.604103825898224 132.57127499999999 -3.529 M464 0.017634574 24.891092 0.98460317 1.6494079 21.838066 2.6839569 decam -15.032978 -26.280895 321 object IBIS_wide_M464_319223 319223 0.019477 924.0 1948.0 -0.20437144 1.000243 -0.0019037223 -0.18377905 0.0016169191 1.00004 17660977386 298.06738
/home4/images/fits/2025B-479281/DECam_01457635.fits.fz N4 1457635 30.0 61089.01141609 1.0 82.26945841374328 -30.191769681473957 82.27815000000001 -30.116666111111112 r 0.01669333 26.839628 1.02012 1.6925622 17.78027 33.60893 decam 13.237095 6.6724515 170 object pointing 0 0.0 924.0 1948.0 0.16181482 0.9999855 -0.0028413176 -0.19188325 0.0025294956 0.99998695 33377471877 0.89261997
/home4/images/fits/2025B-479281/DECam_01457653.fits.fz N4 1457653 800.0 61089.04554982 1.36 52.39863257177011 -10.744103763465342 52.406279166666664 -10.669 M464 0.050269887 24.866728 0.99083984 1.7384825 21.679121 4.5581613 decam -5.0707474 0.19609362 105 object IBIS_wide_M464_310145 310145 0.052765 924.0 1948.0 0.5817843 1.0000184 -0.00227667 -0.1223602 0.0023916645 1.0000188 17757816289 175.50937
/home4/images/fits/2025B-479281/DECam_01457652.fits.fz N4 1457652 800.0 61089.03594717 1.3 51.24656737128505 -12.64510374642233 51.254266666666666 -12.57 M464 0.08050392 24.845285 0.959565 1.8891705 21.71077 6.749596 decam 1.7350092 10.010353 103 object IBIS_wide_M464_309832 309832 0.07666 924.0 1948.0 0.5272755 0.99981797 -0.002164195 -0.22587998 0.0023353603 1.0000792 17721461879 118.52561
/home4/images/fits/2025B-479281/DECam_01457654.fits.fz N4 1457654 800.0 61089.05515197 1.43 51.854617838430165 -11.153103759817967 51.862275000000004 -11.078 M464 0.05531563 24.84467 0.98497194 1.7005637 21.623505 4.9568667 decam -3.6309133 -2.4116173 97 object IBIS_wide_M464_310142 310142 0.058404 924.0 1948.0 0.14570309 0.99998385 -0.0021869708 0.01693147 0.0023669736 1.0001273 17945106691 161.39227
/home4/images/fits/2025B-479281/DECam_01457634.fits.fz N4 1457634 5.0 61089.01019354 1.0 82.26945841374328 -30.191769681473957 82.27815000000001 -30.116666111111112 r 0.01669333 26.840014 1.0204822 1.6547415 17.356592 47.42481 decam -6.248324 -56.939896 106 object pointing 0 0.0 924.0 1948.0 0.0064126 1.000054 -0.0027704902 -0.25575334 0.002568531 1.000044 19781518084 0.10543005
/home4/images/fits/2025B-479281/DECam_01457656.fits.fz N4 1457656 800.0 61089.07666127 1.26 131.25675962159832 -2.472103835656688 131.26427916666668 -2.3970000000000002 M464 0.028793292 24.878334 0.98112714 1.7605982 21.82869 3.4196873 decam -2.3049438 -34.01238 271 object IBIS_wide_M464_319247 319247 0.027687 924.0 1948.0 0.14615603 0.99997705 -0.0018221154 -0.19929811 0.0017808826 1.000015 17743308462 233.93951
/home4/images/fits/2023B-184194/DECam_01457646.fits.fz N4 1457646 150.0 61089.02207606 1.06 66.28091037871295 -21.3232617202208 66.28897500000001 -21.248158055555557 M464 0.020169608 24.922197 0.98046213 1.8373069 20.698967 9.141772 decam 22.026087 37.539894 90 object "Eridanus position 5" 0 0.0 924.0 1948.0 0.5742882 1.0000101 -0.0025621995 -0.62364507 0.0027992665 0.99978125 16494299057 16.408197
/home4/images/fits/2023B-184194/DECam_01457639.fits.fz N4 1457639 15.0 61089.01605111 1.08 57.08288754307122 -39.30110345378338 57.092595833333334 -39.226 M464 0.0186828 24.924145 0.9862659 1.6932898 18.888586 40.566353 decam 5.8756495 54.93906 41 object "LTT1788 S4" 0 0.0 924.0 1948.0 0.14377713 1.0006834 -0.0016968171 -0.71002007 0.0029355972 1.0001103 15932044883 0.36976457
/home4/images/fits/2023B-184194/DECam_01457659.fits.fz N4 1457659 800.0 61089.10564817 1.18 133.3147558781354 -3.0621038305731227 133.32227916666668 -2.987 M464 0.019277584 24.898924 0.9836151 1.7008684 21.881971 2.7334502 decam -13.383822 3.247932 314 object IBIS_wide_M464_319224 319224 0.018079 924.0 1948.0 0.35915273 1.0001246 -0.0018539303 -0.12237272 0.001797183 1.0000753 17626085968 292.6704
/home4/images/fits/2023B-184194/DECam_01457636.fits.fz N4 1457636 15.0 61089.01456264 1.08 57.082910562594094 -39.134436511725795 57.092595833333334 -39.059333055555555 M464 0.01304523 24.923204 0.9854124 1.5906532 18.499647 49.287132 decam -1.8197696 37.750793 36 object "LTT1788 N4" 0 0.0 924.0 1948.0 0.0331092 0.99947965 -0.0022266814 0.24909613 0.0027496552 0.99968696 16194633837 0.30433908
/home4/images/fits/2023B-184194/DECam_01457649.fits.fz N4 1457649 150.0 61089.02829258 1.07 66.32297477959969 -21.212471721317435 66.33103333333334 -21.137368055555555 M464 0.023133205 24.912357 0.97361445 1.7212694 21.638548 3.5127592 decam 16.670921 28.239872 131 object "Eridanus position 8" 0 0.0 924.0 1948.0 -0.94672436 1.0001624 -0.0023942264 -0.06239172 0.0026121603 1.0000834 15964041442 42.701473
/home4/images/fits/2023B-184194/DECam_01457637.fits.fz N4 1457637 15.0 61089.01506353 1.08 56.6824855625941 -39.1344365117258 56.692170833333336 -39.059333055555555 M464 0.011692572 24.91657 0.97940874 1.8312631 18.6295 58.096054 decam 10.874227 26.471731 29 object "LTT1788 N5" 0 0.0 924.0 1948.0 0.67925966 1.0005318 -0.0025321427 -0.9431599 0.0024520138 0.9999257 16093169026 0.2581931
/home4/images/fits/2023B-184194/DECam_01457641.fits.fz N4 1457641 15.0 61089.01854564 1.0 89.0930033306711 -27.849770541142576 89.1015 -27.774666944444444 M464 0.038579706 24.93201 0.97724676 1.7936821 19.820793 21.91481 decam 12.709506 38.2032 135 object "LTT2415 N4" 0 0.0 924.0 1948.0 0.45791394 0.999792 -0.0028185542 -0.4932616 0.0024877274 0.9999803 15606169857 0.6844686
/home4/images/fits/2023B-184194/DECam_01457642.fits.fz N4 1457642 15.0 61089.0190407 1.0 88.74173249733775 -27.849770541142576 88.75022916666667 -27.774666944444444 M464 0.03469151 24.932962 0.9781039 1.6387031 19.955322 15.691792 decam 17.256577 26.597792 129 object "LTT2415 N5" 0 0.0 924.0 1948.0 0.49879006 0.9999275 -0.0028138321 -0.66837 0.0025605569 0.9999744 15577246523 0.9559138
/home4/images/fits/2023B-184194/DECam_01457648.fits.fz N4 1457648 150.0 61089.02622405 1.07 66.11080715395481 -21.3818536640846 66.11887499999999 -21.30675 M464 0.01828929 24.91087 0.9722818 1.9399613 21.413454 5.3167973 decam 11.902389 35.59563 90 object "Eridanus position 7" 0 0.0 924.0 1948.0 0.98045844 1.0001376 -0.0026078878 -0.18775947 0.002576556 0.99992824 15933629043 28.212473
/home4/images/fits/2023B-184194/DECam_01457651.fits.fz N4 1457651 35.0 61089.0335617 1.27 53.205620313654975 -11.21710375924631 53.213279166666666 -11.142 M464 0.038224697 24.841908 0.9507073 2.441229 21.591717 9.352316 decam 17.873209 30.811243 46 object "pointing test" 0 0.0 924.0 1948.0 -0.034468956 0.99972516 -0.0022949798 -0.07238638 0.0022584398 0.99994713 15507720610 3.7423885
/home4/images/fits/2023B-184194/DECam_01457645.fits.fz N4 1457645 15.0 61089.02046627 1.0 88.7417193826225 -28.016436650418257 88.75022916666667 -27.941333055555557 M464 0.034228936 24.934752 0.9797171 1.6847917 20.29344 12.067793 decam 22.581287 25.305964 151 object "LTT2415 S5" 0 0.0 924.0 1948.0 0.0577846 1.000362 -0.0027606648 -0.54157907 0.0027306336 0.9999693 15516733988 1.2429779
/home4/images/fits/2023B-184194/DECam_01457658.fits.fz N4 1457658 800.0 61089.09587976 1.21 135.40673186705797 -4.798103815578777 135.41427083333332 -4.723 M464 0.022397209 24.891317 0.9827856 1.891344 21.877953 3.5173364 decam -17.889515 -13.088576 265 object IBIS_wide_M464_319214 319214 0.021402 924.0 1948.0 0.0907921 1.0000826 -0.0018591972 0.008342818 0.0015043213 1.0000993 17423069959 227.44484
/home4/images/fits/2023B-184194/DECam_01457650.fits.fz N4 1457650 150.0 61089.03038838 1.08 66.02591693225567 -21.20356672140551 66.033975 -21.128463055555557 M464 0.021272728 24.885443 0.95172846 2.0591998 21.80765 4.460184 decam 2.4473684 38.47406 130 object "Eridanus position 9" 0 0.0 924.0 1948.0 1.92184 1.0000252 -0.002529599 -0.098959714 0.0028333766 0.9999024 15763133308 33.630898
/home4/images/fits/2023B-184194/DECam_01457647.fits.fz N4 1457647 150.0 61089.02414753 1.06 66.14284532176353 -21.141329777576313 66.1509 -21.06622611111111 M464 0.02472266 24.91814 0.9768051 1.6258291 21.095638 5.171501 decam 16.540398 47.74998 166 object "Eridanus position 6" 0 0.0 924.0 1948.0 0.96265334 1.0002582 -0.002468759 -1.1503927 0.002356584 0.9999552 16266714926 29.005117
/home4/images/fits/2023B-184194/DECam_01457644.fits.fz N4 1457644 15.0 61089.0199852 1.0 89.09299021595584 -28.016436650418257 89.1015 -27.941333055555557 M464 0.035507463 24.93544 0.9803392 1.5378449 20.186193 11.188012 decam 13.053443 22.25087 138 object "LTT2415 S4" 0 0.0 924.0 1948.0 0.2986862 1.0002037 -0.0030112222 0.27126813 0.0028828543 1.0000557 15532621662 1.3407208
/home4/images/fits/2023B-184194/DECam_01457660.fits.fz N4 1457660 800.0 61089.11525147 1.16 135.78374093515845 -4.731103816158713 135.79127916666667 -4.656 M464 0.022205004 24.915213 0.9943913 1.5851803 21.892221 2.3309798 decam -12.034746 14.320675 278 object IBIS_wide_M464_322200 322200 0.021074 924.0 1948.0 0.026142243 0.99998033 -0.0017651077 -0.12166755 0.0017022035 1.000036 17393678085 343.2033
