logs/db-2025-02-28.ecsv
# %ECSV 1.0
# ---
# datatype:
# - {name: filename, datatype: string}
# - {name: extension, datatype: string}
# - {name: expnum, datatype: int64}
# - {name: exptime, datatype: float32}
# - {name: mjd_obs, datatype: float64}
# - {name: airmass, datatype: float32}
# - {name: racenter, datatype: float64}
# - {name: deccenter, datatype: float64}
# - {name: rabore, datatype: float64}
# - {name: decbore, datatype: float64}
# - {name: band, datatype: string}
# - {name: ebv, datatype: float32}
# - {name: zeropoint, datatype: float32}
# - {name: transparency, datatype: float32}
# - {name: seeing, datatype: float32}
# - {name: sky, datatype: float32}
# - {name: expfactor, datatype: float32}
# - {name: camera, datatype: string}
# - {name: dx, datatype: float32}
# - {name: dy, datatype: float32}
# - {name: nmatched, datatype: int64}
# - {name: obstype, datatype: string}
# - {name: object, datatype: string}
# - {name: tileid, datatype: int64}
# - {name: tileebv, datatype: float32}
# - {name: affine_x0, datatype: float32}
# - {name: affine_y0, datatype: float32}
# - {name: affine_dx, datatype: float32}
# - {name: affine_dxx, datatype: float32}
# - {name: affine_dxy, datatype: float32}
# - {name: affine_dy, datatype: float32}
# - {name: affine_dyx, datatype: float32}
# - {name: affine_dyy, datatype: float32}
# - {name: checksum, datatype: string}
# - {name: efftime, datatype: float32}
# schema: astropy-2.0
filename extension expnum exptime mjd_obs airmass racenter deccenter rabore decbore band ebv zeropoint transparency seeing sky expfactor camera dx dy nmatched obstype object tileid tileebv affine_x0 affine_y0 affine_dx affine_dxx affine_dxy affine_dy affine_dyx affine_dyy checksum efftime
[from data line 46]
rawdata/DECam_01369603.fits.fz N4 1369603 410.0 60735.19055604 1.21 149.4307524692625 3.51389611283621 149.43827916666666 3.589 M411 0.032052297 24.448868 1.0146568 1.0881052 21.883457 1.2468797 decam 26.01262 30.54478 95 object IBIS_deep_cosmos_M411_41 0 0.0 924.0 1948.0 -0.005217456 1.0000879 -0.0016905623 -0.1854615 0.0017220827 1.0000439 16041058789 328.82083
rawdata/DECam_01369604.fits.fz N4 1369604 369.0 60735.19566128 1.22 149.13874930843485 3.3868961139318783 149.146275 3.4619999999999997 M411 0.026675686 24.441044 1.0104663 1.1035143 21.878824 1.2521225 decam 19.586107 31.729368 72 object IBIS_deep_cosmos_M411_42 0 0.0 924.0 1948.0 -0.45491105 1.0000817 -0.0019685742 -0.16385138 0.0012862243 1.0000933 16143573671 294.6996
rawdata/DECam_01369605.fits.fz N4 1369605 347.0 60735.20028358 1.22 148.8787548589851 3.203896115510173 148.88627916666667 3.279 M411 0.020434361 24.439573 1.0090971 1.0323846 21.897886 1.0280272 decam 12.546473 32.61451 70 object IBIS_deep_cosmos_M411_43 0 0.0 924.0 1948.0 -0.3248623 1.00013 -0.0014007626 -0.14192604 0.0016118811 1.0000712 15937445335 337.5397
rawdata/DECam_01369606.fits.fz N4 1369606 387.0 60735.20467511 1.23 148.6587523152689 2.9748961174844064 148.66627499999998 3.05 M411 0.029049488 24.436773 1.0095903 1.0043951 21.897251 1.0478293 decam 14.425099 36.009598 64 object IBIS_deep_cosmos_M411_44 0 0.0 924.0 1948.0 0.7519199 1.0005523 -0.001597108 -0.41597295 0.0018760341 0.99975944 16032864257 369.335
rawdata/DECam_01369607.fits.fz N4 1369607 380.0 60735.20954013 1.23 148.48775406118847 2.706896119793825 148.495275 2.782 M411 0.04436313 24.454664 1.0263648 1.0680219 21.880432 1.3138963 decam 21.819677 34.017315 69 object IBIS_deep_cosmos_M411_45 0 0.0 924.0 1948.0 1.449242 1.0004088 -0.001506076 -0.46338308 0.001472406 1.0001875 16013610988 289.21613
rawdata/DECam_01369608.fits.fz N4 1369608 341.0 60735.21432075 1.24 148.3687599530443 2.412896122326123 148.37627916666665 2.488 M411 0.037144516 24.444378 1.0198094 1.0434114 21.859806 1.2303494 decam 12.369743 31.39186 67 object IBIS_deep_cosmos_M411_46 0 0.0 924.0 1948.0 0.08201021 1.0004684 -0.0017200842 -0.13618898 0.0019020352 0.999844 15950252462 277.15704
rawdata/DECam_01369609.fits.fz N4 1369609 321.0 60735.21865775 1.23 150.0917678309077 1.6068961292631894 150.09928333333335 1.682 M411 0.018162804 24.428919 1.0023128 1.0921093 21.889025 1.1614655 decam 15.114388 41.208767 79 object IBIS_deep_cosmos_M411_47 0 0.0 924.0 1948.0 0.5173208 1.000165 -0.0018725158 0.11035086 0.0013911647 0.99986 15902635420 276.37497
rawdata/DECam_01369610.fits.fz N4 1369610 319.0 60735.22273811 1.23 150.40475958885077 1.5818961294782576 150.412275 1.657 M411 0.019262237 24.448442 1.0204996 1.0271845 21.886086 1.0028249 decam 12.4187355 36.47791 67 object IBIS_deep_cosmos_M411_48 0 0.0 924.0 1948.0 0.035167363 1.000568 -0.0019860908 -0.05119303 0.0017849123 1.0002307 15917020619 318.10138
rawdata/DECam_01369611.fits.fz N4 1369611 326.0 60735.22768371 1.25 150.93976062633504 2.2878961234024398 150.94727916666665 2.363 M411 0.02308691 24.427628 1.0072812 1.039483 21.866894 1.1194693 decam 13.172077 12.587872 75 object IBIS_deep_cosmos_M411_51 0 0.0 924.0 1948.0 0.06324103 1.0003805 -0.0017703379 -0.32744667 0.0020782142 1.0001922 15918609928 291.2094
rawdata/DECam_01369612.fits.fz N4 1369612 332.0 60735.23185113 1.27 150.8877547061129 2.600896120706965 150.895275 2.676 M411 0.022128496 24.425457 1.0114554 1.1199241 21.854319 1.3094443 decam -1.2531847 13.685425 73 object IBIS_deep_cosmos_M411_52 0 0.0 924.0 1948.0 0.286439 1.0001473 -0.0018962243 -0.23331994 0.0015980449 1.0000609 15945978463 253.54266
rawdata/DECam_01369613.fits.fz N4 1369613 354.0 60735.236059 1.29 150.73374880621685 2.8768961183290207 150.74127083333335 2.952 M411 0.02164143 24.419018 1.011661 1.162473 21.85525 1.4207515 decam 0.7477904 10.075572 72 object IBIS_deep_cosmos_M411_53 0 0.0 924.0 1948.0 -0.34227523 1.0001472 -0.0017362649 0.025025312 0.001569962 0.9997974 15984116647 249.16393
rawdata/DECam_01369614.fits.fz N4 1369614 417.0 60735.24052132 1.31 150.498755682027 3.089896116493085 150.50627916666667 3.165 M411 0.02142588 24.409777 1.0092593 1.0294088 21.844627 1.1430123 decam -0.35767108 9.468625 72 object IBIS_deep_cosmos_M411_54 0 0.0 924.0 1948.0 0.2577818 0.99971205 -0.001313266 -0.49167693 0.0016252552 1.000419 16098653746 364.82547
rawdata/DECam_01369615.fits.fz N4 1369615 468.0 60735.24572524 1.34 150.2107547188978 3.2228961153463325 150.2182791666667 3.298 M411 0.024321321 24.4039 1.0130892 1.0379537 21.833168 1.2146485 decam 13.997185 4.907508 83 object IBIS_deep_cosmos_M411_55 0 0.0 924.0 1948.0 0.093353555 0.9999319 -0.0015663891 -0.3384281 0.0019968948 1.0000972 16248262915 385.29666
rawdata/DECam_01369616.fits.fz N4 1369616 374.0 60735.25155741 1.37 149.8957543837903 3.2678961149582664 149.90327916666666 3.343 M411 0.02175222 24.388931 1.0084546 0.9918074 21.810951 1.1404533 decam 2.87496 -10.153763 77 object IBIS_deep_cosmos_M411_56 0 0.0 924.0 1948.0 0.082895346 0.99999493 -0.0014682049 -0.24943222 0.0015902073 1.0003182 16037035184 327.93976
rawdata/DECam_01369617.fits.fz N4 1369617 413.0 60735.25628774 1.4 149.58075468929957 3.2268961153118405 149.58827916666667 3.302 M411 0.029390736 24.405174 1.0331177 0.9834888 21.821682 1.1448433 decam -6.2741766 -11.622453 70 object IBIS_deep_cosmos_M411_57 0 0.0 924.0 1948.0 -0.036208354 1.000594 -0.0016030468 -0.28461134 0.001370716 1.0000783 16104395551 360.74805
rawdata/DECam_01369618.fits.fz N4 1369618 359.0 60735.26145081 1.39 149.22477026519266 0.6748961372780667 149.23228333333333 0.75 M411 0.026475038 24.380032 1.0063776 0.9866486 21.843555 1.1557621 decam -3.6686652 -29.17197 71 object IBIS_deep_cosmos_M411_67 0 0.0 924.0 1948.0 0.069538616 1.0000213 -0.0017931701 -0.44294426 0.0018769964 1.0001559 15994217019 310.61755
rawdata/DECam_01369619.fits.fz N4 1369619 60.0 60735.2670563 1.6 135.99272002450726 -6.075103804501716 136.000275 -6.0 g 0.034721635 26.558575 1.0476828 1.2866257 21.45161 2.4593334 decam -8.345334 -34.298862 234 object wide 0 0.0 924.0 1948.0 0.018641884 1.0004014 -0.0019887139 -0.3245099 0.0022679258 1.0000312 16498387719 24.396854
rawdata/DECam_01369620.fits.fz N4 1369620 500.0 60735.26935091 1.6 136.36571984556008 -6.377103801874803 136.3732791666667 -6.302 M517 0.033979326 24.941956 1.2898601 1.1512681 21.142906 1.7462608 decam 9.7958555 -14.269654 264 object IBIS_wide_M517_522111 522111 0.033977 924.0 1948.0 -0.19256969 1.0004244 -0.002052257 -0.23244114 0.0020794717 0.999975 17668253684 286.32608
rawdata/DECam_01369621.fits.fz N4 1369621 500.0 60735.27548839 1.66 136.8177193906059 -6.120103804110475 136.82527499999998 -6.045 M517 0.023397878 24.924652 1.2817317 1.2179204 21.127016 1.9160205 decam 8.226774 -17.594524 209 object IBIS_wide_M517_519126 519126 0.028039 924.0 1948.0 -0.15274991 1.0000647 -0.0020936741 -0.049131382 0.0023607987 1.000209 17688484819 260.95755
rawdata/DECam_01369622.fits.fz N4 1369622 500.0 60735.28163382 1.7 137.54971040437982 -6.725103798843916 137.557275 -6.65 M517 0.037889 24.926592 1.2922807 1.1667601 21.129429 1.9141943 decam 11.54737 -27.430788 240 object IBIS_wide_M517_519120 519120 0.040263 924.0 1948.0 0.10863539 1.0002323 -0.0020598897 -0.26003006 0.0024834056 1.0002694 17543134972 261.2065
rawdata/DECam_01369623.fits.fz N4 1369623 500.0 60735.28777654 1.77 137.88571587038552 -6.3641038019879455 137.89327500000002 -6.289 M517 0.038121916 24.911568 1.2889003 1.1712391 21.122322 1.9989487 decam 11.7311535 -27.46952 222 object IBIS_wide_M517_522106 522106 0.035665 924.0 1948.0 0.5653649 1.0000763 -0.0016976388 -0.22947127 0.0023027493 1.0003679 17578789187 250.13148
rawdata/DECam_01369624.fits.fz N4 1369624 500.0 60735.29394046 1.85 138.3107149690438 -6.138103803953967 138.31827083333332 -6.063 M517 0.035129614 24.907188 1.3002762 1.1979837 21.096106 2.1195788 decam 9.454917 -36.373833 197 object IBIS_wide_M517_519277 519277 0.034745 924.0 1948.0 -0.004926399 1.00028 -0.001961058 -0.33119944 0.0022677265 1.0004091 17660044883 235.89592
rawdata/DECam_01369625.fits.fz N4 1369625 500.0 60735.3000901 1.95 138.57072743764192 -5.839103806552477 138.57827916666665 -5.764 M517 0.03256064 24.895098 1.3066492 1.2030867 21.065681 2.2121227 decam 10.488462 -51.488823 209 object IBIS_wide_M517_522263 522263 0.033489 924.0 1948.0 0.45734707 1.0001879 -0.0018439788 -0.33754605 0.0024484836 1.0006343 17670774217 226.02725
rawdata/DECam_01369626.fits.fz N4 1369626 500.0 60735.30624287 1.95 140.12171084705378 -6.960103796794753 140.12927916666666 -6.885 M517 0.03642792 24.898367 1.3105898 1.0457113 21.094507 1.658164 decam 7.1480336 -50.614265 217 object IBIS_wide_M517_522252 522252 0.035246 924.0 1948.0 -0.0913236 1.00017 -0.0018261711 -0.21077016 0.0023457285 1.0004381 17674068683 301.53833
rawdata/DECam_01369627.fits.fz N4 1369627 500.0 60735.31429674 2.1 140.40271153455436 -6.652103799480058 140.410275 -6.577 M517 0.031995527 24.874302 1.3130485 1.1308484 21.0422 2.0683274 decam -3.4926043 0.4720879 184 object IBIS_wide_M517_519267 519267 0.032814 924.0 1948.0 0.296701 1.0003693 -0.0017006695 -0.0051884046 0.0025799456 1.0007361 18182141496 241.74123
rawdata/DECam_01369628.fits.fz N4 1369628 500.0 60735.3204613 2.21 140.80171575259143 -6.372103801918321 140.809275 -6.297 M517 0.029856417 24.82626 1.2785559 1.202668 21.036913 2.5336654 decam -12.379231 -5.39287 190 object IBIS_wide_M517_522253 522253 0.031651 924.0 1948.0 -0.174267 1.0002716 -0.0015712203 -0.17234838 0.0023232745 1.0003567 17732071075 197.34254
rawdata/DECam_01369629.fits.fz N4 1369629 500.0 60735.3266104 2.3 141.55070707494713 -6.671103799314505 141.55827083333335 -6.596 M517 0.033046875 24.731579 1.188808 1.30068 21.080843 3.4555438 decam -10.896926 -18.26323 166 object IBIS_wide_M517_519268 519268 0.034814 924.0 1948.0 0.08825613 1.0003277 -0.0017220894 -0.033000648 0.002543083 1.0007921 17727548770 144.69502
rawdata/DECam_01369630.fits.fz N4 1369630 500.0 60735.33276585 2.36 142.77470238464036 -6.96810379672496 142.78227083333334 -6.893 M517 0.03602416 24.645842 1.1091552 1.3601565 21.149118 4.233072 decam -16.44708 -20.216084 167 object IBIS_wide_M517_522248 522248 0.036476 924.0 1948.0 -0.015334963 1.0005137 -0.0017067061 -0.69648844 0.0024326541 1.0006024 17489688904 118.11753
rawdata/DECam_01369632.fits.fz N4 1369632 500.0 60735.34468439 1.4 171.72570913557848 -6.806103798137835 171.73327500000002 -6.731 M517 0.040587332 24.942284 1.2495489 2.9781098 21.249561 11.013882 decam -15.867065 23.780693 86 object IBIS_wide_M517_528100 528100 0.037759 924.0 1948.0 0.08839578 1.0001006 -0.0008911883 0.030220209 0.0011500358 0.99984366 17417758540 45.397255
rawdata/DECam_01369633.fits.fz N4 1369633 500.0 60735.35230619 1.48 170.72971162688438 -6.646103799532335 170.737275 -6.571 M517 0.042283095 24.95749 1.2835256 2.1569862 21.232172 5.7710495 decam -9.778625 6.9715967 124 object IBIS_wide_M517_525116 525116 0.039606 924.0 1948.0 0.10763157 1.0003545 -0.00079529994 -0.18866701 0.0012043596 1.00012 17329962133 86.63935
rawdata/DECam_01369634.fits.fz N4 1369634 500.0 60735.35847649 1.48 173.03970872501236 -6.832103797911142 173.047275 -6.757 M517 0.03274551 24.959234 1.2855887 1.5992397 21.26537 2.890892 decam -2.4582696 12.19989 106 object IBIS_wide_M517_528097 528097 0.035956 924.0 1948.0 -0.01984041 1.0001751 -0.00066598895 0.0038271558 0.0006601148 1.0002584 17431527073 172.957
rawdata/DECam_01369635.fits.fz N4 1369635 500.0 60735.36463941 1.49 174.60371157029837 -6.915103797187302 174.61127916666666 -6.84 M517 0.037037067 24.958824 1.2871625 1.2309672 21.282839 1.7337013 decam -1.9071025 8.551899 128 object IBIS_wide_M517_528096 528096 0.037086 924.0 1948.0 -0.06304836 1.000415 -0.00034050236 0.006675565 0.0010260486 1.0002023 17230553920 288.4003
rawdata/DECam_01369636.fits.fz N4 1369636 500.0 60735.37080296 1.51 176.12171084705378 -6.960103796794752 176.12927916666666 -6.885 M517 0.05492459 24.953943 1.2855027 1.1303401 21.28079 1.6530387 decam 2.9970505 4.89755 138 object IBIS_wide_M517_528244 528244 0.040435 924.0 1948.0 -0.0034509322 1.0000429 -0.00041778974 -0.12342625 0.00074559473 1.0002348 17231551048 302.47324
rawdata/DECam_01369637.fits.fz N4 1369637 500.0 60735.37695338 1.6 175.0997061442609 -6.731103798791621 175.10727083333333 -6.656 M517 0.034104317 24.93226 1.2783927 1.1520324 21.251106 1.6125029 decam 4.6387033 5.6912117 110 object IBIS_wide_M517_525267 525267 0.040667 924.0 1948.0 -0.26013196 1.0000901 -0.00036139172 0.017658753 0.0009342918 1.0003588 17326523979 310.07697
rawdata/DECam_01369638.fits.fz N4 1369638 460.0 60735.38312585 1.55 178.77470238464034 -6.968103796724958 178.7822708333333 -6.893 M517 0.03284274 24.954166 1.2940358 1.1667899 21.239197 1.5935036 decam 4.9160676 6.037069 112 object IBIS_wide_M517_528240 528240 0.034384 924.0 1948.0 -0.032442044 1.0003484 -0.00032107887 0.023022821 0.0008455964 1.0002109 17128696992 288.6721
rawdata/DECam_01369639.fits.fz N4 1369639 500.0 60735.38881901 1.65 177.5507070749471 -6.671103799314504 177.55827083333332 -6.596 M517 0.034655523 24.937784 1.2952492 1.2879165 20.967796 2.597667 decam 13.283077 0.50266635 102 object IBIS_wide_M517_525260 525260 0.0345 924.0 1948.0 -0.20410055 1.0000756 -0.0007036312 0.014427696 0.0009184188 1.0003184 17848921757 192.48041
rawdata/DECam_01369640.fits.fz N4 1369640 500.0 60735.39496489 1.77 176.40271153455436 -6.6521037994800585 176.410275 -6.577 M517 0.03139409 24.914303 1.2921495 1.3734812 20.038115 7.1151457 decam 12.114783 -7.8552966 95 object IBIS_wide_M517_525259 525259 0.035685 924.0 1948.0 -0.073658176 1.0000616 -0.0005000633 0.04112602 0.001205131 1.000027 21475045462 70.27263
rawdata/DECam_01369641.fits.fz N4 1369641 150.0 60735.40226987 1.02 219.89284295781863 -26.61400361013519 219.90124583333332 -26.5389 M411 0.099192224 24.541933 1.0428874 0.8984908 19.37864 12.250694 decam -7.292069 27.936909 254 object "NGC5694 M411" 0 0.0 924.0 1948.0 0.050322734 1.0002226 0.0013412435 0.02468733 -0.0010342379 1.000285 17836486278 12.244204
rawdata/DECam_01369642.fits.fz N4 1369642 150.0 60735.40436477 1.03 219.8268405012535 -26.647403609775893 219.83524583333335 -26.5723 M411 0.09794536 24.538658 1.0429407 0.8683431 18.802666 19.379166 decam 1.9985826 27.103937 235 object "NGC5694 M411" 0 0.0 924.0 1948.0 0.0663224 1.0004015 0.0013671335 0.088271454 -0.0012413779 1.0002706 19822380620 7.740271
rawdata/DECam_01369643.fits.fz N4 1369643 150.0 60735.4064669 1.03 219.94285739917788 -26.53070361103037 219.95125416666667 -26.4556 M411 0.10139887 24.562279 1.0658789 0.8645291 18.213879 32.509632 decam -4.7902617 29.83368 241 object "NGC5694 M411" 0 0.0 924.0 1948.0 0.28892216 1.0001428 0.0013293418 -0.002810031 -0.0012750969 1.0002612 22486639015 4.614017
rawdata/DECam_01369644.fits.fz N4 1369644 150.0 60735.40857106 1.03 219.87685617677386 -26.54740361085101 219.88525416666667 -26.4723 M411 0.09957841 24.567219 1.0707382 0.83146673 17.613285 51.08465 decam 2.313974 35.439934 220 object "NGC5694 M411" 0 0.0 924.0 1948.0 -0.19210945 0.9999054 0.0012799175 0.19801612 -0.0012653149 1.0001622 27670872760 2.936303
rawdata/DECam_01369645.fits.fz N4 1369645 150.0 60735.41066694 1.03 219.9018380477679 -26.68070360941746 219.91024583333333 -26.6056 M411 0.09986266 24.548195 1.0521412 0.87806493 17.017302 102.34826 decam 1.0261073 38.969524 133 object "NGC5694 M411" 0 0.0 924.0 1948.0 -0.13287058 1.0001088 0.0014210268 -0.021131698 -0.0011223746 0.9999728 37006316561 1.4655843
