logs/db-2026-03-14.ecsv
# %ECSV 1.0
# ---
# datatype:
# - {name: filename, datatype: string}
# - {name: extension, datatype: string}
# - {name: expnum, datatype: int64}
# - {name: exptime, datatype: float32}
# - {name: mjd_obs, datatype: float64}
# - {name: airmass, datatype: float32}
# - {name: racenter, datatype: float64}
# - {name: deccenter, datatype: float64}
# - {name: rabore, datatype: float64}
# - {name: decbore, datatype: float64}
# - {name: band, datatype: string}
# - {name: ebv, datatype: float32}
# - {name: zeropoint, datatype: float32}
# - {name: transparency, datatype: float32}
# - {name: seeing, datatype: float32}
# - {name: sky, datatype: float32}
# - {name: expfactor, datatype: float32}
# - {name: camera, datatype: string}
# - {name: dx, datatype: float32}
# - {name: dy, datatype: float32}
# - {name: nmatched, datatype: int64}
# - {name: obstype, datatype: string}
# - {name: object, datatype: string}
# - {name: tileid, datatype: int64}
# - {name: tileebv, datatype: float32}
# - {name: affine_x0, datatype: float32}
# - {name: affine_y0, datatype: float32}
# - {name: affine_dx, datatype: float32}
# - {name: affine_dxx, datatype: float32}
# - {name: affine_dxy, datatype: float32}
# - {name: affine_dy, datatype: float32}
# - {name: affine_dyx, datatype: float32}
# - {name: affine_dyy, datatype: float32}
# - {name: checksum, datatype: string}
# - {name: efftime, datatype: float32}
# schema: astropy-2.0
filename extension expnum exptime mjd_obs airmass racenter deccenter rabore decbore band ebv zeropoint transparency seeing sky expfactor camera dx dy nmatched obstype object tileid tileebv affine_x0 affine_y0 affine_dx affine_dxx affine_dxy affine_dy affine_dyx affine_dyy checksum efftime
/home/declsp/obsbot/rawdata/DECam_01463156.fits.fz N4 1463156 15.0 61113.99641872 1.24 57.082910562594094 -39.134436511725795 57.092595833333334 -39.059333055555555 M490 0.01304523 24.89714 0.9677619 2.4612463 18.83248 94.454765 decam -43.754795 38.568684 33 object "LTT1788 N4" 0 0.0 924.0 1948.0 -0.30150044 0.9991385 -0.0021263282 0.7836321 0.0031256515 0.9993039 15991057925 0.15880617
/home/declsp/obsbot/rawdata/DECam_01463157.fits.fz N4 1463157 15.0 61113.99689381 1.25 56.6824855625941 -39.1344365117258 56.692170833333336 -39.059333055555555 M490 0.011692572 24.93217 1.0013095 2.030315 18.955267 53.339752 decam -45.98455 36.436996 30 object "LTT1788 N5" 0 0.0 924.0 1948.0 0.6851092 1.0006006 -0.0024772463 -0.9322211 0.003300627 1.0007397 15917396490 0.28121614
/home/declsp/obsbot/rawdata/DECam_01463158.fits.fz N4 1463158 15.0 61113.99738828 1.24 57.48329587640457 -39.30110345378338 57.493004166666665 -39.226 M490 0.0115917595 24.88794 0.9595947 2.578527 19.110611 80.82026 decam -35.006615 25.603165 30 object "LTT1788 S3" 0 0.0 924.0 1948.0 1.5075909 0.99958825 -0.00274577 -0.42819414 0.002706917 1.000157 15841623190 0.18559703
/home/declsp/obsbot/rawdata/DECam_01463159.fits.fz N4 1463159 15.0 61113.99785835 1.25 57.08288754307122 -39.30110345378338 57.092595833333334 -39.226 M490 0.0186828 24.929453 0.99880534 1.8349138 19.226187 35.756935 decam -27.495005 33.568104 39 object "LTT1788 S4" 0 0.0 924.0 1948.0 -0.64088833 0.99999726 -0.0027615624 -0.4966507 0.0029683448 1.0000753 15797745911 0.41949904
/home/declsp/obsbot/rawdata/DECam_01463160.fits.fz N4 1463160 15.0 61113.99832291 1.25 56.682462543071225 -39.30110345378338 56.692170833333336 -39.226 M490 0.016055398 24.935806 1.0046673 1.7605273 19.343187 28.70217 decam -30.176357 32.5295 43 object "LTT1788 S5" 0 0.0 924.0 1948.0 -0.59380317 1.0011373 -0.0025884241 -0.24885374 0.0027556128 1.0000646 15752075972 0.5226086
/home/declsp/obsbot/rawdata/DECam_01463161.fits.fz N4 1463161 15.0 61113.99996861 1.02 89.0930033306711 -27.849770541142576 89.1015 -27.774666944444444 M490 0.038579706 24.854324 0.8939341 3.1910176 20.285465 53.46307 decam -8.444871 35.257397 103 object "LTT2415 N4" 0 0.0 924.0 1948.0 1.1021992 0.9999526 -0.0030399195 -0.44463834 0.0028420312 0.99991125 15528283980 0.2805675
/home/declsp/obsbot/rawdata/DECam_01463162.fits.fz N4 1463162 15.0 61114.00044446 1.02 88.74173249733775 -27.849770541142576 88.75022916666667 -27.774666944444444 M490 0.03469151 24.95074 0.97695065 2.245275 20.399527 19.44337 decam -17.380442 32.730488 119 object "LTT2415 N5" 0 0.0 924.0 1948.0 0.7047613 1.0000635 -0.002886797 -0.49615195 0.002769396 1.0000054 15509417818 0.77147114
/home/declsp/obsbot/rawdata/DECam_01463163.fits.fz N4 1463163 15.0 61114.00092739 1.02 89.4442443826225 -28.016436650418257 89.45275416666667 -27.941333055555557 M490 0.029162224 24.958115 0.98360777 2.1630654 20.565218 14.72739 decam -3.8931193 32.09292 160 object "LTT2415 S3" 0 0.0 924.0 1948.0 0.95506907 1.0003458 -0.0026302864 -0.20156471 0.002916279 0.9999985 15514054140 1.0185103
/home/declsp/obsbot/rawdata/DECam_01463164.fits.fz N4 1463164 15.0 61114.00139792 1.02 89.09299021595584 -28.016436650418257 89.1015 -27.941333055555557 M490 0.035507463 24.958105 0.9835988 2.0699759 20.6523 12.989003 decam -3.4994674 30.0337 127 object "LTT2415 S4" 0 0.0 924.0 1948.0 0.6933123 1.000412 -0.0030192055 0.31435177 0.0030807878 1.0002223 15485003510 1.1548231
/home/declsp/obsbot/rawdata/DECam_01463165.fits.fz N4 1463165 15.0 61114.00187946 1.02 88.7417193826225 -28.016436650418257 88.75022916666667 -27.941333055555557 M490 0.034228936 24.943935 0.9708453 2.1791322 20.738121 13.535514 decam -3.1279395 29.501461 138 object "LTT2415 S5" 0 0.0 924.0 1948.0 -0.28180382 1.0000408 -0.0029229245 -0.588146 0.0029099449 0.9999649 15477468354 1.1081958
/home/declsp/obsbot/rawdata/DECam_01463166.fits.fz N4 1463166 150.0 61114.00299222 1.2 66.25103903400804 -21.408193663823422 66.25910833333333 -21.33309 M490 0.018161844 24.94744 1.0063188 2.0298047 20.761465 10.25561 decam 12.633515 56.06095 98 object "Eridanus position 10" 0 0.0 924.0 1948.0 -0.5760869 0.99986696 -0.0026033793 -0.28626472 0.003121568 0.9999214 16478945030 14.626141
/home/declsp/obsbot/rawdata/DECam_01463167.fits.fz N4 1463167 150.0 61114.00508276 1.21 66.2318892028933 -21.100545611312544 66.23994166666667 -21.025441944444445 M490 0.02568468 24.931547 0.9934985 2.0475283 21.114561 8.163403 decam 2.3542135 47.230164 102 object "Eridanus position 11" 0 0.0 924.0 1948.0 -0.28785133 1.0000067 -0.0025128007 -0.44754687 0.0028876245 1.0000538 16142064037 18.374691
/home/declsp/obsbot/rawdata/DECam_01463168.fits.fz N4 1463168 150.0 61114.00716782 1.22 66.01347554180906 -21.350605608838762 66.02154166666666 -21.275501944444443 M490 0.019453278 24.944275 1.0070382 1.9353809 21.38631 5.320631 decam 12.750822 48.425854 95 object "Eridanus position 12" 0 0.0 924.0 1948.0 0.5396535 1.0000435 -0.002707167 -0.3071367 0.0027421466 1.0000411 16004548941 28.192144
/home/declsp/obsbot/rawdata/DECam_01463169.fits.fz N4 1463169 150.0 61114.00922982 1.23 66.3704032432729 -21.301445609325757 66.37846666666665 -21.226341944444446 M490 0.022094173 24.918564 0.98525655 2.4714985 21.564863 7.853632 decam 3.4439437 43.62152 80 object "Eridanus position 13" 0 0.0 924.0 1948.0 0.14075002 0.9999396 -0.0027233355 -0.10256696 0.0023451308 0.9999325 15924387980 19.099443
/home/declsp/obsbot/rawdata/DECam_01463170.fits.fz N4 1463170 150.0 61114.01129087 1.24 66.05997225092132 -21.105805611260596 66.068025 -21.030701944444445 M490 0.02540226 24.908075 0.97755647 2.0307827 21.665266 5.0398545 decam 2.3397207 46.056683 111 object "Eridanus position 14" 0 0.0 924.0 1948.0 1.0484612 0.999922 -0.0027228172 -0.39918682 0.002996706 0.9999488 15844692722 29.762764
/home/declsp/obsbot/rawdata/DECam_01463171.fits.fz N4 1463171 35.0 61114.01514634 1.23 131.39574530289528 -3.3661038279516755 131.40327083333332 -3.291 M490 0.017485721 24.878317 0.9494026 2.852682 21.737034 9.322505 decam 11.160768 -0.30887967 143 object "pointing test" 0 0.0 924.0 1948.0 -0.37224317 1.0002632 -0.0018209909 -0.3213258 0.0019619933 1.0001264 15492710848 3.7543557
/home/declsp/obsbot/rawdata/DECam_01463172.fits.fz N4 1463172 800.0 61114.01728772 1.23 134.7957285375497 -5.434103810067805 134.80327499999999 -5.359 M490 0.023443175 24.953575 1.0175464 1.8920016 21.82591 3.4246418 decam -1.231084 7.844061 299 object IBIS_wide_M490_419213 419213 0.023009 924.0 1948.0 -0.07739744 1.0002159 -0.0016379688 -0.24871062 0.0017355802 1.000172 17956215888 233.60107
/home/declsp/obsbot/rawdata/DECam_01463173.fits.fz N4 1463173 552.1666 61114.02688118 1.21 135.40673186705797 -4.798103815578777 135.41427083333332 -4.723 M490 0.022397209 24.968851 1.028225 1.3225659 21.825264 1.6177865 decam 0.7878694 11.6657295 291 object IBIS_wide_M490_419214 419214 0.021402 924.0 1948.0 0.3131718 1.0000309 -0.0018677462 -0.010279557 0.0015848603 1.0000315 16899505124 341.30994
/home/declsp/obsbot/rawdata/DECam_01463174.fits.fz N4 1463174 711.2057 61114.03360433 1.2 135.4447522001138 -3.5471038263901105 135.45227916666667 -3.472 M490 0.018641287 24.962471 1.0203489 1.5417633 21.819849 2.1792035 decam 3.877143 22.60226 287 object IBIS_wide_M490_419311 419311 0.019651 924.0 1948.0 0.65807784 1.0001423 -0.0016876115 -0.19409116 0.0017145671 1.0000389 17667113440 326.36038
/home/declsp/obsbot/rawdata/DECam_01463175.fits.fz N4 1463175 683.0158 61114.04217106 1.18 138.57072743764192 -5.839103806552477 138.57827916666665 -5.764 M490 0.03256064 24.971613 1.0252479 1.4739717 21.836624 2.1171963 decam -2.6914992 24.321825 254 object IBIS_wide_M490_422263 422263 0.033489 924.0 1948.0 0.26149702 1.0001504 -0.0017517292 -0.076649055 0.0015726564 0.99995804 17259752945 322.6039
/home/declsp/obsbot/rawdata/DECam_01463176.fits.fz N4 1463176 493.327 61114.0503833 1.17 139.28173593048413 -5.170103812356713 139.2892791666667 -5.095 M490 0.033857714 24.982157 1.0333768 1.2758137 21.838087 1.5677569 decam 1.0528874 25.189941 251 object IBIS_wide_M490_422264 422264 0.031821 924.0 1948.0 0.11652732 1.0002593 -0.0015307505 -0.17440805 0.0016393805 1.0000045 16796572525 314.6706
/home/declsp/obsbot/rawdata/DECam_01463177.fits.fz N4 1463177 465.7371 61114.05639524 1.17 141.03873455553156 -4.9301038144358795 141.046275 -4.855 M490 0.039834894 24.983925 1.0350612 1.3291386 21.820929 1.7932125 decam -1.1251826 27.980112 187 object IBIS_wide_M490_419280 419280 0.034904 924.0 1948.0 0.24830027 1.0001371 -0.0015038447 -0.03523691 0.0016524519 0.99988693 16648833210 259.7222
/home/declsp/obsbot/rawdata/DECam_01463178.fits.fz N4 1463178 531.9367 61114.06213814 1.16 143.9947264337716 -5.913103805909631 144.00227916666668 -5.838 M490 0.028771337 24.970566 1.0205503 1.4017277 21.838013 1.8681852 decam 5.02431 27.17406 203 object IBIS_wide_M490_427951 427951 0.030745 924.0 1948.0 0.5742889 1.0001261 -0.0014741871 -0.17797281 0.0017023097 0.9999078 16925189638 284.73447
/home/declsp/obsbot/rawdata/DECam_01463179.fits.fz N4 1463179 412.7473 61114.06862451 1.16 145.8767113498834 -6.388103801779064 145.88427083333335 -6.313 M490 0.029580709 24.969116 1.0191891 1.1829957 21.842838 1.3361849 decam -2.1984453 30.814648 183 object IBIS_wide_M490_427949 427949 0.031696 924.0 1948.0 0.4054313 0.9998603 -0.0013404884 0.04154298 0.0015702401 0.99982417 16506381672 308.89987
/home/declsp/obsbot/rawdata/DECam_01463180.fits.fz N4 1463180 426.8473 61114.07373887 1.16 148.2187156396203 -6.656103799445205 148.22627916666667 -6.5809999999999995 M490 0.07373133 24.975222 1.0249361 1.1007787 21.837078 1.5463295 decam -4.6417108 26.297703 184 object IBIS_wide_M490_424952 424952 0.063984 924.0 1948.0 0.19289663 1.0000751 -0.0013508884 -0.12038943 0.0012092526 0.9999734 16524008336 276.03903
/home/declsp/obsbot/rawdata/DECam_01463181.fits.fz N4 1463181 445.0772 61114.07898377 1.15 146.55473429319298 -4.573103817525884 146.56227083333332 -4.498 M490 0.051692825 24.96679 1.0151622 1.1832885 21.831879 1.5727699 decam -1.1562151 27.499935 215 object IBIS_wide_M490_427962 427962 0.048087 924.0 1948.0 0.05491811 0.9999922 -0.0014530731 -0.3270035 0.0012119471 0.999941 16658190202 282.9894
/home/declsp/obsbot/rawdata/DECam_01463182.fits.fz N4 1463182 294.1182 61114.08449115 1.15 150.29472424729008 -6.07110380453649 150.30227916666666 -5.996 M490 0.0391751 24.978544 1.0262142 1.0351332 21.843336 1.0722727 decam -4.4600406 32.73985 166 object IBIS_wide_M490_424954 424954 0.036622 924.0 1948.0 -0.13943227 1.0001329 -0.0012631294 -0.06697493 0.0012194291 1.0000314 16232554525 274.29422
/home/declsp/obsbot/rawdata/DECam_01463183.fits.fz N4 1463183 300.5281 61114.08822986 1.15 151.63272395226033 -6.092103804353923 151.64027916666666 -6.017 M490 0.042324796 24.987068 1.0343014 1.0567093 21.848738 1.1178111 decam 8.081619 27.91439 142 object IBIS_wide_M490_425448 425448 0.037482 924.0 1948.0 -0.02963175 0.9999972 -0.0011900679 -0.09132464 0.0011893712 1.0000001 16168489794 268.85413
/home/declsp/obsbot/rawdata/DECam_01463184.fits.fz N4 1463184 438.9472 61114.09202083 1.15 151.99272928853077 -5.700103807759527 152.00027916666664 -5.625 M490 0.035518687 24.981083 1.0286162 1.1034446 21.823725 1.204668 decam 6.8376784 27.9923 164 object IBIS_wide_M490_425449 425449 0.039146 924.0 1948.0 0.017753923 1.0002265 -0.0011964091 -0.28321198 0.0011686138 1.0000988 16815419873 364.37192
/home/declsp/obsbot/rawdata/DECam_01463185.fits.fz N4 1463185 399.1775 61114.09740053 1.14 151.66773628713628 -4.775103815777873 151.675275 -4.7 M490 0.036250032 24.985231 1.0306821 1.1752843 21.866198 1.310286 decam 4.6680317 19.807728 170 object IBIS_wide_M490_425455 425455 0.036207 924.0 1948.0 -0.34204432 0.9997121 -0.0009759846 -0.3705236 0.0017883742 0.99989814 16441469270 304.6491
/home/declsp/obsbot/rawdata/DECam_01463186.fits.fz N4 1463186 373.0977 61114.10235202 1.14 153.82573242800274 -5.456103809876974 153.83327916666667 -5.381 M490 0.039829753 25.000702 1.0454737 1.0950537 21.86844 1.1303487 decam 12.515836 13.818753 123 object IBIS_wide_M490_425450 425450 0.042271 924.0 1948.0 0.3138048 1.0001165 -0.0012441585 -0.09220445 0.0011009725 0.9999318 16355374895 330.0731
/home/declsp/obsbot/rawdata/DECam_01463187.fits.fz N4 1463187 340.4779 61114.10703935 1.14 157.65971092765167 -6.955103796838372 157.66727916666667 -6.88 M490 0.04648429 24.991463 1.0366147 1.0607694 21.867912 1.1287762 decam 7.5743065 15.295207 154 object IBIS_wide_M490_428405 428405 0.046856 924.0 1948.0 0.052235343 1.000023 -0.0010079683 -0.15644765 0.0009094381 0.9999847 16559270968 301.63455
/home/declsp/obsbot/rawdata/DECam_01463188.fits.fz N4 1463188 311.448 61114.11131566 1.13 156.0407203079008 -5.749103807334087 156.04827083333333 -5.6739999999999995 M490 0.040061917 24.995258 1.0383579 1.012812 21.881998 0.96641064 decam 19.25281 17.79638 156 object IBIS_wide_M490_428413 428413 0.041313 924.0 1948.0 0.18459846 1.00028 -0.0008922007 0.029712891 0.0010489404 0.99999756 16228694137 322.27295
/home/declsp/obsbot/rawdata/DECam_01463189.fits.fz N4 1463189 422.7374 61114.11524728 1.13 156.63172519272842 -5.368103810640216 156.63927083333334 -5.293 M490 0.03923246 24.996588 1.0396308 1.1025877 21.88805 1.1294472 decam 7.6728325 20.82906 194 object IBIS_wide_M490_425438 425438 0.04034 924.0 1948.0 0.055518582 1.0000608 -0.0010460649 -0.13926613 0.0009413092 1.0000448 16458516290 374.287
/home/declsp/obsbot/rawdata/DECam_01463190.fits.fz N4 1463190 383.3376 61114.12044946 1.13 157.00273581124517 -5.180103812270047 157.0102791666667 -5.105 M490 0.037761856 24.997513 1.0405167 1.1015593 21.880487 1.1221812 decam 15.673466 18.721506 155 object IBIS_wide_M490_428424 428424 0.03988 924.0 1948.0 -0.06410514 1.0001433 -0.0011136385 -0.05073563 0.0010053589 0.9999509 16472782467 341.60043
/home/declsp/obsbot/rawdata/DECam_01463191.fits.fz N4 1463191 308.9481 61114.1252538 1.13 161.16971941694794 -6.40610380162239 161.17727916666666 -6.331 M490 0.03941899 25.003115 1.0458989 1.0065256 21.88347 0.935452 decam 1.837819 22.63103 136 object IBIS_wide_M490_428167 428167 0.040907 924.0 1948.0 -0.093873836 1.0003108 -0.00075717637 -0.025482152 0.0005240162 1.0000097 16144028345 330.2661
/home/declsp/obsbot/rawdata/DECam_01463192.fits.fz N4 1463192 284.6682 61114.12917364 1.12 159.28472821099365 -5.460103809842274 159.292275 -5.385 M490 0.04979113 25.001259 1.042221 0.9481922 21.879831 0.89623004 decam 4.6633883 12.851011 135 object IBIS_wide_M490_425434 425434 0.047765 924.0 1948.0 -0.050433118 1.0002325 -0.0008885706 0.044047084 0.0009691628 0.99991155 16094608781 317.6285
/home/declsp/obsbot/rawdata/DECam_01463193.fits.fz N4 1463193 345.9678 61114.1327996 1.12 160.4787260627769 -5.628103808384531 160.486275 -5.553 M490 0.04535424 25.007055 1.0477988 0.9761255 21.890476 0.9031622 decam -2.182618 24.909628 135 object IBIS_wide_M490_428169 428169 0.046473 924.0 1948.0 0.31065336 1.0002 -0.0008459899 0.006071215 0.0007906948 0.999925 16346784179 383.06277
/home/declsp/obsbot/rawdata/DECam_01463194.fits.fz N4 1463194 251.6783 61114.13711874 1.12 162.02372476588727 -5.727103807525109 162.031275 -5.652 M490 0.034231983 25.006134 1.0469106 0.97978675 21.894882 0.84260046 decam 0.7009357 14.257607 143 object IBIS_wide_M490_428168 428168 0.035553 924.0 1948.0 0.017171573 1.0000217 -0.00088473794 -0.15438639 0.00077196734 1.0000176 16015549468 298.69232
/home/declsp/obsbot/rawdata/DECam_01463195.fits.fz N4 1463195 308.2079 61114.14034966 1.12 162.60472753756045 -5.17510381231338 162.61227083333333 -5.1 M490 0.03465368 25.00133 1.0422888 1.0067899 21.891102 0.903148 decam -3.1582887 21.004501 125 object IBIS_wide_M490_428211 428211 0.032806 924.0 1948.0 -0.008895796 1.0000569 -0.0007780123 -0.044329576 0.0005824412 1.0000209 16212762341 341.25955
