logs/db-2024-06-06.ecsv
# %ECSV 1.0
# ---
# datatype:
# - {name: filename, datatype: string}
# - {name: extension, datatype: string}
# - {name: expnum, datatype: int64}
# - {name: exptime, datatype: float32}
# - {name: mjd_obs, datatype: float64}
# - {name: airmass, datatype: float32}
# - {name: racenter, datatype: float64}
# - {name: deccenter, datatype: float64}
# - {name: rabore, datatype: float64}
# - {name: decbore, datatype: float64}
# - {name: band, datatype: string}
# - {name: ebv, datatype: float32}
# - {name: zeropoint, datatype: float32}
# - {name: transparency, datatype: float32}
# - {name: seeing, datatype: float32}
# - {name: sky, datatype: float32}
# - {name: expfactor, datatype: float32}
# - {name: camera, datatype: string}
# - {name: dx, datatype: float32}
# - {name: dy, datatype: float32}
# - {name: nmatched, datatype: int64}
# - {name: obstype, datatype: string}
# - {name: object, datatype: string}
# - {name: tileid, datatype: int64}
# - {name: tileebv, datatype: float32}
# - {name: affine_x0, datatype: float32}
# - {name: affine_y0, datatype: float32}
# - {name: affine_dx, datatype: float32}
# - {name: affine_dxx, datatype: float32}
# - {name: affine_dxy, datatype: float32}
# - {name: affine_dy, datatype: float32}
# - {name: affine_dyx, datatype: float32}
# - {name: affine_dyy, datatype: float32}
# - {name: checksum, datatype: string}
# - {name: efftime, datatype: float32}
# schema: astropy-2.0
filename extension expnum exptime mjd_obs airmass racenter deccenter rabore decbore band ebv zeropoint transparency seeing sky expfactor camera dx dy nmatched obstype object tileid tileebv affine_x0 affine_y0 affine_dx affine_dxx affine_dxy affine_dy affine_dyx affine_dyy checksum efftime
[from data line 44]
rawdata/DECam_01303182.fits.fz N4 1303182 445.0 60468.1726952 1.3 221.10876170802112 0.806896136143197 221.116275 0.882 M411 0.04593707 24.342112 0.9453765 1.2864188 22.20136 1.2276416 decam -1.5160614 -10.572624 121 object IBIS_deep_desi220_M411_32 0 0.0 924.0 1948.0 -0.41771787 1.000402 0.0011425306 0.07873137 -0.00066049385 0.9998285 15920191936 362.48367
rawdata/DECam_01303183.fits.fz N4 1303183 433.0 60468.17820573 1.32 220.30377060341561 0.3998961396421939 220.31128333333334 0.475 M411 0.047124617 24.321339 0.933167 1.1795158 22.225092 1.0494604 decam -1.0279655 -9.294654 123 object IBIS_deep_desi220_M411_48 0 0.0 924.0 1948.0 0.013489948 1.0000175 0.0014608614 0.14408955 -0.0010527532 0.9998417 16002869661 412.593
rawdata/DECam_01303184.fits.fz N4 1303184 490.0 60468.18358022 1.35 220.77076589121666 0.7978961362205769 220.77827916666666 0.873 M411 0.04137715 24.325682 0.94556737 1.2522908 22.182125 1.2206537 decam 5.2908874 -18.93107 124 object IBIS_deep_desi220_M411_50 0 0.0 924.0 1948.0 0.34374592 1.0000224 0.0014477457 0.22355284 -0.0012141634 1.0004513 15977239932 401.4243
rawdata/DECam_01303185.fits.fz N4 1303185 447.0 60468.1896157 1.38 221.15376101522253 1.1208961334432657 221.161275 1.196 M411 0.037536096 24.321362 0.9505183 1.2595754 22.153582 1.2778975 decam -5.539878 -23.767368 117 object IBIS_deep_desi220_M411_33 0 0.0 924.0 1948.0 -0.36696175 0.99977803 0.0011936057 0.17206252 -0.0009994776 1.0000794 16038785553 349.79333
rawdata/DECam_01303186.fits.fz N4 1303186 500.0 60468.19514289 1.42 219.86577076170974 0.1468961418170486 219.87328333333335 0.222 M411 0.05021119 24.303356 0.9464263 1.321255 22.194725 1.3992796 decam -4.798571 -26.985535 124 object IBIS_deep_desi220_M411_27 0 0.0 924.0 1948.0 -0.23834899 1.0003635 0.0012315222 0.24144338 -0.0013524112 1.000215 16038551523 357.32675
rawdata/DECam_01303187.fits.fz N4 1303187 500.0 60468.20128593 1.46 221.40076374463993 1.5848961294524502 221.40827916666666 1.6600000000000001 M411 0.03719742 24.317577 0.97074 1.2391262 22.022064 1.4058396 decam -3.8579326 -29.154543 126 object IBIS_deep_desi220_M411_18 0 0.0 924.0 1948.0 -0.015550959 1.0000112 0.0009885223 0.21838166 -0.0011732124 1.0001187 16128991224 355.65933
rawdata/DECam_01303188.fits.fz N4 1303188 500.0 60468.20743614 1.5 220.8387610534539 1.1058961335722548 220.846275 1.181 M411 0.04035659 24.285374 0.9540018 1.1996241 22.121305 1.2761725 decam -3.8754058 -33.4405 125 object IBIS_deep_desi220_M411_51 0 0.0 924.0 1948.0 0.019632986 0.99990344 0.0012567042 0.12017755 -0.0008823554 1.0001526 16040156591 391.79657
rawdata/DECam_01303189.fits.fz N4 1303189 500.0 60468.21357527 1.56 220.4927698096013 0.923896135137229 220.50028333333336 0.999 M411 0.042369585 24.292904 0.9784837 1.1363589 22.113283 1.137944 decam -1.926052 -40.53459 128 object IBIS_deep_desi220_M411_70 0 0.0 924.0 1948.0 0.43969318 1.0000627 0.0013053666 0.043887556 -0.00086649315 1.000008 16032705760 439.38895
rawdata/DECam_01303190.fits.fz N4 1303190 500.0 60468.21974223 1.61 221.27375842045328 1.8768961269401043 221.281275 1.952 M411 0.04025373 24.264416 0.96787256 1.2311137 21.944283 1.6441926 decam 8.742126 -33.999756 112 object IBIS_deep_desi220_M411_19 0 0.0 924.0 1948.0 -0.34169987 1.0002058 0.0012615442 0.20932063 -0.0011601999 1.0005511 16167265635 304.10062
rawdata/DECam_01303191.fits.fz N4 1303191 500.0 60468.22589392 1.68 220.7877601488461 1.4188961308803767 220.795275 1.494 M411 0.03747316 24.250906 0.97664833 1.3418689 22.011398 1.882021 decam 1.3321182 6.9538417 103 object IBIS_deep_desi220_M411_52 0 0.0 924.0 1948.0 0.55334437 1.0001278 0.0014113445 0.21155146 -0.0005592417 1.0001162 16134050437 265.67184
rawdata/DECam_01303192.fits.fz N4 1303192 500.0 60468.23203396 1.75 220.517760704992 1.2358961324543007 220.525275 1.311 M411 0.037559304 24.211021 0.96185225 1.3898475 22.019344 2.1568806 decam 7.1745872 10.490634 102 object IBIS_deep_desi220_M411_71 0 0.0 924.0 1948.0 -0.41980666 1.0001775 0.0011958587 0.19611856 -0.0009088171 1.0003508 16136570547 231.81627
rawdata/DECam_01303193.fits.fz N4 1303193 500.0 60468.23818497 1.85 219.61077065959572 0.33289614021815306 219.61828333333332 0.40800000000000003 M411 0.048558675 24.186853 0.96997607 1.4032676 21.990519 2.360628 decam -0.6816942 6.9081793 108 object IBIS_deep_desi220_M411_26 0 0.0 924.0 1948.0 0.1322828 1.0001183 0.001264172 0.20853569 -0.0009775589 1.0003569 16108893801 211.80806
rawdata/DECam_01303194.fits.fz N4 1303194 500.0 60468.24433847 1.94 220.63276333154693 1.6948961285061088 220.64027916666666 1.77 M411 0.0390175 24.167347 0.9793706 1.4548649 21.926853 2.7888384 decam 5.0998554 11.332941 104 object IBIS_deep_desi220_M411_53 0 0.0 924.0 1948.0 0.150544 0.999986 0.0013656135 0.035514157 -0.0007945512 1.0005286 16160036956 179.28612
rawdata/DECam_01303195.fits.fz N4 1303195 500.0 60468.25047697 2.05 220.80176628519692 1.982896126027888 220.80928333333335 2.058 M411 0.03827127 24.124823 0.974068 1.4464148 21.8796 3.1137972 decam 11.553215 12.720285 110 object IBIS_deep_desi220_M411_36 0 0.0 924.0 1948.0 -0.06611971 1.0003861 0.0012016674 0.13448663 -0.0006994442 1.0001876 16180447937 160.57564
rawdata/DECam_01303196.fits.fz N4 1303196 500.0 60468.25661818 2.17 220.37476398612978 1.51689613003741 220.38227916666668 1.592 M411 0.038067214 24.061157 0.95303154 1.8907655 21.856754 6.107088 decam 15.592377 8.164711 98 object IBIS_deep_desi220_M411_72 0 0.0 924.0 1948.0 -0.09374062 1.0006039 0.00170161 -0.050360084 -0.0002298517 1.0005031 16207087150 81.87208
rawdata/DECam_01303197.fits.fz N4 1303197 500.0 60468.26562621 1.86 330.89476400346797 1.5118961300804203 330.9022791666667 1.587 M411 0.048690945 24.211193 0.99501383 1.8840113 21.90091 4.416092 decam -53.53611 92.797966 125 object IBIS_deep_desi332_M411_66 0 0.0 924.0 1948.0 -0.21691954 1.0003775 0.0011356269 0.025666632 -0.0010140962 1.0004145 16191109664 113.222275
rawdata/DECam_01303198.fits.fz N4 1303198 500.0 60468.27182142 1.78 330.71176302587054 1.7718961278436056 330.7192791666667 1.847 M411 0.051801063 24.242496 0.99929756 1.4209789 21.90508 2.363564 decam -33.915752 78.80124 133 object IBIS_deep_desi332_M411_65 0 0.0 924.0 1948.0 -0.19102827 1.0001252 0.0010645896 -0.20974979 -0.0013703724 1.0005295 16206551621 211.54495
rawdata/DECam_01303199.fits.fz N4 1303199 500.0 60468.27797188 1.7 330.5847575811342 2.0628961253393454 330.592275 2.138 M411 0.047620457 24.244 0.97642624 1.2868605 21.90046 1.9418726 decam 27.354622 -22.860712 144 object IBIS_deep_desi332_M411_64 0 0.0 924.0 1948.0 -0.33872613 1.0008076 0.0011458533 0.30321747 -0.0015110542 1.0003209 16190560240 257.48343
rawdata/DECam_01303200.fits.fz N4 1303200 500.0 60468.28411021 1.65 330.519760166965 2.373896122661954 330.52727916666663 2.449 M411 0.05634596 24.273605 0.9881491 1.3499287 21.897907 2.0279365 decam 28.997953 -26.429733 123 object IBIS_deep_desi332_M411_63 0 0.0 924.0 1948.0 -0.3318011 1.0003781 0.0009005276 -0.0784911 -0.001738462 1.0000187 16188570516 246.55605
rawdata/DECam_01303201.fits.fz N4 1303201 500.0 60468.29027129 1.59 331.18475927266377 1.6668961287470052 331.192275 1.742 M411 0.04180996 24.288414 0.9834524 1.294524 21.863892 1.8726879 decam 36.4003 -46.18918 155 object IBIS_deep_desi332_M411_82 0 0.0 924.0 1948.0 0.13915676 1.0005094 0.0011663031 -0.048004143 -0.0015021255 1.0002047 16321218735 266.99588
rawdata/DECam_01303202.fits.fz N4 1303202 500.0 60468.29641883 1.54 330.99376239574127 1.9208961265614624 331.0012791666667 1.996 M411 0.04525031 24.29024 0.9701155 1.3127271 21.891256 1.8714153 decam 36.822838 -62.154026 128 object IBIS_deep_desi332_M411_81 0 0.0 924.0 1948.0 -0.1213797 0.9997065 0.0009971827 0.17245592 -0.0016611055 1.0004427 16196544502 267.17746
rawdata/DECam_01303203.fits.fz N4 1303203 500.0 60468.3027907 1.49 330.87176517467174 2.2138961240395307 330.8792833333334 2.289 M411 0.041191787 24.301868 0.96564007 1.3644282 21.899504 1.9636921 decam 0.6997971 -21.014408 131 object IBIS_deep_desi332_M411_80 0 0.0 924.0 1948.0 -0.12311094 1.0005896 0.001211307 0.053151187 -0.001580538 1.0002984 16272852826 254.6224
rawdata/DECam_01303204.fits.fz N4 1303204 500.0 60468.30893609 1.45 331.7157604349919 1.3278961316630675 331.723275 1.403 M411 0.04512908 24.333076 0.9816819 1.3342695 21.88411 1.7983584 decam -6.056207 -27.065948 138 object IBIS_deep_desi332_M411_84 0 0.0 924.0 1948.0 -0.21560043 1.0001394 0.0010629832 0.065918885 -0.0010180909 1.0001369 16195030442 278.03134
rawdata/DECam_01303205.fits.fz N4 1303205 500.0 60468.31558627 1.85 350.81176466437563 -1.3071038456823365 350.81927916666666 -1.232 M411 0.043581944 24.198294 0.98025054 1.377309 21.711302 2.879815 decam -5.702924 -4.769248 70 object IBIS_deep_deep2f3_M411_65 0 0.0 924.0 1948.0 -0.16093546 1.0000906 0.00031256446 -0.26223788 -0.0007704692 1.0008619 16344345655 173.62227
rawdata/DECam_01303206.fits.fz N4 1303206 500.0 60468.32172143 1.77 351.223767130557 -1.7871038415531966 351.23128333333335 -1.712 M411 0.049293548 24.209602 0.96650624 1.3088478 21.71205 2.545634 decam -2.3556967 -5.177032 55 object IBIS_deep_deep2f3_M411_67 0 0.0 924.0 1948.0 -0.21334262 1.0001532 0.00030557404 0.10760863 -0.0011211582 1.0004723 16646381971 196.41472
rawdata/DECam_01303207.fits.fz N4 1303207 500.0 60468.32786284 1.69 350.685765438203 -1.0161038481848221 350.6932791666667 -0.9410000000000001 M411 0.043946028 24.236212 0.96648026 1.2988548 21.725063 2.3586006 decam -5.9389176 -8.852289 63 object IBIS_deep_deep2f3_M411_64 0 0.0 924.0 1948.0 -0.038239527 1.0003155 0.000329922 0.0535806 -0.0013719909 1.0005937 16324445295 211.99011
rawdata/DECam_01303208.fits.fz N4 1303208 500.0 60468.33400535 1.63 350.6217618841546 -0.7051038508588047 350.629275 -0.63 M411 0.03835448 24.227964 0.9416768 1.1704828 21.772053 1.8630105 decam -11.1058235 -8.878053 75 object IBIS_deep_deep2f3_M411_63 0 0.0 924.0 1948.0 -0.61161214 1.0008013 0.0007284463 0.4298982 -0.00054647774 1.0003419 16298963804 268.3828
rawdata/DECam_01303209.fits.fz N4 1303209 500.0 60468.34014733 1.57 351.78575750899796 -2.0781038390488913 351.793275 -2.003 M411 0.05527892 24.191145 0.89368045 1.2663866 21.736328 2.4112754 decam -9.934593 -14.038349 67 object IBIS_deep_deep2f3_M411_69 0 0.0 924.0 1948.0 0.07817187 1.000448 0.000108534 0.02624804 -0.00058664527 1.0001168 16292576879 207.35915
rawdata/DECam_01303210.fits.fz N4 1303210 500.0 60468.34629732 1.52 351.09376508217866 -1.159103846955143 351.10127916666664 -1.084 M411 0.038291033 24.262268 0.9396613 1.2822431 21.741106 2.1588836 decam -12.285553 -12.832619 61 object IBIS_deep_deep2f3_M411_81 0 0.0 924.0 1948.0 0.069065675 0.9997079 0.0004235142 0.27265292 -0.0007501001 1.000507 16296926313 231.6012
rawdata/DECam_01303211.fits.fz N4 1303211 500.0 60468.35244665 1.48 350.97276159466014 -0.8661038494745789 350.980275 -0.791 M411 0.03826602 24.245338 0.9138418 1.2032733 21.752531 1.9412485 decam -15.170496 -17.875593 68 object IBIS_deep_deep2f3_M411_80 0 0.0 924.0 1948.0 -0.13629459 1.0000538 0.0004577301 -0.07253627 -0.0012793036 1.0000784 16445186207 257.5662
rawdata/DECam_01303212.fits.fz N4 1303212 500.0 60468.35859903 1.43 350.6237706149356 -0.38710385359260524 350.63128333333333 -0.312 M411 0.04450679 24.160513 0.83230263 1.1637022 21.762972 2.1026735 decam -15.110788 -21.163897 79 object IBIS_deep_deep2f3_M411_62 0 0.0 924.0 1948.0 0.015345225 1.0000317 0.000654682 -0.017956553 -0.00037625848 1.0001106 16393160490 237.79251
rawdata/DECam_01303213.fits.fz N4 1303213 500.0 60468.3647497 1.4 350.3697624504195 -0.04810385650671805 350.37727500000005 0.027000000000000003 M411 0.04471694 24.212173 0.8648664 1.18997 21.802977 1.9266167 decam -11.959689 -23.886644 83 object IBIS_deep_deep2f3_M411_46 0 0.0 924.0 1948.0 -0.05361546 1.0002658 0.00044039843 -0.0065075024 -0.00094849797 1.0001969 16240688818 259.5223
rawdata/DECam_01303214.fits.fz N4 1303214 500.0 60468.37089451 1.36 351.4527610044056 -1.1251038472475248 351.460275 -1.05 M411 0.04300355 24.311975 0.9365736 1.1912999 21.79073 1.6248792 decam -8.938344 -22.277878 78 object IBIS_deep_deep2f3_M411_7 0 0.0 924.0 1948.0 0.033937767 1.0000402 0.000385433 0.098839745 -0.0004325618 0.99995 16285233899 307.71518
rawdata/DECam_01303215.fits.fz N4 1303215 500.0 60468.37702987 1.33 351.6877645705058 -1.3381038454157166 351.69527916666664 -1.263 M411 0.058948934 24.308046 0.9246441 1.1745865 21.776546 1.612081 decam -6.878357 -23.002203 69 object IBIS_deep_deep2f3_M411_8 0 0.0 924.0 1948.0 -0.13223282 1.0002873 0.0005987586 0.046287876 -0.0005400996 1.0001146 16271165948 310.15808
rawdata/DECam_01303216.fits.fz N4 1303216 500.0 60468.38316898 1.3 351.29776579469706 -0.8491038496207444 351.30527916666665 -0.7739999999999999 M411 0.042635906 24.31686 0.9236426 1.1654005 21.785353 1.5488406 decam -4.215791 -25.982641 55 object IBIS_deep_deep2f3_M411_6 0 0.0 924.0 1948.0 -0.18693563 1.0006087 0.00083136774 0.048426185 -0.0008091932 0.9996241 16264638513 322.8221
rawdata/DECam_01303217.fits.fz N4 1303217 500.0 60468.3893154 1.28 351.9747599761133 -1.4711038442717537 351.982275 -1.396 M411 0.050694395 24.313364 0.9150426 1.274556 21.692932 2.0295875 decam -4.7989645 -34.835407 62 object IBIS_deep_deep2f3_M411_9 0 0.0 924.0 1948.0 0.2048417 0.9998921 0.00031542673 -0.14586015 -0.00044246236 1.0002652 16620531251 246.35548
rawdata/DECam_01303218.fits.fz N4 1303218 500.0 60468.39545445 1.26 352.2887681555477 -1.5161038438846683 352.29628333333335 -1.441 M411 0.04994647 24.268208 0.8723989 1.2315986 21.736992 1.977773 decam -2.2753813 -34.633522 58 object IBIS_deep_deep2f3_M411_10 0 0.0 924.0 1948.0 -0.21561052 1.0008663 0.000439695 -0.052954912 -5.582793e-05 1.000233 16387744018 252.8096
rawdata/DECam_01303219.fits.fz N4 1303219 500.0 60468.40160747 1.24 351.71076142657273 -0.9471038487781239 351.718275 -0.872 M411 0.04875574 24.32257 0.91158384 1.1819504 21.773977 1.5929899 decam -8.548275 -35.133457 85 object IBIS_deep_deep2f3_M411_26 0 0.0 924.0 1948.0 0.11162288 1.000314 0.0002653123 -0.26495317 -0.00048152328 0.999933 16325421891 313.87518
rawdata/DECam_01303220.fits.fz N4 1303220 500.0 60468.40774369 1.22 351.96576098372765 -1.1331038471787296 351.973275 -1.058 M411 0.045607533 24.272 0.86477643 1.2529808 21.758934 1.9920119 decam -6.3877144 -32.465393 84 object IBIS_deep_deep2f3_M411_27 0 0.0 924.0 1948.0 -0.2625399 1.0004885 0.00045679417 0.1964366 -0.00051307 1.0003011 16273733105 251.00252
rawdata/DECam_01303221.fits.fz N4 1303221 500.0 60468.41388282 1.2 352.2747608020462 -1.2011038465939552 352.282275 -1.126 M411 0.040408455 24.146032 0.76533693 1.2883554 21.707949 2.78359 decam -5.339521 -29.361048 67 object IBIS_deep_deep2f3_M411_28 0 0.0 924.0 1948.0 -0.14152928 1.0000689 0.00032613266 0.022744415 -0.0006255931 1.0001688 16327347419 179.62415
rawdata/DECam_01303222.fits.fz N4 1303222 500.0 60468.42005213 1.19 353.04476772619904 -1.6351038428609639 353.0522833333333 -1.56 M411 0.044488374 24.18885 0.79368454 1.289785 21.656612 2.703008 decam -8.2673235 -45.353657 66 object IBIS_deep_deep2f3_M411_88 0 0.0 924.0 1948.0 0.099729925 0.9999774 0.00023759546 -0.09739975 -0.0005719257 0.9999411 16372672097 184.97911
rawdata/DECam_01303223.fits.fz N4 1303223 500.0 60468.42731291 1.86 34.455728282153 -5.77610380709963 34.463279166666666 -5.7010000000000005 M411 0.024104962 23.902649 0.7488794 1.8193194 20.854393 19.061312 decam -8.093157 22.256824 38 object IBIS_deep_xmm_M411_65 0 0.0 924.0 1948.0 -0.46398804 0.99990803 -0.0012777282 0.35982832 0.0005099727 1.0002621 17455220345 26.231144
rawdata/DECam_01303224.fits.fz N4 1303224 500.0 60468.43346784 1.77 34.63872473670002 -6.036103804840734 34.646279166666666 -5.961 M411 0.026263343 23.814468 0.6716631 1.5335405 19.819893 41.324142 decam 4.531708 16.474129 44 object IBIS_deep_xmm_M411_66 0 0.0 924.0 1948.0 -0.13209686 1.0000371 -0.0013519747 -0.430768 0.0010499716 1.0004433 20777887427 12.099464
