logs/db-2025-12-25.ecsv
# %ECSV 1.0
# ---
# datatype:
# - {name: filename, datatype: string}
# - {name: extension, datatype: string}
# - {name: expnum, datatype: int64}
# - {name: exptime, datatype: float32}
# - {name: mjd_obs, datatype: float64}
# - {name: airmass, datatype: float32}
# - {name: racenter, datatype: float64}
# - {name: deccenter, datatype: float64}
# - {name: rabore, datatype: float64}
# - {name: decbore, datatype: float64}
# - {name: band, datatype: string}
# - {name: ebv, datatype: float32}
# - {name: zeropoint, datatype: float32}
# - {name: transparency, datatype: float32}
# - {name: seeing, datatype: float32}
# - {name: sky, datatype: float32}
# - {name: expfactor, datatype: float32}
# - {name: camera, datatype: string}
# - {name: dx, datatype: float32}
# - {name: dy, datatype: float32}
# - {name: nmatched, datatype: int64}
# - {name: obstype, datatype: string}
# - {name: object, datatype: string}
# - {name: tileid, datatype: int64}
# - {name: tileebv, datatype: float32}
# - {name: affine_x0, datatype: float32}
# - {name: affine_y0, datatype: float32}
# - {name: affine_dx, datatype: float32}
# - {name: affine_dxx, datatype: float32}
# - {name: affine_dxy, datatype: float32}
# - {name: affine_dy, datatype: float32}
# - {name: affine_dyx, datatype: float32}
# - {name: affine_dyy, datatype: float32}
# - {name: checksum, datatype: string}
# - {name: efftime, datatype: float32}
# schema: astropy-2.0
filename extension expnum exptime mjd_obs airmass racenter deccenter rabore decbore band ebv zeropoint transparency seeing sky expfactor camera dx dy nmatched obstype object tileid tileebv affine_x0 affine_y0 affine_dx affine_dxx affine_dxy affine_dy affine_dyx affine_dyy checksum efftime
[from data line 43]
rawdata/DECam_01444306.fits.fz N4 1444306 15.0 61035.34337364 1.02 158.43095561147695 -35.78688155743227 158.44021666666666 -35.711778055555556 M517 0.09434271 25.056454 1.0279537 0.9208266 21.686272 1.2923627 decam -17.337612 -4.639668 325 object "LTT3864 S3" 0 0.0 924.0 1948.0 -0.008696426 1.0000262 -0.0011311588 0.003997052 0.00089674635 1.0000689 15388883033 11.606648
rawdata/DECam_01444307.fits.fz N4 1444307 15.0 61035.34388563 1.02 158.0488889448103 -35.78688155743227 158.05815 -35.711778055555556 M517 0.10869775 25.060307 1.0316079 0.8914103 21.649347 1.36113 decam -17.650843 -15.821906 352 object "LTT3864 S4" 0 0.0 924.0 1948.0 0.11228025 1.0001239 -0.0012320089 -0.090384126 0.00096210785 1.0001042 15393475502 11.020255
rawdata/DECam_01444308.fits.fz N4 1444308 15.0 61035.34439804 1.02 157.66680977814363 -35.78688155743227 157.67607083333334 -35.711778055555556 M517 0.09514436 25.064245 1.0353568 0.90306437 21.79612 1.113062 decam -6.760396 -16.281513 348 object "LTT3864 S5" 0 0.0 924.0 1948.0 -0.18506172 1.0000423 -0.0012483757 -0.056084026 0.0011073009 1.0001047 15391757405 13.476338
rawdata/DECam_01444309.fits.fz N4 1444309 150.0 61035.34654998 2.1 219.89309712522018 -26.613993610135296 219.9015 -26.53889 M517 0.09919632 24.908182 1.0661857 1.2953155 20.29855 12.417009 decam 15.643064 4.4857173 505 object "NGC5694 position 0" 0 0.0 924.0 1948.0 0.097827144 0.99995077 0.0011725855 -0.13609916 -0.0015019327 1.0006554 17168152691 12.080203
rawdata/DECam_01444310.fits.fz N4 1444310 150.0 61035.34868984 2.06 219.85105382316084 -26.57951666606151 219.85945416666667 -26.504413055555556 M517 0.09875956 24.925297 1.0762047 1.0343602 20.06065 9.53371 decam 3.1555364 16.106005 784 object "NGC5694 position 1" 0 0.0 924.0 1948.0 -0.6298175 1.0002514 0.0012587152 -0.40099126 -0.0015930084 1.0005451 17541875086 15.7336445
rawdata/DECam_01444311.fits.fz N4 1444311 150.0 61035.35080521 2.02 219.90014183225378 -26.685885553806113 219.90855 -26.610781944444444 M517 0.0998924 24.928331 1.0723197 1.0711733 19.763943 13.4554405 decam -8.279928 19.745848 391 object "NGC5694 position 2" 0 0.0 924.0 1948.0 0.050464183 1.0001605 0.0011555488 -0.00996806 -0.0016178314 1.0006227 18718273677 11.147907
rawdata/DECam_01444312.fits.fz N4 1444312 150.0 61035.35290033 1.99 219.95317727137098 -26.54383555533378 219.96157499999998 -26.468731944444443 M517 0.10165784 24.937737 1.0764616 1.0506678 19.44123 17.317953 decam -10.821706 22.689638 798 object "NGC5694 position 3" 0 0.0 924.0 1948.0 0.27856934 1.0003097 0.0013305991 0.15590973 -0.0015046576 1.000651 19173036319 8.661531
rawdata/DECam_01444313.fits.fz N4 1444313 150.0 61035.35500051 1.94 219.78074582149165 -26.631726665500114 219.78914999999998 -26.556623055555555 M517 0.097460225 24.947247 1.0772657 1.0670996 19.076792 23.918003 decam -8.412467 27.161158 460 object "NGC5694 position 4" 0 0.0 924.0 1948.0 -0.27375817 1.0003251 0.0012309783 0.01412357 -0.0015692909 1.000548 20690934222 6.2714267
rawdata/DECam_01444314.fits.fz N4 1444314 150.0 61035.35709625 1.92 220.00076345366145 -26.675198609476727 220.00917083333334 -26.600095 M517 0.1015648 24.946548 1.0731273 1.0544516 18.655539 35.36606 decam -5.716946 28.814941 349 object "NGC5694 position 5" 0 0.0 924.0 1948.0 -0.112019725 1.0002718 0.0013327871 0.08763277 -0.0017141971 1.0005248 23712112081 4.241355
rawdata/DECam_01444315.fits.fz N4 1444315 150.0 61035.35919654 1.88 219.85686430167692 -26.493274722543287 219.86525833333332 -26.41817111111111 M517 0.09862915 24.999329 1.1193851 1.0432262 18.225737 45.81887 decam -5.3553367 32.24376 686 object "NGC5694 position 6" 0 0.0 924.0 1948.0 -1.0798291 0.9997355 0.0011297764 0.63672864 -0.0017343104 1.0005118 26871417009 3.2737603
