logs/db-2024-05-30.ecsv
# %ECSV 1.0
# ---
# datatype:
# - {name: filename, datatype: string}
# - {name: extension, datatype: string}
# - {name: expnum, datatype: int64}
# - {name: exptime, datatype: float32}
# - {name: mjd_obs, datatype: float64}
# - {name: airmass, datatype: float32}
# - {name: racenter, datatype: float64}
# - {name: deccenter, datatype: float64}
# - {name: rabore, datatype: float64}
# - {name: decbore, datatype: float64}
# - {name: band, datatype: string}
# - {name: ebv, datatype: float32}
# - {name: zeropoint, datatype: float32}
# - {name: transparency, datatype: float32}
# - {name: seeing, datatype: float32}
# - {name: sky, datatype: float32}
# - {name: expfactor, datatype: float32}
# - {name: camera, datatype: string}
# - {name: dx, datatype: float32}
# - {name: dy, datatype: float32}
# - {name: nmatched, datatype: int64}
# - {name: obstype, datatype: string}
# - {name: object, datatype: string}
# - {name: tileid, datatype: int64}
# - {name: tileebv, datatype: float32}
# - {name: affine_x0, datatype: float32}
# - {name: affine_y0, datatype: float32}
# - {name: affine_dx, datatype: float32}
# - {name: affine_dxx, datatype: float32}
# - {name: affine_dxy, datatype: float32}
# - {name: affine_dy, datatype: float32}
# - {name: affine_dyx, datatype: float32}
# - {name: affine_dyy, datatype: float32}
# - {name: checksum, datatype: string}
# - {name: efftime, datatype: float32}
# schema: astropy-2.0
filename extension expnum exptime mjd_obs airmass racenter deccenter rabore decbore band ebv zeropoint transparency seeing sky expfactor camera dx dy nmatched obstype object tileid tileebv affine_x0 affine_y0 affine_dx affine_dxx affine_dxy affine_dy affine_dyx affine_dyy checksum efftime
rawdata/DECam_01301140.fits.fz N4 1301140 265.5586 60460.96292799 1.23 150.09375883696464 2.606896120655282 150.10127916666667 2.682 M464 0.019469626 23.760193 0.34868824 1.3397039 21.361238 19.398563 decam 24.445229 81.380226 60 object IBIS_deep_cosmos_M464_1 0 0.0 924.0 1948.0 0.4923593 1.0002054 -0.0013658403 0.017107448 0.0015859765 0.99977213 16478147475 13.689602
rawdata/DECam_01301144.fits.fz N4 1301144 300.0 60460.97612229 1.26 149.78075452620993 2.6308961204485457 149.788275 2.706 M464 0.019724825 23.397472 0.2512515 0.98062867 21.45237 18.65709 decam 40.578064 87.91332 76 object IBIS_deep_cosmos_M464_2 0 0.0 924.0 1948.0 0.04906066 1.0003481 -0.001318332 -0.28100753 0.001649393 1.0000771 16488118018 16.079678
rawdata/DECam_01301145.fits.fz N4 1301145 300.0 60460.9799736 1.27 149.4997595261277 2.488896121671626 149.50727916666665 2.564 M464 0.020213213 23.666693 0.32263905 1.0303582 21.48808 12.133557 decam 28.16247 83.46994 66 object IBIS_deep_cosmos_M464_3 0 0.0 924.0 1948.0 0.28977358 0.9998805 -0.0014099542 -0.06172947 0.0014108965 0.9998702 16488297231 24.724817
rawdata/DECam_01301149.fits.fz N4 1301149 300.0 60460.99727643 1.33 149.2467582114563 1.9248961265270395 149.25427499999998 2.0 M464 0.022061344 23.799713 0.36935624 1.0756807 21.506636 10.165241 decam 35.4748 69.834366 87 object IBIS_deep_cosmos_M464_5 0 0.0 924.0 1948.0 -0.22517243 0.9999475 -0.0014881585 -0.36031824 0.0015192776 1.0001603 16447904692 29.512335
rawdata/DECam_01301150.fits.fz N4 1301150 300.0 60461.00112597 1.34 149.29775947545477 1.6128961292115729 149.305275 1.6880000000000002 M464 0.020448064 23.760265 0.35693237 1.1044347 21.488523 11.714693 decam 38.882267 79.423836 74 object IBIS_deep_cosmos_M464_6 0 0.0 924.0 1948.0 0.24111977 0.9999839 -0.0015216105 -0.34745052 0.0016645506 1.000055 16507430639 25.608866
rawdata/DECam_01301151.fits.fz N4 1301151 300.0 60461.00496334 1.36 149.45276874087074 1.3368961315856607 149.46028333333334 1.412 M464 0.017505977 23.689287 0.33576447 1.081741 21.505903 12.602418 decam 39.254517 66.30197 59 object IBIS_deep_cosmos_M464_7 0 0.0 924.0 1948.0 0.2691387 0.99987465 -0.0011788885 -0.053246967 0.0016462785 1.0001119 16430932896 23.804956
rawdata/DECam_01301152.fits.fz N4 1301152 300.0 60461.00879091 1.37 149.6877610075145 1.1238961334174677 149.695275 1.199 M464 0.025978917 23.659012 0.32722348 1.1188655 21.501173 14.313917 decam 37.475304 66.95252 76 object IBIS_deep_cosmos_M464_8 0 0.0 924.0 1948.0 0.32775164 1.0004263 -0.0014929029 -0.23158689 0.0017226969 0.999941 16439179656 20.958624
rawdata/DECam_01301153.fits.fz N4 1301153 300.0 60461.0126213 1.38 149.97576132943973 0.9908961345611326 149.983275 1.066 M464 0.023141902 23.470837 0.27573678 1.0742092 21.491045 18.836027 decam 46.348755 65.16647 71 object IBIS_deep_cosmos_M464_9 0 0.0 924.0 1948.0 0.53687507 0.9997323 -0.0010874313 -0.117069386 0.0010857825 1.0004122 16455437408 15.926926
rawdata/DECam_01301154.fits.fz N4 1301154 300.0 60461.01645371 1.4 150.28876559585595 0.9458961349480653 150.29627916666666 1.021 M464 0.020056581 23.335144 0.24437533 1.0471607 21.473492 23.35348 decam 41.89386 62.119823 67 object IBIS_deep_cosmos_M464_10 0 0.0 924.0 1948.0 0.04772931 1.0001816 -0.0011258062 -0.34094766 0.0015813272 0.9999948 16466893455 12.846051
rawdata/DECam_01301155.fits.fz N4 1301155 300.0 60461.02028444 1.42 150.60376550516082 0.9868961345955268 150.61127916666666 1.062 M464 0.024570351 22.840418 0.15559903 1.1447272 21.429417 72.2546 decam 36.48683 66.66251 61 object IBIS_deep_cosmos_M464_11 0 0.0 924.0 1948.0 0.68432933 1.0000288 -0.0016003915 0.00017541029 0.0013945786 1.0001549 16503619261 4.1519847
rawdata/DECam_01301156.fits.fz N4 1301156 300.0 60461.02411992 1.44 150.8967610483862 1.1078961335550566 150.904275 1.183 M464 0.025700815 23.10819 0.19996609 1.138427 21.432165 43.516216 decam 34.299007 55.236626 53 object IBIS_deep_cosmos_M464_12 0 0.0 924.0 1948.0 0.50014377 0.9999987 -0.0016233881 0.040866055 0.0010415668 0.9999804 16499132855 6.893982
rawdata/DECam_01301157.fits.fz N4 1301157 300.0 60461.02796761 1.46 151.1507688555271 1.298896131912484 151.15828333333332 1.374 M464 0.030693015 23.385029 0.25913844 1.0677643 21.451029 22.593195 decam 27.84402 59.346092 55 object IBIS_deep_cosmos_M464_13 0 0.0 924.0 1948.0 -0.05368401 1.0000864 -0.001417219 -0.028915206 0.001541809 1.0000379 16498319678 13.278335
rawdata/DECam_01301158.fits.fz N4 1301158 300.0 60461.03181749 1.49 151.35176805817977 1.543896129805151 151.35928333333334 1.619 M464 0.033871163 22.997532 0.18251258 1.1239302 21.413906 52.855682 decam 34.748486 44.401703 55 object IBIS_deep_cosmos_M464_14 0 0.0 924.0 1948.0 0.15354927 1.0000882 -0.0011886166 -0.18647014 0.0016139337 1.0001214 16522424619 5.6758323
rawdata/DECam_01301159.fits.fz N4 1301159 300.0 60461.03565349 1.53 151.49075862416356 1.8288961273531466 151.498275 1.904 M464 0.037249584 22.709768 0.14121051 1.2604593 21.377956 116.643776 decam 41.498714 47.275745 41 object IBIS_deep_cosmos_M464_15 0 0.0 924.0 1948.0 -0.1880818 1.0005037 -0.0015844648 0.098661676 0.0012605579 0.9999953 16552865191 2.571933
rawdata/DECam_01301160.fits.fz N4 1301160 300.0 60461.03950742 1.56 151.56275721533152 2.138896124685166 151.570275 2.214 M464 0.050979055 23.049269 0.19427961 1.1032419 21.388811 47.341743 decam 25.942785 42.65551 64 object IBIS_deep_cosmos_M464_16 0 0.0 924.0 1948.0 0.0738718 0.9998848 -0.001494861 -0.026442 0.0014182652 0.99997854 16550593234 6.336902
rawdata/DECam_01301161.fits.fz N4 1301161 300.0 60461.04334003 1.6 151.5657555464638 2.4558961219558246 151.573275 2.531 M464 0.03702531 22.663885 0.13738959 1.3493932 21.319502 153.35213 decam 37.25765 44.78469 51 object IBIS_deep_cosmos_M464_17 0 0.0 924.0 1948.0 -0.38866538 1.0005035 -0.0013846859 -0.10154992 0.0019776912 1.0000943 16651611519 1.9562819
rawdata/z4.fits.fz N4 1301162 300.0 60461.04717592 1.65 151.50174951801077 2.766896119276884 151.50927083333335 2.842 M464 0.027651554 22.780895 0.15465304 1.1031584 21.363163 79.365486 decam 34.18963 37.736843 48 object IBIS_deep_cosmos_M464_18 0 0.0 924.0 1948.0 0.35441646 0.9999562 -0.0011399711 0.24818303 0.0018628978 0.99967974 16586345573 3.7799807
rawdata/DECam_01301163.fits.fz N4 1301163 300.0 60461.05101863 1.7 151.37475590767073 3.0578961167689527 151.38227916666665 3.133 M464 0.021720773 22.811338 0.16074423 1.0438982 21.3267 69.45886 decam 48.11659 39.35421 47 object IBIS_deep_cosmos_M464_19 0 0.0 924.0 1948.0 0.22641987 1.0000356 -0.0018290533 -0.08684113 0.0015689261 0.9999634 16628088073 4.3191032
rawdata/DECam_01301164.fits.fz N4 1301164 300.0 60461.05485118 1.76 151.1927456650206 3.3188961145184166 151.20027083333332 3.394 M464 0.020695146 23.39672 0.27913138 1.3589534 21.334562 39.68471 decam 38.63739 37.964848 60 object IBIS_deep_cosmos_M464_20 0 0.0 924.0 1948.0 -0.044350445 1.0002286 -0.0014282481 -0.44145924 0.0022622054 1.0001918 16623553565 7.559586
rawdata/DECam_01301165.fits.fz N4 1301165 300.0 60461.05867847 1.82 150.96274810833103 3.5378961126291215 150.97027500000002 3.613 M464 0.022124961 23.180168 0.2315835 1.3127738 21.306484 56.59443 decam 44.435192 30.389463 42 object IBIS_deep_cosmos_M464_21 0 0.0 924.0 1948.0 0.021141764 0.999671 -0.0011075157 -0.36237484 0.0014874465 1.0001334 16637916541 5.300875
rawdata/DECam_01301166.fits.fz N4 1301166 300.0 60461.06250645 1.89 150.6957466771457 3.709896111144668 150.703275 3.785 M464 0.019253459 22.864298 0.17571115 1.2828016 21.249363 101.83467 decam 44.041374 29.931879 47 object IBIS_deep_cosmos_M464_22 0 0.0 924.0 1948.0 -0.13536446 0.9999267 -0.0013431568 -0.24615669 0.0019972834 1.000428 16734344285 2.9459515
rawdata/DECam_01301167.fits.fz N4 1301167 300.0 60461.0663376 1.97 150.4007414714658 3.829896110108663 150.40827083333335 3.905 M464 0.020609915 22.929941 0.1898526 1.2840016 21.25735 89.6497 decam 41.679455 27.948145 57 object IBIS_deep_cosmos_M464_23 0 0.0 924.0 1948.0 0.31634554 0.9997998 -0.0012780546 -0.54457307 0.0016596135 1.0000513 16720073204 3.3463583
rawdata/DECam_01301168.fits.fz N4 1301168 300.0 60461.07017087 1.99 149.71076815973865 1.5148961300546144 149.71828333333335 1.5899999999999999 M464 0.022857705 23.0848 0.21988755 1.2372493 21.266779 62.031467 decam 38.909912 27.437635 49 object IBIS_deep_cosmos_M464_26 0 0.0 924.0 1948.0 -0.5137022 1.0001942 -0.0012947571 -0.0008653046 0.0017506805 1.0002216 16681731718 4.836255
rawdata/z8.fits.fz N4 1301169 300.0 60461.07584879 1.21 219.99376429597908 1.4248961308287686 220.00127916666665 1.5 M411 0.039669316 22.629084 0.18984781 1.3586951 22.19004 32.46634 decam -30.356932 68.448524 86 object IBIS_deep_desi220_M411_1 0 0.0 924.0 1948.0 0.048113015 1.0002705 0.0015511888 0.028081726 -0.0011707408 1.0000325 15764678047 9.240339
rawdata/DECam_01301172.fits.fz N4 1301172 300.0 60461.08184265 1.2 219.40076883166387 1.3068961318436798 219.40828333333334 1.3820000000000001 M411 0.04431131 23.461914 0.40757346 1.2279122 22.24029 5.4612556 decam 2.072351 37.445072 74 object IBIS_deep_desi220_M411_3 0 0.0 924.0 1948.0 -0.17928031 1.000338 0.0015002685 0.24620686 -0.0014611885 1.0001047 15724092188 54.932423
rawdata/DECam_01301173.fits.fz N4 1301173 300.0 60461.0856708 1.2 219.68076005035257 1.4488961306223334 219.688275 1.524 M411 0.044814657 23.542953 0.43915898 1.3651637 22.250622 5.7573752 decam 7.7934895 31.95314 84 object IBIS_deep_desi220_M411_2 0 0.0 924.0 1948.0 0.2152382 1.0002178 0.0015884101 0.33980435 -0.0015186318 0.9997918 15725226641 52.107075
rawdata/z12.fits.fz N4 1301174 300.0 60461.08962783 1.18 219.19776224061192 0.43089613937570215 219.205275 0.506 M464 0.041395254 24.180773 0.5082407 1.1738172 21.883013 4.248569 decam 11.385122 33.179134 136 object IBIS_deep_desi220_M464_6 0 0.0 924.0 1948.0 -0.27547422 1.0001453 0.0013196763 0.2841268 -0.0014282167 0.99991894 16177944998 70.61201
rawdata/DECam_01301175.fits.fz N4 1301175 300.0 60461.09346348 1.17 219.3527707589472 0.15489614174827968 219.36028333333334 0.23 M464 0.04405684 24.442907 0.645659 1.2538309 21.940275 2.8370373 decam 19.185343 41.864494 132 object IBIS_deep_desi220_M464_7 0 0.0 924.0 1948.0 -0.2718322 1.000218 0.0015443014 0.23420317 -0.0010707296 1.0000306 16104291002 105.74412
rawdata/DECam_01301176.fits.fz N4 1301176 300.0 60461.09730151 1.16 219.58776244920418 -0.05810385642075744 219.59527500000002 0.017 M464 0.04576192 24.452286 0.64988214 1.2092302 21.958961 2.5499756 decam 13.934243 48.056118 134 object IBIS_deep_desi220_M464_8 0 0.0 924.0 1948.0 -0.2487854 1.0001225 0.0014281027 0.18535909 -0.0015254322 0.99992156 16116777071 117.64818
rawdata/DECam_01301177.fits.fz N4 1301177 300.0 60461.10113501 1.16 219.87576241127903 -0.1911038552774764 219.883275 -0.116 M464 0.03966547 24.28996 0.55963415 1.0938457 21.888504 3.0035822 decam 7.5858154 44.603302 140 object IBIS_deep_desi220_M464_9 0 0.0 924.0 1948.0 0.19838092 1.0000452 0.0014165533 0.1444135 -0.0014752726 0.9999074 16197208346 99.88073
rawdata/z14.fits.fz N4 1301178 300.0 60461.10496656 1.16 220.18876655594843 -0.23610385489064853 220.19627916666667 -0.161 M464 0.04032655 24.281414 0.55524653 1.1154276 21.917635 3.0885856 decam 12.600016 40.705593 131 object IBIS_deep_desi220_M464_10 0 0.0 924.0 1948.0 -0.47991842 1.0003201 0.0011623366 -0.045832835 -0.00139573 1.000044 16157892903 97.13184
rawdata/DECam_01301179.fits.fz N4 1301179 300.0 60461.10881022 1.16 220.50376657617804 -0.19510385524309173 220.51127916666667 -0.12000000000000001 M464 0.038058136 24.66283 0.78895444 1.0827463 22.003166 1.3324127 decam 8.460372 56.437912 135 object IBIS_deep_desi220_M464_11 0 0.0 924.0 1948.0 -0.29522505 0.9998134 0.0014009811 0.30463699 -0.0012059448 0.99995506 16055724792 225.15547
rawdata/DECam_01301180.fits.fz N4 1301180 300.0 60461.11263486 1.16 220.79676244678376 -0.07410385628322036 220.80427500000002 0.001 M464 0.038385585 24.742674 0.8491607 1.087758 22.057074 1.1045954 decam 7.769824 64.22923 147 object IBIS_deep_desi220_M464_12 0 0.0 924.0 1948.0 -0.3594658 0.99954385 0.0013769799 0.23399232 -0.0017175524 0.999841 16116545253 271.59265
rawdata/z15.fits.fz N4 1301181 200.0 60461.11645614 1.16 221.05077077076493 0.11689614207493156 221.05828333333332 0.192 M464 0.048537035 24.765995 0.8675962 1.1578032 22.069132 1.1852798 decam 13.21366 62.024704 127 object IBIS_deep_desi220_M464_13 0 0.0 924.0 1948.0 -0.2140425 1.0002476 0.0014475115 0.32674733 -0.0015035119 0.99990606 15926126260 168.73651
rawdata/DECam_01301182.fits.fz N4 1301182 200.0 60461.11913218 1.16 221.25177063654002 0.36189613996885833 221.25928333333334 0.437 M464 0.05037766 24.65182 0.7809941 1.1154234 22.007904 1.436564 decam 11.721571 70.52409 142 object IBIS_deep_desi220_M464_14 0 0.0 924.0 1948.0 -0.4037782 0.9999347 0.0014090139 0.3675478 -0.0014320689 0.9999235 15828858572 139.22108
rawdata/DECam_01301183.fits.fz N4 1301183 343.0 60461.12179618 1.17 221.4617697385676 0.9568961348534828 221.46928333333332 1.032 M464 0.0444543 24.535551 0.70316976 1.1725612 21.94075 2.0914795 decam 11.483048 79.04262 146 object IBIS_deep_desi220_M464_16 0 0.0 924.0 1948.0 -0.44579437 1.0000681 0.0017443309 0.4093408 -0.0014445916 0.99977195 16230966730 163.99875
rawdata/DECam_01301184.fits.fz N4 1301184 427.0 60461.12613385 1.17 221.46476892623681 1.2748961321188932 221.47228333333334 1.35 M464 0.03975096 24.633425 0.76950204 1.0687871 21.970716 1.4120206 decam 9.374641 72.9033 160 object IBIS_deep_desi220_M464_17 0 0.0 924.0 1948.0 0.36403218 1.0001764 0.0014435278 0.25403592 -0.0011769264 0.9999246 16417970839 302.40353
rawdata/DECam_01301185.fits.fz N4 1301185 500.0 60461.1314247 1.18 221.40076374463993 1.5848961294524502 221.40827916666666 1.6600000000000001 M464 0.03719742 24.67743 0.8030305 1.0657476 21.905888 1.3741804 decam 14.585571 78.21689 159 object IBIS_deep_desi220_M464_18 0 0.0 924.0 1948.0 -0.073328964 0.9997856 0.0010365205 0.12629332 -0.0012881818 1.0000229 16687660227 363.85324
rawdata/DECam_01301186.fits.fz N4 1301186 425.0 60461.13756415 1.19 221.27375842045328 1.8768961269401043 221.281275 1.952 M464 0.04025373 24.622677 0.76515764 1.070166 21.803816 1.6834649 decam 12.778661 80.56633 144 object IBIS_deep_desi220_M464_19 0 0.0 924.0 1948.0 -0.39936322 1.0000049 0.0013093557 0.25659707 -0.0011397373 1.0003109 16597842414 252.45552
rawdata/DECam_01301187.fits.fz N4 1301187 427.0 60461.14284606 1.19 221.09176139179448 2.136896124702382 221.09927916666666 2.212 M464 0.04071701 24.476357 0.66868657 1.0950863 21.936094 2.043154 decam 23.913828 73.56356 165 object IBIS_deep_desi220_M464_20 0 0.0 924.0 1948.0 0.17626284 0.99995565 0.001653168 0.18934895 -0.0014268741 1.0000585 16419170416 208.99062
rawdata/DECam_01301188.fits.fz N4 1301188 500.0 60461.14813667 1.21 220.8617644257852 2.3568961228083367 220.86928333333333 2.432 M464 0.04138386 24.42388 0.63984066 1.1223963 21.942026 2.350444 decam 18.699974 73.14643 145 object IBIS_deep_desi220_M464_21 0 0.0 924.0 1948.0 -0.1349988 0.9999045 0.0013365896 0.10890482 -0.0012711539 0.999999 16681293390 212.72575
rawdata/DECam_01301189.fits.fz N4 1301189 500.0 60461.15428975 1.22 220.59476346276733 2.528896121327123 220.60228333333333 2.604 M464 0.046273787 24.408382 0.63210994 1.0172894 21.944918 1.9820741 decam 10.310154 77.74123 121 object IBIS_deep_desi220_M464_22 0 0.0 924.0 1948.0 -0.29475287 0.9998821 0.0011242033 0.36655468 -0.0012014828 0.9998382 16603209847 252.261
rawdata/DECam_01301190.fits.fz N4 1301190 500.0 60461.16043159 1.23 220.29975859001246 2.647896120302102 220.30727916666666 2.723 M464 0.04374713 24.680525 0.81389797 1.084085 22.020182 1.2716162 decam 19.703068 76.00427 160 object IBIS_deep_desi220_M464_23 0 0.0 924.0 1948.0 -0.11313462 1.000264 0.0012001176 0.18997963 -0.0012897121 1.0001161 16532840643 393.2004
rawdata/DECam_01301191.fits.fz N4 1301191 500.0 60461.16657578 1.22 219.61077065959572 0.33289614021815306 219.61828333333332 0.40800000000000003 M464 0.048558675 24.757568 0.87190163 1.0275309 22.037561 0.97587126 decam 11.587919 80.609604 162 object IBIS_deep_desi220_M464_26 0 0.0 924.0 1948.0 0.056760043 1.0002913 0.0011090965 0.24278955 -0.0011698301 0.9999983 16480622514 512.3627
rawdata/DECam_01301192.fits.fz N4 1301192 400.0 60461.17271385 1.23 219.86577076170974 0.1468961418170486 219.87328333333335 0.222 M464 0.05021119 24.662886 0.8007816 1.0556015 21.995655 1.2740953 decam 13.237603 83.066895 165 object IBIS_deep_desi220_M464_27 0 0.0 924.0 1948.0 -0.30673134 1.0003935 0.0010940554 0.35133496 -0.001265465 0.9999813 16380659660 313.94827
rawdata/DECam_01301193.fits.fz N4 1301193 315.0 60461.17771983 1.25 220.1747707792781 0.07889614240158255 220.18228333333334 0.154 M464 0.043484792 24.541862 0.71935785 1.0946738 21.960331 1.7682327 decam 4.760517 73.14374 170 object IBIS_deep_desi220_M464_28 0 0.0 924.0 1948.0 0.12147296 1.0000697 0.0012215798 0.110888794 -0.0011290048 1.0000144 16117642879 178.14398
rawdata/DECam_01301194.fits.fz N4 1301194 401.0 60461.18172575 1.26 220.4867707670939 0.12989614196318233 220.49428333333333 0.20500000000000002 M464 0.04464026 24.681448 0.81978303 1.0930473 21.994772 1.3205357 decam 6.168595 75.44164 155 object IBIS_deep_desi220_M464_29 0 0.0 924.0 1948.0 -0.08582303 0.999963 0.0010609525 0.22713158 -0.0011995225 1.0002549 16568244635 303.66467
rawdata/DECam_01301195.fits.fz N4 1301195 500.0 60461.18672957 1.27 220.76277069352744 0.28489614063077573 220.77028333333334 0.36000000000000004 M464 0.053110562 24.634138 0.7864943 1.0207644 21.968082 1.288022 decam 4.751925 72.98713 159 object IBIS_deep_desi220_M464_30 0 0.0 924.0 1948.0 -0.16614506 1.0001855 0.0012637151 0.1848974 -0.0010955727 1.0000514 16538202922 388.1921
rawdata/DECam_01301196.fits.fz N4 1301196 350.3383 60461.19287066 1.3 220.97577047711465 0.5198961386106007 220.98328333333333 0.5950000000000001 M464 0.050475236 24.556763 0.73706347 1.0244877 21.938955 1.536253 decam 7.5843163 71.99345 153 object IBIS_deep_desi220_M464_31 0 0.0 924.0 1948.0 -0.19973871 0.99992293 0.0010975265 0.28952777 -0.0011748986 0.9996305 16225490239 228.04729
