logs/db-2025-04-28.ecsv
# %ECSV 1.0
# ---
# datatype:
# - {name: filename, datatype: string}
# - {name: extension, datatype: string}
# - {name: expnum, datatype: int64}
# - {name: exptime, datatype: float32}
# - {name: mjd_obs, datatype: float64}
# - {name: airmass, datatype: float32}
# - {name: racenter, datatype: float64}
# - {name: deccenter, datatype: float64}
# - {name: rabore, datatype: float64}
# - {name: decbore, datatype: float64}
# - {name: band, datatype: string}
# - {name: ebv, datatype: float32}
# - {name: zeropoint, datatype: float32}
# - {name: transparency, datatype: float32}
# - {name: seeing, datatype: float32}
# - {name: sky, datatype: float32}
# - {name: expfactor, datatype: float32}
# - {name: camera, datatype: string}
# - {name: dx, datatype: float32}
# - {name: dy, datatype: float32}
# - {name: nmatched, datatype: int64}
# - {name: obstype, datatype: string}
# - {name: object, datatype: string}
# - {name: tileid, datatype: int64}
# - {name: tileebv, datatype: float32}
# - {name: affine_x0, datatype: float32}
# - {name: affine_y0, datatype: float32}
# - {name: affine_dx, datatype: float32}
# - {name: affine_dxx, datatype: float32}
# - {name: affine_dxy, datatype: float32}
# - {name: affine_dy, datatype: float32}
# - {name: affine_dyx, datatype: float32}
# - {name: affine_dyy, datatype: float32}
# - {name: checksum, datatype: string}
# - {name: efftime, datatype: float32}
# schema: astropy-2.0
filename extension expnum exptime mjd_obs airmass racenter deccenter rabore decbore band ebv zeropoint transparency seeing sky expfactor camera dx dy nmatched obstype object tileid tileebv affine_x0 affine_y0 affine_dx affine_dxx affine_dxy affine_dy affine_dyx affine_dyy checksum efftime
[from data line 86]
rawdata/DECam_01382895.fits.fz N4 1382895 500.0 60794.38971868 1.11 307.1395684253736 -12.884103744262433 307.147275 -12.809 M490 0.039179888 25.050732 1.0888317 1.1459854 21.347939 1.8151296 decam 15.300796 9.90348 732 object IBIS_wide_M490_451993 451993 0.047361 924.0 1948.0 -0.0735673 1.0001434 0.0017270631 0.09287989 -0.0017600942 1.0001587 17754963366 275.46243
rawdata/DECam_01382896.fits.fz N4 1382896 500.0 60794.39589663 1.1 307.988544584861 -13.635103737448212 307.99627499999997 -13.56 M490 0.045236625 25.050789 1.0869156 1.2694213 21.349766 2.3144772 decam 30.193483 5.4423604 720 object IBIS_wide_M490_451991 451991 0.043631 924.0 1948.0 -0.18995252 1.0000569 0.0016785768 0.36575037 -0.0017695647 1.0001556 17757272380 216.03151
rawdata/DECam_01382897.fits.fz N4 1382897 500.0 60794.40203882 1.09 308.2905503420356 -13.328103740238879 308.29827083333333 -13.253 M490 0.037370685 25.052507 1.0866628 1.3087518 21.3449 2.33669 decam 32.04981 -0.51456493 694 object IBIS_wide_M490_449006 449006 0.043426 924.0 1948.0 -0.2847292 1.0001969 0.0016117147 0.12724672 -0.0017715388 1.0001947 17626361340 213.97789
rawdata/DECam_01382898.fits.fz N4 1382898 150.0 60794.40974015 1.58 347.1044708676797 -15.60240371938456 347.11227083333335 -15.5273 M517 0.03634075 24.983948 1.0518343 2.0463736 20.771778 11.760538 decam 24.57438 29.294043 373 object "NGC7492 M517" 0 0.0 924.0 1948.0 -0.81704783 0.9999476 0.00017017093 -0.25557995 -0.00042473117 1.0003647 16426386715 12.7545185
rawdata/DECam_01382899.fits.fz N4 1382899 150.0 60794.4118235 1.55 347.08846032942307 -15.769003717839515 347.0962666666667 -15.6939 M517 0.03546531 24.986551 1.0493019 1.7700807 20.797226 8.509333 decam 21.414246 25.813345 100 object "NGC7492 M517" 0 0.0 924.0 1948.0 0.11351261 0.999851 0.00032633374 -0.18131472 -2.5095974e-07 1.0003407 16437786587 17.627705
rawdata/DECam_01382900.fits.fz N4 1382900 150.0 60794.41395836 1.53 346.8214612481695 -15.745103718061324 346.8292666666667 -15.67 M517 0.03494858 24.972065 1.032081 1.8262393 20.735884 9.8113365 decam 38.612686 34.47297 105 object "NGC7492 M517" 0 0.0 924.0 1948.0 -0.08715206 1.0002222 0.0002961276 -0.07346465 -0.0007395052 1.0002124 16492305252 15.288437
rawdata/DECam_01382901.fits.fz N4 1382901 150.0 60794.41607027 1.52 347.3084701943705 -15.620103719220527 347.31627083333336 -15.545 M517 0.034631554 24.96932 1.0278264 2.2048917 20.630085 15.810297 decam 38.241993 35.60558 113 object "NGC7492 M517" 0 0.0 924.0 1948.0 -0.17861906 1.000039 0.00014944849 -0.04008515 -0.00063323224 1.0003135 16607139266 9.487488
rawdata/DECam_01382902.fits.fz N4 1382902 150.0 60794.41816546 1.49 346.8214612481695 -15.745103718061324 346.8292666666667 -15.67 M490 0.03494858 24.952415 1.0655614 2.1902196 20.438698 17.822092 decam 35.73118 34.42179 83 object "NGC7492 M490" 0 0.0 924.0 1948.0 -0.02698352 1.0002203 0.00034505775 -0.0987924 -0.00049440464 1.0002092 16777364965 8.41652
rawdata/DECam_01382903.fits.fz N4 1382903 150.0 60794.4202821 1.48 347.3084701943705 -15.620103719220527 347.31627083333336 -15.545 M490 0.034631554 24.98971 1.1007988 1.6262672 20.142807 12.026832 decam 43.32209 33.483715 119 object "NGC7492 M490" 0 0.0 924.0 1948.0 -0.12650886 1.0000068 0.0001769587 -0.07094131 -0.0004935282 1.0002835 17222526954 12.472113
rawdata/DECam_01382904.fits.fz N4 1382904 10.0 60794.42531047 1.77 234.74059043331735 -28.58528747744383 234.74914583333333 -28.51018388888889 M464 0.11379964 24.799397 1.0130771 1.6981251 19.581926 53.49902 decam 36.220303 15.890331 320 object "LTT6248 M464 N4" 0 0.0 924.0 1948.0 -0.29558447 1.000039 0.0020744593 0.14820902 -0.001772322 1.0003772 15559814935 0.18691932
rawdata/DECam_01382905.fits.fz N4 1382905 10.0 60794.42576974 1.77 234.7405770094025 -28.749586642275986 234.74914583333333 -28.674483055555555 M464 0.12067735 24.807533 1.0206983 1.5906731 19.469093 53.900604 decam 25.27421 1.6990676 277 object "LTT6248 M464 S4" 0 0.0 924.0 1948.0 -0.28169522 0.9999958 0.0020431469 0.39180282 -0.0015149992 1.0002472 15574735060 0.18552668
rawdata/DECam_01382906.fits.fz N4 1382906 30.0 60794.42624067 1.77 234.7405770094025 -28.749586642275986 234.74914583333333 -28.674483055555555 M464 0.12067735 24.749493 0.96756786 2.4913538 19.317446 169.09766 decam 14.509858 -9.035517 294 object "LTT6248 M464 S4" 0 0.0 924.0 1948.0 -0.41748077 0.99978364 0.001959718 0.41923276 -0.0015328825 1.0003322 16136618236 0.17741227
rawdata/DECam_01382907.fits.fz N4 1382907 4.0 60794.4269482 1.79 234.74059043331735 -28.58528747744383 234.74914583333333 -28.51018388888889 g 0.11379964 26.51381 1.035723 2.328227 19.186508 112.379005 decam 9.302806 -6.486226 336 object "LTT6248 g N4" 0 0.0 924.0 1948.0 -0.36695465 1.0003513 0.0022169151 -0.08002134 -0.0017790258 1.0006412 15898141234 0.035593837
rawdata/DECam_01382908.fits.fz N4 1382908 4.0 60794.42735708 1.79 234.7405770094025 -28.749586642275986 234.74914583333333 -28.674483055555555 g 0.12067735 26.483038 1.0067816 2.5479622 19.089458 162.2213 decam 4.4903097 -22.737284 251 object "LTT6248 g S4" 0 0.0 924.0 1948.0 -0.37427035 0.99987346 0.0020870864 0.097171254 -0.0016335554 1.000377 15944957991 0.024657674
rawdata/DECam_01382909.fits.fz N4 1382909 4.0 60794.42773199 1.8 234.7405770094025 -28.749586642275986 234.74914583333333 -28.674483055555555 r 0.12067735 26.747595 1.008877 1.9132998 18.60954 35.88115 decam 7.4687514 -15.165529 453 object "LTT6248 r S4" 0 0.0 924.0 1948.0 -0.017801069 1.0003353 0.0021506555 -0.030541245 -0.0016891516 1.0004367 16471255080 0.11147915
rawdata/DECam_01382910.fits.fz N4 1382910 4.0 60794.42810431 1.8 234.74059043331735 -28.58528747744383 234.74914583333333 -28.51018388888889 r 0.11379964 26.720442 0.9839589 2.209799 18.494064 54.44175 decam 8.908137 -21.307013 461 object "LTT6248 r N4" 0 0.0 924.0 1948.0 -0.2972507 1.0000875 0.0020340316 -0.08936408 -0.0015079863 1.0003207 16618984948 0.07347302
rawdata/DECam_01382911.fits.fz N4 1382911 10.0 60794.42847172 1.81 234.74059043331735 -28.58528747744383 234.74914583333333 -28.51018388888889 M517 0.11379964 24.947308 1.0551127 2.1554651 18.94909 121.34805 decam 7.6643715 -25.701366 286 object "LTT6248 M517 N4" 0 0.0 924.0 1948.0 -0.34714913 1.0001879 0.0020794761 0.0070221876 -0.0018334858 1.0002543 15752648890 0.08240759
rawdata/DECam_01382912.fits.fz N4 1382912 10.0 60794.42893166 1.81 234.7405770094025 -28.749586642275986 234.74914583333333 -28.674483055555555 M517 0.12067735 24.933746 1.0420163 2.4699674 18.81627 192.71306 decam -2.885541 -18.051403 204 object "LTT6248 M517 S4" 0 0.0 924.0 1948.0 -0.41159013 1.0000399 0.0019317332 0.24322657 -0.0016180517 1.0001105 15796841117 0.05189062
rawdata/DECam_01382913.fits.fz N4 1382913 30.0 60794.42937872 1.82 234.7405770094025 -28.749586642275986 234.74914583333333 -28.674483055555555 M517 0.12067735 24.950094 1.059522 2.1189964 18.655361 159.63866 decam 1.8232529 -16.253895 343 object "LTT6248 M517 S4" 0 0.0 924.0 1948.0 -0.16872129 1.0000783 0.0021422138 -0.088645525 -0.0013845626 1.0004607 16906101909 0.18792441
