logs/db-2026-05-21.ecsv
# %ECSV 1.0
# ---
# datatype:
# - {name: filename, datatype: string}
# - {name: extension, datatype: string}
# - {name: expnum, datatype: int64}
# - {name: exptime, datatype: float32}
# - {name: mjd_obs, datatype: float64}
# - {name: airmass, datatype: float32}
# - {name: racenter, datatype: float64}
# - {name: deccenter, datatype: float64}
# - {name: rabore, datatype: float64}
# - {name: decbore, datatype: float64}
# - {name: band, datatype: string}
# - {name: ebv, datatype: float32}
# - {name: zeropoint, datatype: float32}
# - {name: transparency, datatype: float32}
# - {name: seeing, datatype: float32}
# - {name: sky, datatype: float32}
# - {name: expfactor, datatype: float32}
# - {name: camera, datatype: string}
# - {name: dx, datatype: float32}
# - {name: dy, datatype: float32}
# - {name: nmatched, datatype: int64}
# - {name: obstype, datatype: string}
# - {name: object, datatype: string}
# - {name: tileid, datatype: int64}
# - {name: tileebv, datatype: float32}
# - {name: affine_x0, datatype: float32}
# - {name: affine_y0, datatype: float32}
# - {name: affine_dx, datatype: float32}
# - {name: affine_dxx, datatype: float32}
# - {name: affine_dxy, datatype: float32}
# - {name: affine_dy, datatype: float32}
# - {name: affine_dyx, datatype: float32}
# - {name: affine_dyy, datatype: float32}
# - {name: checksum, datatype: string}
# - {name: efftime, datatype: float32}
# schema: astropy-2.0
filename extension expnum exptime mjd_obs airmass racenter deccenter rabore decbore band ebv zeropoint transparency seeing sky expfactor camera dx dy nmatched obstype object tileid tileebv affine_x0 affine_y0 affine_dx affine_dxx affine_dxy affine_dy affine_dyx affine_dyy checksum efftime
/home/declsp/obsbot/rawdata/DECam_01481867.fits.fz N4 1481867 800.0 61182.2004926 1.2 220.50075808320506 -2.730103833434324 220.50827916666668 -2.655 M490 0.057396557 24.963018 1.0208628 1.1821015 21.771568 1.1817607 decam 29.402138 83.40344 202 object IBIS_wide_M490_440520 440520 0.065527 924.0 1948.0 -0.30754364 1.0001261 0.0014465204 0.25296822 -0.0013877369 1.0000473 17756623611 676.956
/home/declsp/obsbot/rawdata/DECam_01481868.fits.fz N4 1481868 800.0 61182.21149943 1.22 228.24076433496396 1.4128961309319845 228.2482791666667 1.488 M490 0.048312753 24.97432 1.0352945 1.0889031 21.78928 0.9665223 decam -11.025546 -9.176765 254 object IBIS_wide_M490_440577 440577 0.047062 924.0 1948.0 -0.24203528 1.000039 0.0015501087 0.29583174 -0.001802346 0.9999986 17607087304 827.70984
/home/declsp/obsbot/rawdata/DECam_01481869.fits.fz N4 1481869 800.0 61182.22126015 1.24 229.2537610610383 1.1028961335980525 229.26127499999998 1.178 M490 0.045040764 24.962894 1.0281806 1.0767465 21.726715 1.0224649 decam -19.96088 -16.013584 273 object IBIS_wide_M490_437508 437508 0.049131 924.0 1948.0 -0.502049 1.0002928 0.0015790985 0.027946673 -0.0016010639 1.0001105 17825284057 782.423
/home/declsp/obsbot/rawdata/DECam_01481870.fits.fz N4 1481870 800.0 61182.2311756 1.22 237.83075692220763 2.197896124177272 237.838275 2.273 M490 0.11839361 24.946924 1.0094993 1.0815122 21.676409 1.1126884 decam -18.362385 -22.321283 313 object IBIS_wide_M490_437663 437663 0.11273 924.0 1948.0 -0.42269874 1.0001117 0.0019124323 0.15607828 -0.0018875026 1.0000519 18231356934 718.9794
/home/declsp/obsbot/rawdata/DECam_01481872.fits.fz N4 1481872 0.0 61182.24507404 0.0 0.0 0.0 238.86703333333332 2.08925 solid 0.0 0.0 0.0 0.0 0.0 0.0 decam 0.0 0.0 -1 zero "" 0 0.0 0.0 0.0 0.0 0.0 0.0 0.0 0.0 0.0 "" 0.0
/home/declsp/obsbot/rawdata/DECam_01481873.fits.fz N4 1481873 763.2256 61182.24579287 1.22 241.30175916488028 1.6948961285061084 241.309275 1.77 M490 0.12140863 24.94684 1.0094198 1.0406965 21.666412 1.0401605 decam -27.902174 -31.145325 356 object IBIS_wide_M490_437332 437332 0.11052 924.0 1948.0 0.03171406 1.0001994 0.0019796165 -0.0023309742 -0.0016301167 0.9999581 17885073126 733.7575
/home/declsp/obsbot/rawdata/DECam_01481874.fits.fz N4 1481874 646.5563 61182.25494992 1.24 243.7157503896708 2.6258961204916162 243.72327083333332 2.701 M490 0.07643386 24.965914 1.0310442 1.0048779 21.673204 0.93062836 decam -30.244965 -31.479954 429 object IBIS_wide_M490_440328 440328 0.074811 924.0 1948.0 -0.49050373 1.0001987 0.0018913788 0.2173686 -0.00177746 1.0000054 19118173767 694.7524
/home/declsp/obsbot/rawdata/DECam_01481875.fits.fz N4 1481875 608.5865 61182.26283286 1.23 247.97175884891212 2.6048961206725103 247.97927916666666 2.6799999999999997 M490 0.064437136 24.971975 1.0349367 1.0039791 21.667505 0.92348826 decam -41.524376 -25.803095 573 object IBIS_wide_M490_440344 440344 0.065823 924.0 1948.0 -0.20733358 1.0002021 0.0021016682 0.026160024 -0.0018569472 1.0000811 17416243101 659.00836
/home/declsp/obsbot/rawdata/DECam_01481876.fits.fz N4 1481876 620.7065 61182.27018408 1.25 247.70476128847503 2.1578961245216117 247.71227916666663 2.233 M490 0.06219287 24.962387 1.0295672 0.93867046 21.541903 0.9227314 decam -34.475956 -29.78511 547 object IBIS_wide_M490_437358 437358 0.064989 924.0 1948.0 -0.23657887 1.0000076 0.0018627378 0.0108446395 -0.002093531 1.000039 17878899775 672.68384
/home/declsp/obsbot/rawdata/DECam_01481877.fits.fz N4 1481877 609.8865 61182.27768105 1.24 249.3837601358328 1.4228961308459716 249.391275 1.498 M490 0.061758135 24.951124 1.0170956 0.96770877 21.649857 0.90634423 decam -35.22958 -25.663328 694 object IBIS_wide_M490_440337 440337 0.070035 924.0 1948.0 -0.25005898 1.0001624 0.0020749788 -0.022422634 -0.001973795 1.0001476 17714263774 672.9082
/home/declsp/obsbot/rawdata/DECam_01481878.fits.fz N4 1481878 496.5272 61182.28661361 1.27 308.71756346950514 -13.04410374281417 308.725275 -12.969 M490 0.043898277 24.965282 1.0360698 0.9935493 21.526558 1.0425961 decam -47.39091 -64.978874 643 object IBIS_wide_M490_451992 451992 0.044381 924.0 1948.0 -0.12395405 1.00007 0.0018587033 0.05064549 -0.0021434003 1.0001993 17432713412 476.24118
/home/declsp/obsbot/rawdata/DECam_01481879.fits.fz N4 1481879 602.7965 61182.29268158 1.26 308.41661801097877 -10.987103761299537 308.42427083333337 -10.912 M490 0.046157315 24.96852 1.0372784 1.0076876 21.55642 1.0371103 decam -35.48456 -73.31732 747 object IBIS_wide_M490_449106 449106 0.052344 924.0 1948.0 -0.10094697 1.0003424 0.0018863338 0.112280965 -0.0018579714 1.0001912 17772287693 581.227
/home/declsp/obsbot/rawdata/DECam_01481880.fits.fz N4 1481880 517.1571 61182.29997254 1.23 308.687629592556 -10.697103763883838 308.69527500000004 -10.622 M490 0.042118605 24.973345 1.036244 1.0913593 21.57015 1.190137 decam -28.05087 -73.39163 672 object IBIS_wide_M490_452092 452092 0.051805 924.0 1948.0 0.0015087266 1.0003153 0.0019046823 0.31462526 -0.0020971668 1.0001888 17334821505 434.53577
/home/declsp/obsbot/rawdata/DECam_01481881.fits.fz N4 1481881 800.0 61182.30626428 1.21 309.3036205256487 -11.209103759317781 309.3112791666666 -11.134 M490 0.06552995 24.976885 1.0358622 0.99197674 21.545877 0.9993875 decam -24.022818 -79.47888 680 object IBIS_wide_M490_452006 452006 0.051616 924.0 1948.0 -0.12379097 1.0001357 0.001880101 0.21572055 -0.0019794584 1.0001439 18391346670 800.4903
/home/declsp/obsbot/rawdata/DECam_01481882.fits.fz N4 1481882 304.8983 61182.31584832 1.18 308.4006583826013 -9.66810377301481 308.40827916666666 -9.593 M490 0.06148324 24.974209 1.0277021 1.0510999 21.563852 1.1087894 decam -21.621819 -79.84521 680 object IBIS_wide_M490_449111 449111 0.064569 924.0 1948.0 0.21158771 1.0002272 0.0019349025 0.09099592 -0.0018129168 1.000205 16519733513 274.98303
/home/declsp/obsbot/rawdata/DECam_01481883.fits.fz N4 1481883 800.0 61182.32010987 1.16 312.61151342417554 -14.553103729059375 312.619275 -14.478 M490 0.055253826 24.981325 1.0307134 1.0462236 21.549986 1.0981792 decam -15.923937 -80.957146 520 object IBIS_wide_M490_448986 448986 0.05603 924.0 1948.0 0.08244289 1.0002443 0.0018741277 0.19645499 -0.001812517 1.0001477 18443673534 728.4785
/home/declsp/obsbot/rawdata/DECam_01481884.fits.fz N4 1481884 143.8192 61182.33162521 1.13 310.43360788984387 -11.524103756500587 310.441275 -11.449 M490 0.04209957 24.991343 1.0346209 0.9968512 21.57873 0.9533968 decam 2.3924508 -12.553064 571 object IBIS_wide_M490_449021 449021 0.049516 924.0 1948.0 -0.09548562 1.0001222 0.0018888818 0.29979426 -0.0018279195 1.000154 15921617404 150.84926
/home/declsp/obsbot/rawdata/DECam_01481885.fits.fz N4 1481885 791.9854 61182.33362096 1.13 312.82155300543724 -13.37510373981211 312.829275 -13.3 M490 0.051789977 24.9939 1.0370613 0.95818317 21.596357 0.8627857 decam 2.868269 -2.3114393 615 object IBIS_wide_M490_451977 451977 0.054315 924.0 1948.0 -0.13510396 1.0003049 0.0017544283 0.074502625 -0.0018552511 1.0001618 18165142175 917.9399
/home/declsp/obsbot/rawdata/DECam_01481886.fits.fz N4 1481886 784.5555 61182.34312002 1.12 315.7355115510015 -14.368103730755404 315.74326666666667 -14.293 M490 0.04381825 24.99733 1.0384562 0.9524983 21.571114 0.8671664 decam 5.751837 -4.547204 455 object IBIS_wide_M490_451968 451968 0.046009 924.0 1948.0 0.1197849 1.0001634 0.0017350602 0.17167656 -0.0018130247 1.0001545 18442048657 904.7346
/home/declsp/obsbot/rawdata/DECam_01481887.fits.fz N4 1481887 800.0 61182.35252505 1.11 317.0295097495928 -14.539103729187822 317.03727083333337 -14.464 M490 0.063237764 24.994707 1.0340723 0.987076 21.585768 0.9230579 decam 16.375185 -2.5067642 408 object IBIS_wide_M490_450895 450895 0.066551 924.0 1948.0 -0.3020934 1.000124 0.0016446346 0.29742807 -0.0017162034 1.0002037 18191168257 866.6845
/home/declsp/obsbot/rawdata/DECam_01481888.fits.fz N4 1481888 20.1998 61182.36213639 1.09 317.77150465578165 -14.800103726790498 317.779275 -14.725 M490 0.08471394 24.992212 1.0279619 0.94287485 21.568851 0.85961777 decam 11.190282 -4.9836397 180 object IBIS_wide_M490_453902 453902 0.075235 924.0 1948.0 -0.10580117 1.0001869 0.0015704633 0.14702207 -0.0014112548 1.0000632 15443681530 23.498585
/home/declsp/obsbot/rawdata/DECam_01481889.fits.fz N4 1481889 800.0 61182.36267278 1.09 319.3624939516513 -14.866103726183368 319.3702666666667 -14.791 M490 0.051530305 24.989517 1.0254129 1.0091455 21.573093 0.98539215 decam 5.559813 -2.5885136 368 object IBIS_wide_M490_453897 453897 0.065985 924.0 1948.0 -0.009825391 1.000073 0.001627143 0.2224066 -0.0017341822 1.0001816 18254511381 811.8595
/home/declsp/obsbot/rawdata/DECam_01481891.fits.fz N4 1481891 454.6274 61182.37662249 1.09 322.2965113429198 -14.374103730700444 322.30426666666665 -14.299 M490 0.075330116 24.983002 1.0192776 0.9273703 21.568447 0.8462056 decam 5.0337734 -7.411556 277 object IBIS_wide_M490_450883 450883 0.073556 924.0 1948.0 0.19820134 1.0001531 0.0015104532 0.14480887 -0.0015687591 1.0001428 16994740490 537.2541
/home/declsp/obsbot/rawdata/DECam_01481892.fits.fz N4 1481892 477.1772 61182.38219791 1.08 323.1165355786564 -13.782103736109399 323.12427083333336 -13.707 M490 0.0619752 24.991474 1.0254009 0.9687266 21.590551 0.8905257 decam -2.1307209 -3.2334151 292 object IBIS_wide_M490_450884 450884 0.063824 924.0 1948.0 -0.20521988 1.0002607 0.0015610058 0.06897313 -0.0016021394 1.0001771 17165983651 535.83765
/home/declsp/obsbot/rawdata/DECam_01481893.fits.fz N4 1481893 513.947 61182.38805258 1.08 325.38051877333737 -14.158103732677237 325.38826666666665 -14.083 M490 0.059396427 24.999342 1.0328583 1.058196 21.490643 1.1477773 decam -4.071243 -2.2918286 252 object IBIS_wide_M490_457823 457823 0.049604 924.0 1948.0 -0.23752843 1.0000572 0.0014183078 0.10125435 -0.0013641976 1.0001839 17512797689 447.7759
/home/declsp/obsbot/rawdata/DECam_01481894.fits.fz N4 1481894 547.5468 61182.39431659 1.07 325.3995304139531 -13.937103734695901 325.40727083333337 -13.862 M490 0.05289264 24.989344 1.0215353 1.1220628 21.539137 1.2567612 decam -5.5380697 -4.8542695 249 object IBIS_wide_M490_454838 454838 0.048642 924.0 1948.0 0.18099642 1.0001584 0.0014792574 0.088835046 -0.001183661 1.0000783 17587762907 435.68088
/home/declsp/obsbot/rawdata/DECam_01481895.fits.fz N4 1481895 560.6668 61182.40097203 1.07 327.48751530140856 -14.380103730645482 327.49527083333334 -14.305 M490 0.05354376 24.993769 1.0257069 1.095953 21.584604 1.1405586 decam -9.255653 -5.844269 276 object IBIS_wide_M490_454833 454833 0.051313 924.0 1948.0 -0.2155655 1.0001248 0.0012419511 0.1005909 -0.0014537713 1.0001857 17329177656 491.5721
/home/declsp/obsbot/rawdata/DECam_01481896.fits.fz N4 1481896 683.566 61182.40778858 1.07 329.95349732543826 -14.888103725980914 329.96127083333334 -14.813 M490 0.04255127 24.9952 1.02706 1.0015172 21.565239 0.96745366 decam -10.758909 -7.1947684 244 object IBIS_wide_M490_457738 457738 0.041881 924.0 1948.0 -0.16631092 1.0002122 0.0011720232 -0.021033116 -0.0012794395 1.0002242 17874570015 706.562
/home/declsp/obsbot/rawdata/DECam_01481897.fits.fz N4 1481897 150.0 61182.42220177 1.46 315.4650868715416 16.05095989026732 315.47290416666664 16.12606388888889 M490 0.07998781 24.936329 1.0441898 1.0806501 21.588236 1.2286507 decam -11.347486 57.12797 799 object "NGC7006 position 5" 0 0.0 924.0 1948.0 -0.12732749 1.0004108 0.0017464395 0.1569537 -0.0016448364 1.000108 15968376556 122.085144
/home/declsp/obsbot/rawdata/DECam_01481898.fits.fz N4 1481898 150.0 61182.42427362 1.46 315.3310421819947 16.232940999683066 315.33886666666666 16.308045 M490 0.079725385 24.93845 1.0462321 1.0231266 21.454275 1.241401 decam -7.3235645 49.22203 1059 object "NGC7006 position 6" 0 0.0 924.0 1948.0 -0.77252793 1.0006238 0.0016910915 0.2638562 -0.001860733 1.0000966 16004187881 120.83122
/home/declsp/obsbot/rawdata/DECam_01481899.fits.fz N4 1481899 150.0 61182.42633298 1.46 315.30010583217717 15.992399890812212 315.30792083333336 16.06750388888889 M490 0.08961982 24.933643 1.0416108 1.06421 21.229904 1.6657988 decam -10.902074 48.62243 800 object "NGC7006 position 7" 0 0.0 924.0 1948.0 -0.42844158 1.0003781 0.0016903514 0.08151144 -0.0017160967 1.0001867 16185904750 90.04689
/home/declsp/obsbot/rawdata/DECam_01481900.fits.fz N4 1481900 150.0 61182.42838701 1.47 315.50607834098565 16.161696000347163 315.5139 16.2368 M490 0.07539712 24.934246 1.0440807 1.0801845 20.933048 2.2531867 decam -9.607797 44.926716 928 object "NGC7006 position 8" 0 0.0 924.0 1948.0 0.39413196 1.0001041 0.001447067 0.1861932 -0.0015291409 0.9999669 16351154534 66.57238
/home/declsp/obsbot/rawdata/DECam_01481901.fits.fz N4 1481901 150.0 61182.43045781 1.47 315.2174613222614 16.170592111375385 315.2252833333333 16.245696111111112 M490 0.086903095 24.931356 1.0413059 1.0902644 20.525564 3.358557 decam -8.479925 44.054268 915 object "NGC7006 position 9" 0 0.0 924.0 1948.0 -0.5867591 1.0004797 0.0016028655 -0.107279405 -0.0015045989 1.0000259 16779379596 44.662037
/home/declsp/obsbot/rawdata/DECam_01481902.fits.fz N4 1481902 150.0 61182.43253717 1.47 315.436036027755 15.966054891057244 315.44385 16.041158888888887 M490 0.086467795 24.93262 1.0425181 1.1136013 20.04705 5.431323 decam -5.477007 37.3861 658 object "NGC7006 position 10" 0 0.0 924.0 1948.0 -0.062968165 1.0004479 0.0016813638 0.04579025 -0.001639516 1.0001116 17564597305 27.61758
/home/declsp/obsbot/rawdata/DECam_01481903.fits.fz N4 1481903 5.0 61182.43590238 1.06 302.72841500890684 -30.2114535701363 302.73710833333337 -30.13635 M490 0.13380514 24.992731 1.0228698 1.1277994 19.78355 6.3562045 decam -35.50114 30.664822 159 object "LTT7987 N4" 0 0.0 924.0 1948.0 -0.5188517 1.0001849 0.002359822 0.1587901 -0.0024782952 1.0002161 15470986558 0.78663296
/home/declsp/obsbot/rawdata/DECam_01481904.fits.fz N4 1481904 5.0 61182.43627478 1.07 302.36934834224013 -30.2114535701363 302.37804166666666 -30.13635 M490 0.14321716 24.992699 1.024697 0.8861695 19.672981 4.3506303 decam -28.665009 41.93641 191 object "LTT7987 N5" 0 0.0 924.0 1948.0 -0.26958647 1.0005176 0.0023111512 0.25305197 -0.002343776 1.0000535 15475991043 1.1492587
/home/declsp/obsbot/rawdata/DECam_01481905.fits.fz N4 1481905 5.0 61182.43664782 1.06 303.08778793322506 -30.375753568241944 303.09649583333334 -30.30065 M490 0.110923365 24.994469 1.0245091 0.88132 19.58297 4.6600304 decam -15.678232 27.590385 198 object "LTT7987 S3" 0 0.0 924.0 1948.0 -0.26736557 1.0000962 0.0022791314 0.20267077 -0.0025908505 1.0001197 15483586982 1.0729544
/home/declsp/obsbot/rawdata/DECam_01481906.fits.fz N4 1481906 5.0 61182.43700393 1.07 302.7284004332251 -30.375753568241944 302.73710833333337 -30.30065 M490 0.15053326 24.993397 1.0253562 0.99618644 19.486874 6.513205 decam -20.414486 30.488577 174 object "LTT7987 S4" 0 0.0 924.0 1948.0 -0.5126871 1.0002143 0.002378731 0.19646682 -0.0020098623 1.0001055 15492988087 0.7676712
/home/declsp/obsbot/rawdata/DECam_01481907.fits.fz N4 1481907 5.0 61182.43736067 1.07 302.3690337665584 -30.375753568241944 302.3777416666667 -30.30065 M490 0.141642 24.991297 1.0233748 0.99594265 19.377275 7.229395 decam -13.185137 39.654472 182 object "LTT7987 S5" 0 0.0 924.0 1948.0 -0.8068308 1.0002285 0.002319061 -0.2884103 -0.002512082 1.000315 15508225575 0.6916208
/home/declsp/obsbot/rawdata/DECam_01481908.fits.fz N4 1481908 15.0 61182.44010683 1.05 343.1625585441163 -20.582409783078678 343.1705833333333 -20.50730611111111 M490 0.034743898 25.008545 1.0359963 0.9863516 18.551933 14.691163 decam -19.870682 -14.0455885 46 object "LTT9239 N4" 0 0.0 924.0 1948.0 0.24797942 1.0004073 0.00077168667 0.08847719 -0.0008866294 1.0001487 16191474778 1.021022
/home/declsp/obsbot/rawdata/DECam_01481909.fits.fz N4 1481909 15.0 61182.44060252 1.05 342.8308210441164 -20.582409783078678 342.8388458333334 -20.50730611111111 M490 0.033281427 25.006708 1.0342449 0.95798683 18.423784 15.649794 decam -2.628839 -7.339847 49 object "LTT9239 N5" 0 0.0 924.0 1948.0 -0.3261573 1.0002949 0.00083759293 -0.053884584 -0.0008735355 1.0000186 16294893198 0.9584791
/home/declsp/obsbot/rawdata/DECam_01481910.fits.fz N4 1481910 15.0 61182.44108523 1.05 343.4943080679536 -20.74907561477552 343.50234166666667 -20.673971944444446 M490 0.030958695 25.026573 1.0533413 0.9074508 18.283016 15.416548 decam 2.480556 3.6692317 52 object "LTT9239 S3" 0 0.0 924.0 1948.0 -0.7252941 1.0002325 0.0009782594 0.07797762 -0.0009150425 0.9999392 16418505562 0.9729805
/home/declsp/obsbot/rawdata/DECam_01481911.fits.fz N4 1481911 15.0 61182.44157265 1.04 343.16254973462026 -20.74907561477552 343.1705833333333 -20.673971944444446 M490 0.030681815 25.009436 1.0349655 0.89824694 18.154194 17.55493 decam 8.691473 -11.869051 47 object "LTT9239 S4" 0 0.0 924.0 1948.0 -0.13149877 1.0003505 0.000691565 0.103493296 -0.0009200526 1.0000619 16546230656 0.85446084
/home/declsp/obsbot/rawdata/DECam_01481912.fits.fz N4 1481912 15.0 61182.44203831 1.04 342.83081223462034 -20.74907561477552 342.8388458333334 -20.673971944444446 M490 0.034396928 25.011274 1.0367199 0.92444664 18.029654 20.779787 decam 7.4182634 -8.457904 40 object "LTT9239 S5" 0 0.0 924.0 1948.0 -0.115174375 1.0003811 0.0007137398 0.12312726 -0.0007413183 0.9999814 16687573490 0.72185534
