logs/db-2025-03-02.ecsv
# %ECSV 1.0
# ---
# datatype:
# - {name: filename, datatype: string}
# - {name: extension, datatype: string}
# - {name: expnum, datatype: int64}
# - {name: exptime, datatype: float32}
# - {name: mjd_obs, datatype: float64}
# - {name: airmass, datatype: float32}
# - {name: racenter, datatype: float64}
# - {name: deccenter, datatype: float64}
# - {name: rabore, datatype: float64}
# - {name: decbore, datatype: float64}
# - {name: band, datatype: string}
# - {name: ebv, datatype: float32}
# - {name: zeropoint, datatype: float32}
# - {name: transparency, datatype: float32}
# - {name: seeing, datatype: float32}
# - {name: sky, datatype: float32}
# - {name: expfactor, datatype: float32}
# - {name: camera, datatype: string}
# - {name: dx, datatype: float32}
# - {name: dy, datatype: float32}
# - {name: nmatched, datatype: int64}
# - {name: obstype, datatype: string}
# - {name: object, datatype: string}
# - {name: tileid, datatype: int64}
# - {name: tileebv, datatype: float32}
# - {name: affine_x0, datatype: float32}
# - {name: affine_y0, datatype: float32}
# - {name: affine_dx, datatype: float32}
# - {name: affine_dxx, datatype: float32}
# - {name: affine_dxy, datatype: float32}
# - {name: affine_dy, datatype: float32}
# - {name: affine_dyx, datatype: float32}
# - {name: affine_dyy, datatype: float32}
# - {name: checksum, datatype: string}
# - {name: efftime, datatype: float32}
# schema: astropy-2.0
filename extension expnum exptime mjd_obs airmass racenter deccenter rabore decbore band ebv zeropoint transparency seeing sky expfactor camera dx dy nmatched obstype object tileid tileebv affine_x0 affine_y0 affine_dx affine_dxx affine_dxy affine_dy affine_dyx affine_dyy checksum efftime
rawdata/DECam_01370227.fits.fz N4 1370227 5.0 60736.99977865 1.0 87.98952472839872 -29.5237146891091 87.99815833333334 -29.448611111111113 r 0.029729715 26.84434 1.0245568 3.2714362 16.910353 291.97104 decam -2.9722662 7.403343 56 object pointing 0 0.0 924.0 1948.0 1.1232108 0.9999681 -0.0030474162 -0.47179323 0.0029101972 0.9999049 22054771953 0.017124986
rawdata/DECam_01370228.fits.fz N4 1370228 30.0 60737.00094675 1.0 87.98952472839872 -29.5237146891091 87.99815833333334 -29.448611111111113 r 0.029729715 26.855 1.0346643 2.053666 17.307308 78.30144 decam -1.7304441 18.368225 129 object pointing 0 0.0 924.0 1948.0 1.0029831 1.0001942 -0.003025634 -0.4657122 0.0030024326 1.0000321 43191814305 0.38313472
rawdata/DECam_01370229.fits.fz N4 1370229 10.0 60737.00303721 1.0 87.98952472839872 -29.5237146891091 87.99815833333334 -29.448611111111113 r 0.029729715 26.855602 1.0352405 1.272718 17.910873 17.245642 decam -15.871643 30.093336 153 object focus 0 0.0 924.0 1948.0 0.6334784 1.0000877 -0.0030067386 -0.24582864 0.002888596 1.0000284 20734071210 0.57985663
rawdata/DECam_01370230.fits.fz N4 1370230 10.0 60737.00349864 1.0 87.98952472839872 -29.5237146891091 87.99815833333334 -29.448611111111113 r 0.029729715 26.851963 1.0317751 1.2705731 18.049976 15.222564 decam -23.313555 41.844 161 object focus 0 0.0 924.0 1948.0 0.8246294 1.0001118 -0.0030472307 -0.31459785 0.002970612 1.0000604 20098400422 0.65691954
rawdata/DECam_01370231.fits.fz N4 1370231 10.0 60737.00397778 1.0 87.98952472839872 -29.5237146891091 87.99815833333334 -29.448611111111113 r 0.029729715 26.848473 1.0284643 1.0956426 18.18003 10.111814 decam -36.603176 52.441185 170 object focus 0 0.0 924.0 1948.0 0.99687004 1.000067 -0.0030421698 -0.30130103 0.0029599743 0.9999984 19581312590 0.98894227
rawdata/DECam_01370232.fits.fz N4 1370232 3.0 60737.00573776 1.0 89.0930033306711 -27.849770541142576 89.1015 -27.774666944444444 g 0.038579706 26.665243 1.0521978 1.2489337 19.32045 13.870146 decam -22.65499 43.014137 110 object "LTT2415 N4 g" 0 0.0 924.0 1948.0 0.48710394 1.000268 -0.002880198 -0.18073602 0.002967156 0.9998658 15765513051 0.21629189
rawdata/DECam_01370233.fits.fz N4 1370233 15.0 60737.00610837 1.0 89.0930033306711 -27.849770541142576 89.1015 -27.774666944444444 M517 0.038579706 25.030378 1.0003481 1.2373269 19.57947 9.442192 decam -15.899199 34.865414 129 object "LTT2415 N4 M517" 0 0.0 924.0 1948.0 0.26814103 1.0002315 -0.0030107314 -0.09327514 0.0028731022 1.0000712 15729016972 1.5886141
rawdata/DECam_01370234.fits.fz N4 1370234 15.0 60737.00661032 1.0 89.0930033306711 -27.849770541142576 89.1015 -27.774666944444444 M490 0.038579706 25.012247 1.0301456 1.1249614 19.557423 7.5136795 decam -17.653675 42.54177 128 object "LTT2415 N4 M490" 0 0.0 924.0 1948.0 0.42088306 1.0001844 -0.0029168858 -0.07574313 0.0029242132 0.9999056 15725975922 1.9963588
rawdata/DECam_01370235.fits.fz N4 1370235 15.0 60737.00714675 1.0 89.0930033306711 -27.849770541142576 89.1015 -27.774666944444444 M411 0.038579706 24.486015 0.9844782 1.090572 19.772635 6.3422227 decam -28.227098 55.965973 82 object "LTT2415 N4 M411" 0 0.0 924.0 1948.0 0.76818395 1.0003473 -0.003049099 -0.3606868 0.0029084603 1.0000671 15570330478 2.3651016
rawdata/DECam_01370236.fits.fz N4 1370236 3.0 60737.00779047 1.0 89.0930033306711 -27.849770541142576 89.1015 -27.774666944444444 g 0.038579706 26.66636 1.0532805 1.1480439 19.838915 7.2571917 decam -19.670856 51.317078 122 object "LTT2415 N4 g" 0 0.0 924.0 1948.0 0.4206213 1.0001915 -0.00290437 -0.22490178 0.0029322833 0.99999076 15625755493 0.41338304
rawdata/DECam_01370237.fits.fz N4 1370237 150.0 60737.00963576 1.25 136.96453759435042 -37.21315959401179 136.97397083333334 -37.13805611111111 M411 0.32769462 0.0 0.0 0.0 20.300394 0.0 decam 0.0 0.0 0 object "Pyxis M411" 0 0.0 0.0 0.0 0.0 0.0 0.0 0.0 0.0 0.0 16482834870 0.0
rawdata/DECam_01370238.fits.fz N4 1370238 150.0 60737.01177428 1.24 136.9978458367654 -37.37982542508124 137.0073 -37.304721944444445 M411 0.3276871 0.0 0.0 0.0 20.704573 0.0 decam 0.0 0.0 0 object "Pyxis M411" 0 0.0 0.0 0.0 0.0 0.0 0.0 0.0 0.0 0.0 16489099908 0.0
rawdata/DECam_01370239.fits.fz N4 1370239 150.0 60737.01388001 1.22 136.68119905229673 -37.22149237167661 136.69063333333332 -37.146388888888886 M411 0.3887554 0.0 0.0 0.0 21.204243 0.0 decam 0.0 0.0 0 object "Pyxis M411" 0 0.0 0.0 0.0 0.0 0.0 0.0 0.0 0.0 0.0 15924417069 0.0
rawdata/DECam_01370240.fits.fz N4 1370240 150.0 60737.01598067 1.21 136.66451561923702 -37.38815959163442 136.67397083333333 -37.31305611111111 M411 0.4292886 0.0 0.0 0.0 21.493832 0.0 decam 0.0 0.0 0 object "Pyxis M411" 0 0.0 0.0 0.0 0.0 0.0 0.0 0.0 0.0 0.0 15914651192 0.0
rawdata/DECam_01370241.fits.fz N4 1370241 150.0 60737.01811396 1.21 137.29236467737718 -37.196492372015406 137.30179583333333 -37.12138888888889 M411 0.30323255 0.0 0.0 0.0 21.735214 0.0 decam 0.0 0.0 0 object "Pyxis M411" 0 0.0 0.0 0.0 0.0 0.0 0.0 0.0 0.0 0.0 15725565945 0.0
rawdata/DECam_01370242.fits.fz N4 1370242 60.0 60737.02104332 1.31 131.19273402004453 -4.977047702918204 131.20027499999998 -4.901943888888889 g 0.020822695 26.63045 1.0696952 1.2909586 21.497986 1.914016 decam 14.742532 31.44002 229 object wide 0 0.0 924.0 1948.0 0.24612883 1.000003 -0.0021355401 -0.18993136 0.0017562511 1.0000437 16503595170 31.3477
rawdata/DECam_01370243.fits.fz N4 1370243 500.0 60737.02281873 1.31 131.200731211368 -4.857103815067992 131.20827083333333 -4.782 M490 0.020717757 24.979982 1.057842 1.2465007 21.68892 1.3740925 decam 7.6731114 31.860638 244 object IBIS_wide_M490_419219 419219 0.02141 924.0 1948.0 0.074597396 0.99995124 -0.002163836 -0.40105566 0.0021470655 1.0000364 17214846408 363.87656
rawdata/DECam_01370244.fits.fz N4 1370244 362.5177 60737.02897676 1.28 131.92972260667548 -5.57310380886186 131.93727083333334 -5.498 M490 0.020258792 24.98043 1.0525348 1.2068549 21.766375 1.1985221 decam 1.8480351 27.871206 262 object IBIS_wide_M490_419217 419217 0.021336 924.0 1948.0 0.027706528 0.9999774 -0.002180283 -0.20297672 0.0019258937 1.0001132 16578545066 302.4706
rawdata/DECam_01370245.fits.fz N4 1370245 407.7274 60737.03507727 1.26 129.45174942764137 -2.7811038329949094 129.45927083333333 -2.706 M490 0.026889345 24.995142 1.0630292 1.2826765 21.79175 1.2869593 decam 7.8062763 28.343391 250 object IBIS_wide_M490_422235 422235 0.028071 924.0 1948.0 -0.015082519 1.0003089 -0.0020970486 -0.25612518 0.0020937573 0.99992216 16769656770 316.8145
rawdata/DECam_01370246.fits.fz N4 1370246 376.4377 60737.04066664 1.24 133.62271835213537 -6.1931038034756645 133.630275 -6.118 M490 0.026998632 24.982258 1.046683 1.2419817 21.809273 1.215918 decam 1.9875308 38.555794 269 object IBIS_wide_M490_422195 422195 0.024552 924.0 1948.0 0.08976964 1.0000623 -0.0019449125 -0.27487034 0.0020369787 0.9999905 16468859763 309.59137
rawdata/DECam_01370247.fits.fz N4 1370247 343.2679 60737.04568639 1.22 131.914736240172 -4.384103819160507 131.92227083333333 -4.309 M490 0.021244759 24.994219 1.0544432 1.1691678 21.814568 1.0491357 decam 6.3754563 28.746975 219 object IBIS_wide_M490_419220 419220 0.020502 924.0 1948.0 -0.06760452 1.0002183 -0.0020748163 -0.25698233 0.0021013208 0.9999897 16447074852 327.19113
rawdata/DECam_01370248.fits.fz N4 1370248 291.5882 60737.05039428 1.22 133.63972770426616 -5.16110381243471 133.64727083333335 -5.086 M490 0.01787916 24.995869 1.056047 1.0927942 21.824677 0.9055379 decam 0.7485534 34.88804 228 object IBIS_wide_M490_422198 422198 0.019197 924.0 1948.0 -0.086373314 1.000119 -0.0021411227 -0.4425878 0.002190833 1.0001323 16221108315 322.00552
rawdata/DECam_01370249.fits.fz N4 1370249 60.0 60737.05488718 1.51 148.9927657032995 0.8948961353865773 149.00027916666667 0.9700000000000001 g 0.024026351 26.584755 1.058234 1.226822 21.583792 1.7710322 decam -4.26326 72.90651 114 object cosmos 0 0.0 924.0 1948.0 0.03749654 1.0001909 -0.0011944144 -0.1537964 0.00097486464 0.99981517 16328128740 33.878548
rawdata/DECam_01370250.fits.fz N4 1370250 500.0 60737.0570524 1.49 148.99476153663284 0.8948961353865774 149.002275 0.9700000000000001 M411 0.024002247 24.402195 1.059122 1.4029135 22.031946 1.5274383 decam 11.119474 0.98923016 76 object IBIS_deep_cosmos_M411_66 0 0.0 924.0 1948.0 -0.21471615 0.9997982 -0.0012492659 -0.12675215 0.00076406694 1.0000241 16119069817 327.34546
rawdata/DECam_01370251.fits.fz N4 1370251 500.0 60737.06322248 1.45 148.8117609292994 1.1538961331594837 148.81927499999998 1.229 M411 0.024043811 24.39522 1.0395077 1.2657133 22.004765 1.2916726 decam 12.237272 -13.131676 59 object IBIS_deep_cosmos_M411_65 0 0.0 924.0 1948.0 0.092437156 1.0003815 -0.001846089 0.004475647 0.0011439028 1.0002877 16192464012 387.095
rawdata/DECam_01370252.fits.fz N4 1370252 500.0 60737.06938545 1.41 149.49177049701117 0.502896138756745 149.49928333333332 0.578 M411 0.024992874 24.416857 1.0475014 1.1917889 21.993156 1.1125022 decam 4.7153516 -20.787655 90 object IBIS_deep_cosmos_M411_68 0 0.0 924.0 1948.0 -0.113660395 1.0002774 -0.0017852068 -0.16295423 0.0017401404 0.99997795 16131825472 449.43732
rawdata/DECam_01370254.fits.fz N4 1370254 500.0 60737.08001209 1.36 149.53076996370925 0.8478961357906856 149.53828333333334 0.923 M411 0.02632164 24.424688 1.0390277 1.185274 21.988657 1.0891371 decam 14.2132015 -27.259409 78 object IBIS_deep_cosmos_M411_83 0 0.0 924.0 1948.0 0.71326303 0.9999616 -0.0015035291 -0.39025533 0.0018655931 1.0001533 16175986705 459.07904
rawdata/DECam_01370255.fits.fz N4 1370255 500.0 60737.08616825 1.33 149.0937605102805 1.302896131878082 149.101275 1.3780000000000001 M411 0.022536667 24.44942 1.0532327 1.0758649 21.987877 0.85832596 decam 20.34857 -28.411568 89 object IBIS_deep_cosmos_M411_81 0 0.0 924.0 1948.0 0.040345024 1.0001371 -0.001610453 -0.21303034 0.0014557595 1.0000151 16208614138 582.5293
rawdata/DECam_01370256.fits.fz N4 1370256 374.0 60737.09232003 1.3 149.2847695273662 1.0488961340624035 149.29228333333333 1.124 M411 0.022629706 24.434755 1.0295844 1.155325 21.980412 1.0236198 decam 22.875992 -28.418531 79 object IBIS_deep_cosmos_M411_82 0 0.0 924.0 1948.0 0.21862724 1.0002714 -0.0017322832 -0.10374863 0.0013527571 1.0004053 15977021320 365.37006
rawdata/DECam_01370257.fits.fz N4 1370257 296.0 60737.09702102 1.28 149.2847695273662 1.0488961340624035 149.29228333333333 1.124 M411 0.022629706 24.457602 1.0450498 1.1400437 21.965755 0.9686785 decam 17.222466 -23.587217 74 object IBIS_deep_cosmos_M411_82 0 0.0 924.0 1948.0 0.1650747 1.0001806 -0.0016063158 -0.26286295 0.0017597143 1.000247 15860549822 305.57095
rawdata/DECam_01370258.fits.fz N4 1370258 352.0 60737.10083813 1.27 149.0937605102805 1.302896131878082 149.101275 1.3780000000000001 M411 0.022536667 24.451973 1.0364616 1.2847309 21.96122 1.2476732 decam 20.556557 -22.70989 72 object IBIS_deep_cosmos_M411_81 0 0.0 924.0 1948.0 0.18029211 1.0001247 -0.0015490237 -0.20397538 0.0015286689 1.0000385 15981042053 282.12515
rawdata/DECam_01370259.fits.fz N4 1370259 331.0 60737.10530272 1.26 148.97276787124588 1.5958961293578202 148.98028333333335 1.6709999999999998 M411 0.019848049 24.431273 1.0137744 1.3521136 21.95342 1.4458317 decam 23.0954 -30.283743 75 object IBIS_deep_cosmos_M411_80 0 0.0 924.0 1948.0 0.3905041 1.000177 -0.0015211551 -0.18362498 0.0015391848 0.9998621 15904155622 228.93399
rawdata/DECam_01370260.fits.fz N4 1370260 435.0 60737.10952755 1.25 149.97576132943973 0.9908961345611326 149.983275 1.066 M411 0.023141902 24.44908 1.0273817 1.1484327 21.965397 0.9988441 decam 10.261896 -26.36903 81 object IBIS_deep_cosmos_M411_9 0 0.0 924.0 1948.0 0.19296582 1.0003006 -0.001369441 -0.031656325 0.0016378275 1.0002021 16068344899 435.5034
rawdata/DECam_01370261.fits.fz N4 1370261 500.0 60737.11492445 1.24 148.62275752901002 2.0738961252446657 148.630275 2.149 M411 0.035091773 24.470007 1.0441688 1.0381603 21.947863 0.7984947 decam 10.239908 -24.470638 99 object IBIS_deep_cosmos_M411_62 0 0.0 924.0 1948.0 0.722499 0.99973994 -0.0016527136 0.08759881 0.0013492897 1.0001069 16166588915 626.1782
rawdata/DECam_01370262.fits.fz N4 1370262 343.0 60737.12109907 1.22 148.93076661066914 1.9098961266561243 148.93828333333332 1.9849999999999999 M411 0.020946138 24.4533 1.0219375 1.081923 21.922735 0.9151059 decam 15.2040825 -24.398516 74 object IBIS_deep_cosmos_M411_79 0 0.0 924.0 1948.0 -0.5778061 1.0003853 -0.0016833184 0.102245025 0.0010223916 1.0001173 15957518117 374.82
rawdata/DECam_01370263.fits.fz N4 1370263 280.0 60737.12546729 1.22 148.97675679049644 2.2238961239534416 148.984275 2.299 M411 0.023137018 24.465178 1.0331768 1.064075 21.931393 0.85919344 decam 7.690409 -29.134373 54 object IBIS_deep_cosmos_M411_78 0 0.0 924.0 1948.0 0.3843858 1.0000637 -0.001521707 0.13251637 0.0011937912 0.99981064 15846950653 325.88702
rawdata/DECam_01370264.fits.fz N4 1370264 347.0 60737.12906223 1.21 151.3047612882414 1.0088961344063565 151.312275 1.084 M411 0.031784024 24.470001 1.0345994 1.1855257 21.933167 1.0549043 decam 5.1619453 -26.88947 77 object IBIS_deep_cosmos_M411_89 0 0.0 924.0 1948.0 0.4700817 1.0001655 -0.0016603031 -0.20498893 0.0010966071 1.0002372 15935470591 328.9398
rawdata/DECam_01370265.fits.fz N4 1370265 368.0 60737.13345299 1.21 148.69376428457568 2.3828961225844565 148.70128333333335 2.458 M411 0.047247324 24.481054 1.045187 1.1183854 21.919035 0.93213564 decam 16.689182 -31.506193 75 object IBIS_deep_cosmos_M411_61 0 0.0 924.0 1948.0 -0.024815924 0.99988514 -0.0016134852 -0.18651155 0.001594861 1.0000123 15970401270 394.79233
rawdata/DECam_01370266.fits.fz N4 1370266 379.0 60737.13807054 1.2 149.10875522764505 2.5118961214735394 149.116275 2.5869999999999997 M411 0.02387245 24.470535 1.03194 1.0453885 21.914341 0.8341998 decam 16.594866 -24.660648 76 object IBIS_deep_cosmos_M411_77 0 0.0 924.0 1948.0 -0.37734005 1.0002823 -0.0015483596 -0.15133275 0.0012402447 0.9999471 15992715596 454.3276
rawdata/DECam_01370267.fits.fz N4 1370267 314.0 60737.14282564 1.2 150.59276570912942 2.1058961249692265 150.60028333333335 2.181 M411 0.016685674 24.481041 1.0419723 1.0698025 21.900248 0.8679817 decam 11.568717 -31.337715 76 object IBIS_deep_cosmos_M411_70 0 0.0 924.0 1948.0 0.7830388 0.9999836 -0.0015246678 -0.3099423 0.0012962066 1.0000414 15899142846 361.7588
rawdata/DECam_01370268.fits.fz N4 1370268 314.0 60737.14684062 1.2 148.83275429536044 2.6688961201211954 148.840275 2.7439999999999998 M411 0.02940631 24.488241 1.0489064 0.9998014 21.890354 0.7552057 decam 26.115679 -28.369558 77 object IBIS_deep_cosmos_M411_60 0 0.0 924.0 1948.0 0.20488991 1.0001484 -0.0019828982 0.017247286 0.0016662766 1.0001137 15919204250 415.78076
rawdata/DECam_01370269.fits.fz N4 1370269 385.0 60737.1508857 1.19 151.56275721533152 2.138896124685166 151.570275 2.214 M411 0.050979055 24.46891 1.0272399 1.1168864 21.894993 0.97196174 decam 11.279877 -17.33655 80 object IBIS_deep_cosmos_M411_16 0 0.0 924.0 1948.0 0.29935092 0.99984854 -0.0016222346 -0.071498774 0.0015351152 0.99984866 16033792936 396.1061
rawdata/DECam_01370270.fits.fz N4 1370270 260.0 60737.15569094 1.19 150.61775575869905 2.4178961222830657 150.625275 2.493 M411 0.018931631 24.454311 1.0135201 1.2568839 21.90226 1.2554814 decam 16.33677 -19.779287 57 object IBIS_deep_cosmos_M411_71 0 0.0 924.0 1948.0 -0.006454451 1.0000838 -0.0016803521 -0.0741599 0.0016179343 0.99985486 15827160692 207.09189
rawdata/DECam_01370271.fits.fz N4 1370271 340.0 60737.1590752 1.19 149.32175381110176 2.746896119449203 149.329275 2.822 M411 0.019228239 24.45779 1.016773 1.277744 21.900848 1.2908225 decam 18.605019 -0.48952246 69 object IBIS_deep_cosmos_M411_76 0 0.0 924.0 1948.0 -0.009558826 1.0000256 -0.0015191324 -0.25605986 0.0012308096 0.99991083 15970010477 263.39795
