logs/db-2025-12-18.ecsv
# %ECSV 1.0
# ---
# datatype:
# - {name: filename, datatype: string}
# - {name: extension, datatype: string}
# - {name: expnum, datatype: int64}
# - {name: exptime, datatype: float32}
# - {name: mjd_obs, datatype: float64}
# - {name: airmass, datatype: float32}
# - {name: racenter, datatype: float64}
# - {name: deccenter, datatype: float64}
# - {name: rabore, datatype: float64}
# - {name: decbore, datatype: float64}
# - {name: band, datatype: string}
# - {name: ebv, datatype: float32}
# - {name: zeropoint, datatype: float32}
# - {name: transparency, datatype: float32}
# - {name: seeing, datatype: float32}
# - {name: sky, datatype: float32}
# - {name: expfactor, datatype: float32}
# - {name: camera, datatype: string}
# - {name: dx, datatype: float32}
# - {name: dy, datatype: float32}
# - {name: nmatched, datatype: int64}
# - {name: obstype, datatype: string}
# - {name: object, datatype: string}
# - {name: tileid, datatype: int64}
# - {name: tileebv, datatype: float32}
# - {name: affine_x0, datatype: float32}
# - {name: affine_y0, datatype: float32}
# - {name: affine_dx, datatype: float32}
# - {name: affine_dxx, datatype: float32}
# - {name: affine_dxy, datatype: float32}
# - {name: affine_dy, datatype: float32}
# - {name: affine_dyx, datatype: float32}
# - {name: affine_dyy, datatype: float32}
# - {name: checksum, datatype: string}
# - {name: efftime, datatype: float32}
# schema: astropy-2.0
filename extension expnum exptime mjd_obs airmass racenter deccenter rabore decbore band ebv zeropoint transparency seeing sky expfactor camera dx dy nmatched obstype object tileid tileebv affine_x0 affine_y0 affine_dx affine_dxx affine_dxy affine_dy affine_dyx affine_dyy checksum efftime
rawdata/DECam_01442402.fits.fz N4 1442402 5.0 61028.02461964 1.0 27.322301136119613 -31.147880503697408 27.331079166666665 -31.072776944444445 r 0.01763494 26.875278 1.0541713 1.0764207 17.594854 15.176333 decam -69.68736 -72.8462 43 object pointing 0 0.0 924.0 1948.0 -0.07280385 0.9999785 -0.0016238196 0.11733732 0.0013921815 0.9999606 18898797960 0.32946035
rawdata/DECam_01442403.fits.fz N4 1442403 30.0 61028.02605576 1.0 27.322301136119613 -31.147880503697408 27.331079166666665 -31.072776944444445 r 0.01763494 26.882551 1.0612568 0.8491461 18.047173 6.1516533 decam 16.6997 10.727291 72 object pointing 0 0.0 924.0 1948.0 0.03688025 0.99996674 -0.001541912 0.004049673 0.0012783547 0.99995816 29351841791 4.8767376
rawdata/DECam_01442404.fits.fz N4 1442404 15.0 61028.02967313 1.32 343.16323338400645 -20.585453671937714 343.1712583333333 -20.51035 M517 0.03460902 25.029129 1.0517771 0.9650166 18.459356 20.070757 decam -0.08764265 69.489174 48 object "LTT9239 N4 M517" 0 0.0 924.0 1948.0 -0.18861717 1.0001343 0.000472904 -0.012301727 -0.0005273188 1.0002935 16281209188 0.747356
rawdata/DECam_01442405.fits.fz N4 1442405 15.0 61028.03015029 1.32 343.16323338400645 -20.585453671937714 343.1712583333333 -20.51035 M438 0.03460902 24.74682 1.0415317 0.8417224 18.382212 18.561668 decam 8.742841 67.19953 34 object "LTT9239 N4 M438" 0 0.0 924.0 1948.0 -0.093270585 1.0002078 0.0005852324 0.095928565 -0.0007294148 1.0001469 16147504179 0.80811703
rawdata/DECam_01442406.fits.fz N4 1442406 15.0 61028.0306143 1.33 343.16323338400645 -20.585453671937714 343.1712583333333 -20.51035 M490 0.03460902 25.00382 1.0852555 0.8373632 18.452293 14.777075 decam 10.650895 72.40036 46 object "LTT9239 N4 M490" 0 0.0 924.0 1948.0 0.17423595 1.0000229 0.00051652023 0.04330698 -0.00061076164 1.0001191 16248328415 1.0150859
rawdata/DECam_01442407.fits.fz N4 1442407 15.0 61028.03108963 1.33 343.16323338400645 -20.585453671937714 343.1712583333333 -20.51035 M464 0.03460902 24.910162 1.024945 0.84947944 18.534672 16.305202 decam 3.6617513 81.676414 43 object "LTT9239 M464" 0 0.0 924.0 1948.0 -0.20445791 1.0000055 0.0004731123 -0.014655957 -0.00056817563 1.0001438 16169700496 0.9199518
rawdata/DECam_01442408.fits.fz N4 1442408 3.0 61028.03155372 1.33 343.16323338400645 -20.585453671937714 343.1712583333333 -20.51035 g 0.03460902 26.641226 1.0837523 0.9799988 18.669645 15.893391 decam 5.2165422 76.16513 43 object "LTT9239 g" 0 0.0 924.0 1948.0 0.1618603 1.0000368 0.0005613313 0.023217736 -0.00075123017 1.0000986 16012217540 0.1887577
rawdata/DECam_01442409.fits.fz N4 1442409 15.0 61028.03206395 1.26 349.88815735313506 -17.083381761113934 349.89601666666664 -17.008278055555557 M517 0.02964856 25.033728 1.0461326 0.86712 19.143042 8.304675 decam 3.5871885 96.523315 48 object "LTT9491 N4 M517" 0 0.0 924.0 1948.0 -0.1251995 0.9999831 0.00015113251 -0.39462695 -0.00059883704 0.9998088 15848069941 1.8062116
rawdata/DECam_01442410.fits.fz N4 1442410 15.0 61028.03253228 1.26 349.88815735313506 -17.083381761113934 349.89601666666664 -17.008278055555557 M438 0.02964856 24.796066 1.0735399 0.8547258 19.062244 8.999022 decam -6.453962 93.03614 31 object "LTT9491 N4 M438" 0 0.0 924.0 1948.0 -0.07395046 0.999268 0.00031051465 -0.38162526 0.00021743252 0.99970996 15778637676 1.6668478
rawdata/DECam_01442411.fits.fz N4 1442411 15.0 61028.03299743 1.26 349.88815735313506 -17.083381761113934 349.89601666666664 -17.008278055555557 M490 0.02964856 25.023346 1.091004 0.8395237 19.133959 7.397746 decam -2.4895225 94.74684 42 object "LTT9491 N4 M490" 0 0.0 924.0 1948.0 -0.15268071 0.9995247 0.0002041421 -0.2856986 9.553431e-06 0.9998189 15828470532 2.0276446
rawdata/DECam_01442412.fits.fz N4 1442412 15.0 61028.03347831 1.26 349.88815735313506 -17.083381761113934 349.89601666666664 -17.008278055555557 M464 0.02964856 24.935978 1.0346258 0.85044765 19.210312 8.072451 decam 2.3862116 82.190636 39 object "LTT9491 N4 N464" 0 0.0 924.0 1948.0 -0.11629985 1.0000323 0.00013818392 -0.51644987 -0.0007056373 0.99983823 15786656342 1.8581718
rawdata/DECam_01442413.fits.fz N4 1442413 3.0 61028.03397169 1.27 349.88815735313506 -17.083381761113934 349.89601666666664 -17.008278055555557 g 0.02964856 26.643658 1.0760264 0.9318626 19.349234 7.431114 decam -11.241415 76.6754 39 object "LTT9491 N4 g" 0 0.0 924.0 1948.0 -0.0021878744 1.0003203 0.00028366453 -0.47017786 -0.0008968573 0.99972016 15701290045 0.40370798
rawdata/DECam_01442414.fits.fz N4 1442414 150.0 61028.03432166 1.33 346.8926771018406 -15.766254828976145 346.90048333333334 -15.691151111111111 M490 0.034932733 25.008438 1.0898815 0.90718627 19.461142 6.8019333 decam -6.6190586 75.39748 103 object "NGC7492 position 10" 0 0.0 924.0 1948.0 0.06599242 0.9999317 0.00017691255 -0.061119672 0.00012209629 1.0001839 18859710466 22.052553
rawdata/DECam_01442415.fits.fz N4 1442415 150.0 61028.03815408 1.36 346.8741804726038 -15.458604831827234 346.88197499999995 -15.38350111111111 M490 0.03484899 24.993927 1.0812819 0.90106523 20.141684 3.6805968 decam -8.290999 -1.6858253 125 object "NGC7492 position 11" 0 0.0 924.0 1948.0 -0.1937394 1.00006 0.00033173373 -0.1679954 0.00026558025 0.99996495 17236013588 40.75426
rawdata/DECam_01442416.fits.fz N4 1442416 150.0 61028.04021762 1.37 346.6628043118407 -15.708683718399213 346.67060833333335 -15.63358 M490 0.035406247 24.98878 1.0781214 0.85830534 20.44042 2.570817 decam 1.9365462 2.769355 102 object "NGC7492 position 12" 0 0.0 924.0 1948.0 -0.10068275 1.0002086 0.00018917894 -0.010547163 -0.00021350752 1.0001194 16801450410 58.34721
rawdata/DECam_01442417.fits.fz N4 1442417 150.0 61028.04230085 1.38 347.00819785806453 -15.659532607743925 347.01599999999996 -15.584428888888889 M490 0.036330115 25.093248 1.1891688 0.8596972 20.700365 1.6850326 decam -12.950443 4.130114 707 object "NGC7492 position 13" 0 0.0 924.0 1948.0 -0.33627123 0.9997164 0.00021316916 -0.42283696 0.0002815503 0.9999731 16480502307 89.01905
rawdata/DECam_01442418.fits.fz N4 1442418 150.0 61028.04437733 1.4 346.7077386077179 -15.463872609556267 346.7155333333334 -15.388768888888888 M490 0.033741787 24.988638 1.0838655 0.86032045 20.881702 1.7016025 decam 1.2493703 -1.4665428 115 object "NGC7492 position 14" 0 0.0 924.0 1948.0 -0.016168887 1.0000162 0.0002665166 -0.034171496 -2.8946033e-05 1.0000548 16307145716 88.1522
rawdata/DECam_01442419.fits.fz N4 1442419 150.0 61028.04644374 1.41 346.7952376808197 -15.816105661846688 346.80304583333333 -15.741001944444445 M490 0.034991205 24.992035 1.0892369 0.95076287 21.024992 1.8239673 decam 1.9205315 3.06177 124 object "NGC7492 position 15" 0 0.0 924.0 1948.0 -0.0059877797 0.9999395 0.00026566954 -0.018689567 1.0522792e-05 1.0001069 16188342107 82.23831
rawdata/DECam_01442420.fits.fz N4 1442420 150.0 61028.04853657 1.43 346.98354601343743 -15.488497609328359 346.99134166666664 -15.413393888888889 M490 0.035948075 24.97399 1.0751765 1.0369979 21.115726 2.0756977 decam 9.080152 -10.096834 143 object "NGC7492 position 16" 0 0.0 924.0 1948.0 -0.23782293 0.9999339 0.0004019427 -0.15038624 -7.0839396e-06 1.0002137 16128569643 72.26486
rawdata/DECam_01442421.fits.fz N4 1442421 35.0 61028.05158014 1.07 22.47253451356303 -13.93910373467765 22.480275 -13.864 M464 0.019557927 24.956263 1.0137923 0.83810705 21.728846 0.6908624 decam 3.0987437 9.313839 58 object "pointing test" 0 0.0 924.0 1948.0 0.0032529356 1.0004365 -0.001434212 -0.18610123 0.0009988666 1.0000747 15457657461 50.661316
rawdata/DECam_01442422.fits.fz N4 1442422 249.4784 61028.05319083 1.05 26.483529284412153 -14.094103733262228 26.491274999999998 -14.019 M464 0.014722542 24.95939 1.0125495 0.91121006 21.86043 0.69445777 decam 10.968979 13.536921 93 object IBIS_wide_M464_304033 304033 0.015038 924.0 1948.0 0.3655846 1.0000504 -0.0014553812 -0.15270539 0.0012383993 0.9999164 16107047495 359.242
rawdata/DECam_01442423.fits.fz N4 1442423 217.5386 61028.05642107 1.05 28.114534152233077 -13.825103735717455 28.122270833333335 -13.75 M464 0.014558769 24.958921 1.0121121 0.87062275 21.889528 0.6171936 decam 11.60986 0.8209401 87 object IBIS_wide_M464_301089 301089 0.015689 924.0 1948.0 1.1125473 0.999889 -0.0013788375 -0.16811681 0.0012307024 1.0000741 15893970727 352.46414
rawdata/DECam_01442424.fits.fz N4 1442424 204.3986 61028.059425 1.06 33.26259640399137 -11.78910375412568 33.270270833333335 -11.714 M464 0.022112425 24.975945 1.0302204 0.85437715 21.927773 0.5870106 decam 3.6441772 5.1204014 91 object IBIS_wide_M464_305982 305982 0.022556 924.0 1948.0 -0.19587038 0.9998699 -0.0016108091 -0.086052954 0.0014309065 0.9998835 15866834814 348.20258
rawdata/DECam_01442425.fits.fz N4 1442425 197.9987 61028.06210333 1.05 34.11256561487798 -12.975103743438964 34.120275 -12.9 M464 0.019793468 24.968208 1.0208058 0.813609 21.943148 0.523809 decam 12.891917 1.0703936 82 object IBIS_wide_M464_302968 302968 0.020911 924.0 1948.0 -0.24699566 1.0004371 -0.0015651917 -0.40190524 0.0013867175 0.9999804 15814843549 377.9979
rawdata/DECam_01442426.fits.fz N4 1442426 197.9387 61028.06472394 1.06 34.74057647598952 -12.339103749181843 34.748266666666666 -12.264 M464 0.02606793 24.989521 1.0431834 0.82348824 21.941273 0.5404957 decam 2.7098799 -2.5066216 89 object IBIS_wide_M464_305975 305975 0.022469 924.0 1948.0 1.0307114 1.0000318 -0.0016429947 -0.25840062 0.0013847697 0.99990135 15851364784 366.21698
rawdata/DECam_01442427.fits.fz N4 1442427 185.0689 61028.06732722 1.05 34.2965113429198 -14.374103730700444 34.30426666666667 -14.299 M464 0.022197738 24.970444 1.0229095 0.8080363 21.964228 0.5134148 decam 11.488739 4.10976 86 object IBIS_wide_M464_302947 302947 0.021988 924.0 1948.0 0.7688783 1.0003438 -0.0017977038 -0.16846162 0.0016081884 1.0000015 15796647395 360.4666
rawdata/DECam_01442428.fits.fz N4 1442428 182.6287 61028.06979281 1.05 35.11653557865637 -13.782103736109399 35.124270833333334 -13.707 M464 0.020375486 24.941616 0.996108 0.85122323 21.978155 0.58527994 decam 13.077485 8.340677 87 object IBIS_wide_M464_302948 302948 0.019722 924.0 1948.0 -0.12121847 1.0000505 -0.0017898644 0.075947404 0.0016244613 0.99995434 15786116716 312.03647
rawdata/DECam_01442429.fits.fz N4 1442429 200.3487 61028.07222378 1.06 36.061573821758884 -12.569103747108317 36.069270833333334 -12.494 M464 0.019476783 24.962887 1.0179036 0.81028444 21.938938 0.5255185 decam 8.992642 10.552137 81 object IBIS_wide_M464_311970 311970 0.019519 924.0 1948.0 -0.028519627 1.0001327 -0.0016916351 -0.35647675 0.0017909446 0.999962 15843447792 381.24005
rawdata/DECam_01442430.fits.fz N4 1442430 179.1688 61028.07484797 1.06 35.154570403089124 -12.544103747333875 35.16226666666667 -12.469 M464 0.023597306 24.960165 1.0153557 0.8035829 21.92872 0.5400776 decam 10.191372 2.651566 101 object IBIS_wide_M464_302969 302969 0.021629 924.0 1948.0 0.5790556 0.9995963 -0.0015562767 -0.11846758 0.0017817996 0.9999519 15789488284 331.74637
rawdata/DECam_01442431.fits.fz N4 1442431 800.0 61028.07725642 1.06 36.449589068620696 -12.193103750496194 36.457275 -12.118 M464 0.01967776 24.968384 1.0230703 0.8501546 21.775827 0.66623527 decam 5.9943933 17.243935 85 object IBIS_wide_M464_306912 306912 0.01982 924.0 1948.0 0.25237516 0.9997612 -0.0019092478 -0.05749047 0.001993855 1.000057 17586282022 1200.777
rawdata/DECam_01442432.fits.fz N4 1442432 247.6085 61028.08685573 1.06 36.65250967932728 -14.541103729169471 36.660270833333335 -14.466 M464 0.019253945 24.952972 1.0086516 0.91272146 21.937813 0.67815304 decam 4.202957 6.8897676 84 object IBIS_wide_M464_306901 306901 0.020388 924.0 1948.0 0.21050192 1.0000805 -0.0016979368 -0.2639578 0.0019497435 0.999709 16129349240 365.12186
rawdata/DECam_01442433.fits.fz N4 1442433 289.2982 61028.09003716 1.07 37.045554059121635 -13.211103741300553 37.053270833333336 -13.136 M464 0.021268407 24.952982 1.010733 0.8722253 21.925028 0.63590604 decam -3.5795298 14.362878 98 object IBIS_wide_M464_309894 309894 0.019111 924.0 1948.0 0.4072911 1.0000526 -0.001906399 0.14634913 0.0018222616 0.99987775 16056107988 454.93857
rawdata/DECam_01442434.fits.fz N4 1442434 243.0986 61028.09372907 1.08 37.05159263508068 -11.923103752923044 37.059270833333336 -11.848 M464 0.020639779 24.961864 1.0211326 0.83073264 21.902206 0.5771314 decam 5.9851336 16.30168 117 object IBIS_wide_M464_309898 309898 0.021151 924.0 1948.0 0.3475638 0.99978155 -0.0017626978 -0.29297563 0.0019515367 1.000126 16067927325 421.2188
rawdata/DECam_01442435.fits.fz N4 1442435 240.6285 61028.09686409 1.08 38.805600428299336 -11.492103756787062 38.813266666666664 -11.417 M464 0.021372061 24.937048 0.9980571 0.9133681 21.91599 0.7244087 decam 4.618975 18.553423 89 object IBIS_wide_M464_306949 306949 0.024085 924.0 1948.0 0.42875695 1.0002364 -0.0017863106 -0.23050635 0.0018777631 0.99992394 15948205577 332.1723
rawdata/DECam_01442436.fits.fz N4 1442436 224.7587 61028.09998228 1.08 38.42158790196956 -11.943103752743442 38.42926666666666 -11.868 M464 0.022196006 24.930882 0.9924037 0.8321663 21.917355 0.61140037 decam 3.036962 24.210108 100 object IBIS_wide_M464_306911 306911 0.023267 924.0 1948.0 0.08715166 1.000225 -0.0017861952 -0.25538898 0.0014390901 1.0000358 15890242977 367.61295
rawdata/DECam_01442437.fits.fz N4 1442437 238.2186 61028.10291351 1.08 40.37260958428945 -11.307103758441986 40.380270833333334 -11.232 M464 0.033408422 24.961254 1.0205576 0.8548926 21.924004 0.65688825 decam -6.6776743 17.67281 109 object IBIS_wide_M464_306928 306928 0.030205 924.0 1948.0 0.10119755 0.99967825 -0.0019037117 0.00915332 0.0019911055 0.9999956 15942991367 362.64706
rawdata/DECam_01442438.fits.fz N4 1442438 221.9487 61028.10599239 1.08 41.59660584362693 -11.44610375719876 41.60427083333333 -11.371 M464 0.02973836 24.94568 1.0060239 0.8429664 21.930113 0.6367278 decam -5.046414 19.471006 90 object IBIS_wide_M464_306929 306929 0.027959 924.0 1948.0 -0.273934 0.99975145 -0.0020484137 -0.43494648 0.0018279426 0.9998888 15898193063 348.57706
rawdata/DECam_01442439.fits.fz N4 1442439 244.6886 61028.10890259 1.09 42.35462892494302 -10.887103762191241 42.36227916666667 -10.812 M464 0.030402545 24.95622 1.0179259 0.8482872 21.919044 0.64188546 decam -10.307209 11.322038 89 object IBIS_wide_M464_306930 306930 0.02922 924.0 1948.0 0.71567756 1.0001233 -0.0020332837 0.10025667 0.0020688924 0.9999725 15994170575 381.2029
rawdata/DECam_01442440.fits.fz N4 1442440 222.0286 61028.11204412 1.09 42.05461807799304 -11.301103758495627 42.06227916666667 -11.226 M464 0.031932402 24.95655 1.0182348 0.8057707 21.915794 0.5871426 decam -16.408327 9.73782 89 object IBIS_wide_M464_309915 309915 0.028897 924.0 1948.0 0.61709225 1.0001534 -0.0020570098 0.014782318 0.0021142617 1.0000242 15908502382 378.15106
rawdata/DECam_01442441.fits.fz N4 1442441 251.9084 61028.1149794 1.08 40.9015133890066 -14.5541037290502 40.909275 -14.479 M464 0.024991686 24.960205 1.0195723 0.85958683 21.913815 0.6324424 decam -25.462498 15.976939 68 object IBIS_wide_M464_306896 306896 0.026097 924.0 1948.0 0.39154932 1.000545 -0.0016892571 0.04480136 0.0013064266 0.9997646 15995974809 398.31042
rawdata/DECam_01442442.fits.fz N4 1442442 277.4485 61028.11823958 1.1 42.95060421107628 -11.658103755300258 42.958275 -11.583 M464 0.02889564 24.937098 1.0022101 0.84057 21.89969 0.6575217 decam -13.675014 10.799281 102 object IBIS_wide_M464_309909 309909 0.029521 924.0 1948.0 -0.015978495 1.0001134 -0.0020313598 -0.404707 0.001940091 0.9999803 16141915580 421.96094
rawdata/DECam_01442443.fits.fz N4 1442443 221.6888 61028.12176486 1.1 42.00158078942649 -12.33410374922688 42.00927083333334 -12.259 M464 0.025333755 24.948208 1.0125183 0.8047247 21.898905 0.57619184 decam -12.796344 15.829595 69 object IBIS_wide_M464_309906 309906 0.027688 924.0 1948.0 -0.018656516 1.0001786 -0.0018264675 -0.2238868 0.0019016953 0.9999736 15925251352 384.74823
