logs/db-2026-07-12.ecsv
# %ECSV 1.0
# ---
# datatype:
# - {name: filename, datatype: string}
# - {name: extension, datatype: string}
# - {name: expnum, datatype: int64}
# - {name: exptime, datatype: float32}
# - {name: mjd_obs, datatype: float64}
# - {name: airmass, datatype: float32}
# - {name: racenter, datatype: float64}
# - {name: deccenter, datatype: float64}
# - {name: rabore, datatype: float64}
# - {name: decbore, datatype: float64}
# - {name: band, datatype: string}
# - {name: ebv, datatype: float32}
# - {name: zeropoint, datatype: float32}
# - {name: transparency, datatype: float32}
# - {name: seeing, datatype: float32}
# - {name: sky, datatype: float32}
# - {name: expfactor, datatype: float32}
# - {name: camera, datatype: string}
# - {name: dx, datatype: float32}
# - {name: dy, datatype: float32}
# - {name: nmatched, datatype: int64}
# - {name: obstype, datatype: string}
# - {name: object, datatype: string}
# - {name: tileid, datatype: int64}
# - {name: tileebv, datatype: float32}
# - {name: affine_x0, datatype: float32}
# - {name: affine_y0, datatype: float32}
# - {name: affine_dx, datatype: float32}
# - {name: affine_dxx, datatype: float32}
# - {name: affine_dxy, datatype: float32}
# - {name: affine_dy, datatype: float32}
# - {name: affine_dyx, datatype: float32}
# - {name: affine_dyy, datatype: float32}
# - {name: checksum, datatype: string}
# - {name: efftime, datatype: float32}
# schema: astropy-2.0
filename extension expnum exptime mjd_obs airmass racenter deccenter rabore decbore band ebv zeropoint transparency seeing sky expfactor camera dx dy nmatched obstype object tileid tileebv affine_x0 affine_y0 affine_dx affine_dxx affine_dxy affine_dy affine_dyx affine_dyy checksum efftime
/home/declsp/obsbot/rawdata/DECam_01497955.fits.fz N4 1497955 5.0 61233.94990811 1.0 203.13491474320875 -29.640380521116402 203.14355833333332 -29.565276944444445 r 0.054530874 26.681528 0.88188386 1.8275948 17.379997 70.91644 decam -5.9301825 -16.196455 113 object pointing 0 0.0 924.0 1948.0 -0.37268522 1.0001744 0.0011639964 0.0218393 -0.0011195799 0.99987704 19690133501 0.07050551
/home/declsp/obsbot/rawdata/DECam_01497956.fits.fz N4 1497956 30.0 61233.95128151 1.0 203.13491474320875 -29.640380521116402 203.14355833333332 -29.565276944444445 r 0.054530874 26.539412 0.7736862 1.4119945 17.54036 47.47022 decam 6.6311054 -19.278477 212 object pointing 0 0.0 924.0 1948.0 -0.040874552 1.0001777 0.0011222293 0.1551889 -0.0011581003 0.99987096 37699349493 0.6319752
/home/declsp/obsbot/rawdata/DECam_01497962.fits.fz N4 1497962 35.0 61233.97010921 1.02 203.79173642987467 -2.129103838609901 203.79925416666666 -2.054 M517 0.04913221 28.401133 22.379227 6.4262366 21.39899 0.09570168 decam -485.0648 -460.4585 9 object "pointing test" 0 0.0 924.0 1948.0 0.28422397 1.0020102 -0.0012665197 -1.580124 0.0018939545 1.0034169 15514970827 365.71982
/home/declsp/obsbot/rawdata/DECam_01497963.fits.fz N4 1497963 35.0 61233.9725671 1.14 203.79176559654135 -2.129103838609901 203.79928333333334 -2.054 M517 0.04913359 24.831787 0.8520383 1.4459081 21.437572 3.3560288 decam 13.353018 45.079914 85 object "pointing test" 0 0.0 924.0 1948.0 -0.17908603 1.0000659 0.0007401841 0.08999548 -0.0008788697 0.9999174 15510420335 10.428993
/home/declsp/obsbot/rawdata/DECam_01497964.fits.fz N4 1497964 800.0 61233.97486938 1.14 206.6717668426773 -1.8561038409594688 206.67928333333333 -1.7810000000000001 M517 0.042527787 24.388882 0.56662637 1.3712451 21.388748 7.139822 decam 17.01539 -21.124731 147 object IBIS_wide_M517_531304 531304 0.044541 924.0 1948.0 -0.08940036 0.9999508 0.00096571015 0.30096808 -0.0009894916 1.0000128 18773226162 112.04761
/home/declsp/obsbot/rawdata/DECam_01497965.fits.fz N4 1497965 800.0 61233.98447529 1.14 208.11676262910726 -1.8671038408648122 208.12427916666667 -1.792 M517 0.051117446 24.658772 0.72652847 1.4997997 21.473366 4.8047395 decam 3.9655123 -9.470515 158 object IBIS_wide_M517_531305 531305 0.047865 924.0 1948.0 -0.025890477 1.0002797 0.00073613535 0.044795614 -0.0011976985 1.0000334 18522151519 166.50226
/home/declsp/obsbot/rawdata/DECam_01497966.fits.fz N4 1497966 800.0 61233.99408088 1.15 209.84075959533942 -1.580103843334119 209.848275 -1.505 M517 0.04752355 24.656502 0.7261736 1.4634198 21.504507 4.4640155 decam 16.230848 -10.130573 153 object IBIS_wide_M517_534286 534286 0.050481 924.0 1948.0 0.21034327 1.0000676 0.0010159652 0.07665527 -0.00076408 0.99996084 18421781796 179.21085
/home/declsp/obsbot/rawdata/DECam_01497967.fits.fz N4 1497967 800.0 61234.00366426 1.16 209.5877660542454 -2.0331038394362118 209.59528333333333 -1.958 M517 0.051336106 24.653824 0.7255475 1.3562059 21.505507 3.8500319 decam 11.984615 -3.2786598 174 object IBIS_wide_M517_531300 531300 0.054618 924.0 1948.0 0.018561855 0.99996066 0.00092755083 0.15503474 -0.0009727716 0.99982846 18467090910 207.79048
/home/declsp/obsbot/rawdata/DECam_01497968.fits.fz N4 1497968 800.0 61234.01343171 1.14 215.63075393530667 -2.7271038334601707 215.638275 -2.652 M517 0.061916303 24.772837 0.8070089 1.2138691 21.599121 2.2732577 decam 7.2366524 -6.1287947 209 object IBIS_wide_M517_531279 531279 0.058608 924.0 1948.0 -0.20699683 1.0000117 0.001200723 0.12726149 -0.0011239514 1.0000346 18181829748 351.91785
/home/declsp/obsbot/rawdata/DECam_01497969.fits.fz N4 1497969 800.0 61234.02305908 1.15 218.78876678721625 -1.8691038408476015 218.79628333333335 -1.794 M517 0.040728167 24.559586 0.6641618 1.2553034 21.57259 3.6895006 decam 5.654181 0.11681973 201 object IBIS_wide_M517_537558 537558 0.043315 924.0 1948.0 -0.11829447 1.0000414 0.0013609794 0.13732648 -0.0012522823 0.9999373 18277864400 216.83151
/home/declsp/obsbot/rawdata/DECam_01497970.fits.fz N4 1497970 800.0 61234.0326529 1.16 218.33776070363533 -2.27310383737024 218.34527916666667 -2.198 M517 0.049889393 24.632565 0.71147907 1.2042489 21.609262 2.8701816 decam 9.93785 0.53318757 198 object IBIS_wide_M517_539957 539957 0.049078 924.0 1948.0 -0.21390869 1.0000477 0.0014013491 0.058525138 -0.0011092228 0.9999621 18122946148 278.728
/home/declsp/obsbot/rawdata/DECam_01497971.fits.fz N4 1497971 800.0 61234.04225138 1.19 217.47976317759856 -1.7341038420092179 217.48727916666667 -1.659 M517 0.046907984 24.691074 0.7544907 1.1345243 21.617586 2.270192 decam 0.061248053 10.284313 205 object IBIS_wide_M517_536973 536973 0.045579 924.0 1948.0 -0.15481474 1.0005035 0.0011914817 0.113141574 -0.0011721661 0.9999133 18134999409 352.39313
/home/declsp/obsbot/rawdata/DECam_01497972.fits.fz N4 1497972 691.1252 61234.05210411 1.2 225.0067651664524 1.126896133391669 225.01427916666668 1.202 M517 0.047429916 24.699144 0.7613381 1.1254661 21.689096 2.060886 decam -3.0857236 25.593758 214 object IBIS_wide_M517_537555 537555 0.049675 924.0 1948.0 -0.39959726 1.0001969 0.001553236 0.27491283 -0.0014652509 0.99999756 17739832103 335.35345
/home/declsp/obsbot/rawdata/DECam_01497973.fits.fz N4 1497973 800.0 61234.06044875 1.21 226.90176061037474 1.2688961321704948 226.909275 1.344 M517 0.054673765 24.50088 0.63528347 1.084803 21.637354 2.8937795 decam -14.000425 14.905678 249 object IBIS_wide_M517_540578 540578 0.054169 924.0 1948.0 -0.11762962 0.99990594 0.0016602036 0.23213537 -0.0017236426 0.9998483 18415723705 276.45508
/home/declsp/obsbot/rawdata/DECam_01497974.fits.fz N4 1497974 800.0 61234.07005156 1.24 227.7637620226359 2.003896125847152 227.77127916666666 2.079 M517 0.04341045 24.28642 0.5239285 1.05408 21.587812 4.2457037 decam 0.77214664 6.8423543 249 object IBIS_wide_M517_540579 540579 0.045979 924.0 1948.0 -0.3818469 1.0002718 0.0017250205 0.16589579 -0.0014335226 0.9999271 18190424977 188.42577
/home/declsp/obsbot/rawdata/DECam_01497975.fits.fz N4 1497975 800.0 61234.08037741 1.24 232.94775655005265 2.9648961175705986 232.95527916666666 3.04 M517 0.04281499 24.346525 0.5537509 1.0474405 21.636885 3.5872326 decam -11.398291 10.553448 274 object IBIS_wide_M517_537522 537522 0.046888 924.0 1948.0 -0.029756336 1.0000855 0.001772092 0.314111 -0.0015494784 1.0000217 18091280169 223.01314
/home/declsp/obsbot/rawdata/DECam_01497976.fits.fz N4 1497976 800.0 61234.09003162 1.25 236.7347415856346 3.8168961102209122 236.74227083333332 3.892 M517 0.09300234 24.288542 0.5257953 1.1512687 21.613735 4.924139 decam -11.432996 0.41032872 305 object IBIS_wide_M517_540673 540673 0.094531 924.0 1948.0 0.34236094 1.0000483 0.0017607051 0.3425846 -0.0017880856 0.999999 18160366664 162.46495
/home/declsp/obsbot/rawdata/DECam_01497977.fits.fz N4 1497977 800.0 61234.09962837 1.24 237.83075692220763 2.197896124177272 237.838275 2.273 M517 0.11839361 24.594532 0.69585156 1.1348802 21.666973 2.5930686 decam -14.0601015 -3.4187925 309 object IBIS_wide_M517_537663 537663 0.11273 924.0 1948.0 -0.335199 1.0000337 0.0018044665 0.119699195 -0.0017925759 0.9999589 18286812147 308.51477
/home/declsp/obsbot/rawdata/DECam_01497978.fits.fz N4 1497978 726.7249 61234.1093861 1.25 243.27274846346683 3.493896113008777 243.28027500000002 3.569 M517 0.057133537 24.719666 0.7821074 1.1578203 21.809868 1.8788735 decam -27.05134 9.279361 446 object IBIS_wide_M517_537347 537347 0.065421 924.0 1948.0 -0.42441416 1.0002762 0.0019836174 0.21042402 -0.0019530709 0.99997735 17627964601 386.78757
/home/declsp/obsbot/rawdata/DECam_01497979.fits.fz N4 1497979 659.4953 61234.11811484 1.27 245.49974715622878 4.119896107603767 245.50727916666665 4.195 M517 0.062422704 24.86497 0.896973 1.3269149 21.877542 1.773356 decam -23.09093 7.6706867 478 object IBIS_wide_M517_537375 537375 0.061371 924.0 1948.0 -0.21500637 1.0001867 0.001988982 0.14978538 -0.0020661987 0.99996936 17730978917 371.8911
/home/declsp/obsbot/rawdata/DECam_01497980.fits.fz N4 1497980 554.9361 61234.12607921 1.26 247.41275068496614 3.2048961155015494 247.420275 3.2800000000000002 M517 0.06639931 24.910063 0.93351537 1.231212 21.896154 1.3815107 decam -19.98206 16.1486 577 object IBIS_wide_M517_540353 540353 0.066503 924.0 1948.0 -0.44108775 1.0000374 0.0020390998 0.36478278 -0.0019618499 0.9999497 16933493544 401.68787
/home/declsp/obsbot/rawdata/DECam_01497981.fits.fz N4 1497981 770.2448 61234.1328369 1.28 250.1367397282622 4.450896104742487 250.144275 4.526 M517 0.06975042 24.768124 0.8217458 1.2271278 21.802538 1.9429958 decam -18.703123 7.2211475 601 object IBIS_wide_M517_540349 540349 0.072786 924.0 1948.0 -0.22814031 1.0000707 0.0019996155 0.24343185 -0.0019280151 1.0000082 17803251880 396.42123
/home/declsp/obsbot/rawdata/DECam_01497982.fits.fz N4 1497982 800.0 61234.14208536 1.31 250.89873326025418 5.042896099618487 250.906275 5.118 M517 0.09109375 24.7135 0.78519213 1.2711973 21.796299 2.3187997 decam -18.901655 -1.9708037 628 object IBIS_wide_M517_540351 540351 0.088662 924.0 1948.0 -0.34749302 1.0001308 0.002131701 0.100614615 -0.0018269446 1.0000396 17846483289 345.00607
/home/declsp/obsbot/rawdata/DECam_01497983.fits.fz N4 1497983 800.0 61234.15322917 1.27 309.04166751891086 -9.061103778374576 309.04927499999997 -8.986 M517 0.06071035 24.77995 0.82941407 1.2996242 21.708694 2.3244867 decam -33.322075 -39.060772 681 object IBIS_wide_M517_549112 549112 0.05819 924.0 1948.0 -0.1618451 1.0001608 0.0018859103 0.21597773 -0.0020868361 1.000122 18246147206 344.162
/home/declsp/obsbot/rawdata/DECam_01497985.fits.fz N4 1497985 716.295 61234.16488564 1.23 312.07557635852703 -12.343103749145815 312.08326666666665 -12.268 M517 0.044740062 24.8038 0.8424192 1.26893 21.703547 2.1309626 decam -17.000723 -52.94653 583 object IBIS_wide_M517_551999 551999 0.048723 924.0 1948.0 -0.1317484 1.0002301 0.0019594547 0.11492834 -0.001992766 1.0001307 17972547400 336.1368
/home/declsp/obsbot/rawdata/DECam_01497986.fits.fz N4 1497986 721.5951 61234.17496573 1.19 312.0945935674864 -11.890103753219323 312.10227083333336 -11.815 M517 0.03776697 24.70457 0.7639282 1.1645017 21.70714 2.1480951 decam 8.724281 4.20375 588 object IBIS_wide_M517_549016 549016 0.050039 924.0 1948.0 -0.20101719 1.0001233 0.0018517192 0.14519814 -0.0018403167 1.000204 17748200147 335.92325
/home/declsp/obsbot/rawdata/DECam_01497987.fits.fz N4 1497987 800.0 61234.18364107 1.16 312.93157987841596 -12.365103748947627 312.9392708333333 -12.29 M517 0.06252227 24.604692 0.6934471 1.2191577 21.663626 2.9453053 decam 13.665887 3.1188993 514 object IBIS_wide_M517_548992 548992 0.056636 924.0 1948.0 -0.27086297 1.0001719 0.0019063053 0.10535153 -0.0019039686 1.0001258 18069810280 271.61868
/home/declsp/obsbot/rawdata/DECam_01497988.fits.fz N4 1497988 800.0 61234.19322115 1.14 313.5565711227911 -12.796103745058183 313.564275 -12.721 M517 0.058121655 24.676926 0.7387785 1.2411736 21.675407 2.6433299 decam 14.214509 3.443982 540 object IBIS_wide_M517_551978 551978 0.055951 924.0 1948.0 -0.51984525 1.0001287 0.0016572683 0.34588492 -0.0017561688 1.0000694 18035176462 302.64856
