logs/db-2025-03-26.ecsv
# %ECSV 1.0
# ---
# datatype:
# - {name: filename, datatype: string}
# - {name: extension, datatype: string}
# - {name: expnum, datatype: int64}
# - {name: exptime, datatype: float32}
# - {name: mjd_obs, datatype: float64}
# - {name: airmass, datatype: float32}
# - {name: racenter, datatype: float64}
# - {name: deccenter, datatype: float64}
# - {name: rabore, datatype: float64}
# - {name: decbore, datatype: float64}
# - {name: band, datatype: string}
# - {name: ebv, datatype: float32}
# - {name: zeropoint, datatype: float32}
# - {name: transparency, datatype: float32}
# - {name: seeing, datatype: float32}
# - {name: sky, datatype: float32}
# - {name: expfactor, datatype: float32}
# - {name: camera, datatype: string}
# - {name: dx, datatype: float32}
# - {name: dy, datatype: float32}
# - {name: nmatched, datatype: int64}
# - {name: obstype, datatype: string}
# - {name: object, datatype: string}
# - {name: tileid, datatype: int64}
# - {name: tileebv, datatype: float32}
# - {name: affine_x0, datatype: float32}
# - {name: affine_y0, datatype: float32}
# - {name: affine_dx, datatype: float32}
# - {name: affine_dxx, datatype: float32}
# - {name: affine_dxy, datatype: float32}
# - {name: affine_dy, datatype: float32}
# - {name: affine_dyx, datatype: float32}
# - {name: affine_dyy, datatype: float32}
# - {name: checksum, datatype: string}
# - {name: efftime, datatype: float32}
# schema: astropy-2.0
filename extension expnum exptime mjd_obs airmass racenter deccenter rabore decbore band ebv zeropoint transparency seeing sky expfactor camera dx dy nmatched obstype object tileid tileebv affine_x0 affine_y0 affine_dx affine_dxx affine_dxy affine_dy affine_dyx affine_dyy checksum efftime
rawdata/DECam_01374544.fits.fz N4 1374544 5.0 60760.97754062 1.0 104.67354556768392 -31.07288050457691 104.68231666666667 -30.997776944444446 r 0.13443528 22.525124 0.019180026 1.6118748 16.028864 692089.75 decam 8.384786 -7.2683506 17 object pointing 0 0.0 924.0 1948.0 -3.0386977 1.0000279 -0.0028962558 -1.1790272 0.002956244 0.9999438 30281263952 7.2244966e-06
rawdata/DECam_01374545.fits.fz N4 1374545 30.0 60760.97896588 1.0 104.67354556768392 -31.07288050457691 104.68231666666667 -30.997776944444446 r 0.13443528 25.537014 0.3073302 1.3461393 16.687128 1025.7552 decam 6.0002365 -10.913552 322 object pointing 0 0.0 924.0 1948.0 0.09975298 0.9998717 -0.0028603368 0.025401607 0.002642619 1.0000799 64519870769 0.029246744
rawdata/DECam_01374546.fits.fz N4 1374546 15.0 60760.98464463 1.04 89.0930033306711 -27.849770541142576 89.1015 -27.774666944444444 M438 0.038579706 24.101534 0.53577363 1.5645783 18.95833 133.1558 decam -0.17051116 22.884789 89 object "LTT2415 N4 M438" 0 0.0 924.0 1948.0 1.0204751 0.999995 -0.0029207356 -0.44953033 0.0029131942 0.9997587 15850471174 0.11264999
rawdata/DECam_01374547.fits.fz N4 1374547 15.0 60760.98515784 1.04 89.0930033306711 -27.849770541142576 89.1015 -27.774666944444444 M517 0.038579706 24.585188 0.6681278 1.4429039 19.43641 32.05935 decam 4.3743544 16.880272 129 object "LTT2415 N4 M438" 0 0.0 924.0 1948.0 0.81942 0.9997821 -0.0029957679 -0.48018432 0.0027521881 0.9999513 15763473807 0.46788222
rawdata/DECam_01374548.fits.fz N4 1374548 15.0 60760.98566801 1.05 89.0930033306711 -27.849770541142576 89.1015 -27.774666944444444 M490 0.038579706 24.235155 0.508162 1.2653531 19.225445 50.21784 decam 11.238871 18.886068 118 object "LTT2415 N4 M438" 0 0.0 924.0 1948.0 0.9628819 1.0000479 -0.0030505748 -0.53820235 0.0028101043 0.99986756 15820197350 0.29869863
rawdata/DECam_01374549.fits.fz N4 1374549 15.0 60760.9862082 1.05 89.0930033306711 -27.849770541142576 89.1015 -27.774666944444444 M464 0.038579706 24.113148 0.46442893 1.2081797 19.270878 78.679344 decam -3.3750503 32.496628 120 object "LTT2415 N4 M438" 0 0.0 924.0 1948.0 1.0493073 0.99977016 -0.0029042438 -0.7010649 0.002786456 0.9999312 15793297152 0.19064724
rawdata/DECam_01374550.fits.fz N4 1374550 3.0 60760.98670723 1.05 89.0930033306711 -27.849770541142576 89.1015 -27.774666944444444 g 0.038579706 26.105227 0.6331272 1.2104658 19.599155 28.28026 decam -8.349726 35.87502 129 object "LTT2415 N4 M438" 0 0.0 924.0 1948.0 0.5453173 0.9998162 -0.003032328 -0.28117013 0.002827175 0.9999498 15657788767 0.10608106
rawdata/DECam_01374551.fits.fz N4 1374551 60.0 60760.98927701 1.56 150.40475958885077 1.5818961294782576 150.412275 1.657 g 0.019262237 26.150253 0.71479523 1.9627479 20.073568 39.39045 decam -8.683122 73.09667 96 object IBIS_deep_cosmos_pointing 0 0.0 924.0 1948.0 0.2917792 1.0002295 -0.0014149449 0.10428089 0.0012462295 0.99984056 18992361456 1.5232118
rawdata/DECam_01374552.fits.fz N4 1374552 500.0 60760.99156196 1.52 148.48775406118847 2.706896119793825 148.495275 2.782 M438 0.04436313 23.980713 0.54084057 1.6656103 20.913372 23.712442 decam 0.9765146 62.42715 76 object IBIS_deep_cosmos_M438_45 0 0.0 924.0 1948.0 1.271887 1.0001564 -0.0015525429 -0.47741216 0.0012841241 1.0001603 17976335648 21.085976
rawdata/DECam_01374544.fits.fz S4 1374544 5.0 60760.97754062 1.0 104.67437897109232 -30.907993536092103 104.68231666666667 -30.997776944444446 r 0.13443528 0.0 0.0 0.0 16.048515 0.0 decam 215.8492 -331.8902 0 object pointing 0 0.0 924.0 1948.0 0.27007878 0.99918455 0.00037762398 -0.11173399 -0.002648892 1.0001441 31436872332 0.0
rawdata/DECam_01374545.fits.fz S4 1374545 30.0 60760.97896588 1.0 104.67437897109232 -30.907993536092103 104.68231666666667 -30.997776944444446 r 0.13443528 0.0 0.0 0.0 16.70236 0.0 decam 5.918184 -16.933174 0 object pointing 0 0.0 924.0 1948.0 0.38370168 1.0003085 -0.0029285657 -0.3875439 0.0031724775 0.99988043 65274203161 0.0
rawdata/DECam_01374546.fits.fz S4 1374546 15.0 60760.98464463 1.04 89.09380901821487 -27.68488356604556 89.1015 -27.774666944444444 M438 0.038579706 23.92113 0.45375344 1.5997745 19.001904 133.1558 decam 0.27358454 16.3191 58 object "LTT2415 N4 M438" 0 0.0 924.0 1948.0 0.41374776 0.99982345 -0.0031996497 -0.38240746 0.0026728834 1.0000815 17091272336 0.11264999
rawdata/DECam_01374547.fits.fz S4 1374547 15.0 60760.98515784 1.04 89.09380901821487 -27.68488356604556 89.1015 -27.774666944444444 M517 0.038579706 24.610226 0.68371403 1.4518778 19.43931 32.05935 decam 4.9370146 10.100529 99 object "LTT2415 N4 M438" 0 0.0 924.0 1948.0 0.3028266 0.9998931 -0.003132321 -0.4058825 0.0029503743 0.99999577 17023191222 0.46788222
rawdata/DECam_01374548.fits.fz S4 1374548 15.0 60760.98566801 1.05 89.09380901821487 -27.68488356604556 89.1015 -27.774666944444444 M490 0.038579706 24.266739 0.5231611 1.2702056 19.249144 50.21784 decam 11.764333 12.255828 91 object "LTT2415 N4 M438" 0 0.0 924.0 1948.0 0.10953637 0.9998963 -0.003044351 -0.6465669 0.0030219834 1.0000592 17073152788 0.29869863
rawdata/DECam_01374549.fits.fz S4 1374549 15.0 60760.9862082 1.05 89.09380901821487 -27.68488356604556 89.1015 -27.774666944444444 M464 0.038579706 23.938065 0.39526242 1.2200589 19.285662 78.679344 decam -2.3912108 25.665758 80 object "LTT2415 N4 M438" 0 0.0 924.0 1948.0 -0.017706484 1.0000393 -0.0031280937 -0.53629375 0.0030690162 1.0001148 17048037358 0.19064724
rawdata/DECam_01374550.fits.fz S4 1374550 3.0 60760.98670723 1.05 89.09380901821487 -27.68488356604556 89.1015 -27.774666944444444 g 0.038579706 26.200468 0.69117355 1.2342101 19.649418 23.55217 decam -7.8892817 29.23185 103 object "LTT2415 N4 M438" 0 0.0 924.0 1948.0 -0.035932843 0.9997469 -0.0030754784 -0.4944947 0.0029601932 1.0000007 16908823966 0.1273768
rawdata/DECam_01374551.fits.fz S4 1374551 60.0 60760.98927701 1.56 150.4054613444915 1.7467831536842362 150.412275 1.657 g 0.019262237 26.113 0.690685 1.9601885 20.108208 40.757298 decam -8.947029 70.819145 57 object IBIS_deep_cosmos_pointing 0 0.0 924.0 1948.0 0.011249785 1.0000379 -0.0011845027 -0.13182856 0.001231385 1.0001612 20122534282 1.472129
rawdata/DECam_01374552.fits.fz S4 1374552 500.0 60760.99156196 1.52 148.4884559470766 2.8717831457234935 148.495275 2.782 M438 0.04436313 23.920258 0.5115491 1.6782696 20.981024 23.712442 decam 1.2134191 59.70867 49 object IBIS_deep_cosmos_M438_45 0 0.0 924.0 1948.0 0.63520026 0.9990076 -0.0011384644 -0.16633785 0.0013055991 1.0000902 19105975442 21.085976
rawdata/DECam_01374553.fits.fz N4 1374553 500.0 60760.99772457 1.5 150.86276832359965 1.4668961304675043 150.87028333333333 1.542 M438 0.025614554 20.743048 0.027278395 2.056726 21.18669 10256.021 decam -6.3915215 55.31682 26 object IBIS_deep_cosmos_M438_30 0 0.0 924.0 1948.0 -0.04414804 1.0004596 -0.0015818946 0.20258678 0.0021568295 1.0003511 17378829730 0.048751846
rawdata/DECam_01374554.fits.fz N4 1374554 500.0 60761.00390591 1.46 151.07576747488324 1.700896128454487 151.08328333333333 1.776 M438 0.027686026 20.66662 0.025169814 1.7038107 21.2197 7861.8374 decam 3.3782232 42.536182 23 object IBIS_deep_cosmos_M438_31 0 0.0 924.0 1948.0 0.14894657 0.99986804 -0.0014753022 -1.0203012 0.004098212 0.99976456 17317487996 0.063598365
rawdata/DECam_01374555.fits.fz N4 1374555 500.0 60761.01007203 1.43 151.20875792456846 1.9888961259762499 151.216275 2.064 M438 0.032464612 26.421877 5.0084887 0.50860417 21.27269 0.0 decam -47.723694 -91.58903 6 object IBIS_deep_cosmos_M438_32 0 0.0 924.0 1948.0 -1.0655323 1.0065998 0.0016560446 -0.66585237 0.0002913603 1.0001817 17221891606 0.0
rawdata/DECam_01374556.fits.fz N4 1374556 500.0 60761.01619332 1.4 151.25476054743604 2.3028961232732925 151.26227916666667 2.378 M438 0.03004282 25.48496 2.0973163 0.390458 21.357615 0.0 decam -276.31897 -758.5235 8 object IBIS_deep_cosmos_M438_33 0 0.0 924.0 1948.0 -0.35582325 0.997554 0.0012215939 0.48230764 0.0030941062 0.99895924 17082135877 0.0
rawdata/DECam_01374557.fits.fz N4 1374557 500.0 60761.02234145 1.37 151.21375044375563 2.6168961205691437 151.22127083333334 2.692 M438 0.03002012 26.115534 3.7206385 0.43424693 21.293064 0.0 decam -692.3437 224.3099 6 object IBIS_deep_cosmos_M438_34 0 0.0 924.0 1948.0 -1.7817602 0.9916111 0.0048909695 -1.1148612 -0.00013841792 0.9993339 17187159644 0.0
rawdata/DECam_01374558.fits.fz N4 1374558 500.0 60761.02846262 1.34 151.21375044375563 2.6168961205691437 151.22127083333334 2.692 M517 0.03002012 18.754042 0.0032604716 1.6790632 21.08297 456648.62 decam 11.838648 27.55002 9 object IBIS_deep_cosmos_M517_34 0 0.0 924.0 1948.0 -0.27778888 0.9989985 -0.0009316881 -0.72606707 0.0019051989 0.99871546 18128396937 0.0010949338
rawdata/DECam_01374561.fits.fz N4 1374561 30.0 60761.13264547 1.0 151.21372127708898 2.6168961205691437 151.22124166666666 2.692 r 0.030019533 26.291729 0.61587346 1.5711594 21.226662 3.50518 decam -245.59895 87.08284 10 object pointing 0 0.0 924.0 1948.0 0.75623995 0.9913951 -0.0012660966 0.21275042 -0.0008404372 1.0000693 16194799225 8.558762
rawdata/DECam_01374562.fits.fz N4 1374562 500.0 60761.13528544 1.23 149.13874930843485 3.3868961139318783 149.146275 3.4619999999999997 M517 0.026675686 25.005497 1.0143948 1.7171478 21.743618 2.5919218 decam -1.1348805 66.30596 133 object IBIS_deep_cosmos_M517_42 0 0.0 924.0 1948.0 0.2233384 0.99998677 -0.0014174349 -0.012412751 0.0014965191 1.0001055 17448697036 192.90706
rawdata/DECam_01374563.fits.fz N4 1374563 500.0 60761.14146057 1.24 148.8787548589851 3.203896115510173 148.88627916666667 3.279 M464 0.020434361 24.875523 0.9745797 1.7878326 21.938011 2.6088765 decam 17.549326 53.94311 130 object IBIS_deep_cosmos_M464_43 0 0.0 924.0 1948.0 -0.13480952 1.0002851 -0.0017241887 -0.21034087 0.0020987855 1.0001358 16595137289 191.65338
rawdata/DECam_01374564.fits.fz N4 1374564 500.0 60761.14764211 1.26 148.8787548589851 3.203896115510173 148.88627916666667 3.279 M438 0.020434361 24.736637 1.0163577 1.4982364 21.964893 1.6977036 decam 7.5056214 -18.645098 117 object IBIS_deep_cosmos_M438_43 0 0.0 924.0 1948.0 -0.2919965 1.0002512 -0.0017409744 -0.09537078 0.0018775618 1.0000738 16399294463 294.5155
rawdata/DECam_01374565.fits.fz N4 1374565 500.0 60761.15379561 1.28 148.8787548589851 3.203896115510173 148.88627916666667 3.279 M490 0.020434361 24.984735 1.0567164 1.426593 21.845127 1.5444671 decam 5.1146417 -25.381887 136 object IBIS_deep_cosmos_M490_43 0 0.0 924.0 1948.0 0.14240246 1.00028 -0.0017466862 -0.11138888 0.0018926555 1.0000528 16736658568 323.73627
rawdata/DECam_01374566.fits.fz N4 1374566 500.0 60761.15993823 1.3 148.8787548589851 3.203896115510173 148.88627916666667 3.279 M517 0.020434361 25.002348 1.0228678 1.4245245 21.764965 1.7599255 decam 1.4278178 -26.8163 140 object IBIS_deep_cosmos_M517_43 0 0.0 924.0 1948.0 0.0732334 1.0002592 -0.001751429 -0.14073409 0.0019357917 1.0001076 16911931477 284.10294
rawdata/DECam_01374567.fits.fz N4 1374567 500.0 60761.16607164 1.32 148.6587523152689 2.9748961174844064 148.66627499999998 3.05 M438 0.029049488 24.711794 1.0084661 1.3836595 21.92883 1.5672693 decam -2.9800348 -6.0908837 102 object IBIS_deep_cosmos_M438_44 0 0.0 924.0 1948.0 0.5425893 1.0000112 -0.0014561058 -0.2575615 0.0018119521 0.9999117 16482271422 319.0262
rawdata/DECam_01374568.fits.fz N4 1374568 500.0 60761.17223781 1.34 148.6587523152689 2.9748961174844064 148.66627499999998 3.05 M490 0.029049488 24.962973 1.0470822 1.3746779 21.79907 1.5575982 decam -0.7761696 -17.980598 128 object IBIS_deep_cosmos_M490_44 0 0.0 924.0 1948.0 0.6480824 1.0002084 -0.0016951883 -0.101355225 0.0019840987 0.9999667 16902922929 321.00705
rawdata/DECam_01374569.fits.fz N4 1374569 500.0 60761.17837952 1.37 148.48775406118847 2.706896119793825 148.495275 2.782 M490 0.04436313 24.966364 1.0560908 1.426053 21.789282 1.6806855 decam -1.8695754 -13.688903 125 object IBIS_deep_cosmos_M490_45 0 0.0 924.0 1948.0 0.78107864 0.9999388 -0.0015116109 -0.4191941 0.0017667194 1.0000138 16853624819 297.49765
rawdata/DECam_01374570.fits.fz N4 1374570 500.0 60761.1845189 1.4 148.48775406118847 2.706896119793825 148.495275 2.782 M517 0.04436313 24.956156 0.99609935 1.39079 21.668314 1.9967242 decam -1.700189 -20.544056 131 object IBIS_deep_cosmos_M517_45 0 0.0 924.0 1948.0 0.94933623 1.000228 -0.0016582459 -0.37177572 0.001830218 1.0000589 17096504214 250.41014
rawdata/DECam_01374571.fits.fz N4 1374571 500.0 60761.19066868 1.44 148.3687599530443 2.412896122326123 148.37627916666665 2.488 M490 0.037144516 24.840841 0.9528146 1.4529558 21.715645 2.3527353 decam 3.534197 -28.717663 116 object IBIS_deep_cosmos_M490_46 0 0.0 924.0 1948.0 -0.20199929 1.0000023 -0.0016839193 -0.3154669 0.0020269048 1.0000315 16966212362 212.5186
rawdata/DECam_01374572.fits.fz N4 1374572 500.0 60761.19682642 1.43 150.0917678309077 1.6068961292631894 150.09928333333335 1.682 M464 0.018162804 24.823477 0.965933 1.4226044 21.822826 2.0224464 decam -6.943708 -26.810472 147 object IBIS_deep_cosmos_M464_47 0 0.0 924.0 1948.0 0.52356637 1.0001525 -0.0016066731 -0.40156156 0.0017603339 1.0001677 16750493696 247.22534
rawdata/DECam_01374573.fits.fz N4 1374573 500.0 60761.20740549 1.09 184.21871563962029 -6.656103799445205 184.22627916666667 -6.5809999999999995 M517 0.051240638 25.04406 1.0277512 1.392879 21.652357 1.7285426 decam -28.334867 -10.480293 138 object IBIS_wide_M517_530944 530944 0.041983 924.0 1948.0 -0.023065556 0.999896 -0.00025214438 0.08719471 3.5134155e-05 1.0001131 17164639641 289.26102
rawdata/DECam_01374574.fits.fz N4 1374574 500.0 60761.21358305 1.09 187.35971977180301 -6.382103801831287 187.36727916666666 -6.307 M517 0.024044694 25.031229 1.0156764 1.6625587 21.62699 2.5801928 decam -16.69023 -27.307756 153 object IBIS_wide_M517_533926 533926 0.028053 924.0 1948.0 -0.042915467 1.0001706 -0.000118855394 0.06276534 -2.160598e-05 1.000086 17200846852 193.78398
rawdata/DECam_01374575.fits.fz N4 1374575 500.0 60761.21973875 1.1 187.03370971073616 -6.498103800821438 187.04127083333333 -6.423 M517 0.02289144 25.042591 1.0280074 1.503691 21.623543 2.0739186 decam -11.764481 -36.935837 156 object IBIS_wide_M517_530940 530940 0.026776 924.0 1948.0 -0.08603093 1.0000664 -9.1380396e-05 0.0009779255 0.00028979525 1.0001258 17086699891 241.0895
rawdata/DECam_01374576.fits.fz N4 1374576 500.0 60761.22591255 1.11 186.29472424729002 -6.071103804536489 186.30227916666666 -5.996 M517 0.02717137 25.012741 1.0017338 1.5282885 21.607725 2.2965572 decam 2.7238972 -31.44031 160 object IBIS_wide_M517_530946 530946 0.030795 924.0 1948.0 0.02880942 1.0003235 -0.00015914439 0.13545361 3.5001896e-05 1.0001197 17150722526 217.71721
rawdata/DECam_01374577.fits.fz N4 1374577 500.0 60761.23207365 1.11 186.6487270051145 -5.87110380627451 186.65627916666668 -5.796 M517 0.03011672 24.984005 0.9755688 1.6393393 21.59944 2.8070226 decam 1.38737 -40.416256 154 object IBIS_wide_M517_533932 533932 0.032099 924.0 1948.0 0.043027356 0.9998643 -0.00028715038 -0.03193344 0.00025326252 1.0001568 17163804998 178.12468
rawdata/DECam_01374578.fits.fz N4 1374578 500.0 60761.23823154 1.11 189.13572454128192 -6.050103804719041 189.14327916666667 -5.975 M517 0.03475987 24.807344 0.8290753 1.5960675 21.526058 3.9419742 decam -2.3885732 -49.34306 135 object IBIS_wide_M517_531439 531439 0.031326 924.0 1948.0 -0.0056743887 1.0004891 9.097999e-05 0.05669069 -2.9853283e-05 1.0000846 17807941022 126.840004
rawdata/DECam_01374579.fits.fz N4 1374579 500.0 60761.24441158 1.11 190.52672058397414 -6.0351038048494265 190.534275 -5.96 M517 0.022557205 24.957098 0.95168865 1.625237 21.58026 2.950846 decam 9.779094 -45.775414 189 object IBIS_wide_M517_531420 531420 0.024722 924.0 1948.0 -0.00091636035 1.0002838 0.00011459978 0.08914282 -8.769063e-05 1.0000304 17188934075 169.44293
