logs/db-2024-11-05.ecsv
# %ECSV 1.0
# ---
# datatype:
# - {name: filename, datatype: string}
# - {name: extension, datatype: string}
# - {name: expnum, datatype: int64}
# - {name: exptime, datatype: float32}
# - {name: mjd_obs, datatype: float64}
# - {name: airmass, datatype: float32}
# - {name: racenter, datatype: float64}
# - {name: deccenter, datatype: float64}
# - {name: rabore, datatype: float64}
# - {name: decbore, datatype: float64}
# - {name: band, datatype: string}
# - {name: ebv, datatype: float32}
# - {name: zeropoint, datatype: float32}
# - {name: transparency, datatype: float32}
# - {name: seeing, datatype: float32}
# - {name: sky, datatype: float32}
# - {name: expfactor, datatype: float32}
# - {name: camera, datatype: string}
# - {name: dx, datatype: float32}
# - {name: dy, datatype: float32}
# - {name: nmatched, datatype: int64}
# - {name: obstype, datatype: string}
# - {name: object, datatype: string}
# - {name: tileid, datatype: int64}
# - {name: tileebv, datatype: float32}
# - {name: affine_x0, datatype: float32}
# - {name: affine_y0, datatype: float32}
# - {name: affine_dx, datatype: float32}
# - {name: affine_dxx, datatype: float32}
# - {name: affine_dxy, datatype: float32}
# - {name: affine_dy, datatype: float32}
# - {name: affine_dyx, datatype: float32}
# - {name: affine_dyy, datatype: float32}
# - {name: checksum, datatype: string}
# - {name: efftime, datatype: float32}
# schema: astropy-2.0
filename extension expnum exptime mjd_obs airmass racenter deccenter rabore decbore band ebv zeropoint transparency seeing sky expfactor camera dx dy nmatched obstype object tileid tileebv affine_x0 affine_y0 affine_dx affine_dxx affine_dxy affine_dy affine_dyx affine_dyy checksum efftime
rawdata/DECam_01338523.fits.fz N4 1338523 15.0 60620.00147684 1.02 343.16323338400645 -20.585453671937714 343.1712583333333 -20.51035 M438 0.03460902 24.822628 1.0357022 0.93158275 18.678549 11.5787 decam -33.237617 16.910448 27 object "LTT9239 N4 M438" 0 0.0 924.0 1948.0 -0.67978084 1.0005807 0.0006620149 -0.04865291 -0.00088388333 0.99998695 15964099602 1.2954823
rawdata/DECam_01338521.fits.fz N4 1338521 30.0 60619.99718419 1.0 331.0907218106201 -29.991769683770475 331.09939583333335 -29.916666111111113 r 0.02184365 26.868439 1.0475526 1.29391 17.50443 24.527346 decam -14.196743 10.901693 88 object pointing 0 0.0 924.0 1948.0 -0.042421702 0.9998297 0.0011593561 -0.07773885 -0.0012403999 0.9999894 38417804647 1.2231246
rawdata/DECam_01338525.fits.fz N4 1338525 15.0 60620.00247021 1.02 343.16323338400645 -20.585453671937714 343.1712583333333 -20.51035 M517 0.03460902 24.795645 1.0271873 0.94272995 19.04555 8.565403 decam -31.756605 24.894634 43 object "LTT9239 N517" 0 0.0 924.0 1948.0 -0.20596763 0.99983203 0.0005738344 0.017383678 -0.0010723568 1.000006 15789037863 1.7512311
rawdata/DECam_01338526.fits.fz N4 1338526 3.0 60620.00300571 1.02 343.16323338400645 -20.585453671937714 343.1712583333333 -20.51035 g 0.03460902 26.723204 1.1133753 1.067051 19.11608 10.734991 decam -20.03647 37.751503 39 object "LTT9239 g" 0 0.0 924.0 1948.0 -0.1812637 0.99979836 0.00060327933 0.039913867 -0.0010528365 0.9999312 15797663391 0.27945995
rawdata/DECam_01338522.fits.fz N4 1338522 5.0 60620.00106298 1.02 343.16323338400645 -20.585453671937714 343.1712583333333 -20.51035 g 0.03460902 26.719696 1.1097848 1.0063162 18.655146 14.695967 decam -31.593184 34.079758 40 object "LTT9239 N4 g" 0 0.0 924.0 1948.0 -0.3392577 0.99983644 0.0006356383 0.083443955 -0.0011298546 0.9999437 16469183157 0.3402294
rawdata/DECam_01338527.fits.fz N4 1338527 3.0 60620.00349341 1.05 349.88815735313506 -17.083381761113934 349.89601666666664 -17.008278055555557 g 0.02964856 26.705133 1.1001545 0.9309775 19.179102 7.7464437 decam -23.623932 30.175547 31 object "LTT9491 N4 g" 0 0.0 924.0 1948.0 -0.039763752 1.000166 0.00023550232 -0.33126897 -0.00026349758 0.99962884 15775187225 0.38727447
rawdata/DECam_01338524.fits.fz N4 1338524 15.0 60620.00196972 1.02 343.16323338400645 -20.585453671937714 343.1712583333333 -20.51035 M490 0.03460902 24.997837 1.0202597 1.0032828 18.891722 11.335842 decam -32.112984 23.800823 39 object "LTT9239 N4 M490" 0 0.0 924.0 1948.0 -0.24716118 0.99972457 0.00053361955 0.0047565196 -0.0010632894 0.9999474 15950723728 1.3232365
rawdata/DECam_01338528.fits.fz N4 1338528 15.0 60620.00388284 1.05 349.88815735313506 -17.083381761113934 349.89601666666664 -17.008278055555557 M438 0.02964856 24.805456 1.0271708 0.92960787 19.213488 7.270811 decam -13.399975 16.051094 23 object "LTT9491 N4 M438" 0 0.0 924.0 1948.0 0.15719321 0.9994774 0.00035277687 -0.517067 -0.0001421757 0.99956006 15736642775 2.0630436
rawdata/DECam_01338520.fits.fz N4 1338520 5.0 60619.99599101 1.0 331.0907218106201 -29.991769683770475 331.09939583333335 -29.916666111111113 r 0.02184365 26.85772 1.0372612 2.2431526 17.102823 108.7287 decam 45.496338 -47.378304 44 object pointing 0 0.0 924.0 1948.0 0.099537484 0.99950343 0.0010454863 -0.15531032 -0.0013722172 1.0000317 20925420917 0.04598602
rawdata/DECam_01338529.fits.fz N4 1338529 15.0 60620.00438339 1.05 349.88815735313506 -17.083381761113934 349.89601666666664 -17.008278055555557 M490 0.02964856 24.977018 1.0063455 0.8849668 19.410357 5.6881495 decam -13.923312 17.559074 36 object "LTT9491 N4 M490" 0 0.0 924.0 1948.0 -0.122824065 1.0000081 0.00017713386 -0.35421628 -0.0003389094 0.9996975 15735380217 2.6370616
rawdata/DECam_01338530.fits.fz N4 1338530 15.0 60620.00490533 1.05 349.88815735313506 -17.083381761113934 349.89601666666664 -17.008278055555557 M517 0.02964856 24.781067 1.0183731 0.8801421 19.517561 4.9672537 decam 1.3931528 17.614626 38 object "LTT9491 N4 N517" 0 0.0 924.0 1948.0 -0.07658604 1.000133 0.00023285538 -0.3194105 -0.00053704233 0.9997654 15641598424 3.0197773
rawdata/DECam_01338531.fits.fz N4 1338531 3.0 60620.0054273 1.05 349.88815735313506 -17.083381761113934 349.89601666666664 -17.008278055555557 g 0.02964856 26.712742 1.1078894 0.8846808 19.602451 4.6720424 decam -11.82281 26.151138 35 object "LTT9491 N4 g" 0 0.0 924.0 1948.0 -0.018647917 0.99976516 0.00031297284 -0.48629496 -0.00033780717 0.99954134 15642935984 0.64211744
rawdata/DECam_01338538.fits.fz N4 1338538 300.0 60620.01540872 1.04 342.5404869512862 -15.059103724405832 342.5482666666666 -14.984 M490 0.040002428 24.973536 1.0013038 0.9246769 21.125738 1.2871038 decam -14.421911 14.177518 112 object IBIS_wide_M490_457979 457979 0.041082 924.0 1948.0 -0.0390541 0.99999255 0.00047022692 0.06926056 -0.0008903847 0.9997326 16962183104 233.08144
rawdata/DECam_01338539.fits.fz N4 1338539 1.0 60620.01951494 0.0 0.0 0.0 342.54820416666666 -14.98405611111111 solid 0.0 0.0 0.0 0.0 0.0 0.0 decam 0.0 0.0 -1 dark "" 0 0.0 0.0 0.0 0.0 0.0 0.0 0.0 0.0 0.0 "" 0.0
rawdata/DECam_01338540.fits.fz N4 1338540 500.0 60620.02107539 1.04 343.5325024650022 -14.861103726229382 343.54027499999995 -14.786 M490 0.04142625 24.97613 1.0036995 0.95982176 21.269493 1.2087765 decam -24.340757 4.4588156 100 object IBIS_wide_M490_454988 454988 0.039763 924.0 1948.0 -0.10449802 0.99974555 0.0004642113 -0.059169732 -0.00082649366 0.99994093 17978756042 413.64142
rawdata/DECam_01338541.fits.fz N4 1338541 490.0 60620.02723708 1.04 344.95949162914553 -15.045103724534885 344.9672708333333 -14.97 M490 0.037579115 24.970871 0.9988495 0.953934 21.328867 1.1414938 decam -17.594679 8.061148 103 object IBIS_wide_M490_454989 454989 0.035923 924.0 1948.0 -0.18502507 0.9996758 0.00033780356 -0.014219946 -0.00039129573 1.0001395 17474634102 429.2621
rawdata/DECam_01338542.fits.fz N4 1338542 457.0 60620.03331665 1.04 345.62350069791705 -14.910103725778411 345.631275 -14.835 M490 0.034717184 24.983107 1.0101705 0.9014801 21.338985 0.9877701 decam -37.221 11.5405655 101 object IBIS_wide_M490_457975 457975 0.034823 924.0 1948.0 -0.1464588 1.0001359 0.00035917966 -0.03829933 -0.00044931305 0.9999301 17815354904 462.65826
rawdata/DECam_01338543.fits.fz N4 1338543 431.0 60620.03898903 1.04 346.8784930144711 -14.892103725944098 346.88626666666664 -14.817 M490 0.032565374 24.973541 1.0013092 0.8895091 21.350857 0.96824455 decam -46.6789 21.445076 108 object IBIS_wide_M490_457954 457954 0.03454 924.0 1948.0 -0.08479369 0.99971914 0.00043612043 0.102565914 -0.00017321098 1.0000699 17151632910 445.13547
rawdata/DECam_01338544.fits.fz N4 1338544 5.0 60620.0463421 1.5 34.62374119581646 -4.7071038163664225 34.631279166666666 -4.632 g 0.021382116 26.615324 1.0867496 1.069647 21.167273 1.8396105 decam -53.01872 27.540497 38 object pointing 0 0.0 924.0 1948.0 0.47923365 1.0003173 -0.0011519179 0.007200892 0.0007448468 1.0002217 15481716084 2.7179668
rawdata/DECam_01338545.fits.fz N4 1338545 500.0 60620.04795559 1.49 34.62374119581646 -4.7071038163664225 34.631279166666666 -4.632 M438 0.021382116 24.696379 1.0376705 0.9872311 21.28339 1.4892902 decam -16.062243 14.502101 50 object IBIS_deep_xmm_M438_78 0 0.0 924.0 1948.0 0.023889607 1.0002034 -0.0013188769 0.04291716 0.0011006731 1.0001639 17266911343 335.7304
rawdata/DECam_01338546.fits.fz N4 1338546 500.0 60620.05411345 1.45 34.75673588588167 -4.419103818857862 34.764270833333335 -4.344 M438 0.020776916 24.7164 1.0464064 0.88358897 21.290817 1.1426963 decam -3.068437 12.143363 61 object IBIS_deep_xmm_M438_77 0 0.0 924.0 1948.0 0.7592148 1.000218 -0.0016554653 -0.54366964 0.0017026766 1.0005026 17263663772 437.56158
rawdata/DECam_01338547.fits.fz N4 1338547 430.0 60620.06027406 1.4 34.75673588588167 -4.419103818857862 34.764270833333335 -4.344 M490 0.020776916 24.930452 1.027308 0.85724634 21.22755 1.0909252 decam 6.261252 11.961584 70 object IBIS_deep_xmm_M490_77 0 0.0 924.0 1948.0 0.6459413 1.0000949 -0.0016431817 -0.4729699 0.0016138763 1.0004433 17443346479 394.16086
rawdata/DECam_01338548.fits.fz N4 1338548 325.0 60620.0656017 1.37 34.75673588588167 -4.419103818857862 34.764270833333335 -4.344 M517 0.020776916 24.74455 1.0365078 0.86014664 20.940691 1.3683021 decam 3.8403807 6.711034 69 object IBIS_deep_xmm_M517_77 0 0.0 924.0 1948.0 0.6932656 1.0001247 -0.0016561954 -0.46506235 0.001643485 1.0004419 17055360138 237.52065
rawdata/DECam_01338549.fits.fz N4 1338549 346.0 60620.06971478 1.34 34.62374119581646 -4.7071038163664225 34.631279166666666 -4.632 M490 0.021382116 24.932152 1.0177767 0.86002743 21.264875 1.0575689 decam 7.937996 8.048315 57 object IBIS_deep_xmm_M490_78 0 0.0 924.0 1948.0 0.095650904 1.0001128 -0.0013737228 -0.16158637 0.0011475271 1.0000544 16964012699 327.16544
rawdata/DECam_01338550.fits.fz N4 1338550 432.0 60620.07407403 1.32 34.62374119581646 -4.7071038163664225 34.631279166666666 -4.632 M517 0.021382116 24.738943 1.0229381 0.8479301 20.980865 1.2948416 decam 4.6678615 -2.3607829 64 object IBIS_deep_xmm_M517_78 0 0.0 924.0 1948.0 0.1170213 1.0001774 -0.0013316055 0.06809095 0.0010772396 1.0000682 17484275729 333.63153
rawdata/DECam_01338551.fits.fz N4 1338551 361.0 60620.07943209 1.29 34.57773352438705 -5.020103813656372 34.585275 -4.945 M438 0.021067124 24.754171 1.0407256 0.96088403 21.404547 1.134617 decam 7.724659 4.8770986 44 object IBIS_deep_xmm_M438_79 0 0.0 924.0 1948.0 0.64900845 0.9999763 -0.0015965651 -0.05702948 0.0014988455 1.000172 16635543139 318.16904
rawdata/DECam_01338552.fits.fz N4 1338552 417.0 60620.0839902 1.27 34.57773352438705 -5.020103813656372 34.585275 -4.945 M490 0.021067124 24.942453 1.0145117 0.9590608 21.302452 1.2457095 decam 22.959057 -6.862485 61 object IBIS_deep_xmm_M490_79 0 0.0 924.0 1948.0 0.16684218 0.99998486 -0.0016782373 -0.13095042 0.001148771 1.0001673 17305511627 334.749
rawdata/DECam_01338553.fits.fz N4 1338553 349.0 60620.0892164 1.24 34.57773352438705 -5.020103813656372 34.585275 -4.945 M517 0.021067124 24.750608 1.0208163 1.027645 21.009472 1.8110266 decam 13.152379 -22.643782 56 object IBIS_deep_xmm_M517_79 0 0.0 924.0 1948.0 0.21667725 0.9999309 -0.0016359175 -0.08207128 0.0010742875 1.0001186 17114391336 192.70837
rawdata/DECam_01338554.fits.fz N4 1338554 426.0 60620.09363825 1.22 34.6177339331631 -5.335103810926375 34.625279166666665 -5.26 M438 0.021502892 24.78073 1.0478901 1.0535002 21.47032 1.2218622 decam 22.212368 -27.740404 61 object IBIS_deep_xmm_M438_80 0 0.0 924.0 1948.0 -0.08409959 0.9999119 -0.0013992897 -0.022341138 0.0012289992 0.9999518 16718471177 348.64816
rawdata/DECam_01338555.fits.fz N4 1338555 500.0 60620.09896957 1.21 34.6177339331631 -5.335103810926375 34.625279166666665 -5.26 M517 0.021502892 24.765903 1.0303322 0.95869994 21.050817 1.4756529 decam 15.195157 -23.599478 83 object IBIS_deep_xmm_M517_80 0 0.0 924.0 1948.0 0.06725176 1.000255 -0.0015735469 0.008423151 0.0010057258 0.9999301 17680546918 338.83307
rawdata/DECam_01338556.fits.fz N4 1338556 391.0 60620.10512745 1.18 34.73972606277688 -5.62810380838453 34.747275 -5.553 M517 0.0225511 24.768803 1.0281321 0.9225845 21.063066 1.3443315 decam 11.965355 -27.401077 87 object IBIS_deep_xmm_M517_81 0 0.0 924.0 1948.0 0.56638426 1.0000075 -0.001425852 -0.28795198 0.0013841577 1.0001979 17143325426 290.85086
rawdata/DECam_01338557.fits.fz N4 1338557 493.0 60620.1100261 1.17 34.93071852254436 -5.882103806178952 34.938270833333334 -5.807 M517 0.0256092 24.761858 1.0199407 0.9843484 21.074594 1.5331384 decam 12.998266 -13.212887 69 object IBIS_deep_xmm_M517_82 0 0.0 924.0 1948.0 0.21633264 1.0002387 -0.0013519166 -0.5534537 0.0012930981 1.0000049 17528456136 321.56262
rawdata/DECam_01338558.fits.fz N4 1338558 457.0 60620.11609426 1.15 35.17671574549542 -6.0831038044321675 35.184270833333336 -6.008 M517 0.02505659 24.765865 1.0204377 1.1557136 21.0937 2.059803 decam 19.240484 -5.997467 77 object IBIS_deep_xmm_M517_83 0 0.0 924.0 1948.0 0.17801204 1.0001113 -0.001658192 -0.3633736 0.0012670596 1.0002664 17384264828 221.86588
rawdata/DECam_01338559.fits.fz N4 1338559 500.0 60620.12174858 1.14 35.463722102774724 -6.222103803223431 35.47127916666667 -6.147 M517 0.026782516 24.768932 1.0216842 0.97389555 21.121378 1.4189247 decam 19.930824 -14.603995 76 object IBIS_deep_xmm_M517_84 0 0.0 924.0 1948.0 0.16522165 1.0000547 -0.0012142239 -0.20518711 0.0014206537 0.9999621 17740319662 352.37952
rawdata/DECam_01338560.fits.fz N4 1338560 500.0 60620.1279103 1.13 35.7757210613091 -6.294103802597073 35.78327916666667 -6.219 M490 0.029704135 24.973026 1.0173129 1.0096799 21.473331 1.114718 decam 17.834017 -13.830434 68 object IBIS_deep_xmm_M490_85 0 0.0 924.0 1948.0 0.6874424 1.0000716 -0.0017891151 -0.37585887 0.0013067005 1.0000294 17388317896 448.54395
rawdata/DECam_01338561.fits.fz N4 1338561 500.0 60620.13406801 1.12 35.7757210613091 -6.294103802597073 35.78327916666667 -6.219 M517 0.029704135 24.772982 1.0222198 0.92763215 21.187948 1.2020878 decam 30.635626 -28.019226 69 object IBIS_deep_xmm_M517_85 0 0.0 924.0 1948.0 0.75568444 1.0000962 -0.0017686653 -0.39831686 0.0013550746 1.0000134 17534020986 415.94302
rawdata/DECam_01338562.fits.fz N4 1338562 400.0 60620.1402429 1.11 36.09471269887169 -6.296103802579671 36.102270833333336 -6.221 M517 0.032051947 24.776308 1.0237145 0.8964429 21.23352 1.0701123 decam 22.472965 -17.03218 58 object IBIS_deep_xmm_M517_86 0 0.0 924.0 1948.0 -0.6818335 1.0001067 -0.0015000625 0.0115905 0.0011627133 0.99999315 16917427597 373.7925
rawdata/DECam_01338563.fits.fz N4 1338563 469.0 60620.14526185 1.11 36.40771779219082 -6.232103803136447 36.415275 -6.157 M438 0.033881694 24.792524 1.0304384 0.98636204 21.755798 0.8060017 decam 36.867977 -6.0053678 64 object IBIS_deep_xmm_M438_87 0 0.0 924.0 1948.0 -0.049241535 0.9995883 -0.0014749039 -0.15913588 0.0013353967 0.99993986 16490891057 581.8846
rawdata/DECam_01338564.fits.fz N4 1338564 394.0 60620.15107365 1.1 36.40771779219082 -6.232103803136447 36.415275 -6.157 M517 0.033881694 24.772083 1.018107 0.9742032 21.266722 1.2347354 decam 25.181646 -19.527895 70 object IBIS_deep_xmm_M517_87 0 0.0 924.0 1948.0 0.17007826 0.99991894 -0.0015715193 -0.06393316 0.001418154 0.9997785 16823360465 319.0967
rawdata/DECam_01338565.fits.fz N4 1338565 309.0 60620.15600545 1.1 36.699723769102704 -6.105103804240898 36.707279166666666 -6.03 M438 0.033667758 24.796648 1.0317605 1.0125456 21.73549 0.858737 decam 24.00579 9.672878 58 object IBIS_deep_xmm_M438_88 0 0.0 924.0 1948.0 0.75983006 0.99986434 -0.0017205443 0.04403411 0.0018733661 0.99981576 16307606964 359.83078
rawdata/DECam_01338566.fits.fz N4 1338566 468.0 60620.15994815 1.1 36.960726310801675 -5.922103805831434 36.96827916666667 -5.8469999999999995 M438 0.028302534 24.79158 1.0269572 1.0629935 21.758379 0.9351732 decam 17.529274 11.0183935 63 object IBIS_deep_xmm_M438_89 0 0.0 924.0 1948.0 0.6060149 1.000064 -0.0014015884 0.11740781 0.0017630741 0.99986047 16479463594 500.44205
rawdata/DECam_01338567.fits.fz N4 1338567 317.0 60620.16573691 1.1 37.18172522701033 -5.69210380782898 37.189275 -5.617 M438 0.027122937 24.788267 1.0238278 1.0396128 21.757185 0.9010438 decam 17.232897 15.659675 50 object IBIS_deep_xmm_M438_90 0 0.0 924.0 1948.0 0.02549069 1.000271 -0.0018759005 -0.1761976 0.0013714018 1.0002795 16153652437 351.8142
rawdata/DECam_01338568.fits.fz N4 1338568 339.0 60620.16978996 1.1 37.35373282939357 -5.424103810154543 37.36127916666666 -5.349 M438 0.024244979 24.806013 1.0407002 1.0725983 21.747517 0.93645376 decam 11.317296 28.023903 53 object IBIS_deep_xmm_M438_91 0 0.0 924.0 1948.0 0.33940223 1.0000292 -0.001666651 0.1472292 0.0018378282 0.9999588 16380567144 362.004
rawdata/DECam_01338569.fits.fz N4 1338569 310.0 60620.17407347 1.1 37.35373282939357 -5.424103810154543 37.36127916666666 -5.349 M517 0.024244979 24.770395 1.0165246 0.88897467 21.24885 1.0490204 decam 12.636996 12.557063 61 object IBIS_deep_xmm_M517_91 0 0.0 924.0 1948.0 0.7308679 0.99984413 -0.0016785634 -0.022028945 0.0016975998 1.0000278 16910495905 295.5138
