logs/db-2024-11-26.ecsv
# %ECSV 1.0
# ---
# datatype:
# - {name: filename, datatype: string}
# - {name: extension, datatype: string}
# - {name: expnum, datatype: int64}
# - {name: exptime, datatype: float32}
# - {name: mjd_obs, datatype: float64}
# - {name: airmass, datatype: float32}
# - {name: racenter, datatype: float64}
# - {name: deccenter, datatype: float64}
# - {name: rabore, datatype: float64}
# - {name: decbore, datatype: float64}
# - {name: band, datatype: string}
# - {name: ebv, datatype: float32}
# - {name: zeropoint, datatype: float32}
# - {name: transparency, datatype: float32}
# - {name: seeing, datatype: float32}
# - {name: sky, datatype: float32}
# - {name: expfactor, datatype: float32}
# - {name: camera, datatype: string}
# - {name: dx, datatype: float32}
# - {name: dy, datatype: float32}
# - {name: nmatched, datatype: int64}
# - {name: obstype, datatype: string}
# - {name: object, datatype: string}
# - {name: tileid, datatype: int64}
# - {name: tileebv, datatype: float32}
# - {name: affine_x0, datatype: float32}
# - {name: affine_y0, datatype: float32}
# - {name: affine_dx, datatype: float32}
# - {name: affine_dxx, datatype: float32}
# - {name: affine_dxy, datatype: float32}
# - {name: affine_dy, datatype: float32}
# - {name: affine_dyx, datatype: float32}
# - {name: affine_dyy, datatype: float32}
# - {name: checksum, datatype: string}
# - {name: efftime, datatype: float32}
# schema: astropy-2.0
filename extension expnum exptime mjd_obs airmass racenter deccenter rabore decbore band ebv zeropoint transparency seeing sky expfactor camera dx dy nmatched obstype object tileid tileebv affine_x0 affine_y0 affine_dx affine_dxx affine_dxy affine_dy affine_dyx affine_dyy checksum efftime
[from data line 47]
rawdata/DECam_01343462.fits.fz N4 1343462 500.0 60641.24951433 1.22 52.74357284521967 -12.462103748073414 52.751266666666666 -12.387 M517 0.06096765 24.762426 1.028686 0.9320722 21.44607 1.4277724 decam 0.046243988 -1.9670203 102 object IBIS_wide_M517_507148 507148 0.058029 924.0 1948.0 -0.0010024016 1.0000865 -0.002285514 0.02325197 0.002402133 1.0001796 17220252973 350.19586
rawdata/DECam_01343463.fits.fz N4 1343463 500.0 60641.25568438 1.25 51.794545042800586 -13.621103737575627 51.802275 -13.546 M517 0.076865345 24.762619 1.0338256 0.9564211 21.43571 1.6753798 decam 11.301532 -8.944698 82 object IBIS_wide_M517_509826 509826 0.072887 924.0 1948.0 -0.08818431 0.9995385 -0.0018647754 -0.0526584 0.0022734825 1.0001099 16991389691 298.4398
rawdata/DECam_01343464.fits.fz N4 1343464 453.0 60641.2618283 1.28 54.30964436778025 -10.267103767706688 54.31727916666667 -10.192 M517 0.070651524 24.757792 1.0341995 0.9520474 21.367258 1.7160463 decam 4.6612153 -8.781514 92 object IBIS_wide_M517_507169 507169 0.058059 924.0 1948.0 -0.21867831 1.0001993 -0.0020582261 -0.15157323 0.002279604 1.0000678 16874756054 263.97888
rawdata/DECam_01343465.fits.fz N4 1343465 490.0 60641.26751682 1.32 51.079510030547546 -14.531103729261213 51.087270833333335 -14.456 M517 0.05397269 24.753212 1.0364693 0.99179375 21.364698 1.6959054 decam 10.3160715 -18.527575 74 object IBIS_wide_M517_509825 509825 0.054213 924.0 1948.0 -0.4311639 1.0001675 -0.0018865403 -0.2552069 0.002110718 1.0001036 17175876357 288.9312
rawdata/DECam_01343466.fits.fz N4 1343466 493.0 60641.27356134 1.35 53.58162322349421 -10.784103763109071 53.58927083333333 -10.709 M517 0.041459333 24.734203 1.0233898 1.0717131 21.327007 1.9628826 decam 4.248873 -22.435572 96 object IBIS_wide_M517_507158 507158 0.049692 924.0 1948.0 -0.49074182 1.0000097 -0.0021470988 -0.06765647 0.002377414 1.0001326 17348515752 251.16122
rawdata/DECam_01343467.fits.fz N4 1343467 500.0 60641.27962783 1.39 53.205620313654975 -11.21710375924631 53.213279166666666 -11.142 M517 0.038224697 24.72605 1.0222665 1.0909724 21.323565 2.029812 decam 13.303994 -26.770203 89 object IBIS_wide_M517_510143 510143 0.052329 924.0 1948.0 -0.019176625 0.9998472 -0.0019935395 -0.11570788 0.0021149204 1.0000759 17869998226 246.32822
rawdata/DECam_01343468.fits.fz N4 1343468 493.0 60641.287764 1.28 130.85272764478097 -5.16610381239138 130.86027083333335 -5.091 M517 0.021161413 24.760824 1.0370922 1.1122067 21.349812 1.7360337 decam -26.32225 -27.734285 241 object IBIS_wide_M517_522194 522194 0.021636 924.0 1948.0 -0.019037977 1.0003024 -0.0017768124 -0.17465891 0.0017057783 1.0003024 17264875291 283.98065
rawdata/DECam_01343469.fits.fz N4 1343469 473.0 60641.29382665 1.27 131.92972260667548 -5.57310380886186 131.93727083333334 -5.498 M517 0.020258792 24.760048 1.0346915 1.0920358 21.3144 1.7219886 decam -20.265198 -36.71604 284 object IBIS_wide_M517_519217 519217 0.021336 924.0 1948.0 0.00013142066 1.0002704 -0.0018369115 -0.17556335 0.0016900337 1.0002259 17224161943 274.68243
rawdata/DECam_01343470.fits.fz N4 1343470 60.0 60641.30009978 1.68 148.62076309050707 1.7558961279812735 148.62827916666666 1.831 g 0.026393529 26.594141 1.0962169 1.3818142 21.385944 2.686118 decam -10.612983 5.9724817 105 object COSMOS 0 0.0 924.0 1948.0 0.013195397 1.000352 -0.0011349325 -0.21357797 0.0008683478 1.0005594 16479161518 22.337069
rawdata/DECam_01343471.fits.fz N4 1343471 500.0 60641.30174053 1.66 148.62076309050707 1.7558961279812735 148.62827916666666 1.831 M517 0.026393529 24.697044 1.0393308 1.2614218 21.05514 3.4024906 decam -20.207853 4.4658937 121 object IBIS_deep_cosmos_M517_63 0 0.0 924.0 1948.0 0.15156852 1.0002712 -0.0011878009 -0.16730998 0.00089703617 1.0007061 17721363576 146.95117
rawdata/DECam_01343472.fits.fz N4 1343472 500.0 60641.30791971 1.63 149.31376090609155 2.233896123867351 149.32127916666667 2.309 M517 0.021011224 24.70092 1.0380439 1.3009297 21.016146 3.6011393 decam -9.354954 8.455331 118 object IBIS_deep_cosmos_M517_4 0 0.0 924.0 1948.0 0.094573505 1.0005666 -0.0015112684 -0.043607753 0.0009758946 1.0002673 17690272469 138.84496
rawdata/DECam_01343473.fits.fz N4 1343473 500.0 60641.31407828 1.6 150.09375883696464 2.606896120655282 150.10127916666667 2.682 M517 0.019469626 24.710217 1.041949 1.5301868 21.002937 4.90802 decam -10.493266 7.4258647 99 object IBIS_deep_cosmos_M517_1 0 0.0 924.0 1948.0 0.30345342 1.0003284 -0.0012484951 -0.06548675 0.00077546784 1.000224 17944855808 101.87408
rawdata/DECam_01343474.fits.fz N4 1343474 500.0 60641.32023361 1.54 149.78075452620993 2.6308961204485457 149.788275 2.706 M517 0.019724825 24.71259 1.0342363 1.4886603 20.984892 4.710281 decam -8.00543 1.1097797 108 object IBIS_deep_cosmos_M517_2 0 0.0 924.0 1948.0 -0.09380089 1.0005289 -0.0010703218 0.081070304 0.0008645292 1.0002893 17822776058 106.15078
rawdata/DECam_01343475.fits.fz N4 1343475 500.0 60641.32636746 1.47 149.2467582114563 1.9248961265270395 149.25427499999998 2.0 M517 0.022061344 24.71164 1.0218039 1.6128922 21.011568 5.4830456 decam -7.336821 -3.9432423 109 object IBIS_deep_cosmos_M517_5 0 0.0 924.0 1948.0 -0.28094542 1.0001111 -0.0012260549 0.065751694 0.0007808697 1.0003612 17752466906 91.19019
rawdata/DECam_01343476.fits.fz N4 1343476 500.0 60641.3325111 1.42 149.29775947545477 1.6128961292115729 149.305275 1.6880000000000002 M517 0.020448064 24.724695 1.0259117 1.3797584 21.004065 3.9061692 decam -11.123243 -12.947433 114 object IBIS_deep_cosmos_M517_6 0 0.0 924.0 1948.0 0.23108438 1.0003862 -0.0013003439 -0.13852328 0.0010903799 1.0002747 18046641077 128.00266
rawdata/DECam_01343477.fits.fz N4 1343477 500.0 60641.33867325 1.38 149.6877610075145 1.1238961334174677 149.695275 1.199 M517 0.025978917 24.735413 1.0294684 1.2508599 20.92666 3.5000794 decam -5.6735134 -20.908484 112 object IBIS_deep_cosmos_M517_8 0 0.0 924.0 1948.0 0.12323 1.0003135 -0.0014287811 -0.24000321 0.0012976049 1.0001918 17906751736 142.8539
rawdata/DECam_01343478.fits.fz N4 1343478 60.0 60641.34529899 1.13 135.3527167928195 -6.008103805084103 135.36027083333332 -5.933 g 0.02783937 26.689577 1.0981739 1.1203912 21.191133 1.7887713 decam -6.389239 -34.530827 220 object wide 0 0.0 924.0 1948.0 0.18711028 1.0000077 -0.0016143917 0.0104968045 0.0014547694 1.0000347 16689549221 33.54258
rawdata/DECam_01343479.fits.fz N4 1343479 500.0 60641.34715095 1.13 135.3527167928195 -6.008103805084103 135.36027083333332 -5.933 M517 0.02783937 24.77064 1.0216535 1.139086 20.529747 3.9677856 decam 2.30907 -10.808269 235 object IBIS_wide_M517_519127 519127 0.02864 924.0 1948.0 0.19341764 0.9998347 -0.0017509955 -0.080677055 0.0015684627 1.0001574 19080912661 126.01487
