logs/db-2024-10-28.ecsv
# %ECSV 1.0
# ---
# datatype:
# - {name: filename, datatype: string}
# - {name: extension, datatype: string}
# - {name: expnum, datatype: int64}
# - {name: exptime, datatype: float32}
# - {name: mjd_obs, datatype: float64}
# - {name: airmass, datatype: float32}
# - {name: racenter, datatype: float64}
# - {name: deccenter, datatype: float64}
# - {name: rabore, datatype: float64}
# - {name: decbore, datatype: float64}
# - {name: band, datatype: string}
# - {name: ebv, datatype: float32}
# - {name: zeropoint, datatype: float32}
# - {name: transparency, datatype: float32}
# - {name: seeing, datatype: float32}
# - {name: sky, datatype: float32}
# - {name: expfactor, datatype: float32}
# - {name: camera, datatype: string}
# - {name: dx, datatype: float32}
# - {name: dy, datatype: float32}
# - {name: nmatched, datatype: int64}
# - {name: obstype, datatype: string}
# - {name: object, datatype: string}
# - {name: tileid, datatype: int64}
# - {name: tileebv, datatype: float32}
# - {name: affine_x0, datatype: float32}
# - {name: affine_y0, datatype: float32}
# - {name: affine_dx, datatype: float32}
# - {name: affine_dxx, datatype: float32}
# - {name: affine_dxy, datatype: float32}
# - {name: affine_dy, datatype: float32}
# - {name: affine_dyx, datatype: float32}
# - {name: affine_dyy, datatype: float32}
# - {name: checksum, datatype: string}
# - {name: efftime, datatype: float32}
# schema: astropy-2.0
filename extension expnum exptime mjd_obs airmass racenter deccenter rabore decbore band ebv zeropoint transparency seeing sky expfactor camera dx dy nmatched obstype object tileid tileebv affine_x0 affine_y0 affine_dx affine_dxx affine_dxy affine_dy affine_dyx affine_dyy checksum efftime
rawdata/DECam_01336337.fits.fz N4 1336337 5.0 60611.99166231 1.0 323.711986832587 -29.770935519628853 323.72064166666667 -29.695831944444443 r 0.04665174 26.857485 1.0370367 1.5013214 17.420172 40.18435 decam -25.121782 -63.316498 96 object pointing 0 0.0 924.0 1948.0 -0.2572306 1.000092 0.001577385 -0.0131721 -0.001471854 0.99988145 19543398187 0.12442655
rawdata/DECam_01336342.fits.fz N4 1336342 30.0 60612.0043527 1.04 343.162575210783 -20.582409783078678 343.1706 -20.50730611111111 M438 0.034743555 24.798948 1.0184677 1.2711933 20.43559 4.458467 decam -11.049464 20.221125 32 object LTT9239 0 0.0 924.0 1948.0 -0.27544603 0.9997809 0.00056301587 0.06801551 -0.0011159239 0.9999847 15952727275 6.72877
rawdata/DECam_01336340.fits.fz N4 1336340 5.0 60611.99990863 1.05 343.16257081695113 -20.665742560038662 343.1706 -20.59063888888889 g 0.032265242 26.70158 1.0965586 1.0825229 19.573284 7.4416604 decam -12.921315 19.813776 50 object LTT9239 0 0.0 924.0 1948.0 -0.14101514 1.0000117 0.0006663559 -0.01664616 -0.0005097546 0.9996989 15839350097 0.67189306
rawdata/DECam_01336338.fits.fz N4 1336338 30.0 60611.99289456 1.0 323.711986832587 -29.770935519628853 323.72064166666667 -29.695831944444443 r 0.04665174 26.866253 1.0454448 1.1430751 17.826326 15.780983 decam -10.486424 9.286746 152 object pointing 0 0.0 924.0 1948.0 0.110097796 1.0000689 0.0016284231 0.18895495 -0.0014451535 0.99981856 32637346967 1.9010223
rawdata/DECam_01336339.fits.fz N4 1336339 5.0 60611.99850792 1.05 343.16257081695113 -20.665742560038662 343.1706 -20.59063888888889 g 0.032265242 26.702051 1.0970353 1.2176021 19.235497 12.83361 decam -11.607609 24.729536 47 object LTT9239 0 0.0 924.0 1948.0 -0.04516721 1.0001949 0.0006782734 0.0237608 -0.0006419723 0.99984616 16018771565 0.389602
rawdata/DECam_01336341.fits.fz N4 1336341 5.0 60612.00127784 1.05 343.162575210783 -20.582409783078678 343.1706 -20.50730611111111 g 0.034743555 26.704086 1.0990939 1.1686919 19.88979 6.5437694 decam -13.33668 19.57924 45 object LTT9239 0 0.0 924.0 1948.0 -0.18471785 0.9999842 0.0006260279 -0.009570786 -0.0009854869 1.0000138 15720208378 0.7640856
rawdata/DECam_01336343.fits.fz N4 1336343 30.0 60612.00569505 1.04 343.162575210783 -20.582409783078678 343.1706 -20.50730611111111 M490 0.034743555 24.965628 0.9940387 1.1846306 20.781761 2.9391222 decam -11.814899 21.971296 55 object LTT9239 0 0.0 924.0 1948.0 -0.10570652 0.99986756 0.0005765313 -0.0713139 -0.0009257925 0.9999873 15576084170 10.207129
rawdata/DECam_01336344.fits.fz N4 1336344 15.0 60612.00810095 1.04 343.162575210783 -20.582409783078678 343.1706 -20.50730611111111 M490 0.034743555 24.967941 0.9961593 1.3055922 21.049044 2.7782156 decam 2.7969685 34.514153 43 object LTT9239 0 0.0 924.0 1948.0 -0.28842586 0.999881 0.00057265034 0.08742897 -0.0009921168 1.000008 15449062741 5.399149
rawdata/DECam_01336345.fits.fz N4 1336345 15.0 60612.00893437 1.04 343.162575210783 -20.582409783078678 343.1706 -20.50730611111111 M517 0.034743555 24.760742 0.99788564 1.144818 20.94493 2.3400326 decam 8.653553 20.92646 46 object LTT9239 0 0.0 924.0 1948.0 -0.16705409 0.9999784 0.0005339824 -0.035697 -0.0010330623 1.000011 15441076010 6.410167
rawdata/DECam_01336346.fits.fz N4 1336346 5.0 60612.01047607 1.04 343.162575210783 -20.582409783078678 343.1706 -20.50730611111111 g 0.034743555 26.688538 1.0817705 1.2826183 21.28647 2.2400322 decam 7.624285 12.386903 47 object LTT9239 0 0.0 924.0 1948.0 -0.13893904 0.99993294 0.0006334999 0.056737043 -0.0010358709 0.99992824 15465980539 2.2321107
rawdata/DECam_01336347.fits.fz N4 1336347 300.0 60612.02108951 1.19 350.99476380885005 -1.567103843445952 351.00227916666665 -1.492 M438 0.046090234 24.760996 1.0212841 1.0670756 21.701925 1.0501783 decam 28.821215 36.834595 84 object IBIS_deep_deep2f3_M438_66 0 0.0 924.0 1948.0 -0.29494405 1.0005764 0.00051693973 0.24924527 -0.0008847842 0.9998801 16115726086 285.66577
rawdata/DECam_01336348.fits.fz N4 1336348 300.0 60612.0249994 1.18 350.81176466437563 -1.3071038456823365 350.81927916666666 -1.232 M438 0.043581944 24.755894 1.0139434 1.0726874 21.72541 1.048326 decam 22.125927 43.080994 87 object IBIS_deep_deep2f3_M438_65 0 0.0 924.0 1948.0 -0.07603149 0.9999424 0.00019575273 -0.1606306 -0.00044371292 1.0003004 16142246243 286.1705
rawdata/DECam_01336349.fits.fz N4 1336349 500.0 60612.02885798 1.18 351.8157589390744 -1.7521038418543458 351.823275 -1.677 M438 0.052476164 24.762278 1.0199225 1.070885 21.730429 1.0278374 decam 16.88877 53.296097 87 object IBIS_deep_deep2f3_M438_84 0 0.0 924.0 1948.0 0.016320897 0.99962705 -7.041497e-06 0.07839557 -0.00028245774 0.9998037 16601676920 486.45828
rawdata/DECam_01336350.fits.fz N4 1336350 500.0 60612.03609357 1.16 351.5297678043258 -1.6141038430416264 351.53728333333333 -1.5390000000000001 M438 0.05670588 24.783724 1.0350498 1.0403911 21.753141 0.91337126 decam 19.397646 -13.828365 76 object IBIS_deep_deep2f3_M438_83 0 0.0 924.0 1948.0 -0.05117628 0.9996591 0.0005296423 -0.03670165 -0.00048558263 1.0000042 16587948516 547.42255
rawdata/DECam_01336351.fits.fz N4 1336351 20.0 60612.04229929 1.16 351.5297678043258 -1.6141038430416264 351.53728333333333 -1.5390000000000001 M438 0.05670588 24.760765 1.0133926 1.030703 21.720716 0.9635572 decam 5.3707695 -5.9713206 24 object "" 0 0.0 924.0 1948.0 -0.022891717 1.0000663 0.0004104701 -0.024289578 -0.00018075964 1.0001277 15414312082 20.756422
rawdata/DECam_01336352.fits.fz N4 1336352 20.0 60612.04290995 1.16 351.5297678043258 -1.6141038430416264 351.53728333333333 -1.5390000000000001 M438 0.05670588 24.760078 1.012752 1.0144253 21.727762 0.9285693 decam -2.3404808 4.997329 26 object "" 0 0.0 924.0 1948.0 0.14273782 1.0001155 0.00048522634 -0.02288098 -0.00024935877 1.0000625 15413968212 21.538511
rawdata/DECam_01336353.fits.fz N4 1336353 20.0 60612.04353438 1.16 351.5297678043258 -1.6141038430416264 351.53728333333333 -1.5390000000000001 M438 0.05670588 24.76046 1.0131088 1.0206347 21.701128 0.9626096 decam -14.696703 16.41224 25 object "" 0 0.0 924.0 1948.0 -0.077290885 1.0001055 0.00049152883 -0.08668894 -0.00027496612 1.0000969 15414670323 20.776855
rawdata/DECam_01336354.fits.fz N4 1336354 20.0 60612.04413617 1.15 351.5297678043258 -1.6141038430416264 351.53728333333333 -1.5390000000000001 M438 0.05670588 24.763355 1.0132622 1.0790156 21.683573 1.0873288 decam -18.870049 22.260513 26 object "" 0 0.0 924.0 1948.0 0.0027404453 1.0001242 0.0004871947 -0.1455461 -0.0002325198 1.0000921 15415490061 18.393702
rawdata/DECam_01336355.fits.fz N4 1336355 20.0 60612.04473256 1.15 351.5297678043258 -1.6141038430416264 351.53728333333333 -1.5390000000000001 M438 0.05670588 24.753529 1.0041343 1.0943751 21.695408 1.126518 decam -16.000189 19.485771 25 object "" 0 0.0 924.0 1948.0 -0.06549573 1.0000124 0.00047633582 -0.122864485 -0.00022084717 1.0000541 15415210278 17.753822
rawdata/DECam_01336356.fits.fz N4 1336356 20.0 60612.0453513 1.15 351.5297678043258 -1.6141038430416264 351.53728333333333 -1.5390000000000001 M438 0.05670588 24.764078 1.0139375 1.0794575 21.686676 1.0836681 decam -4.529072 7.5356665 24 object "" 0 0.0 924.0 1948.0 0.014349706 1.0001581 0.00046217715 -0.13435371 -0.0002471702 1.0000916 15415522084 18.455835
rawdata/DECam_01336357.fits.fz N4 1336357 20.0 60612.04594849 1.15 351.5297678043258 -1.6141038430416264 351.53728333333333 -1.5390000000000001 M438 0.05670588 24.750683 1.0015056 1.1143017 21.675007 1.196234 decam -7.6440983 13.033446 25 object "" 0 0.0 924.0 1948.0 -0.09005834 0.99999243 0.0004403096 -0.015017365 -0.00021097349 1.0001053 15416379591 16.719137
rawdata/DECam_01336358.fits.fz N4 1336358 20.0 60612.04656113 1.15 351.5297678043258 -1.6141038430416264 351.53728333333333 -1.5390000000000001 M438 0.05670588 24.748632 0.999615 1.0586908 21.655228 1.1040692 decam -0.35083583 -0.3533239 25 object "" 0 0.0 924.0 1948.0 0.08245796 1.000191 0.0004963529 -0.06767002 -0.00025460115 1.00006 15417014500 18.114805
rawdata/DECam_01336359.fits.fz N4 1336359 20.0 60612.04719041 1.15 351.5297678043258 -1.6141038430416264 351.53728333333333 -1.5390000000000001 M438 0.05670588 24.747206 0.998303 1.0693187 21.67881 1.1049961 decam -14.499373 -11.205451 24 object "" 0 0.0 924.0 1948.0 0.02674461 1.0001472 0.00046869414 -0.1362513 -0.00015227075 1.0000153 15417260793 18.099611
rawdata/DECam_01336360.fits.fz N4 1336360 20.0 60612.04780351 1.15 351.5297678043258 -1.6141038430416264 351.53728333333333 -1.5390000000000001 M438 0.05670588 24.75934 1.0095221 1.119735 21.667006 1.1975913 decam -19.30827 0.69503444 24 object "" 0 0.0 924.0 1948.0 0.015978388 1.0002176 0.00042380305 -0.08577722 -0.00024051046 1.0000286 15417912091 16.700188
rawdata/DECam_01336361.fits.fz N4 1336361 500.0 60612.05008384 1.65 34.869721612494466 -6.2561038029276705 34.87727916666667 -6.181 M438 0.02540927 24.64687 1.0321138 1.3350989 21.725172 1.9840691 decam -16.101728 26.625292 68 object IBIS_deep_xmm_M438_67 0 0.0 924.0 1948.0 -0.07509943 1.0001734 -0.0014144715 -0.37646535 0.0015510225 1.0001068 17149235610 252.00735
rawdata/DECam_01336362.fits.fz N4 1336362 500.0 60612.05626075 1.59 35.13771075713614 -6.428103801430884 35.145270833333335 -6.353 M438 0.026346643 24.662184 1.0311021 1.3358468 21.726412 1.9288318 decam -7.9883347 12.271434 53 object IBIS_deep_xmm_M438_68 0 0.0 924.0 1948.0 -0.57118106 1.0004513 -0.0016619066 -0.13127339 0.0011653242 1.0002748 17069568543 259.22424
rawdata/DECam_01336363.fits.fz N4 1336363 500.0 60612.06240495 1.53 34.265731728070264 -5.173103812330712 34.273275 -5.098 M438 0.02235076 24.686626 1.0387874 1.2570132 21.771528 1.5665319 decam -13.258605 15.528969 66 object IBIS_deep_xmm_M438_63 0 0.0 924.0 1948.0 -0.15879503 1.000504 -0.0011627855 -0.08405562 0.0007154981 1.0000832 16538019820 319.1764
rawdata/DECam_01336364.fits.fz N4 1336364 500.0 60612.06856113 1.48 34.73972606277688 -5.62810380838453 34.747275 -5.553 M438 0.0225511 24.71358 1.0515937 1.1757022 21.806614 1.2628617 decam -7.0800705 6.2821994 69 object IBIS_deep_xmm_M438_81 0 0.0 924.0 1948.0 0.8521783 1.0001639 -0.001567564 -0.28544244 0.0010929029 1.0000628 16532800334 395.92615
rawdata/DECam_01336365.fits.fz N4 1336365 500.0 60612.074733 1.44 34.93071852254436 -5.882103806178952 34.938270833333334 -5.807 M438 0.0256092 24.70563 1.0334741 1.2247825 21.814873 1.3799863 decam 1.9715744 2.1642852 53 object IBIS_deep_xmm_M438_82 0 0.0 924.0 1948.0 0.25825983 1.0004407 -0.0013380507 -0.47198433 0.0012464977 1.0001549 16502322295 362.32242
rawdata/DECam_01336366.fits.fz N4 1336366 500.0 60612.08088621 1.39 35.43371728955237 -6.548103800386016 35.44127916666667 -6.473 M438 0.026178287 24.713911 1.0283765 1.14613 21.829983 1.1739745 decam 5.395413 -17.182022 83 object IBIS_deep_xmm_M438_69 0 0.0 924.0 1948.0 0.1797506 0.9999862 -0.0015249742 -0.2338369 0.0012779387 1.0003929 16528354010 425.90363
rawdata/DECam_01336367.fits.fz N4 1336367 500.0 60612.08705181 1.36 35.17671574549542 -6.0831038044321675 35.184270833333336 -6.008 M438 0.02505659 24.733084 1.0388317 1.124774 21.8337 1.0877473 decam 15.77935 -19.603851 70 object IBIS_deep_xmm_M438_83 0 0.0 924.0 1948.0 -0.08145883 0.999853 -0.0014873017 -0.19051759 0.00082460255 1.0004102 16512525847 459.6656
rawdata/DECam_01336368.fits.fz N4 1336368 500.0 60612.09321231 1.32 34.26873538921562 -4.85610381507665 34.276275 -4.781 M438 0.019563725 24.729855 1.0253822 1.0101511 21.842018 0.87625825 decam 9.79187 -27.823753 66 object IBIS_deep_xmm_M438_62 0 0.0 924.0 1948.0 0.7152875 0.99998367 -0.0013572173 0.061758403 0.00088894804 0.9997895 16575418454 570.60803
rawdata/DECam_01336369.fits.fz N4 1336369 500.0 60612.09935547 1.29 35.463722102774724 -6.222103803223431 35.47127916666667 -6.147 M438 0.026782516 24.748083 1.0349065 1.0058483 21.876333 0.81400114 decam 8.721085 -21.936089 71 object IBIS_deep_xmm_M438_84 0 0.0 924.0 1948.0 0.23521179 1.0002282 -0.0011947264 -0.22575325 0.0014981914 1.0000643 16591066756 614.24976
rawdata/DECam_01336370.fits.fz N4 1336370 500.0 60612.10552159 1.27 35.09972648996677 -5.595103808670939 35.107275 -5.52 M438 0.025305253 24.741243 1.0232494 0.98842925 21.88274 0.7914036 decam -0.65831256 -10.465615 65 object IBIS_deep_xmm_M438_7 0 0.0 924.0 1948.0 0.54409826 0.9998608 -0.0017687441 -0.28227785 0.0015666882 1.0001521 16427528582 631.7889
rawdata/DECam_01336371.fits.fz N4 1336371 500.0 60612.11169079 1.24 35.7757210613091 -6.294103802597073 35.78327916666667 -6.219 M438 0.029704135 24.758953 1.0322597 0.94889826 21.861021 0.7203794 decam -10.788175 -27.259539 65 object IBIS_deep_xmm_M438_85 0 0.0 924.0 1948.0 0.8308574 1.0001107 -0.0014850085 -0.45188278 0.0017012594 1.0000806 16545629615 694.0787
rawdata/DECam_01336372.fits.fz N4 1336372 483.0 60612.11787654 1.22 35.335719521026185 -5.808103806821725 35.34327083333333 -5.733 M438 0.02400516 24.761507 1.0295013 0.97480166 21.871655 0.7491942 decam 1.2473589 -11.317035 61 object IBIS_deep_xmm_M438_8 0 0.0 924.0 1948.0 -0.12527464 0.999529 -0.0011036586 -0.1272647 0.0014205457 1.0000296 16416470343 644.6926
rawdata/DECam_01336373.fits.fz N4 1336373 470.0 60612.12382383 1.2 35.62472188390667 -5.941103805666346 35.632275 -5.866 M438 0.02627673 24.749743 1.0132976 0.9722898 21.865414 0.76606804 decam -5.9402204 -12.620121 56 object IBIS_deep_xmm_M438_9 0 0.0 924.0 1948.0 0.20303263 0.9998603 -0.0016666487 -0.23052417 0.0014009188 1.0002184 16408895794 613.5225
rawdata/DECam_01336374.fits.fz N4 1336374 475.0 60612.1296383 1.18 36.09471269887169 -6.296103802579671 36.102270833333336 -6.221 M438 0.032051947 24.760328 1.0180926 0.9896782 21.853905 0.7866087 decam -16.630062 -12.262363 42 object IBIS_deep_xmm_M438_86 0 0.0 924.0 1948.0 -0.49306133 0.99984914 -0.0015897325 -0.12686184 0.0013044951 1.000085 16427241301 603.8581
rawdata/DECam_01336375.fits.fz N4 1336375 5.0 60612.13677502 1.25 351.223767130557 -1.7871038415531966 351.23128333333335 -1.712 g 0.049293548 26.645557 1.0745401 1.0743587 21.42322 1.6358192 decam 19.92579 7.842344 44 object "" 0 0.0 924.0 1948.0 -0.018239338 0.99992937 4.8276794e-05 0.2071836 -0.00056861516 1.0000726 15509573454 3.0565724
rawdata/DECam_01336376.fits.fz N4 1336376 20.0 60612.13720594 1.25 351.223767130557 -1.7871038415531966 351.23128333333335 -1.712 M490 0.049293548 24.919867 0.9900256 0.9386341 21.43844 1.0975975 decam 8.5365925 24.025597 44 object "" 0 0.0 924.0 1948.0 -0.10480973 1.0000796 -7.628929e-05 -0.038255494 -0.0002818593 1.0002124 15494793207 18.221615
rawdata/DECam_01336377.fits.fz N4 1336377 20.0 60612.13782612 1.25 351.223767130557 -1.7871038415531966 351.23128333333335 -1.712 M490 0.049293548 24.920048 0.9901919 0.92776346 21.428272 1.0821195 decam 0.7918368 9.445545 45 object "" 0 0.0 924.0 1948.0 -0.05467112 0.9999517 -6.0537957e-05 -0.031663142 -0.00026110053 1.0002382 15494751520 18.482246
rawdata/DECam_01336378.fits.fz N4 1336378 20.0 60612.13841935 1.26 351.223767130557 -1.7871038415531966 351.23128333333335 -1.712 M490 0.049293548 24.923943 0.99555486 0.92600137 21.432814 1.065851 decam -0.6382457 13.093242 45 object "" 0 0.0 924.0 1948.0 0.0121494625 1.0000079 -0.00011469629 0.18486708 -0.00038668 1.0000268 15494097850 18.764349
rawdata/DECam_01336379.fits.fz N4 1336379 20.0 60612.13903872 1.26 351.223767130557 -1.7871038415531966 351.23128333333335 -1.712 M490 0.049293548 24.916733 0.98896563 0.91567117 21.450212 1.0394163 decam 3.059901 25.790266 46 object "" 0 0.0 924.0 1948.0 0.062489428 0.9999356 -0.00010657749 0.18435442 -0.00036132132 1.0000337 15492806854 19.24157
rawdata/DECam_01336380.fits.fz N4 1336380 20.0 60612.13965173 1.26 351.223767130557 -1.7871038415531966 351.23128333333335 -1.712 M490 0.049293548 24.922165 0.99392605 0.94417816 21.442842 1.101396 decam -11.413624 24.086798 46 object "" 0 0.0 924.0 1948.0 -0.058196977 0.9999591 -7.561049e-05 -0.062178653 -0.00030795028 1.0001924 15492970202 18.158773
