logs/db-2026-03-23.ecsv
# %ECSV 1.0
# ---
# datatype:
# - {name: filename, datatype: string}
# - {name: extension, datatype: string}
# - {name: expnum, datatype: int64}
# - {name: exptime, datatype: float32}
# - {name: mjd_obs, datatype: float64}
# - {name: airmass, datatype: float32}
# - {name: racenter, datatype: float64}
# - {name: deccenter, datatype: float64}
# - {name: rabore, datatype: float64}
# - {name: decbore, datatype: float64}
# - {name: band, datatype: string}
# - {name: ebv, datatype: float32}
# - {name: zeropoint, datatype: float32}
# - {name: transparency, datatype: float32}
# - {name: seeing, datatype: float32}
# - {name: sky, datatype: float32}
# - {name: expfactor, datatype: float32}
# - {name: camera, datatype: string}
# - {name: dx, datatype: float32}
# - {name: dy, datatype: float32}
# - {name: nmatched, datatype: int64}
# - {name: obstype, datatype: string}
# - {name: object, datatype: string}
# - {name: tileid, datatype: int64}
# - {name: tileebv, datatype: float32}
# - {name: affine_x0, datatype: float32}
# - {name: affine_y0, datatype: float32}
# - {name: affine_dx, datatype: float32}
# - {name: affine_dxx, datatype: float32}
# - {name: affine_dxy, datatype: float32}
# - {name: affine_dy, datatype: float32}
# - {name: affine_dyx, datatype: float32}
# - {name: affine_dyy, datatype: float32}
# - {name: checksum, datatype: string}
# - {name: efftime, datatype: float32}
# schema: astropy-2.0
filename extension expnum exptime mjd_obs airmass racenter deccenter rabore decbore band ebv zeropoint transparency seeing sky expfactor camera dx dy nmatched obstype object tileid tileebv affine_x0 affine_y0 affine_dx affine_dxx affine_dxy affine_dy affine_dyx affine_dyy checksum efftime
/home/declsp/obsbot/rawdata/DECam_01465640.fits.fz N4 1465640 15.0 61122.98760518 1.32 57.082910562594094 -39.134436511725795 57.092595833333334 -39.059333055555555 M490 0.01304523 24.969385 1.04947 1.6855524 18.351992 55.340878 decam -23.952501 46.642532 37 object "LTT1788 N4" 0 0.0 924.0 1948.0 0.48391277 0.99924606 -0.0022725754 0.18470134 0.0034047354 0.99961096 16356927166 0.27104738
/home/declsp/obsbot/rawdata/DECam_01465641.fits.fz N4 1465641 15.0 61122.98808766 1.33 56.6824855625941 -39.1344365117258 56.692170833333336 -39.059333055555555 M490 0.011692572 24.96322 1.0454227 1.5327628 18.47812 41.216587 decam -19.33259 36.621815 28 object "LTT1788 N5" 0 0.0 924.0 1948.0 0.77297527 1.0007396 -0.0027385405 -0.89106953 0.002434749 1.0002018 16243115726 0.36393118
/home/declsp/obsbot/rawdata/DECam_01465642.fits.fz N4 1465642 15.0 61122.98858073 1.32 57.48329587640457 -39.30110345378338 57.493004166666665 -39.226 M490 0.0115917595 24.959835 1.0402799 1.6500355 18.63287 41.67285 decam -30.961718 50.29804 40 object "LTT1788 S3" 0 0.0 924.0 1948.0 1.5617424 0.9998542 -0.0029118692 -0.08046403 0.002538269 0.99996567 16125203174 0.35994655
/home/declsp/obsbot/rawdata/DECam_01465643.fits.fz N4 1465643 15.0 61122.98904431 1.32 57.08288754307122 -39.30110345378338 57.092595833333334 -39.226 M490 0.0186828 24.955332 1.0359728 1.6688914 18.745983 38.73218 decam -25.228657 53.430836 38 object "LTT1788 S4" 0 0.0 924.0 1948.0 -0.5138829 0.9997793 -0.002683007 -0.5804676 0.0030997382 0.9997362 16056507863 0.38727486
/home/declsp/obsbot/rawdata/DECam_01465644.fits.fz N4 1465644 15.0 61122.98950772 1.33 56.682462543071225 -39.30110345378338 56.692170833333336 -39.226 M490 0.016055398 24.95596 1.0384549 1.6252587 18.855095 33.184425 decam -24.9869 52.98391 42 object "LTT1788 S5" 0 0.0 924.0 1948.0 -0.5802537 1.0012109 -0.0024967883 -0.3025994 0.0023184998 1.0001365 15989430538 0.45201927
/home/declsp/obsbot/rawdata/DECam_01465645.fits.fz N4 1465645 15.0 61122.99083668 1.04 89.0930033306711 -27.849770541142576 89.1015 -27.774666944444444 M490 0.038579706 24.990307 1.0168916 1.6117544 19.754366 13.38159 decam -6.1086326 62.623333 141 object "LTT2415 N4" 0 0.0 924.0 1948.0 0.66052777 0.999911 -0.0028440827 -0.21861874 0.0027278755 0.9999396 15649182853 1.1209431
/home/declsp/obsbot/rawdata/DECam_01465646.fits.fz N4 1465646 15.0 61122.99132368 1.04 88.74173249733775 -27.849770541142576 88.75022916666667 -27.774666944444444 M490 0.03469151 24.986073 1.0129334 1.5546207 19.86179 11.366025 decam 3.8650239 73.65527 135 object "LTT2415 N5" 0 0.0 924.0 1948.0 0.62062484 1.0000796 -0.0029973194 -0.50631064 0.002786697 0.99989915 15621669596 1.3197227
/home/declsp/obsbot/rawdata/DECam_01465647.fits.fz N4 1465647 15.0 61122.99180585 1.04 89.4442443826225 -28.016436650418257 89.45275416666667 -27.941333055555557 M490 0.029162224 25.002668 1.0285352 1.4471143 19.9693 8.65276 decam 13.2168455 65.6947 188 object "LTT2415 S3" 0 0.0 924.0 1948.0 0.9702434 1.0002439 -0.0028983701 -0.271281 0.0030602112 0.9998665 15617121322 1.733551
/home/declsp/obsbot/rawdata/DECam_01465648.fits.fz N4 1465648 15.0 61122.99228242 1.04 89.09299021595584 -28.016436650418257 89.1015 -27.941333055555557 M490 0.035507463 24.994547 1.0208701 1.5839115 20.065348 9.629472 decam 8.508337 56.199688 144 object "LTT2415 S4" 0 0.0 924.0 1948.0 0.35377565 1.0001038 -0.0031176137 -0.0015472374 0.0031147576 1.0000017 15579938591 1.5577178
/home/declsp/obsbot/rawdata/DECam_01465649.fits.fz N4 1465649 15.0 61122.99276933 1.04 88.7417193826225 -28.016436650418257 88.75022916666667 -27.941333055555557 M490 0.034228936 24.995518 1.0217841 1.491638 20.157051 7.8354516 decam 7.4820857 70.26543 161 object "LTT2415 S5" 0 0.0 924.0 1948.0 0.08491686 1.0003018 -0.0028143662 -0.60289437 0.0030697556 1.0000494 15565533215 1.9143759
/home/declsp/obsbot/rawdata/DECam_01465650.fits.fz N4 1465650 150.0 61122.99389149 1.28 66.02059576455089 -21.437196719091286 66.02866666666668 -21.362093055555555 M490 0.018920891 24.97093 1.0433642 1.358331 20.058393 7.4470296 decam 10.977646 70.38858 95 object "Eridanus position 20" 0 0.0 924.0 1948.0 0.18005916 1.0000368 -0.0026700953 -0.54526776 0.0029423411 1.0000871 17442001075 20.14226
/home/declsp/obsbot/rawdata/DECam_01465651.fits.fz N4 1465651 150.0 61122.99597063 1.29 66.42613211829018 -21.230682554470626 66.43419166666666 -21.15557888888889 M490 0.024018416 24.969809 1.0441796 1.3909459 20.384031 5.797057 decam 4.49001 57.376656 105 object "Eridanus position 21" 0 0.0 924.0 1948.0 1.0293707 0.9998053 -0.0027132516 -0.23019576 0.0028059657 1.0001405 16944320481 25.875198
/home/declsp/obsbot/rawdata/DECam_01465652.fits.fz N4 1465652 150.0 61122.99805039 1.31 65.96709203084897 -21.125212555513336 65.97514583333333 -21.05010888888889 M490 0.025705632 24.964924 1.0432714 1.3416427 20.603544 4.44637 decam -5.4505334 49.401928 105 object "Eridanus position 22" 0 0.0 924.0 1948.0 1.4162372 0.9999687 -0.0027483564 -0.15261684 0.0028993753 1.0000885 16608426290 33.735382
/home/declsp/obsbot/rawdata/DECam_01465653.fits.fz N4 1465653 150.0 61123.00011583 1.31 66.23530057313845 -21.500806718459916 66.243375 -21.425703055555555 M490 0.018644245 24.969057 1.0472517 1.34551 20.757277 3.852136 decam -12.324494 48.718338 110 object "Eridanus position 23" 0 0.0 924.0 1948.0 -0.10680903 0.9999988 -0.0027124616 -0.36728734 0.0026912952 1.0001118 16474445803 38.939434
/home/declsp/obsbot/rawdata/DECam_01465654.fits.fz N4 1465654 150.0 61123.00218578 1.33 66.31074637248899 -21.045083667415643 66.31879583333334 -20.96998 M490 0.027017938 24.973402 1.0552732 1.4136195 20.83665 3.9202204 decam -14.327892 43.3571 111 object "Eridanus position 24" 0 0.0 924.0 1948.0 -0.81950784 0.99986935 -0.0026933595 -0.17988849 0.0028740708 1.0000991 16372147988 38.263157
/home/declsp/obsbot/rawdata/DECam_01465655.fits.fz N4 1465655 35.0 61123.0060808 1.19 133.5797404063183 -3.9491038229196533 133.58727083333332 -3.874 M490 0.017362146 24.984648 1.0395162 1.4492402 21.135227 3.065297 decam 4.123575 -5.4998846 146 object "pointing test" 0 0.0 924.0 1948.0 0.035149023 1.0001248 -0.001924921 -0.019016137 0.0018410208 1.0000004 15591137677 11.418144
/home/declsp/obsbot/rawdata/DECam_01465656.fits.fz N4 1465656 800.0 61123.00786324 1.2 136.24874561931114 -4.279103820068271 136.25627916666667 -4.204 M490 0.016417809 24.984516 1.0412781 1.3744776 21.183186 2.6390483 decam 10.409573 -7.7159615 268 object IBIS_wide_M490_419309 419309 0.020275 924.0 1948.0 -0.042702522 0.99994355 -0.0017874266 -0.11281113 0.0015598768 1.0000118 20386660083 303.13956
/home/declsp/obsbot/rawdata/DECam_01465657.fits.fz N4 1465657 800.0 61123.01747101 1.18 137.21273345476865 -4.6521038168423745 137.22027083333333 -4.577 M490 0.021640187 24.992416 1.0450823 1.3713125 21.241983 2.4524953 decam 2.6162243 1.9768286 245 object IBIS_wide_M490_422271 422271 0.022502 924.0 1948.0 0.105352424 1.0000412 -0.0017720144 -0.07776961 0.0015939296 1.0000364 19313047435 326.19836
/home/declsp/obsbot/rawdata/DECam_01465658.fits.fz N4 1465658 800.0 61123.02709808 1.18 140.5887417369765 -4.250103820318943 140.596275 -4.175 M490 0.03821035 24.983843 1.0368615 1.4693329 21.268105 2.791981 decam 10.707582 15.079285 208 object IBIS_wide_M490_419282 419282 0.035511 924.0 1948.0 0.09432084 1.0003358 -0.0016424805 -0.31659824 0.0015997456 0.99999034 19048637974 286.5349
/home/declsp/obsbot/rawdata/DECam_01465659.fits.fz N4 1465659 800.0 61123.03667575 1.16 142.14573188282284 -5.160103812443374 142.15327499999998 -5.085 M490 0.036380786 24.990076 1.0390549 1.394385 21.30232 2.4089026 decam 9.045297 16.992643 214 object IBIS_wide_M490_422257 422257 0.036615 924.0 1948.0 0.43230745 1.0000296 -0.0016201278 -0.1367689 0.0015124979 0.99989915 19065229543 332.10144
/home/declsp/obsbot/rawdata/DECam_01465660.fits.fz N4 1465660 800.0 61123.04626836 1.15 143.19273658304783 -4.748103816011575 143.200275 -4.673 M490 0.032558464 24.981363 1.0288819 1.4090598 21.353912 2.383604 decam 18.391964 19.724056 186 object IBIS_wide_M490_422259 422259 0.036416 924.0 1948.0 -0.14936392 1.0002344 -0.0015589842 -0.2520765 0.0015640096 1.0001303 18863672018 335.62622
/home/declsp/obsbot/rawdata/DECam_01465661.fits.fz N4 1465661 800.0 61123.05586781 1.14 143.4747453979226 -3.8571038237141715 143.48227500000002 -3.782 M490 0.043816056 24.97818 1.0240096 1.3814782 21.404634 2.199602 decam 22.455153 10.129198 168 object IBIS_wide_M490_418991 418991 0.041273 924.0 1948.0 0.04292984 1.000199 -0.0015249214 -0.18203323 0.0014849611 0.99995244 18802153899 363.7022
/home/declsp/obsbot/rawdata/DECam_01465662.fits.fz N4 1465662 730.0256 61123.06566356 1.14 151.03370971073616 -6.498103800821439 151.04127083333333 -6.423 M490 0.035550624 24.978035 1.0238734 1.3471692 21.529034 1.8658867 decam 17.582151 19.27564 143 object IBIS_wide_M490_424948 424948 0.037083 924.0 1948.0 0.47170293 0.99992883 -0.0011490566 -0.06740948 0.0011979506 0.9999884 17993915218 391.24863
/home/declsp/obsbot/rawdata/DECam_01465663.fits.fz N4 1465663 615.5763 61123.07442587 1.13 151.02373245315988 -5.45410380989432 151.03127916666668 -5.379 M490 0.03686335 25.000565 1.0434462 1.2811671 21.624046 1.4834987 decam 21.00157 7.7393947 154 object IBIS_wide_M490_425454 425454 0.037819 924.0 1948.0 0.2810361 0.99983454 -0.001258654 -0.2558639 0.0011470277 1.0000632 17447435410 414.94897
/home/declsp/obsbot/rawdata/DECam_01465664.fits.fz N4 1465664 579.5165 61123.08188722 1.13 152.80173179954357 -5.167103812382711 152.80927499999999 -5.092 M490 0.04059073 24.989607 1.0329672 1.2753241 21.69329 1.407317 decam 10.873634 14.365295 135 object IBIS_wide_M490_428435 428435 0.038409 924.0 1948.0 0.37383354 1.0000829 -0.0012287109 -0.22128733 0.0012551128 0.9999652 17217494000 411.78815
/home/declsp/obsbot/rawdata/DECam_01465665.fits.fz N4 1465665 689.6658 61123.08892463 1.13 151.64374644448927 -3.737103824750243 151.651275 -3.662 M490 0.031769514 24.98134 1.0251325 1.372632 21.73008 1.5997972 decam 6.4621253 23.282187 189 object IBIS_wide_M490_425460 425460 0.034136 924.0 1948.0 0.2538812 1.0001504 -0.0012194343 -0.35651752 0.001297822 1.0000234 17444187497 431.09573
/home/declsp/obsbot/rawdata/DECam_01465666.fits.fz N4 1465666 655.186 61123.09742694 1.13 158.05273242800268 -5.456103809876974 158.06027916666665 -5.381 M490 0.040415794 24.981201 1.025001 1.3730274 21.722136 1.612889 decam 11.049723 1.661635 156 object IBIS_wide_M490_425433 425433 0.039782 924.0 1948.0 0.3925886 0.999942 -0.0010377865 -0.071477 0.0010379782 1.0000472 17381597647 406.2189
/home/declsp/obsbot/rawdata/DECam_01465667.fits.fz N4 1465667 652.616 61123.10533078 1.12 157.37073469159057 -4.918103814539799 157.378275 -4.843 M490 0.041114468 25.002962 1.0438571 1.341392 21.71427 1.4897777 decam 1.6181209 9.357667 145 object IBIS_wide_M490_425439 425439 0.03963 924.0 1948.0 0.07397013 1.0000952 -0.0010490479 -0.18707255 0.0011313104 1.0001107 17352107303 438.06268
/home/declsp/obsbot/rawdata/DECam_01465668.fits.fz N4 1465668 576.1664 61123.11319261 1.11 158.70373949995428 -4.861103815033359 158.71127916666666 -4.786 M490 0.038793296 25.004694 1.043628 1.2947667 21.697832 1.4048411 decam 4.196327 13.36322 159 object IBIS_wide_M490_425436 425436 0.04283 924.0 1948.0 0.033996295 1.0001922 -0.0009898456 -0.06828615 0.00096826506 1.0000473 17123441865 410.12924
/home/declsp/obsbot/rawdata/DECam_01465669.fits.fz N4 1465669 759.7253 61123.12020505 1.12 161.61873528850327 -4.865103814998726 161.62627500000002 -4.79 M490 0.038355473 24.977804 1.0199473 1.4949968 21.675125 2.0088937 decam -5.164747 13.022762 138 object IBIS_wide_M490_425227 425227 0.041599 924.0 1948.0 0.12973465 1.000134 -0.00094925414 -0.1025456 0.0009834844 0.99998486 17828246301 378.1809
/home/declsp/obsbot/rawdata/DECam_01465670.fits.fz N4 1465670 691.8759 61123.12932353 1.12 162.2837375605378 -4.251103820310299 162.29127083333333 -4.176 M490 0.043523315 24.976751 1.0189587 1.3406963 21.660587 1.6410176 decam 6.906098 13.625403 164 object IBIS_wide_M490_425228 425228 0.03912 924.0 1948.0 0.16066606 1.0001452 -0.0008863797 0.06552238 0.0011627177 0.999947 17561486768 421.61398
/home/declsp/obsbot/rawdata/DECam_01465671.fits.fz N4 1465671 800.0 61123.13774439 1.11 167.200731211368 -4.857103815067992 167.20827083333333 -4.782 M490 0.058186706 24.981848 1.0218961 1.3515528 21.637186 1.68808 decam -3.1802375 26.857697 158 object IBIS_wide_M490_425211 425211 0.054288 924.0 1948.0 0.19860765 0.9999749 -0.0007112953 -0.044307902 0.000453052 1.0000123 18090173339 473.9112
/home/declsp/obsbot/rawdata/DECam_01465672.fits.fz N4 1465672 783.9951 61123.14735648 1.11 165.07274586454096 -4.254103820284368 165.08027916666666 -4.179 M490 0.035665363 24.980701 1.020819 1.403435 21.633055 1.8307837 decam 11.376703 40.75988 127 object IBIS_wide_M490_425224 425224 0.037907 924.0 1948.0 0.33448568 1.000048 -0.00072277646 -0.15964238 0.0005963345 1.0001054 18011367078 428.22925
/home/declsp/obsbot/rawdata/DECam_01465673.fits.fz N4 1465673 800.0 61123.15675673 1.11 167.91473624017203 -4.384103819160508 167.92227083333336 -4.309 M490 0.051935434 24.970657 1.0114183 1.6311766 21.602133 2.5912867 decam 18.661104 34.231804 140 object IBIS_wide_M490_425212 425212 0.050127 924.0 1948.0 0.13286445 0.9999958 -0.0006917937 -0.010198066 0.0005762247 0.99995744 18047842082 308.72693
/home/declsp/obsbot/rawdata/DECam_01465674.fits.fz N4 1465674 769.285 61123.16637271 1.11 170.76274166852332 -4.257103820258437 170.770275 -4.182 M490 0.038429562 24.984106 1.0240254 1.3528991 21.576578 1.7811142 decam 15.904277 54.873447 113 object IBIS_wide_M490_425208 425208 0.045787 924.0 1948.0 0.032829672 1.0000197 -0.0006611821 -0.0071274946 0.00079097034 1.0001155 18171261385 431.9122
/home/declsp/obsbot/rawdata/DECam_01465675.fits.fz N4 1465675 579.0963 61123.17559677 1.11 171.04874831065234 -3.996103822513689 171.05627916666666 -3.921 M490 0.040410567 24.996595 1.0358713 1.1867999 21.572392 1.3451762 decam 13.159404 56.91302 126 object IBIS_wide_M490_428194 428194 0.049461 924.0 1948.0 0.15854359 1.0002651 -0.00053151185 -0.011482941 0.00054353 1.0001309 17511021018 430.49844
/home/declsp/obsbot/rawdata/DECam_01465676.fits.fz N4 1465676 485.0269 61123.18268936 1.11 175.29574311993997 -4.106103821563381 175.303275 -4.031 M490 0.023713525 25.001804 1.0408529 1.1875739 21.567142 1.3405316 decam 18.808071 44.526608 173 object IBIS_wide_M490_428265 428265 0.025373 924.0 1948.0 -0.062200908 1.0004178 -0.00044682468 -0.17337552 0.00023096844 1.0000656 17139732951 361.81683
/home/declsp/obsbot/rawdata/DECam_01465677.fits.fz N4 1465677 571.0862 61123.19104008 1.11 176.6787444639396 -3.9611038228160083 176.686275 -3.886 M490 0.022378232 24.999577 1.0387205 1.2004361 21.555521 1.3901044 decam -17.361223 -3.0491984 141 object IBIS_wide_M490_428260 428260 0.024218 924.0 1948.0 -0.011269672 1.000077 -0.00041720876 0.021667952 0.00031060408 1.0000842 17362446797 410.8225
/home/declsp/obsbot/rawdata/DECam_01465678.fits.fz N4 1465678 767.7451 61123.19825257 1.12 184.9587469552815 -3.67710382526817 184.966275 -3.602 M490 0.039372306 24.994934 1.0361675 1.3597959 21.45758 1.9680637 decam -12.39381 -12.386686 168 object IBIS_wide_M490_431536 431536 0.037925 924.0 1948.0 -0.102515556 1.000198 5.182043e-05 0.104351744 -0.00015811749 1.0000644 18329860242 390.10175
/home/declsp/obsbot/rawdata/DECam_01465679.fits.fz N4 1465679 687.4156 61123.20749343 1.12 188.37474636183174 -3.2261038291591144 188.38227083333334 -3.151 M490 0.04534589 24.973993 1.0163736 1.2892292 21.480219 1.8010095 decam -13.140455 -17.406395 132 object IBIS_wide_M490_431453 431453 0.035485 924.0 1948.0 -0.03547332 1.0000395 0.0001418659 0.08186323 -0.00030127828 0.9999631 17948431382 381.68347
