logs/db-2025-12-14.ecsv
# %ECSV 1.0
# ---
# datatype:
# - {name: filename, datatype: string}
# - {name: extension, datatype: string}
# - {name: expnum, datatype: int64}
# - {name: exptime, datatype: float32}
# - {name: mjd_obs, datatype: float64}
# - {name: airmass, datatype: float32}
# - {name: racenter, datatype: float64}
# - {name: deccenter, datatype: float64}
# - {name: rabore, datatype: float64}
# - {name: decbore, datatype: float64}
# - {name: band, datatype: string}
# - {name: ebv, datatype: float32}
# - {name: zeropoint, datatype: float32}
# - {name: transparency, datatype: float32}
# - {name: seeing, datatype: float32}
# - {name: sky, datatype: float32}
# - {name: expfactor, datatype: float32}
# - {name: camera, datatype: string}
# - {name: dx, datatype: float32}
# - {name: dy, datatype: float32}
# - {name: nmatched, datatype: int64}
# - {name: obstype, datatype: string}
# - {name: object, datatype: string}
# - {name: tileid, datatype: int64}
# - {name: tileebv, datatype: float32}
# - {name: affine_x0, datatype: float32}
# - {name: affine_y0, datatype: float32}
# - {name: affine_dx, datatype: float32}
# - {name: affine_dxx, datatype: float32}
# - {name: affine_dxy, datatype: float32}
# - {name: affine_dy, datatype: float32}
# - {name: affine_dyx, datatype: float32}
# - {name: affine_dyy, datatype: float32}
# - {name: checksum, datatype: string}
# - {name: efftime, datatype: float32}
# schema: astropy-2.0
filename extension expnum exptime mjd_obs airmass racenter deccenter rabore decbore band ebv zeropoint transparency seeing sky expfactor camera dx dy nmatched obstype object tileid tileebv affine_x0 affine_y0 affine_dx affine_dxx affine_dxy affine_dy affine_dyx affine_dyy checksum efftime
rawdata/DECam_01441387.fits.fz N4 1441387 30.0 61024.195513 1.19 53.91759550498942 -11.821214864948702 53.925270833333336 -11.74611111111111 g 0.083980516 25.875916 0.5239457 1.4282091 22.243471 6.87718 decam -16.63838 -0.8269756 53 object check 0 0.0 924.0 1948.0 -1.2990031 0.9998477 -0.0022205885 -0.21352664 0.002228306 0.9999835 15623676220 4.362253
rawdata/DECam_01441388.fits.fz N4 1441388 800.0 61024.19730866 1.2 53.22057447354014 -12.407103748569183 53.22826666666667 -12.332 M490 0.065030366 24.24716 0.5279879 1.3498908 22.30021 5.471142 decam 0.41454926 1.803762 120 object IBIS_wide_M490_410134 410134 0.055132 924.0 1948.0 0.80718017 1.0004737 -0.0021993145 -0.31173217 0.0022604929 1.0000978 16842749704 146.22176
rawdata/DECam_01441389.fits.fz N4 1441389 800.0 61024.2068959 1.24 52.55056331356232 -13.049103742768885 52.558275 -12.974 M490 0.04785801 24.235577 0.52619016 1.5171797 22.293428 6.3305974 decam -0.16838993 1.2091304 120 object IBIS_wide_M490_410133 410133 0.062112 924.0 1948.0 0.26890007 1.0003283 -0.0023871649 -0.14407736 0.0022847631 1.0001171 16895427820 126.37038
rawdata/DECam_01441390.fits.fz N4 1441390 800.0 61024.2164872 1.3 52.092542712432646 -13.436103739257963 52.10026666666666 -13.361 M490 0.079535484 24.207163 0.5182093 1.5460923 22.267275 8.773747 decam 0.50818104 1.3971773 95 object IBIS_wide_M490_407147 407147 0.071068 924.0 1948.0 0.30167708 0.9997812 -0.0025504972 -0.07291339 0.0024454545 0.9999268 16963323343 91.18111
rawdata/DECam_01441391.fits.fz N4 1441391 800.0 61024.22611349 1.35 54.635646557484506 -10.000103770075157 54.643274999999996 -9.925 M490 0.056432407 24.212524 0.5255206 1.4753014 22.239655 6.9511924 decam -3.3228042 2.4385633 100 object IBIS_wide_M490_410155 410155 0.061911 924.0 1948.0 0.82674336 0.9997889 -0.002595676 -0.29061803 0.0025618991 1.0000296 16897669327 115.088165
rawdata/DECam_01441392.fits.fz N4 1441392 800.0 61024.23770034 1.31 130.85674439105742 -3.9691038227469084 130.864275 -3.894 M490 0.020289809 24.231382 0.53086144 1.3423219 22.243958 4.3465652 decam 13.245051 -29.956003 349 object IBIS_wide_M490_422227 422227 0.020378 924.0 1948.0 0.5745079 1.000051 -0.0018747386 -0.39592946 0.0017050607 1.0001945 16936571442 184.05338
rawdata/DECam_01441393.fits.fz N4 1441393 800.0 61024.24729824 1.26 132.81672392410815 -6.094103804336536 132.82427916666666 -6.019 M490 0.023785716 24.228195 0.5245246 1.4686263 22.276163 5.199911 decam 17.596197 -39.09467 335 object IBIS_wide_M490_419211 419211 0.022871 924.0 1948.0 0.04216931 1.0001684 -0.0020527085 -0.24662961 0.001930106 1.0000923 16992792984 153.84879
rawdata/DECam_01441394.fits.fz N4 1441394 800.0 61024.25690228 1.24 134.72971162688438 -6.646103799532334 134.737275 -6.571 M490 0.03167059 24.22778 0.52242506 1.7170494 22.299469 7.3376064 decam 17.828642 -44.478622 290 object IBIS_wide_M490_419124 419124 0.032384 924.0 1948.0 0.094629794 1.0000322 -0.0018938287 -0.18871455 0.0017606129 1.0002662 16860997721 109.02738
rawdata/DECam_01441395.fits.fz N4 1441395 800.0 61024.26649564 1.21 134.29371822321784 -5.904103805987823 134.30127083333335 -5.829 M490 0.02684845 24.246367 0.5285602 1.508853 22.227814 5.664415 decam 18.529709 -49.15089 273 object IBIS_wide_M490_422196 422196 0.024811 924.0 1948.0 -0.06780348 1.0001249 -0.0019143308 -0.23164517 0.0021435127 1.0001239 16957228199 141.23259
rawdata/DECam_01441396.fits.fz N4 1441396 556.0471 61024.27714496 1.17 134.98471473034652 -6.441103801317716 134.992275 -6.366 M490 0.028763987 24.247217 0.52514976 1.7413896 22.202415 7.808814 decam -1.9132934 -3.9756644 272 object IBIS_wide_M490_422110 422110 0.031984 924.0 1948.0 0.17305946 0.99998254 -0.0018352236 -0.1235878 0.001756656 1.0002044 16490498804 71.20763
rawdata/DECam_01441397.fits.fz N4 1441397 800.0 61024.28389842 1.18 137.1827222458191 -5.601103808618867 137.19027083333336 -5.526 M490 0.023636026 24.255854 0.53030473 1.58441 22.133362 6.5523252 decam 0.5828124 -3.8587317 221 object IBIS_wide_M490_422112 422112 0.025017 924.0 1948.0 0.22382803 1.0001702 -0.0017936178 -0.08554744 0.0016454664 1.0001208 17446038545 122.09406
rawdata/DECam_01441398.fits.fz N4 1441398 800.0 61024.29347856 1.16 138.3107149690438 -6.138103803953967 138.31827083333332 -6.063 M490 0.035129614 24.254972 0.52795535 1.5199034 22.100128 6.726199 decam 0.8368544 -1.9918399 215 object IBIS_wide_M490_419277 419277 0.034745 924.0 1948.0 -0.00024521252 1.0002178 -0.0018573918 -0.18272762 0.0018465561 1.0001398 17135862280 118.9379
rawdata/DECam_01441399.fits.fz N4 1441399 800.0 61024.30305104 1.14 139.0997061442609 -6.731103798791621 139.10727083333333 -6.656 M490 0.033383064 24.261011 0.5289765 1.4470441 22.069927 6.1279945 decam 3.0124557 -0.9562777 253 object IBIS_wide_M490_419275 419275 0.037306 924.0 1948.0 0.22931595 1.0002198 -0.0016732035 -0.0941853 0.0015198288 1.0001755 17508954312 130.54842
rawdata/DECam_01441400.fits.fz N4 1441400 800.0 61024.31270071 1.15 142.90071903688474 -5.844103806509046 142.90827083333335 -5.769 M490 0.03796555 24.256025 0.52750933 1.8551154 22.052496 10.645998 decam 2.1073914 2.1959486 184 object IBIS_wide_M490_422255 422255 0.037776 924.0 1948.0 0.3375634 1.0004663 -0.0015823126 -0.061681263 0.0014061789 1.0000951 17405911161 75.14561
rawdata/DECam_01441401.fits.fz N4 1441401 800.0 61024.32227612 1.13 144.01471793610804 -6.2221038032234315 144.022275 -6.147 M490 0.025576472 24.25798 0.5265458 1.8434322 22.043528 9.720297 decam 6.2622123 -7.5105395 191 object IBIS_wide_M490_428241 428241 0.029859 924.0 1948.0 0.5534015 0.99992925 -0.001477523 -0.3073765 0.0015850314 1.0002395 17230784456 82.30201
rawdata/DECam_01441402.fits.fz N4 1441402 800.0 61024.33185854 1.12 144.6817190904695 -6.428103801430884 144.68927916666667 -6.353 M490 0.027478348 24.248466 0.52100545 1.9521468 21.98051 11.906041 decam 9.749527 -9.258369 168 object IBIS_wide_M490_427950 427950 0.028651 924.0 1948.0 0.56645423 1.0000516 -0.001643535 -0.27419445 0.0016832354 1.0002109 17272130934 67.19278
rawdata/DECam_01441403.fits.fz N4 1441403 150.0 61024.34346029 1.01 137.02796187396896 -37.05164959619613 137.037375 -36.97654611111111 M490 0.3068103 24.212854 0.49423063 2.1517472 21.691635 130.93567 decam 23.937563 1.0543147 1214 object "Pyxis position 11" 0 0.0 924.0 1948.0 -0.012523388 1.0002295 -0.001954496 -0.18235156 0.0019925649 1.000173 16006087515 1.1456008
rawdata/DECam_01441404.fits.fz N4 1441404 150.0 61024.34551177 1.01 136.7724348406158 -37.301641537255605 136.78187916666667 -37.22653805555556 M490 0.38689458 24.219349 0.4971957 1.9935999 21.528608 220.7083 decam 24.043003 -11.424717 1212 object "Pyxis position 12" 0 0.0 924.0 1948.0 0.13350892 0.99998844 -0.0018692178 -0.31204343 0.0017646331 1.0000342 16111693218 0.6796301
rawdata/DECam_01441405.fits.fz N4 1441405 150.0 61024.3475602 1.01 137.1900701766948 -37.25245348236783 137.19950833333334 -37.17735 M490 0.3036501 24.214325 0.4949008 2.1762495 21.294956 188.446 decam 23.102757 -10.186455 1121 object "Pyxis position 13" 0 0.0 924.0 1948.0 -0.0008148742 1.00007 -0.0019883201 -0.4674492 0.001649443 1.0001366 16124903018 0.79598397
rawdata/DECam_01441406.fits.fz N4 1441406 150.0 61024.34961727 1.01 136.82708205865956 -37.05687848501443 136.83649583333334 -36.981775 M490 0.31991524 24.214928 0.49517554 1.9371858 21.072954 204.08769 decam 25.037155 -9.172696 1186 object "Pyxis position 14" 0 0.0 924.0 1948.0 0.44814584 1.0001425 -0.002007904 -0.11207894 0.0018807271 1.0000148 16225766266 0.7349782
rawdata/DECam_01441407.fits.fz N4 1441407 150.0 61024.35168249 1.01 136.93256296954672 -37.4091584802373 136.94202083333334 -37.334055 M490 0.3547214 24.22222 0.49851236 2.0389068 20.716433 391.09964 decam 23.80865 -5.3197665 1082 object "Pyxis position 15" 0 0.0 924.0 1948.0 0.27458432 1.0001366 -0.0018676689 -0.44387707 0.0019729866 1.00012 16841784476 0.38353398
rawdata/DECam_01441408.fits.fz N4 1441408 150.0 61024.35373861 1.01 137.1600040081281 -37.08145154023821 137.16942083333333 -37.006348055555556 M490 0.29236436 24.214079 0.4947881 2.2464814 20.33824 449.58212 decam 20.185122 -2.0009587 973 object "Pyxis position 16" 0 0.0 924.0 1948.0 0.28481472 1.0002218 -0.0019987063 -0.36793545 0.0019982164 1.0000769 17107917148 0.33364317
rawdata/DECam_01441409.fits.fz N4 1441409 150.0 61024.35579129 1.01 136.70085121762503 -37.204173483022444 136.71028333333334 -37.12907 M490 0.38261816 24.20225 0.4894272 2.1805031 19.937515 1146.263 decam 14.8455515 1.906786 847 object "Pyxis position 17" 0 0.0 924.0 1948.0 0.19768035 1.0000361 -0.0019512539 -0.29672572 0.0020468638 1.000158 17742489336 0.13086003
rawdata/DECam_01441410.fits.fz N4 1441410 150.0 61024.35784877 1.01 137.1574184473768 -37.36572236971764 137.16687083333332 -37.290618888888886 M490 0.32692304 24.232176 0.5031043 2.0776336 19.502323 1012.5544 decam 14.869883 1.2701923 876 object "Pyxis position 18" 0 0.0 924.0 1948.0 -0.0738418 1.0003493 -0.0019414739 0.03648283 0.0017934748 1.0001897 19112621323 0.14814019
rawdata/DECam_01441411.fits.fz N4 1441411 150.0 61024.35990724 1.01 136.95171105723202 -36.99095737479233 136.96111666666667 -36.91585388888889 M490 0.3097695 24.227531 0.5009571 2.0318317 19.039503 1333.5247 decam 9.614776 0.78450316 880 object "Pyxis position 19" 0 0.0 924.0 1948.0 0.006629892 1.0001534 -0.0019461269 -0.06386068 0.0018914298 1.0002037 20643203214 0.11248386
rawdata/DECam_01441412.fits.fz N4 1441412 150.0 61024.36196244 1.01 136.78066144248098 -37.388239591633344 136.79011666666668 -37.31313611111111 M490 0.39302567 24.236164 0.504956 1.9184245 18.565102 3164.053 decam 8.655226 1.1526835 724 object "Pyxis position 20" 0 0.0 924.0 1948.0 0.27611428 1.0001394 -0.0019243651 0.09676672 0.001979878 1.0001122 23610852928 0.04740755
