logs/db-2026-03-16.ecsv
# %ECSV 1.0
# ---
# datatype:
# - {name: filename, datatype: string}
# - {name: extension, datatype: string}
# - {name: expnum, datatype: int64}
# - {name: exptime, datatype: float32}
# - {name: mjd_obs, datatype: float64}
# - {name: airmass, datatype: float32}
# - {name: racenter, datatype: float64}
# - {name: deccenter, datatype: float64}
# - {name: rabore, datatype: float64}
# - {name: decbore, datatype: float64}
# - {name: band, datatype: string}
# - {name: ebv, datatype: float32}
# - {name: zeropoint, datatype: float32}
# - {name: transparency, datatype: float32}
# - {name: seeing, datatype: float32}
# - {name: sky, datatype: float32}
# - {name: expfactor, datatype: float32}
# - {name: camera, datatype: string}
# - {name: dx, datatype: float32}
# - {name: dy, datatype: float32}
# - {name: nmatched, datatype: int64}
# - {name: obstype, datatype: string}
# - {name: object, datatype: string}
# - {name: tileid, datatype: int64}
# - {name: tileebv, datatype: float32}
# - {name: affine_x0, datatype: float32}
# - {name: affine_y0, datatype: float32}
# - {name: affine_dx, datatype: float32}
# - {name: affine_dxx, datatype: float32}
# - {name: affine_dxy, datatype: float32}
# - {name: affine_dy, datatype: float32}
# - {name: affine_dyx, datatype: float32}
# - {name: affine_dyy, datatype: float32}
# - {name: checksum, datatype: string}
# - {name: efftime, datatype: float32}
# schema: astropy-2.0
filename extension expnum exptime mjd_obs airmass racenter deccenter rabore decbore band ebv zeropoint transparency seeing sky expfactor camera dx dy nmatched obstype object tileid tileebv affine_x0 affine_y0 affine_dx affine_dxx affine_dxy affine_dy affine_dyx affine_dyy checksum efftime
/home/declsp/obsbot/rawdata/DECam_01463770.fits.fz N4 1463770 30.0 61115.99390711 1.0 97.47288244959874 -30.249817458583433 97.48157916666666 -30.17471388888889 r 0.060655963 26.825314 1.006758 1.1259038 18.93435 6.292324 decam 4.6571536 47.051426 631 object pointing 0 0.0 924.0 1948.0 0.7038316 1.0002931 -0.002830107 -0.22058152 0.0027764898 0.9999467 21697107296 4.7677135
/home/declsp/obsbot/rawdata/DECam_01463769.fits.fz N4 1463769 10.0 61115.99287584 1.0 97.47288244959874 -30.249817458583433 97.48157916666666 -30.17471388888889 r 0.060655963 26.824505 1.0060085 1.1267562 18.614695 8.471804 decam 11.391653 36.747475 488 object focus 0 0.0 924.0 1948.0 0.72019666 1.0002414 -0.0028399318 -0.36771554 0.002797832 0.99990296 18158368367 1.1803862
/home/declsp/obsbot/rawdata/DECam_01463767.fits.fz N4 1463767 10.0 61115.99203232 1.0 97.47288244959874 -30.249817458583433 97.48157916666666 -30.17471388888889 r 0.060655963 26.815638 0.9978262 1.3038166 18.370148 14.435886 decam 17.843626 25.047556 441 object focus 0 0.0 924.0 1948.0 0.9378381 1.0001017 -0.002788473 -0.31262913 0.002825711 0.9999041 18853839002 0.6927181
/home/declsp/obsbot/rawdata/DECam_01463766.fits.fz N4 1463766 10.0 61115.99160846 1.0 97.47288244959874 -30.249817458583433 97.48157916666666 -30.17471388888889 r 0.060655963 26.823517 1.0050939 1.0824442 18.245974 11.00213 decam 7.686549 20.574913 463 object focus 0 0.0 924.0 1948.0 0.7365863 1.0001934 -0.002854323 -0.25206593 0.0027067869 0.99992794 19276483339 0.9089149
/home/declsp/obsbot/rawdata/DECam_01463768.fits.fz N4 1463768 10.0 61115.99247056 1.0 97.47288244959874 -30.249817458583433 97.48157916666666 -30.17471388888889 r 0.060655963 26.837208 1.017849 0.9597516 18.498365 6.68847 decam 14.324721 38.302452 512 object focus 0 0.0 924.0 1948.0 0.8290632 1.0001104 -0.00286295 -0.37422782 0.0027680441 0.99986947 18471949948 1.4951103
/home/declsp/obsbot/rawdata/DECam_01463771.fits.fz N4 1463771 15.0 61115.9960362 1.26 57.082910562594094 -39.134436511725795 57.092595833333334 -39.059333055555555 M517 0.01304523 24.990782 1.0055611 1.0598307 19.45868 9.041034 decam -32.730698 77.18471 49 object "LTT1788 N4" 0 0.0 924.0 1948.0 0.6691242 0.99957186 -0.002456058 -0.085549876 0.002831979 0.99981534 15741925964 1.6591023
/home/declsp/obsbot/rawdata/DECam_01463772.fits.fz N4 1463772 15.0 61115.99651743 1.27 56.6824855625941 -39.1344365117258 56.692170833333336 -39.059333055555555 M517 0.011692572 24.993202 1.009423 1.2010114 19.559784 10.437008 decam -40.98979 67.87078 45 object "LTT1788 N5" 0 0.0 924.0 1948.0 0.23521508 1.0005529 -0.0024500575 -0.6216717 0.0021935436 0.99954176 15695001492 1.4371935
/home/declsp/obsbot/rawdata/DECam_01463773.fits.fz N4 1463773 15.0 61115.99701064 1.26 57.48329587640457 -39.30110345378338 57.493004166666665 -39.226 M517 0.0115917595 24.986132 1.0012642 1.2654606 19.705145 10.259893 decam -26.70498 59.335243 52 object "LTT1788 S3" 0 0.0 924.0 1948.0 0.8384685 0.9997611 -0.0028262418 -0.16172029 0.0025946398 1.00012 15651338519 1.4620035
/home/declsp/obsbot/rawdata/DECam_01463774.fits.fz N4 1463774 15.0 61115.99749944 1.27 57.08288754307122 -39.30110345378338 57.092595833333334 -39.226 M517 0.0186828 24.989851 1.0063109 1.1681021 19.816385 8.193903 decam -37.283745 49.150463 53 object "LTT1788 S4" 0 0.0 924.0 1948.0 -0.5355237 1.0000566 -0.002904738 -0.67948157 0.0026813673 1.000182 15627839972 1.8306295
/home/declsp/obsbot/rawdata/DECam_01463775.fits.fz N4 1463775 15.0 61115.99796341 1.28 56.682462543071225 -39.30110345378338 56.692170833333336 -39.226 M517 0.016055398 24.988806 1.0069551 1.2997751 19.918222 9.100929 decam -35.679615 48.16078 51 object "LTT1788 S5" 0 0.0 924.0 1948.0 -0.85643864 1.0004071 -0.0028088132 -0.020174079 0.0029068259 1.0002525 15602390083 1.6481833
/home/declsp/obsbot/rawdata/DECam_01463776.fits.fz N4 1463776 15.0 61115.99944378 1.02 89.0930033306711 -27.849770541142576 89.1015 -27.774666944444444 M517 0.038579706 25.011457 0.98622346 1.6159186 20.793898 6.9290214 decam -22.082676 54.466805 164 object "LTT2415 N4" 0 0.0 924.0 1948.0 0.7913156 0.99994767 -0.002790493 -0.23688628 0.0025749293 0.99984866 15481184588 2.1648078
/home/declsp/obsbot/rawdata/DECam_01463777.fits.fz N4 1463777 15.0 61115.9999142 1.03 88.74173249733775 -27.849770541142576 88.75022916666667 -27.774666944444444 M517 0.03469151 24.997576 0.97525513 1.782673 20.876722 7.8222184 decam -14.296201 58.102226 138 object "LTT2415 N5" 0 0.0 924.0 1948.0 0.71628785 1.0001196 -0.0029400638 -0.42752776 0.0027380476 0.99996746 15469285650 1.9176146
/home/declsp/obsbot/rawdata/DECam_01463778.fits.fz N4 1463778 15.0 61116.00039042 1.02 89.4442443826225 -28.016436650418257 89.45275416666667 -27.941333055555557 M517 0.029162224 25.011898 0.98662364 1.3225584 20.972277 3.7120774 decam -12.777734 63.686207 212 object "LTT2415 S3" 0 0.0 924.0 1948.0 0.76003194 1.0004134 -0.002698948 -0.36621144 0.00300221 0.9998843 15480758357 4.040864
/home/declsp/obsbot/rawdata/DECam_01463779.fits.fz N4 1463779 15.0 61116.0008675 1.03 89.09299021595584 -28.016436650418257 89.1015 -27.941333055555557 M517 0.035507463 25.021637 0.9971097 1.2231431 21.056253 3.0038557 decam -7.654451 54.329777 174 object "LTT2415 S4" 0 0.0 924.0 1948.0 0.9307489 1.0001322 -0.0030694057 0.060718272 0.0030733873 1.0000894 15452852106 4.9935822
/home/declsp/obsbot/rawdata/DECam_01463780.fits.fz N4 1463780 15.0 61116.0013576 1.03 88.7417193826225 -28.016436650418257 88.75022916666667 -27.941333055555557 M517 0.034228936 25.023165 0.99851406 1.2440884 21.137003 2.8537223 decam 4.6566367 48.33402 189 object "LTT2415 S5" 0 0.0 924.0 1948.0 -0.37042382 1.0000825 -0.0029846937 -0.51916397 0.0029601287 0.9999372 15448840238 5.256293
/home/declsp/obsbot/rawdata/DECam_01463781.fits.fz N4 1463781 150.0 61116.00249446 1.22 66.25103903400804 -21.408193663823422 66.25910833333333 -21.33309 M517 0.018161844 24.988695 0.9972177 1.2602332 21.048983 3.0604906 decam -0.2430841 76.58303 121 object "Eridanus position 10" 0 0.0 924.0 1948.0 0.09707382 0.9999233 -0.002638065 -0.39635843 0.0028908125 0.9999485 16270652826 49.01175
/home/declsp/obsbot/rawdata/DECam_01463782.fits.fz N4 1463782 150.0 61116.00459096 1.24 66.2318892028933 -21.100545611312544 66.23994166666667 -21.025441944444445 M517 0.02568468 24.991707 1.0031983 1.1973145 21.29825 2.2891338 decam 5.2272935 61.05314 129 object "Eridanus position 11" 0 0.0 924.0 1948.0 -0.24216154 1.0001045 -0.0025946721 -0.493457 0.0028450924 1.0000918 16063241355 65.52697
/home/declsp/obsbot/rawdata/DECam_01463783.fits.fz N4 1463783 150.0 61116.00667891 1.25 66.01347554180906 -21.350605608838762 66.02154166666666 -21.275501944444443 M517 0.019453278 24.998827 1.0114176 1.0297656 21.461828 1.3834637 decam -5.918947 48.74225 133 object "Eridanus position 12" 0 0.0 924.0 1948.0 0.16302964 1.0001161 -0.0026898112 -0.24840377 0.0026882978 1.0000306 16001395117 108.423515
/home/declsp/obsbot/rawdata/DECam_01463784.fits.fz N4 1463784 150.0 61116.00872683 1.25 66.3704032432729 -21.301445609325757 66.37846666666665 -21.226341944444446 M517 0.022094173 24.989845 1.0030856 1.0885894 21.553055 1.468823 decam 0.4210519 45.230877 120 object "Eridanus position 13" 0 0.0 924.0 1948.0 0.18520187 0.99998295 -0.002753022 -0.30580506 0.00278215 1.0000942 15962344670 102.12259
/home/declsp/obsbot/rawdata/DECam_01463785.fits.fz N4 1463785 150.0 61116.01080485 1.27 66.05997225092132 -21.105805611260596 66.068025 -21.030701944444445 M517 0.02540226 24.995016 1.01111 0.976566 21.607435 1.1375037 decam -11.101227 45.593372 151 object "Eridanus position 14" 0 0.0 924.0 1948.0 0.73901904 1.0000795 -0.0027777064 -0.66773945 0.0029051169 1.0000259 15895417178 131.86769
/home/declsp/obsbot/rawdata/DECam_01463786.fits.fz N4 1463786 35.0 61116.01513785 1.22 131.25675962159832 -2.472103835656688 131.26427916666668 -2.3970000000000002 M517 0.028793292 25.00207 1.0095773 1.0607691 21.661415 1.2870092 decam 0.7100667 -4.135051 204 object "pointing test" 0 0.0 924.0 1948.0 0.3880954 1.0000552 -0.0019538768 -0.1422539 0.0017765302 1.0000129 15496376626 27.194832
/home/declsp/obsbot/rawdata/DECam_01463787.fits.fz N4 1463787 251.5683 61116.01722605 1.23 137.1827222458191 -5.601103808618867 137.19027083333336 -5.526 M517 0.023636026 24.998756 1.008117 1.0174404 21.700329 1.1131036 decam -15.228663 5.148793 242 object IBIS_wide_M517_522112 522112 0.025017 924.0 1948.0 0.22660057 1.0003911 -0.0016707185 0.052211106 0.0011600341 0.9999965 16447386758 226.00618
/home/declsp/obsbot/rawdata/DECam_01463788.fits.fz N4 1463788 315.578 61116.02046131 1.24 137.24574492941807 -3.4141038275376165 137.25327083333332 -3.339 M517 0.020713013 24.992952 1.0043495 1.1201894 21.68804 1.3537762 decam 2.6862345 9.586434 229 object IBIS_wide_M517_522296 522296 0.022628 924.0 1948.0 -0.39379424 0.999953 -0.0016672935 -0.24209695 0.0017712014 1.0000262 16420876294 233.10944
/home/declsp/obsbot/rawdata/DECam_01463789.fits.fz N4 1463789 337.1478 61116.02445164 1.27 139.5977638617297 -2.4591038357686426 139.60528333333335 -2.384 M517 0.034845307 24.987133 1.0037951 1.0748299 21.662245 1.4093853 decam -9.656065 22.350363 241 object IBIS_wide_M517_519300 519300 0.038347 924.0 1948.0 0.023704708 1.0000416 -0.0016623174 -0.09316698 0.0015858769 1.0000676 16575008799 239.2162
/home/declsp/obsbot/rawdata/DECam_01463790.fits.fz N4 1463790 800.0 61116.0286619 1.26 140.5447579133583 -2.7571038332016973 140.55227916666666 -2.682 M517 0.04627069 24.295395 0.5299736 1.2474978 21.428635 9.036808 decam -8.659636 22.283718 185 object IBIS_wide_M517_522284 522284 0.036417 924.0 1948.0 0.36615622 1.0000317 -0.0016523526 -0.033264715 0.0014894881 0.9999946 20316791418 88.52683
/home/declsp/obsbot/rawdata/DECam_01463791.fits.fz N4 1463791 800.0 61116.03824854 1.23 140.13575702143086 -2.1781038381880986 140.14327500000002 -2.103 M517 0.046323746 22.42475 0.09416888 1.1847061 21.253237 300.64462 decam -6.157613 28.694836 100 object IBIS_wide_M517_522286 522286 0.03655 924.0 1948.0 -0.18807676 0.9998214 -0.0016014773 -0.24708457 0.0008318088 0.9998496 19139280628 2.660949
/home/declsp/obsbot/rawdata/DECam_01463792.fits.fz N4 1463792 800.0 61116.04785781 1.2 142.58674662421353 -3.7161038249315252 142.594275 -3.641 M517 0.042947635 24.309513 0.53177136 1.2939668 21.446264 9.127931 decam -6.5055723 25.277405 171 object IBIS_wide_M517_519292 519292 0.037855 924.0 1948.0 -0.026924675 1.0001428 -0.0014882928 -0.04656526 0.001415631 0.99999166 18777248586 87.64308
/home/declsp/obsbot/rawdata/DECam_01463793.fits.fz N4 1463793 800.0 61116.0574333 1.18 144.65973526609707 -4.867103814981409 144.667275 -4.792 M517 0.05345696 24.441954 0.5988381 1.280399 21.500687 7.112437 decam -4.2636666 28.090979 195 object IBIS_wide_M517_524977 524977 0.043659 924.0 1948.0 0.13408643 1.0000852 -0.0014786771 -0.15715744 0.001270504 1.0000268 18421499486 112.479034
/home/declsp/obsbot/rawdata/DECam_01463794.fits.fz N4 1463794 393.2375 61116.0670618 1.17 141.4967654886704 -2.1511038384205237 141.50428333333332 -2.076 M517 0.02896877 25.014763 1.0132987 1.2501636 21.63752 1.785998 decam 5.2134633 30.115341 187 object IBIS_wide_M517_522285 522285 0.032152 924.0 1948.0 0.5922287 0.9998716 -0.0013550747 -0.17040922 0.0017239272 0.9999709 16760270605 220.17801
/home/declsp/obsbot/rawdata/DECam_01463795.fits.fz N4 1463795 488.167 61116.07201202 1.16 145.85374250163972 -4.1711038210017115 145.861275 -4.096 M517 0.046174977 25.011148 1.0083138 1.2545786 21.674364 1.9488078 decam -0.4986171 33.88223 192 object IBIS_wide_M517_527964 527964 0.046119 924.0 1948.0 -0.036293585 1.0000658 -0.001372517 -0.2692389 0.0013922885 0.99997824 17054271645 250.4952
/home/declsp/obsbot/rawdata/DECam_01463796.fits.fz N4 1463796 546.9066 61116.07798789 1.15 147.8487390453963 -4.517103818010305 147.85627499999998 -4.442 M517 0.0381519 25.025288 1.0198941 1.4517648 21.674175 2.4176316 decam 3.8668528 24.844978 180 object IBIS_wide_M517_527959 527959 0.038271 924.0 1948.0 0.1608913 1.0001026 -0.0013889469 -0.19086736 0.0013102475 0.9998767 17488307860 226.21587
/home/declsp/obsbot/rawdata/DECam_01463797.fits.fz N4 1463797 791.5651 61116.08470207 1.15 151.99272928853077 -5.700103807759527 152.00027916666664 -5.625 M517 0.035518687 25.008257 1.0040215 1.6445963 21.681244 3.1279168 decam 0.9660761 24.546898 170 object IBIS_wide_M517_525449 525449 0.039146 924.0 1948.0 -0.06658666 1.0001751 -0.0012425712 -0.2920111 0.0011835217 1.0000553 18474487692 253.06464
/home/declsp/obsbot/rawdata/DECam_01463798.fits.fz N4 1463798 395.3474 61116.09417014 1.14 152.0797420017336 -4.63210381701543 152.08727916666666 -4.557 M517 0.03520333 25.029427 1.0221499 1.2220588 21.704027 1.6245912 decam 5.205656 17.661604 168 object IBIS_wide_M517_528441 528441 0.035712 924.0 1948.0 0.083922714 1.0001054 -0.0011809932 -0.07970858 0.0011244932 0.9999936 16624614195 243.35193
/home/declsp/obsbot/rawdata/DECam_01463799.fits.fz N4 1463799 290.3781 61116.09905577 1.14 151.40374404284273 -4.007103822418671 151.411275 -3.932 M517 0.029151598 25.018137 1.0115771 1.0636611 21.693403 1.2225416 decam 9.698233 23.9079 149 object IBIS_wide_M517_528443 528443 0.033786 924.0 1948.0 0.1706292 0.9999709 -0.001188252 -0.1798347 0.0012588291 0.999916 16296819677 237.52003
/home/declsp/obsbot/rawdata/DECam_01463800.fits.fz N4 1463800 296.2383 61116.10275163 1.14 153.65273765815405 -4.2411038203967335 153.66027083333333 -4.166 M517 0.04026888 25.031048 1.0236771 1.0298858 21.670492 1.2254474 decam -3.960586 23.798845 154 object IBIS_wide_M517_525453 525453 0.036678 924.0 1948.0 -0.040179346 1.0000916 -0.0010974028 -0.036660917 0.0011627929 1.0000159 16354715256 241.7389
/home/declsp/obsbot/rawdata/DECam_01463801.fits.fz N4 1463801 331.5787 61116.10650558 1.14 154.1997446092593 -3.945103822954202 154.207275 -3.87 M517 0.037351593 25.034977 1.0273888 1.0864048 21.655176 1.3479208 decam 3.176688 23.029177 137 object IBIS_wide_M517_528439 528439 0.038409 924.0 1948.0 0.107178666 1.000059 -0.0011047879 -0.23717387 0.0011459957 0.9999726 16470128870 245.99272
/home/declsp/obsbot/rawdata/DECam_01463802.fits.fz N4 1463802 355.4483 61116.1106628 1.14 156.2987343877888 -4.564103817603741 156.30627083333334 -4.489 M517 0.049445506 25.031569 1.0241687 1.0676318 21.649525 1.420209 decam -4.6043034 21.96559 141 object IBIS_wide_M517_528426 528426 0.044695 924.0 1948.0 0.14215964 1.000011 -0.0011413812 -0.17207426 0.0008433529 1.0000584 16746216131 250.27885
/home/declsp/obsbot/rawdata/DECam_01463803.fits.fz N4 1463803 291.6787 61116.11509089 1.13 157.37073469159057 -4.918103814539799 157.378275 -4.843 M517 0.041114468 25.035175 1.0259316 1.0051153 21.659378 1.1766193 decam 0.71767545 22.71713 150 object IBIS_wide_M517_525439 525439 0.03963 924.0 1948.0 0.02873472 1.0001209 -0.0010083516 -0.25295678 0.0011709592 1.0000528 16339201396 247.89557
/home/declsp/obsbot/rawdata/DECam_01463804.fits.fz N4 1463804 275.7487 61116.11878925 1.13 159.28472821099365 -5.460103809842274 159.292275 -5.385 M517 0.04979113 25.03874 1.0293052 0.9597391 21.659649 1.1251062 decam 0.2892831 29.334595 141 object IBIS_wide_M517_525434 525434 0.047765 924.0 1948.0 0.029762326 1.0000939 -0.0008492566 -0.037492964 0.001248015 0.9999267 16280149648 245.0868
/home/declsp/obsbot/rawdata/DECam_01463805.fits.fz N4 1463805 386.578 61116.12229732 1.13 160.9437263737136 -5.604103808592831 160.951275 -5.529 M517 0.047023367 25.034256 1.0250628 0.9814342 21.65079 1.1753851 decam -0.0047020214 32.50656 152 object IBIS_wide_M517_525184 525184 0.044553 924.0 1948.0 0.08860971 1.0001493 -0.0009014189 -0.1843476 0.0009583689 1.0000541 16907610042 328.89474
