logs/db-2025-12-24.ecsv
# %ECSV 1.0
# ---
# datatype:
# - {name: filename, datatype: string}
# - {name: extension, datatype: string}
# - {name: expnum, datatype: int64}
# - {name: exptime, datatype: float32}
# - {name: mjd_obs, datatype: float64}
# - {name: airmass, datatype: float32}
# - {name: racenter, datatype: float64}
# - {name: deccenter, datatype: float64}
# - {name: rabore, datatype: float64}
# - {name: decbore, datatype: float64}
# - {name: band, datatype: string}
# - {name: ebv, datatype: float32}
# - {name: zeropoint, datatype: float32}
# - {name: transparency, datatype: float32}
# - {name: seeing, datatype: float32}
# - {name: sky, datatype: float32}
# - {name: expfactor, datatype: float32}
# - {name: camera, datatype: string}
# - {name: dx, datatype: float32}
# - {name: dy, datatype: float32}
# - {name: nmatched, datatype: int64}
# - {name: obstype, datatype: string}
# - {name: object, datatype: string}
# - {name: tileid, datatype: int64}
# - {name: tileebv, datatype: float32}
# - {name: affine_x0, datatype: float32}
# - {name: affine_y0, datatype: float32}
# - {name: affine_dx, datatype: float32}
# - {name: affine_dxx, datatype: float32}
# - {name: affine_dxy, datatype: float32}
# - {name: affine_dy, datatype: float32}
# - {name: affine_dyx, datatype: float32}
# - {name: affine_dyy, datatype: float32}
# - {name: checksum, datatype: string}
# - {name: efftime, datatype: float32}
# schema: astropy-2.0
filename extension expnum exptime mjd_obs airmass racenter deccenter rabore decbore band ebv zeropoint transparency seeing sky expfactor camera dx dy nmatched obstype object tileid tileebv affine_x0 affine_y0 affine_dx affine_dxx affine_dxy affine_dy affine_dyx affine_dyy checksum efftime
rawdata/DECam_01444030.fits.fz N4 1444030 580.6167 61034.20322188 1.36 54.60662065806298 -11.20410375936245 54.61427916666666 -11.129 M490 0.06050217 25.032454 1.120338 1.2841398 21.48849 2.38807 decam 1.9589396 11.533955 153 object IBIS_wide_M490_410138 410138 0.070599 924.0 1948.0 0.7055691 1.0001074 -0.0023785692 0.21422066 0.0025125945 1.0000935 18243315312 243.13219
rawdata/DECam_01444031.fits.fz N4 1444031 452.5674 61034.21231524 1.3 132.80172816207906 -5.785103807021473 132.80927916666667 -5.71 M490 0.026164843 25.00331 1.0788558 1.1776445 21.520271 1.6355762 decam 19.17461 -30.452646 312 object IBIS_wide_M490_422197 422197 0.0216 924.0 1948.0 0.023977384 1.0003704 -0.0019682986 -0.046732016 0.0018837723 1.0000998 17420998149 276.70212
rawdata/DECam_01444032.fits.fz N4 1444032 536.037 61034.21789297 1.28 130.44875178859536 -3.051103830667948 130.456275 -2.976 M490 0.028256161 24.998638 1.0703335 1.1992643 21.565615 1.6639028 decam 21.741795 -22.323366 335 object IBIS_wide_M490_419244 419244 0.025892 924.0 1948.0 0.10206406 1.0000641 -0.0019885197 -0.342241 0.0020286315 1.0000765 18041273175 322.15643
rawdata/DECam_01444033.fits.fz N4 1444033 400.5078 61034.22443781 1.26 131.3667470984926 -3.660103825414904 131.374275 -3.585 M490 0.017451135 25.003538 1.0712807 1.0706358 21.562992 1.2259282 decam 10.271034 -23.814734 315 object IBIS_wide_M490_419242 419242 0.02009 924.0 1948.0 0.087398544 1.0002313 -0.0019465336 -0.40129223 0.0018404057 1.0001343 17306805053 326.6976
rawdata/DECam_01444034.fits.fz N4 1444034 554.2869 61034.2295154 1.25 135.72570913557846 -6.806103798137835 135.733275 -6.731 M490 0.041221555 25.002962 1.0687717 1.145894 21.583881 1.6166543 decam 14.06065 -11.650332 289 object IBIS_wide_M490_422108 422108 0.037956 924.0 1948.0 0.20579726 0.9999708 -0.0019077542 -0.19980982 0.0016663235 1.0001156 17541938806 342.86053
rawdata/DECam_01444035.fits.fz N4 1444035 415.4776 61034.23625731 1.23 135.3527167928195 -6.008103805084103 135.36027083333332 -5.933 M490 0.02783937 25.001925 1.0638828 1.0275774 21.541142 1.239222 decam 11.369755 -16.622755 332 object IBIS_wide_M490_419127 419127 0.02864 924.0 1948.0 0.2905657 1.0000577 -0.0017832721 -0.08240945 0.0018740027 1.0001378 16911610021 335.27292
rawdata/DECam_01444036.fits.fz N4 1444036 404.7877 61034.2413798 1.21 135.68172930168228 -5.699103807768207 135.68927916666667 -5.624 M490 0.024033202 25.020372 1.078194 0.9893074 21.548569 1.0751287 decam 16.547829 -13.48603 305 object IBIS_wide_M490_422113 422113 0.023856 924.0 1948.0 -0.17396595 1.0003344 -0.0018529758 -0.2043632 0.001678192 1.0000962 16927893089 376.50162
rawdata/DECam_01444037.fits.fz N4 1444037 360.6779 61034.24638502 1.2 136.8177193906059 -6.120103804110475 136.82527499999998 -6.045 M490 0.023397878 25.02112 1.0769807 0.9530153 21.573526 0.9697376 decam 12.67571 -11.617492 292 object IBIS_wide_M490_419126 419126 0.028039 924.0 1948.0 -0.011217946 1.0002229 -0.0019200798 -0.08121106 0.0016319372 1.0000961 16731268710 371.9335
rawdata/DECam_01444038.fits.fz N4 1444038 431.8375 61034.25090189 1.2 138.6037115702984 -6.9151037971873 138.61127916666666 -6.84 M490 0.04901638 25.013124 1.0690795 1.0186307 21.558384 1.3531023 decam 23.850193 -6.514721 280 object IBIS_wide_M490_422104 422104 0.039563 924.0 1948.0 0.060795356 1.0003173 -0.0018641672 -0.28429815 0.0015220535 1.0001552 17287758386 319.1462
rawdata/DECam_01444039.fits.fz N4 1444039 447.9575 61034.25620027 1.19 139.4357118654391 -6.353103802083675 139.44327083333334 -6.278 M490 0.034125973 25.023016 1.0769083 1.0858383 21.581388 1.3373989 decam 25.340296 -4.7521834 225 object IBIS_wide_M490_422261 422261 0.034632 924.0 1948.0 0.53577405 1.000339 -0.001714531 -0.3384638 0.0016631066 1.0001125 17018513135 334.9468
rawdata/DECam_01444040.fits.fz N4 1444040 669.0059 61034.26171357 1.19 140.80171575259143 -6.372103801918321 140.809275 -6.297 M490 0.029856417 25.01741 1.0713617 1.1685131 21.575392 1.5287371 decam 21.387285 -10.731977 247 object IBIS_wide_M490_422253 422253 0.031651 924.0 1948.0 -0.029186558 1.0001299 -0.0017738849 -0.23931895 0.0018489698 1.0001279 17730186542 437.62
rawdata/DECam_01444041.fits.fz N4 1444041 399.8875 61034.26977367 1.17 140.28973417865177 -5.315103811099789 140.29727916666667 -5.24 M490 0.0299508 25.023943 1.0739225 1.0311816 21.57485 1.1782264 decam 23.355066 -14.294858 220 object IBIS_wide_M490_419279 419279 0.031117 924.0 1948.0 0.20415641 1.0002209 -0.001762527 -0.26482275 0.001584403 1.0002346 16739279351 339.39786
rawdata/DECam_01444042.fits.fz N4 1444042 389.7076 61034.27472159 1.16 141.4107224716318 -5.898103806039951 141.418275 -5.823 M490 0.03109703 25.024302 1.0723296 0.97720367 21.482601 1.160359 decam 23.80476 -12.971021 171 object IBIS_wide_M490_422256 422256 0.03396 924.0 1948.0 0.09086886 1.0001225 -0.001730994 -0.33832884 0.0017558768 1.000081 17646723398 335.8509
rawdata/DECam_01444043.fits.fz N4 1444043 315.148 61034.27953639 1.16 140.6787444639396 -3.9611038228160074 140.686275 -3.886 M490 0.03653156 25.028858 1.0768403 0.9028501 21.595583 0.9183807 decam 20.061409 -14.0336275 219 object IBIS_wide_M490_422268 422268 0.035248 924.0 1948.0 -0.030951908 1.0002298 -0.0017814031 -0.15598385 0.0016776912 1.000178 16484829199 343.1562
rawdata/DECam_01444044.fits.fz N4 1444044 286.8782 61034.28363705 1.16 145.33971494067504 -6.140103803936575 145.34727083333334 -6.065 M490 0.025585765 25.02716 1.075158 0.8960029 21.628279 0.8182063 decam 31.856138 -12.801909 185 object IBIS_wide_M490_427948 427948 0.029478 924.0 1948.0 0.040923584 1.00019 -0.0016204404 -0.1019213 0.0015174998 1.0001568 16313515876 350.6184
rawdata/DECam_01444045.fits.fz N4 1444045 403.2576 61034.28728068 1.16 147.08471996344852 -6.36910380194443 147.09227916666666 -6.294 M490 0.054076377 25.025183 1.0732019 0.9237929 21.617008 1.0673311 decam 21.66926 -23.920198 202 object IBIS_wide_M490_427953 427953 0.06043 924.0 1948.0 0.27888072 1.0000236 -0.0014343115 -0.22215012 0.001275992 1.0002335 16691594586 377.81866
rawdata/DECam_01444046.fits.fz N4 1444046 389.3577 61034.29226848 1.15 146.4537244612987 -5.750103807325405 146.461275 -5.675 M490 0.07033286 25.014437 1.0607059 0.94919145 21.631165 1.2648071 decam 24.938387 -23.427628 171 object IBIS_wide_M490_427955 427955 0.060936 924.0 1948.0 0.07586751 1.0000724 -0.0015067642 -0.039839596 0.0013879966 1.0002044 16747443386 307.8396
rawdata/DECam_01444047.fits.fz N4 1444047 401.3176 61034.29712334 1.15 149.2367010528059 -7.050103796009426 149.24427083333333 -6.975 M490 0.043953195 25.020576 1.066721 0.9453675 21.613585 1.0565597 decam 14.02752 -23.698568 161 object IBIS_wide_M490_427936 427936 0.051877 924.0 1948.0 -0.0002447901 1.0000105 -0.0014185244 -0.09500154 0.0013025387 1.000085 16758061959 379.8343
rawdata/DECam_01444048.fits.fz N4 1444048 401.1576 61034.30207197 1.14 149.59770946601975 -6.7851037983209155 149.605275 -6.71 M490 0.034787398 25.023684 1.0678389 1.0123371 21.667206 1.0779129 decam 9.594817 -22.918238 182 object IBIS_wide_M490_424953 424953 0.040764 924.0 1948.0 0.05062153 1.000154 -0.0014556566 -0.13923356 0.0014596892 1.0001484 16610542903 372.1614
rawdata/DECam_01444049.fits.fz N4 1444049 333.8579 61034.30702609 1.14 149.26672157078198 -5.6531038081675336 149.27427083333333 -5.578 M490 0.04019461 25.027996 1.0720887 0.9440359 21.642603 0.98671883 decam 9.004226 -19.137173 165 object IBIS_wide_M490_427941 427941 0.037884 924.0 1948.0 0.5693112 0.9999855 -0.0014787412 -0.27830023 0.0013946383 0.99998116 16521104978 338.35162
rawdata/DECam_01444050.fits.fz N4 1444050 330.198 61034.31120584 1.14 151.35971977180304 -6.382103801831287 151.36727916666666 -6.307 M490 0.038118713 25.031124 1.0751806 0.9216272 21.666529 0.9021437 decam 15.248215 -18.240534 156 object IBIS_wide_M490_427934 427934 0.036797 924.0 1948.0 0.28976935 1.0001997 -0.001376107 -0.21409632 0.0013067818 1.0000899 16420138840 366.01486
rawdata/DECam_01444051.fits.fz N4 1444051 317.5181 61034.31532623 1.13 153.45470420969176 -6.854103797719305 153.46227083333335 -6.779 M490 0.042990774 25.022917 1.0651491 0.9219971 21.653582 0.9583931 decam 11.533402 -21.358887 173 object IBIS_wide_M490_428410 428410 0.039782 924.0 1948.0 0.26306096 1.0003003 -0.0012519713 -0.16035044 0.00088484905 1.0000743 16399113372 331.30258
rawdata/DECam_01444052.fits.fz N4 1444052 368.0778 61034.31932995 1.13 154.005715701221 -6.652103799480058 154.01327916666665 -6.577 M490 0.057499513 25.017618 1.0599635 0.9785805 21.66798 1.1852989 decam 17.010975 -17.074451 171 object IBIS_wide_M490_425425 425425 0.04324 924.0 1948.0 0.13540688 1.0002453 -0.0012644384 -0.08215119 0.0012226923 1.0002065 16532009557 310.53583
rawdata/DECam_01444053.fits.fz N4 1444053 332.848 61034.32391065 1.13 154.97570246533323 -6.9631037967685785 154.98327083333334 -6.888 M490 0.043125562 25.026445 1.0686171 0.9348973 21.661957 0.97229105 decam 13.687588 -22.418842 183 object IBIS_wide_M490_428409 428409 0.042915 924.0 1948.0 0.14637798 1.0001943 -0.0012559268 -0.17332028 0.0010913709 1.0001467 16503105712 342.3337
rawdata/DECam_01444054.fits.fz N4 1444054 364.4978 61034.32808713 1.13 156.31271333376074 -6.804103798155273 156.32027916666667 -6.729 M490 0.042533208 25.036207 1.0782675 0.9574498 21.662745 0.99677056 decam 14.39602 -10.595053 144 object IBIS_wide_M490_428406 428406 0.043307 924.0 1948.0 0.05187007 1.0001951 -0.0010732479 -0.23618871 0.0011289497 1.0000219 16567237218 365.67874
rawdata/DECam_01444055.fits.fz N4 1444055 390.7576 61034.33262993 1.12 155.58271616420998 -6.3441038021619995 155.59027500000002 -6.269 M490 0.040341653 25.03049 1.0706619 0.9939515 21.689407 1.0436101 decam 12.070784 -12.818067 168 object IBIS_wide_M490_428412 428412 0.042118 924.0 1948.0 0.26736492 1.0003002 -0.0011093861 0.049889855 0.00074798166 1.0001824 16570859882 374.4287
rawdata/DECam_01444056.fits.fz N4 1444056 150.0 61034.34036156 1.02 137.02796187396896 -37.05164959619613 137.037375 -36.97654611111111 M464 0.3068103 24.898232 0.9512111 1.0240558 21.749668 8.763043 decam 3.4823043 21.086676 1830 object "Pyxis position 11" 0 0.0 924.0 1948.0 0.11747368 1.000168 -0.0019866168 -0.104840875 0.0018852411 1.0000887 16065088979 17.11734
rawdata/DECam_01444057.fits.fz N4 1444057 150.0 61034.34242595 1.02 136.7724348406158 -37.301641537255605 136.78187916666667 -37.22653805555556 M464 0.38689458 24.884155 0.9389578 0.9325392 21.673674 14.183933 decam 2.5932243 11.405772 1862 object "Pyxis position 12" 0 0.0 924.0 1948.0 0.39826724 1.0000832 -0.0019686725 -0.10341507 0.0019219158 1.0000646 16156038666 10.575346
rawdata/DECam_01444058.fits.fz N4 1444058 150.0 61034.34450766 1.02 137.1900701766948 -37.25245348236783 137.19950833333334 -37.17735 M464 0.3036501 24.899645 0.95244974 0.93385535 21.590015 8.235668 decam 9.115082 16.87917 1899 object "Pyxis position 13" 0 0.0 924.0 1948.0 -0.06891864 1.0000776 -0.0020292045 -0.14784093 0.001992347 1.0001172 16006747533 18.213459
rawdata/DECam_01444059.fits.fz N4 1444059 150.0 61034.34657303 1.02 136.82708205865956 -37.05687848501443 136.83649583333334 -36.981775 M464 0.31991524 24.89983 0.9526121 0.9409133 21.430586 10.872542 decam 3.5604398 13.194004 1904 object "Pyxis position 14" 0 0.0 924.0 1948.0 0.10304598 1.0002711 -0.0020632532 -0.23114294 0.002020251 1.0000198 16017096395 13.796221
rawdata/DECam_01444060.fits.fz N4 1444060 150.0 61034.34866112 1.02 136.93256296954672 -37.4091584802373 136.94202083333334 -37.334055 M464 0.3547214 24.89705 0.95017713 0.9019711 21.179333 16.23634 decam 14.537391 8.6040325 1722 object "Pyxis position 15" 0 0.0 924.0 1948.0 0.0979376 1.0002307 -0.0018835182 -0.3925919 0.0021162983 1.000063 16736068008 9.238536
rawdata/DECam_01444061.fits.fz N4 1444061 150.0 61034.35073385 1.02 137.1600040081281 -37.08145154023821 137.16942083333333 -37.006348055555556 M464 0.29236436 24.913723 0.96487975 0.90166384 20.929077 12.688242 decam 9.446533 12.437719 1804 object "Pyxis position 16" 0 0.0 924.0 1948.0 0.10937747 1.0001405 -0.0021139304 -0.2836337 0.0019867902 1.0000155 16521269398 11.821969
rawdata/DECam_01444062.fits.fz N4 1444062 10.0 61034.35362694 1.05 130.3761489802335 -32.93424242676747 130.3851 -32.859138888888886 M464 0.33464447 24.917011 0.973788 0.91443026 20.522303 25.52073 decam 13.446034 22.516031 899 object "LTT3218 N4" 0 0.0 924.0 1948.0 -0.23923674 0.9999327 -0.002161527 -0.36087707 0.0022024368 1.0000958 15454123588 0.39183834
rawdata/DECam_01444063.fits.fz N4 1444063 10.0 61034.35404484 1.05 130.00609898023347 -32.93424242676747 130.01505 -32.859138888888886 M464 0.29259276 24.926243 0.9821034 0.90249765 20.469435 18.999914 decam 12.571207 14.567233 1106 object "LTT3218 N5" 0 0.0 924.0 1948.0 0.17751338 1.0001428 -0.0021923843 -0.46341154 0.0025382494 1.0000923 15456161494 0.5263182
rawdata/DECam_01444064.fits.fz N4 1444064 10.0 61034.35446505 1.05 130.74619871054136 -33.10090964695198 130.75516666666667 -33.02580611111111 M464 0.41609186 24.890518 0.9503146 0.9527982 20.32928 62.188015 decam 22.629429 16.441137 720 object "LTT3218 S3" 0 0.0 924.0 1948.0 -0.05615231 1.0005395 -0.0021756943 -0.066728875 0.0020176228 1.0001558 15692868776 0.16080269
rawdata/DECam_01444065.fits.fz N4 1444065 10.0 61034.35487735 1.05 130.37613204387472 -33.100909646952 130.3851 -33.02580611111111 M464 0.3320199 24.90372 0.9619408 0.9474186 20.291706 34.065224 decam 28.03863 22.210709 868 object "LTT3218 S4" 0 0.0 924.0 1948.0 -0.26393244 1.0001115 -0.0021117239 -0.16449654 0.0023194323 1.0000541 15469671443 0.2935545
rawdata/DECam_01444066.fits.fz N4 1444066 10.0 61034.3553178 1.05 130.00608204387473 -33.10090964695198 130.01505 -33.02580611111111 M464 0.27418688 24.92729 0.9830504 0.9205149 20.213655 21.888327 decam 16.77239 7.7659864 1047 object "LTT3218 S5" 0 0.0 924.0 1948.0 0.14801289 1.0002187 -0.0022086564 -0.22774915 0.0021373306 1.0000544 15479520585 0.45686454
rawdata/DECam_01444067.fits.fz N4 1444067 10.0 61034.35574797 1.05 130.3761489802335 -32.93424242676747 130.3851 -32.859138888888886 M490 0.33464447 25.007309 1.0348167 0.95101523 20.16057 29.286602 decam 19.67352 22.587818 930 object "LTT3218 N4" 0 0.0 924.0 1948.0 -0.28038898 0.99982625 -0.0021378584 -0.3661033 0.0022225059 1.0001982 15490960359 0.34145308
rawdata/DECam_01444068.fits.fz N4 1444068 10.0 61034.35618438 1.05 130.00609898023347 -32.93424242676747 130.01505 -32.859138888888886 M490 0.29259276 25.000776 1.0286094 1.0213557 20.064554 28.168682 decam 14.468745 5.553242 1097 object "LTT3218 N5" 0 0.0 924.0 1948.0 -0.03521395 1.0000411 -0.0022783147 -0.1228096 0.0023580103 1.0001441 15500006913 0.3550042
rawdata/DECam_01444069.fits.fz N4 1444069 10.0 61034.35660913 1.05 130.74619871054136 -33.10090964695198 130.75516666666667 -33.02580611111111 M490 0.41609186 25.01569 1.0428361 0.9372623 19.999054 56.09604 decam 6.25024 3.0939708 812 object "LTT3218 S3" 0 0.0 924.0 1948.0 0.13768438 1.0002494 -0.0021765016 -0.054644194 0.0019779038 1.0001915 15544160679 0.1782657
rawdata/DECam_01444070.fits.fz N4 1444070 10.0 61034.35702759 1.05 130.37613204387472 -33.100909646952 130.3851 -33.02580611111111 M490 0.3320199 25.003996 1.0316638 0.87529826 19.947226 29.865885 decam -2.6358933 15.392209 945 object "LTT3218 S4" 0 0.0 924.0 1948.0 -0.23676905 1.0000962 -0.0020591433 0.11358819 0.0021304318 1.0001042 15522055071 0.3348302
rawdata/DECam_01444071.fits.fz N4 1444071 10.0 61034.35746395 1.06 130.00608204387473 -33.10090964695198 130.01505 -33.02580611111111 M490 0.27418688 25.009102 1.0384105 0.9240021 19.86611 24.107515 decam 7.9669714 3.925154 1112 object "LTT3218 S5" 0 0.0 924.0 1948.0 0.15078956 1.0001328 -0.002233953 -0.3191726 0.0021944067 1.000135 15535333343 0.4148084
rawdata/DECam_01444072.fits.fz N4 1444072 15.0 61034.35919165 1.01 158.0489082850337 -35.62021461516044 158.05815 -35.54511111111111 M490 0.09512646 25.039015 1.0577772 0.99299604 19.550274 10.61551 decam 13.555948 -8.311866 288 object "LTT3864 N4" 0 0.0 924.0 1948.0 0.23863691 1.0003438 -0.0013138372 -0.05742294 0.0011991957 1.0001327 15696164626 1.4130268
rawdata/DECam_01444073.fits.fz N4 1444073 15.0 61034.35965568 1.01 157.66682911836705 -35.62021461516044 157.67607083333334 -35.54511111111111 M490 0.097239666 25.038616 1.0573888 0.94322044 19.457644 10.590373 decam 15.166975 -9.39546 226 object "LTT3864 N5" 0 0.0 924.0 1948.0 0.056961592 1.0004774 -0.0012099614 -0.16071545 0.001125689 1.0001773 15724100647 1.4163806
rawdata/DECam_01444074.fits.fz N4 1444074 15.0 61034.36013137 1.01 158.43095561147695 -35.78688155743227 158.44021666666666 -35.711778055555556 M490 0.09434271 25.03608 1.0549214 0.99918103 19.349644 12.931248 decam 26.419157 -8.168165 268 object "LTT3864 S3" 0 0.0 924.0 1948.0 0.049946986 1.0001717 -0.0011462127 0.04663271 0.0008495998 1.000205 15759272314 1.1599809
rawdata/DECam_01444075.fits.fz N4 1444075 15.0 61034.36059537 1.01 158.0488889448103 -35.78688155743227 158.05815 -35.711778055555556 M490 0.10869775 25.04052 1.0592433 0.9601478 19.247768 14.324671 decam 28.707067 -6.190823 295 object "LTT3864 S4" 0 0.0 924.0 1948.0 0.18635434 1.0001187 -0.0011676895 -0.17220733 0.0009354897 1.0001572 15800689087 1.0471445
rawdata/DECam_01444076.fits.fz N4 1444076 15.0 61034.36107511 1.01 157.66680977814363 -35.78688155743227 157.67607083333334 -35.711778055555556 M490 0.09514436 25.035318 1.0541813 0.9438228 19.142925 14.0570345 decam 40.784004 -7.982344 287 object "LTT3864 S5" 0 0.0 924.0 1948.0 -0.20787607 1.0001382 -0.0012853019 -0.092906736 0.0011006687 1.0002359 15840768249 1.0670815
