logs/db-2026-04-16.ecsv
# %ECSV 1.0
# ---
# datatype:
# - {name: filename, datatype: string}
# - {name: extension, datatype: string}
# - {name: expnum, datatype: int64}
# - {name: exptime, datatype: float32}
# - {name: mjd_obs, datatype: float64}
# - {name: airmass, datatype: float32}
# - {name: racenter, datatype: float64}
# - {name: deccenter, datatype: float64}
# - {name: rabore, datatype: float64}
# - {name: decbore, datatype: float64}
# - {name: band, datatype: string}
# - {name: ebv, datatype: float32}
# - {name: zeropoint, datatype: float32}
# - {name: transparency, datatype: float32}
# - {name: seeing, datatype: float32}
# - {name: sky, datatype: float32}
# - {name: expfactor, datatype: float32}
# - {name: camera, datatype: string}
# - {name: dx, datatype: float32}
# - {name: dy, datatype: float32}
# - {name: nmatched, datatype: int64}
# - {name: obstype, datatype: string}
# - {name: object, datatype: string}
# - {name: tileid, datatype: int64}
# - {name: tileebv, datatype: float32}
# - {name: affine_x0, datatype: float32}
# - {name: affine_y0, datatype: float32}
# - {name: affine_dx, datatype: float32}
# - {name: affine_dxx, datatype: float32}
# - {name: affine_dxy, datatype: float32}
# - {name: affine_dy, datatype: float32}
# - {name: affine_dyx, datatype: float32}
# - {name: affine_dyy, datatype: float32}
# - {name: checksum, datatype: string}
# - {name: efftime, datatype: float32}
# schema: astropy-2.0
filename extension expnum exptime mjd_obs airmass racenter deccenter rabore decbore band ebv zeropoint transparency seeing sky expfactor camera dx dy nmatched obstype object tileid tileebv affine_x0 affine_y0 affine_dx affine_dxx affine_dxy affine_dy affine_dyx affine_dyy checksum efftime
[from data line 81]
/home/declsp/obsbot/rawdata/DECam_01475889.fits.fz N4 1475889 800.0 61147.26590327 1.15 217.99175450685146 -2.634103834261356 217.99927499999998 -2.559 M490 0.05902089 24.899595 0.95424074 2.0756094 21.86702 3.7457838 decam 3.1815739 32.60157 194 object IBIS_wide_M490_436971 436971 0.059446 924.0 1948.0 -0.027265577 1.0001467 0.0013649708 0.13514227 -0.0009683466 1.0000601 17506406800 213.57346
/home/declsp/obsbot/rawdata/DECam_01475890.fits.fz N4 1475890 800.0 61147.27549759 1.15 219.79875438223263 -3.2681038287969186 219.80627916666666 -3.193 M490 0.11028301 24.926315 0.97801715 1.6992333 21.844656 2.4403412 decam 5.275601 30.84983 228 object IBIS_wide_M490_439950 439950 0.093048 924.0 1948.0 -0.2386569 1.0001547 0.0014239274 0.17807955 -0.0012914573 1.0000564 17618960308 327.823
/home/declsp/obsbot/rawdata/DECam_01475891.fits.fz N4 1475891 800.0 61147.28511549 1.17 222.22976376558222 -2.4761038356222387 222.23728333333335 -2.401 M490 0.07207893 24.958984 1.0115548 1.6980314 21.861954 2.2583091 decam 12.015741 42.685158 206 object IBIS_wide_M490_437532 437532 0.069533 924.0 1948.0 -0.14301564 1.000128 0.0015092359 0.22009028 -0.0013805255 1.0001198 17483513833 354.24734
/home/declsp/obsbot/rawdata/DECam_01475892.fits.fz N4 1475892 542.2368 61147.29469373 1.16 224.0767535898348 -3.37210382789992 224.08427916666665 -3.297 M490 0.123775415 24.966877 1.0170889 1.4742775 21.844555 1.7053686 decam 5.976423 37.327446 223 object IBIS_wide_M490_440430 440430 0.115 924.0 1948.0 -0.49818486 1.0003965 0.0016408078 0.16892274 -0.0017036695 1.0000947 16819698383 317.9587
/home/declsp/obsbot/rawdata/DECam_01475893.fits.fz N4 1475893 800.0 61147.30128992 1.19 226.1517596708179 -1.5591038435147715 226.159275 -1.484 M490 0.07285712 24.966965 1.0227234 1.5226636 21.885267 1.7517864 decam 8.508474 37.969517 241 object IBIS_wide_M490_440443 440443 0.070088 924.0 1948.0 -0.2438875 1.0003114 0.0016690479 0.06810833 -0.0014465338 0.99999976 17472415285 456.6767
/home/declsp/obsbot/rawdata/DECam_01475894.fits.fz N4 1475894 800.0 61147.3108755 1.22 224.80076824162015 -1.491103844099718 224.80828333333332 -1.416 M490 0.06622095 24.959646 1.021397 1.628888 21.855776 2.0876029 decam 8.86685 36.393547 216 object IBIS_wide_M490_440528 440528 0.063499 924.0 1948.0 -0.072464325 1.0002389 0.001559327 0.11513388 -0.001445329 1.000101 17579441415 383.21466
/home/declsp/obsbot/rawdata/DECam_01475895.fits.fz N4 1475895 800.0 61147.32078566 1.21 234.98376101522257 1.1208961334432652 234.991275 1.196 M490 0.0797212 24.961731 1.021505 1.5773096 21.902006 1.8688169 decam 8.318995 41.494957 297 object IBIS_wide_M490_437492 437492 0.083575 924.0 1948.0 0.04375771 1.0001367 0.0018921208 0.15209317 -0.0017322436 1.0000867 17429363223 428.07834
/home/declsp/obsbot/rawdata/DECam_01475896.fits.fz N4 1475896 391.7778 61147.33036014 1.24 236.78175876508627 2.618896120551915 236.7892791666667 2.694 M490 0.099492185 24.947287 1.0135065 1.4705427 21.88468 1.6952767 decam 7.7552705 36.79087 283 object IBIS_wide_M490_440650 440650 0.10546 924.0 1948.0 -0.31511852 1.0001303 0.0017758332 0.26090735 -0.0018151891 1.0002388 16394191225 231.09961
/home/declsp/obsbot/rawdata/DECam_01475897.fits.fz N4 1475897 800.0 61147.33524301 1.22 239.6207684331905 1.433896130751356 239.62828333333334 1.509 M490 0.083878465 24.955774 1.0177604 1.4067364 21.89617 1.5113722 decam 2.4941266 37.69074 377 object IBIS_wide_M490_440641 440641 0.091652 924.0 1948.0 -0.7245333 1.0002966 0.0019525053 0.24301727 -0.0016153507 1.0000539 17482214662 529.3203
/home/declsp/obsbot/rawdata/DECam_01475899.fits.fz N4 1475899 800.0 61147.34813812 1.21 244.7747693382738 1.1248961334088676 244.7822833333333 1.2 M490 0.07290434 24.952202 1.0125791 1.4077632 21.877419 1.5501102 decam 2.1708531 33.03394 523 object IBIS_wide_M490_437334 437334 0.081155 924.0 1948.0 -0.1332251 1.0001216 0.0019675454 0.1714517 -0.0022187773 1.0000323 17644710813 516.09235
/home/declsp/obsbot/rawdata/DECam_01475900.fits.fz N4 1475900 701.2861 61147.35773694 1.23 247.27775804674567 1.9618961262086196 247.285275 2.037 M490 0.06008633 24.956764 1.02054 1.4426885 21.804358 1.7266161 decam 3.372671 32.42378 514 object IBIS_wide_M490_440302 440302 0.063725 924.0 1948.0 -0.3936254 1.000241 0.0020908085 0.14420052 -0.001975622 1.0001383 17671936064 406.1621
/home/declsp/obsbot/rawdata/DECam_01475901.fits.fz N4 1475901 800.0 61147.36617204 1.23 247.7297690888831 1.2178961326091007 247.73728333333332 1.293 M490 0.06437182 24.950142 1.0143327 1.4487576 21.833055 1.7165561 decam 2.2910209 33.942486 561 object IBIS_wide_M490_437314 437314 0.07162 924.0 1948.0 -0.09606761 1.000117 0.0020627289 0.16907537 -0.0019841988 1.0001235 17724192899 466.04944
/home/declsp/obsbot/rawdata/DECam_01475902.fits.fz N4 1475902 800.0 61147.37576158 1.25 249.26076103312803 1.1138961335034605 249.26827500000002 1.189 M490 0.068624794 24.499176 0.672002 1.402822 21.702724 4.164954 decam 3.4490716 33.251537 612 object IBIS_wide_M490_437351 437351 0.075045 924.0 1948.0 -0.0018333598 1.000279 0.0020413385 0.09633459 -0.0019539853 1.0001037 17886642499 192.07895
/home/declsp/obsbot/rawdata/DECam_01475903.fits.fz N4 1475903 1220.4976 61147.38697792 1.23 308.2815053373603 -14.664103728040391 308.2892708333333 -14.589 M490 0.043205343 23.077902 0.1808359 1.4089568 21.7746 53.909542 decam -3.1596608 -13.905428 488 object IBIS_wide_M490_448999 448999 0.041966 924.0 1948.0 0.032107133 1.0003183 0.0019161461 0.17842187 -0.0020286944 1.0001019 18834271335 22.639732
/home/declsp/obsbot/rawdata/DECam_01475904.fits.fz N4 1475904 800.0 61147.39662535 1.2 309.01053904128014 -13.677103737065861 309.01827083333336 -13.602 M490 0.042734645 24.768217 0.8531918 1.374249 21.359825 3.339545 decam 8.030633 -25.900484 663 object IBIS_wide_M490_449000 449000 0.039854 924.0 1948.0 -0.17772777 1.0001969 0.0019429818 0.090099946 -0.0020236415 1.0001518 18901178459 239.55359
/home/declsp/obsbot/rawdata/DECam_01475905.fits.fz N4 1475905 150.0 61147.40766392 1.28 254.9552703550197 -0.6139938516420951 254.9627833333333 -0.53889 M490 0.39957818 24.84212 0.9266416 1.6056991 21.612173 3.1526003 decam 15.94214 20.857658 573 object "Pal15 position 0" 0 0.0 924.0 1948.0 -0.5074026 1.0002424 0.0021130124 0.17062207 -0.0018912533 1.0002042 15878406949 47.579773
/home/declsp/obsbot/rawdata/DECam_01475906.fits.fz N4 1475906 150.0 61147.40975205 1.29 254.91763706876625 -0.5795227408273317 254.92515 -0.5044188888888889 M490 0.38324124 24.817846 0.90779996 1.5584537 21.515636 3.394594 decam 3.5322118 24.184502 639 object "Pal15 position 1" 0 0.0 924.0 1948.0 -0.6467578 1.0002078 0.0022098694 -0.30343288 -0.0017727537 1.0001266 15909508088 44.18791
/home/declsp/obsbot/rawdata/DECam_01475907.fits.fz N4 1475907 150.0 61147.41184828 1.29 254.96157024807925 -0.6858857954684728 254.96908333333334 -0.6107819444444444 M490 0.40134218 24.910585 0.98874944 1.435058 21.392706 2.7176876 decam 8.571933 30.112198 598 object "Pal15 position 2" 0 0.0 924.0 1948.0 -0.4085639 1.0001438 0.0022037283 0.31988078 -0.001924761 1.0001403 15980469651 55.19398
/home/declsp/obsbot/rawdata/DECam_01475908.fits.fz N4 1475908 150.0 61147.41390257 1.31 255.0090454479581 -0.543848852245127 255.01655833333334 -0.468745 M490 0.3812449 24.437359 0.64175856 1.4188936 21.056286 8.660072 decam 3.690254 30.627075 516 object "Pal15 position 3" 0 0.0 924.0 1948.0 0.41794318 1.000081 0.0021820462 0.17357746 -0.001741597 1.0001619 16179252389 17.320871
/home/declsp/obsbot/rawdata/DECam_01475909.fits.fz N4 1475909 150.0 61147.41597759 1.32 254.85475782967728 -0.6317707959337099 254.8622708333333 -0.5566669444444444 M490 0.38935295 23.899345 0.3917007 1.4488517 20.670685 34.697567 decam -0.40785497 26.032568 308 object "Pal15 position 4" 0 0.0 924.0 1948.0 -0.25066376 0.9999026 0.002023746 0.14424455 -0.001744726 1.0001823 16520548143 4.3230696
/home/declsp/obsbot/rawdata/DECam_01475910.fits.fz N4 1475910 150.0 61147.41805831 1.32 255.05154109799642 -0.6752388511155631 255.05905416666667 -0.600135 M490 0.39217314 24.76156 0.86664313 1.5505967 20.364267 10.764101 decam 2.8918417 39.679146 459 object "Pal15 position 5" 0 0.0 924.0 1948.0 -0.36904517 1.0001985 0.0021044782 0.12037593 -0.0017955404 1.0001785 16917391243 13.935209
/home/declsp/obsbot/rawdata/DECam_01475911.fits.fz N4 1475911 150.0 61147.42011346 1.34 254.92281217463952 -0.4932799637909666 254.930325 -0.41817611111111114 M490 0.3351416 24.717731 0.83538026 1.6015182 19.853504 19.9244 decam -3.1575284 36.702858 414 object "Pal15 position 6" 0 0.0 924.0 1948.0 -0.55180526 1.0003107 0.0023402139 0.4277932 -0.002201961 1.0002483 17827447843 7.5284576
/home/declsp/obsbot/rawdata/DECam_01475912.fits.fz N4 1475912 5.0 61147.42349581 1.03 302.72841500890684 -30.2114535701363 302.73710833333337 -30.13635 M490 0.13380514 24.849606 0.891674 1.4177902 19.383808 18.881714 decam -16.314264 -3.7696133 117 object "LTT7987 N4" 0 0.0 924.0 1948.0 -0.35984847 1.0005202 0.0025001068 0.121880054 -0.0024781865 1.0002284 15494058411 0.26480648
/home/declsp/obsbot/rawdata/DECam_01475913.fits.fz N4 1475913 5.0 61147.42384639 1.03 302.36934834224013 -30.2114535701363 302.37804166666666 -30.13635 M490 0.14321716 20.70665 0.019634666 1.4478495 18.753162 72588.1 decam -16.637005 -3.7465453 12 object "LTT7987 N5" 0 0.0 924.0 1948.0 0.0047782003 1.0025623 0.0011786849 0.7433261 -0.0021836124 1.0003747 15588658505 6.888181e-05
/home/declsp/obsbot/rawdata/DECam_01475914.fits.fz N4 1475914 5.0 61147.42419489 1.03 303.08778793322506 -30.375753568241944 303.09649583333334 -30.30065 M490 0.110923365 21.528856 0.041870337 1.7188289 18.859985 20381.56 decam -12.892088 -4.5519795 11 object "LTT7987 S3" 0 0.0 924.0 1948.0 -2.0670571 0.9998951 0.0024609694 0.5822135 -0.002779303 1.000029 15574042398 0.0002453198
/home/declsp/obsbot/rawdata/DECam_01475915.fits.fz N4 1475915 5.0 61147.42454506 1.03 302.7284004332251 -30.375753568241944 302.73710833333337 -30.30065 M490 0.15053326 24.970667 0.9968527 1.4846044 19.196054 19.689856 decam -15.168638 -3.6820018 133 object "LTT7987 S4" 0 0.0 924.0 1948.0 -0.31556356 1.000259 0.002633701 0.12530926 -0.002202222 1.0000801 15521412092 0.25393787
/home/declsp/obsbot/rawdata/DECam_01475916.fits.fz N4 1475916 5.0 61147.42492853 1.03 302.3690337665584 -30.375753568241944 302.3777416666667 -30.30065 M490 0.141642 24.917713 0.9493997 1.6451967 19.072357 29.868073 decam -0.5909598 -16.708824 129 object "LTT7987 S5" 0 0.0 924.0 1948.0 -1.171337 1.0001227 0.0025290519 -0.4646595 -0.0026391982 1.0003136 15542613451 0.16740283
/home/declsp/obsbot/rawdata/DECam_01475917.fits.fz N4 1475917 15.0 61147.42623173 1.04 279.0992446105669 -44.30093643183224 279.10974166666665 -44.225833055555555 M490 0.050970625 23.566687 0.2740481 1.9374944 18.508259 838.68756 decam -4.4038672 7.600244 322 object "LTT7379 N4" 0 0.0 924.0 1948.0 -0.56751126 0.9999351 0.002880205 -0.027534375 -0.0028885806 1.000002 16220281850 0.017885087
/home/declsp/obsbot/rawdata/DECam_01475918.fits.fz N4 1475918 15.0 61147.42670926 1.04 278.66524877723356 -44.30093643183225 278.67574583333334 -44.225833055555555 M490 0.07475387 24.955751 0.9850366 1.9071579 18.659811 54.705345 decam -1.473301 -0.4669054 904 object "LTT7379 N5" 0 0.0 924.0 1948.0 -0.17199911 1.0003344 0.0030067821 -0.15682323 -0.0026768323 1.000103 16116058078 0.27419624
/home/declsp/obsbot/rawdata/DECam_01475919.fits.fz N4 1475919 15.0 61147.42720171 1.04 279.53320634919174 -44.467603373471604 279.54373333333336 -44.3925 M490 0.06628882 24.951435 0.98112935 1.9236672 18.522507 63.66269 decam -10.580364 -13.349139 722 object "LTT7379 S3" 0 0.0 924.0 1948.0 -0.019505013 0.9999311 0.0030280794 0.22896074 -0.0030961104 1.0000921 16221843240 0.23561682
/home/declsp/obsbot/rawdata/DECam_01475920.fits.fz N4 1475920 15.0 61147.42769476 1.04 279.09921468252503 -44.467603373471604 279.10974166666665 -44.3925 M490 0.06489883 24.95974 0.98866266 1.9077942 18.376225 70.56069 decam 1.4288856 0.81971776 770 object "LTT7379 S4" 0 0.0 924.0 1948.0 -0.0015000199 1.0001265 0.0031196224 0.44938585 -0.0032821347 1.0000054 16351513943 0.21258295
/home/declsp/obsbot/rawdata/DECam_01475921.fits.fz N4 1475921 15.0 61147.42820039 1.04 278.6652188491917 -44.467603373471604 278.67574583333334 -44.3925 M490 0.057193663 24.92236 0.95520246 1.7946575 18.210514 77.927574 decam -6.9000487 -19.022306 822 object "LTT7379 S5" 0 0.0 924.0 1948.0 0.0030345223 1.0002612 0.0030667034 0.378543 -0.0031438365 1.0001754 16507924262 0.19248642
