logs/db-2025-10-14.ecsv
# %ECSV 1.0
# ---
# datatype:
# - {name: filename, datatype: string}
# - {name: extension, datatype: string}
# - {name: expnum, datatype: int64}
# - {name: exptime, datatype: float32}
# - {name: mjd_obs, datatype: float64}
# - {name: airmass, datatype: float32}
# - {name: racenter, datatype: float64}
# - {name: deccenter, datatype: float64}
# - {name: rabore, datatype: float64}
# - {name: decbore, datatype: float64}
# - {name: band, datatype: string}
# - {name: ebv, datatype: float32}
# - {name: zeropoint, datatype: float32}
# - {name: transparency, datatype: float32}
# - {name: seeing, datatype: float32}
# - {name: sky, datatype: float32}
# - {name: expfactor, datatype: float32}
# - {name: camera, datatype: string}
# - {name: dx, datatype: float32}
# - {name: dy, datatype: float32}
# - {name: nmatched, datatype: int64}
# - {name: obstype, datatype: string}
# - {name: object, datatype: string}
# - {name: tileid, datatype: int64}
# - {name: tileebv, datatype: float32}
# - {name: affine_x0, datatype: float32}
# - {name: affine_y0, datatype: float32}
# - {name: affine_dx, datatype: float32}
# - {name: affine_dxx, datatype: float32}
# - {name: affine_dxy, datatype: float32}
# - {name: affine_dy, datatype: float32}
# - {name: affine_dyx, datatype: float32}
# - {name: affine_dyy, datatype: float32}
# - {name: checksum, datatype: string}
# - {name: efftime, datatype: float32}
# schema: astropy-2.0
filename extension expnum exptime mjd_obs airmass racenter deccenter rabore decbore band ebv zeropoint transparency seeing sky expfactor camera dx dy nmatched obstype object tileid tileebv affine_x0 affine_y0 affine_dx affine_dxx affine_dxy affine_dy affine_dyx affine_dyy checksum efftime
[from data line 43]
rawdata/DECam_01425736.fits.fz N4 1425736 800.0 60963.31790846 1.16 39.188501131272666 -14.898103725888873 39.196275 -14.823 M517 0.02602636 21.690819 0.047365688 1.0508597 20.46773 1411.9248 decam -11.4144945 29.695385 37 object IBIS_wide_M517_509880 509880 0.024344 924.0 1948.0 -0.9028778 1.0010662 -0.0021054384 -0.060538333 0.0017436543 0.99995667 23171692872 0.5666024
rawdata/DECam_01425737.fits.fz N4 1425737 800.0 60963.32748749 1.17 41.61753041395304 -13.937103734695903 41.62527083333333 -13.862 M517 0.024375442 22.217014 0.077026 1.1472893 20.339037 718.50616 decam -22.303988 27.378353 39 object IBIS_wide_M517_506917 506917 0.025932 924.0 1948.0 -0.46058688 1.0010852 -0.0013372021 -0.23025009 0.0020750426 0.999942 24181415166 1.1134212
rawdata/DECam_01425738.fits.fz N4 1425738 800.0 60963.33708242 1.18 43.6635026341882 -14.740103727342115 43.67127083333333 -14.665 M517 0.035622306 22.921852 0.14766215 1.1355736 20.35101 190.05193 decam -26.586828 22.070707 51 object IBIS_wide_M517_506858 506858 0.035031 924.0 1948.0 -1.0952607 1.0000019 -0.0022614466 0.12096673 0.002049977 1.0000467 24049123540 4.209376
rawdata/DECam_01425739.fits.fz N4 1425739 800.0 60963.3467193 1.19 46.549506577016416 -14.629103728361805 46.557270833333334 -14.554 M517 0.05185426 23.358639 0.22114637 1.1852882 20.379858 90.16781 decam -24.502707 28.569223 56 object IBIS_wide_M517_506854 506854 0.047643 924.0 1948.0 -0.06995975 1.0000494 -0.002282143 0.16548637 0.002432843 1.0001485 23855635446 8.872346
rawdata/DECam_01425740.fits.fz N4 1425740 800.0 60963.35637731 1.2 50.68558370729892 -12.090103751422566 50.693266666666666 -12.015 M517 0.09212092 23.986916 0.39508122 1.411181 20.44271 37.894638 decam -25.243471 26.147476 66 object IBIS_wide_M517_507155 507155 0.074314 924.0 1948.0 -0.282543 1.000483 -0.0018111711 -0.19772549 0.0028962567 1.0002024 23380717173 21.111166
rawdata/DECam_01425741.fits.fz N4 1425741 150.0 60963.36848955 1.36 136.96453759435042 -37.21315959401179 136.97397083333334 -37.13805611111111 M517 0.32769462 24.366623 0.5750494 2.1501758 20.330118 48.45295 decam -28.17263 -335.56442 1089 object "Pyxis position 0" 0 0.0 924.0 1948.0 -0.014948907 1.00006 -0.0024304981 -0.26370144 0.0023380036 1.0001602 17124945442 3.0957866
rawdata/DECam_01425742.fits.fz N4 1425742 150.0 60963.37103628 1.35 136.917366901674 -37.17867959447889 136.92679583333333 -37.10357611111111 M517 0.338056 24.63485 0.73502105 1.8125744 20.415888 19.416494 decam -18.112 -3.6109145 1338 object "Pyxis position 1" 0 0.0 924.0 1948.0 0.7667399 1.0000587 -0.0023295933 -0.3972548 0.0022214237 1.000186 17138327240 7.72539
rawdata/DECam_01425743.fits.fz N4 1425743 150.0 60963.3731102 1.33 136.97244942309567 -37.28505153748091 136.98189166666666 -37.20994805555556 M517 0.32559648 24.572226 0.6916051 1.6439756 20.214827 21.575726 decam -12.027151 3.3321753 1409 object "Pyxis position 2" 0 0.0 924.0 1948.0 0.19188038 1.0000997 -0.002332177 -0.28151694 0.0022268533 1.0002582 17716402842 6.952257
rawdata/DECam_01425744.fits.fz N4 1425744 150.0 60963.37517648 1.32 137.03194218502597 -37.1429954282952 137.04136666666668 -37.06789194444445 M517 0.31419104 24.397469 0.5878404 1.5111809 19.973635 31.41695 decam -18.586994 4.458006 1242 object "Pyxis position 3" 0 0.0 924.0 1948.0 0.16965894 1.0001253 -0.0022898675 -0.37924665 0.002305357 1.0001763 17828583015 4.7744927
rawdata/DECam_01425745.fits.fz N4 1425745 150.0 60963.37727333 1.31 136.83843121234534 -37.23087042710502 136.84786666666668 -37.155766944444444 M517 0.36645448 24.541885 0.67039347 1.6115923 19.798794 32.1653 decam -5.131808 16.829111 1259 object "Pyxis position 4" 0 0.0 924.0 1948.0 0.5528234 0.99992025 -0.0022840349 -0.14317405 0.0022150206 1.0001886 18187582204 4.6634107
rawdata/DECam_01425746.fits.fz N4 1425746 150.0 60963.37934296 1.3 137.08540076632954 -37.274343482070755 137.09484166666667 -37.19924 M517 0.3093712 24.392368 0.58321273 1.5591946 19.413397 56.555992 decam -12.9089155 13.216451 1161 object "Pyxis position 5" 0 0.0 924.0 1948.0 -0.038623497 1.000294 -0.0022567147 -0.29925835 0.002170496 1.0001528 19406044965 2.6522388
