logs/db-2026-02-15.ecsv
# %ECSV 1.0
# ---
# datatype:
# - {name: filename, datatype: string}
# - {name: extension, datatype: string}
# - {name: expnum, datatype: int64}
# - {name: exptime, datatype: float32}
# - {name: mjd_obs, datatype: float64}
# - {name: airmass, datatype: float32}
# - {name: racenter, datatype: float64}
# - {name: deccenter, datatype: float64}
# - {name: rabore, datatype: float64}
# - {name: decbore, datatype: float64}
# - {name: band, datatype: string}
# - {name: ebv, datatype: float32}
# - {name: zeropoint, datatype: float32}
# - {name: transparency, datatype: float32}
# - {name: seeing, datatype: float32}
# - {name: sky, datatype: float32}
# - {name: expfactor, datatype: float32}
# - {name: camera, datatype: string}
# - {name: dx, datatype: float32}
# - {name: dy, datatype: float32}
# - {name: nmatched, datatype: int64}
# - {name: obstype, datatype: string}
# - {name: object, datatype: string}
# - {name: tileid, datatype: int64}
# - {name: tileebv, datatype: float32}
# - {name: affine_x0, datatype: float32}
# - {name: affine_y0, datatype: float32}
# - {name: affine_dx, datatype: float32}
# - {name: affine_dxx, datatype: float32}
# - {name: affine_dxy, datatype: float32}
# - {name: affine_dy, datatype: float32}
# - {name: affine_dyx, datatype: float32}
# - {name: affine_dyy, datatype: float32}
# - {name: checksum, datatype: string}
# - {name: efftime, datatype: float32}
# schema: astropy-2.0
filename extension expnum exptime mjd_obs airmass racenter deccenter rabore decbore band ebv zeropoint transparency seeing sky expfactor camera dx dy nmatched obstype object tileid tileebv affine_x0 affine_y0 affine_dx affine_dxx affine_dxy affine_dy affine_dyx affine_dyy checksum efftime
[from data line 41]
/home/declsp/obsbot/rawdata/DECam_01457125.fits.fz N4 1457125 474.1369 61087.19560081 1.12 157.87871698609078 -6.568103800211823 157.88627916666667 -6.493 M464 0.039618406 24.928387 0.9982948 1.1550684 21.913252 1.3430129 decam 4.827946 -11.969652 134 object IBIS_wide_M464_325430 325430 0.043044 924.0 1948.0 0.15914188 0.9997818 -0.00068948045 -0.15298931 0.00045178796 1.0002098 16513766591 353.0397
/home/declsp/obsbot/rawdata/DECam_01457126.fits.fz N4 1457126 434.7971 61087.20140842 1.11 159.3967166511905 -6.590103800020194 159.40427916666667 -6.515 M464 0.04582194 24.937897 1.0050105 1.0961156 21.902626 1.254776 decam 5.5754066 -12.372359 152 object IBIS_wide_M464_325180 325180 0.048832 924.0 1948.0 0.020800034 1.0000224 -0.000833908 0.013096772 0.0011895285 0.99999654 16432594105 346.5137
/home/declsp/obsbot/rawdata/DECam_01457127.fits.fz N4 1457127 324.2378 61087.20677773 1.11 160.58670828107174 -6.8601037976669845 160.59427499999998 -6.785 M464 0.048405718 24.949331 1.0156512 0.9795008 21.914652 0.9889021 decam 13.778076 1.9084295 146 object IBIS_wide_M464_328164 328164 0.045514 924.0 1948.0 0.10352142 1.0006196 -0.000844174 -0.03305054 0.00068561494 1.0000379 16208682164 327.87653
/home/declsp/obsbot/rawdata/DECam_01457128.fits.fz N4 1457128 303.728 61087.21086966 1.11 161.891706292691 -6.984103796585361 161.899275 -6.909 M464 0.0313949 24.94055 1.0074699 1.0007757 21.921465 0.9231395 decam 22.064083 8.750211 141 object IBIS_wide_M464_328161 328161 0.030313 924.0 1948.0 -0.10025451 1.0001177 -0.00075650634 -0.18899332 0.00071472075 1.0000076 16106601524 329.01636
/home/declsp/obsbot/rawdata/DECam_01457129.fits.fz N4 1457129 335.0778 61087.21471196 1.11 162.28771368179682 -6.511103800708237 162.295275 -6.436 M464 0.026843313 24.927893 0.9957932 0.98413855 21.922293 0.8839144 decam 13.599955 8.339428 139 object IBIS_wide_M464_325176 325176 0.029745 924.0 1948.0 0.1198321 1.0002321 -0.0007193546 -0.12957688 0.0005306041 1.0000435 16244197836 379.08398
/home/declsp/obsbot/rawdata/DECam_01457130.fits.fz N4 1457130 315.908 61087.21892149 1.11 163.996709740794 -6.4961038008388545 164.00427083333335 -6.421 M464 0.02758785 24.926226 0.9942651 0.9591242 21.920683 0.84799993 decam 8.984007 15.140979 137 object IBIS_wide_M464_328203 328203 0.028006 924.0 1948.0 0.13643733 0.99990684 -0.00071314577 0.10968862 0.00039774235 1.0000818 16114672492 372.53305
/home/declsp/obsbot/rawdata/DECam_01457131.fits.fz N4 1457131 323.5979 61087.2228908 1.1 165.0437075370943 -6.641103799575897 165.05127083333332 -6.566 M464 0.028508237 24.946321 1.0107607 1.0411327 21.913197 0.9755615 decam 9.651636 14.165436 140 object IBIS_wide_M464_325196 325196 0.034177 924.0 1948.0 0.06912446 1.000254 -0.0006247615 -0.0402781 0.00071955385 1.0000426 16178635623 331.70425
/home/declsp/obsbot/rawdata/DECam_01457132.fits.fz N4 1457132 428.1472 61087.22696227 1.1 165.36372022814544 -6.351103802101081 165.37127916666668 -6.276 M464 0.035948873 24.93958 1.0045052 1.1429244 21.901066 1.2689549 decam 3.41772 19.400782 158 object IBIS_wide_M464_328182 328182 0.03651 924.0 1948.0 0.118309595 1.0001593 -0.00064641976 -0.1079664 0.0007700739 1.0001879 16499560519 337.40143
/home/declsp/obsbot/rawdata/DECam_01457133.fits.fz N4 1457133 402.9574 61087.23223825 1.1 166.57670906220721 -6.541103800446981 166.58427083333333 -6.466 M464 0.04809316 24.942303 1.0070273 1.0729643 21.883959 1.23326 decam 6.7974296 21.084757 149 object IBIS_wide_M464_325197 325197 0.047319 924.0 1948.0 -0.13377613 1.000159 -0.00060790114 0.11354567 0.00040149214 1.0001038 16642438962 326.74164
/home/declsp/obsbot/rawdata/DECam_01457134.fits.fz N4 1457134 445.8871 61087.23724318 1.1 169.33770874083302 -6.831103797919862 169.34527500000002 -6.756 M464 0.052718285 24.930613 0.99624324 1.1057574 21.873394 1.3966348 decam 3.5488102 16.425705 132 object IBIS_wide_M464_325201 325201 0.043754 924.0 1948.0 0.11626178 1.0001895 -0.00051309285 -0.06751867 0.00057409395 1.0000843 16501662619 319.25818
/home/declsp/obsbot/rawdata/DECam_01457135.fits.fz N4 1457135 543.6765 61087.24273307 1.1 168.12371811919627 -6.493103800864976 168.13127916666667 -6.418 M464 0.041028015 24.936787 1.0019231 1.15847 21.868847 1.3997401 decam 2.2677972 12.978682 130 object IBIS_wide_M464_325192 325192 0.041933 924.0 1948.0 0.17532723 1.0002025 -0.00053847214 -0.038030334 0.000468055 1.0001693 16782675585 388.41248
/home/declsp/obsbot/rawdata/DECam_01457136.fits.fz N4 1457136 408.5273 61087.24937223 1.1 170.72971162688438 -6.646103799532335 170.737275 -6.571 M464 0.042283095 24.93112 0.9967072 1.0806563 21.866577 1.2448343 decam -3.3468874 24.515528 165 object IBIS_wide_M464_325116 325116 0.039606 924.0 1948.0 -0.04362372 1.0001656 -0.00046531897 0.04250423 0.000491134 1.0000631 16420011471 328.17807
/home/declsp/obsbot/rawdata/DECam_01457137.fits.fz N4 1457137 389.1974 61087.25443445 1.09 172.11770843977152 -6.582103800089879 172.12527083333333 -6.507 M464 0.032325853 24.912613 0.97785133 1.0667799 21.86674 1.1688095 decam 2.2598224 23.539953 131 object IBIS_wide_M464_325117 325117 0.038766 924.0 1948.0 0.030021366 0.9998767 -0.0002856162 -0.17837618 0.0007081832 0.9999293 16367842628 332.98615
/home/declsp/obsbot/rawdata/DECam_01457138.fits.fz N4 1457138 493.4969 61087.25925343 1.09 170.98471473034652 -6.441103801317714 170.992275 -6.366 M464 0.03550464 24.929516 0.9931946 1.0925589 21.858566 1.2247641 decam 0.9320312 35.852127 150 object IBIS_wide_M464_328102 328102 0.039664 924.0 1948.0 0.13430822 1.0000199 -0.00055240083 0.08671887 0.00030188926 1.000069 16615303598 402.9322
/home/declsp/obsbot/rawdata/DECam_01457139.fits.fz N4 1457139 372.9976 61087.26529615 1.09 173.8857158703855 -6.3641038019879455 173.89327500000002 -6.289 M464 0.041469138 24.931389 0.9949094 1.065104 21.866905 1.201363 decam -4.9937716 31.135916 123 object IBIS_wide_M464_328098 328098 0.036116 924.0 1948.0 -0.075427175 0.9999449 -0.00032707633 0.13733098 0.00069711986 1.000085 16346797618 310.47867
/home/declsp/obsbot/rawdata/DECam_01457140.fits.fz N4 1457140 412.2675 61087.26995926 1.09 175.43571186543906 -6.353103802083675 175.44327083333332 -6.278 M464 0.040935215 24.92825 0.99203646 1.0871148 21.866894 1.2538952 decam 7.825809 21.554548 150 object IBIS_wide_M464_328253 328253 0.039375 924.0 1948.0 0.022902582 0.9999236 -0.00025450694 -0.08173077 0.00030057988 1.0001162 16422593041 328.78943
/home/declsp/obsbot/rawdata/DECam_01457141.fits.fz N4 1457141 343.0078 61087.27514344 1.1 179.9687074294505 -6.648103799514909 179.97627083333333 -6.573 M464 0.020318275 24.924158 0.9903381 1.0922732 21.860016 1.1076258 decam -7.43229 21.875523 168 object IBIS_wide_M464_324964 324964 0.024854 924.0 1948.0 -0.055753477 1.0000477 -5.3530264e-05 0.034776952 -0.00019792293 1.0000837 16231410527 309.6784
/home/declsp/obsbot/rawdata/DECam_01457142.fits.fz N4 1457142 335.9579 61087.27946511 1.1 180.68171909046947 -6.428103801430882 180.68927916666667 -6.353 M464 0.022222608 24.903772 0.97191703 1.0569731 21.842821 1.109221 decam 4.041579 17.848978 151 object IBIS_wide_M464_333942 333942 0.024267 924.0 1948.0 -0.018181942 1.0002077 4.2657688e-05 0.118102856 0.00011628202 1.0000184 16435926778 302.87732
/home/declsp/obsbot/rawdata/DECam_01457143.fits.fz N4 1457143 383.8076 61087.28371247 1.1 184.21871563962029 -6.656103799445205 184.22627916666667 -6.5809999999999995 M464 0.051240638 24.932766 0.99822044 1.0397768 21.843233 1.2517432 decam -4.6611266 20.510998 139 object IBIS_wide_M464_330944 330944 0.041983 924.0 1948.0 -0.062627606 0.99988556 0.00011626341 0.09764151 -0.00028952246 1.0001385 16421871786 306.61847
/home/declsp/obsbot/rawdata/DECam_01457144.fits.fz N4 1457144 412.0975 61087.28847039 1.1 184.5937201546952 -6.356103802057567 184.60127916666667 -6.281 M464 0.03257513 24.929539 0.9952575 1.0908576 21.841713 1.2143162 decam 6.2292166 14.804881 151 object IBIS_wide_M464_333930 333930 0.036763 924.0 1948.0 -0.0857782 0.99982554 0.00010437254 -0.057061967 0.00026127332 1.0001819 16988714475 339.36588
/home/declsp/obsbot/rawdata/DECam_01457145.fits.fz N4 1457145 462.8971 61087.2936019 1.1 187.03370971073616 -6.498103800821438 187.04127083333333 -6.423 M464 0.02289144 24.93444 0.9997612 1.0977708 21.822918 1.157032 decam -2.040912 25.025581 156 object IBIS_wide_M464_330940 330940 0.026776 924.0 1948.0 -0.014252253 0.999883 0.00025977998 0.10991496 -9.482658e-05 1.0001274 16587327718 400.07285
/home/declsp/obsbot/rawdata/DECam_01457146.fits.fz N4 1457146 405.3875 61087.2992994 1.1 186.29472424729002 -6.071103804536489 186.30227916666666 -5.996 M464 0.02717137 24.9251 0.991198 1.096025 21.825222 1.2072594 decam 3.0386918 40.452217 154 object IBIS_wide_M464_330946 330946 0.030795 924.0 1948.0 0.12453866 1.0003257 0.00026989385 0.28273216 -0.00019505969 1.0002499 16446916082 335.79156
/home/declsp/obsbot/rawdata/DECam_01457147.fits.fz N4 1457147 382.1277 61087.30432106 1.09 184.89072456922702 -6.048103804736426 184.89827916666667 -5.973 M464 0.030832784 24.926918 0.9908214 1.0534506 21.838926 1.1269193 decam 7.7938933 47.320248 149 object IBIS_wide_M464_330947 330947 0.033684 924.0 1948.0 -0.103674576 1.0002843 8.96816e-05 -0.015436112 9.479005e-05 1.0000726 16431010694 339.09055
/home/declsp/obsbot/rawdata/DECam_01457148.fits.fz N4 1457148 364.0778 61087.30910019 1.1 187.99272928853077 -5.700103807759526 188.00027916666667 -5.625 M464 0.03522524 24.935144 1.000409 1.022045 21.823385 1.093794 decam 7.9884768 45.43995 144 object IBIS_wide_M464_331441 331441 0.035643 924.0 1948.0 -0.20827325 1.000312 0.00031537729 0.026791358 -0.00037822186 1.0000739 16316679835 332.85773
/home/declsp/obsbot/rawdata/DECam_01457149.fits.fz N4 1457149 414.5175 61087.31474066 1.1 189.82573242800268 -5.456103809876974 189.83327916666667 -5.381 M464 0.024371441 24.927137 0.9930592 1.0061754 21.818018 1.0005479 decam 10.402176 7.7912045 178 object IBIS_wide_M464_331442 331442 0.026024 924.0 1948.0 0.08842559 1.0004452 0.00039869835 0.20869398 -0.00047520007 1.0000077 16500210776 414.2905
/home/declsp/obsbot/rawdata/DECam_01457150.fits.fz N4 1457150 543.5267 61087.31983856 1.1 191.91973817460504 -4.978103814020168 191.92727916666666 -4.9030000000000005 M464 0.030208448 24.91938 0.9859889 1.0838236 21.815104 1.2306902 decam 7.1932173 1.7020553 168 object IBIS_wide_M464_331432 331432 0.029408 924.0 1948.0 -0.11015398 1.0000242 0.00053981395 0.17744456 -0.0005780651 1.000142 16796791444 441.64377
/home/declsp/obsbot/rawdata/DECam_01457151.fits.fz N4 1457151 536.1368 61087.32661763 1.11 198.01274277359394 -4.559103817646996 198.02027916666668 -4.484 M464 0.03194717 24.933134 1.0006111 1.1962538 21.799976 1.5002279 decam 1.2213224 -6.159958 181 object IBIS_wide_M464_334205 334205 0.032649 924.0 1948.0 -0.3355205 1.0005637 0.0008738033 0.022260377 -0.00039813257 1.0000787 16846923396 357.3702
/home/declsp/obsbot/rawdata/DECam_01457152.fits.fz N4 1457152 471.3672 61087.33313996 1.11 198.28373756053776 -4.2511038203103 198.29127083333333 -4.176 M464 0.032691795 24.936312 1.0035446 1.1235055 21.794481 1.3296272 decam -2.3957777 -0.8894972 156 object IBIS_wide_M464_331220 331220 0.031968 924.0 1948.0 -0.09466839 1.0001162 0.0007803384 0.15596293 -0.0007055733 1.000035 16703319927 354.5108
/home/declsp/obsbot/rawdata/DECam_01457153.fits.fz N4 1457153 492.067 61087.33890917 1.11 198.52974046977403 -3.942103822980111 198.5372708333333 -3.867 M464 0.032956596 24.923426 0.9917044 1.2170818 21.809626 1.5782087 decam 1.4288845 0.15708248 149 object IBIS_wide_M464_334206 334206 0.031845 924.0 1948.0 0.053238954 1.0000728 0.00078228035 0.058252137 -0.0005209546 1.0002216 16734441133 311.7883
/home/declsp/obsbot/rawdata/DECam_01457154.fits.fz N4 1457154 393.0076 61087.34494284 1.12 198.98175129036238 -3.657103825440798 198.98927916666665 -3.582 M464 0.037437145 24.93051 1.000249 1.0731956 21.814384 1.2457445 decam -9.249406 6.2660747 168 object IBIS_wide_M464_331223 331223 0.034313 924.0 1948.0 -0.22179477 1.0002716 0.00071977254 0.06902394 -0.00072190515 1.0001718 16413700316 315.4801
/home/declsp/obsbot/rawdata/DECam_01457155.fits.fz N4 1457155 481.9471 61087.34980328 1.11 201.47974459112677 -3.9471038229369264 201.487275 -3.872 M464 0.047299474 24.923122 0.99142784 1.1136156 21.837614 1.4279264 decam -2.8964286 2.601273 165 object IBIS_wide_M464_334202 334202 0.038566 924.0 1948.0 -0.19486912 1.0003302 0.00071984745 0.081794366 -0.0009967197 1.0000755 16614213217 337.51538
/home/declsp/obsbot/rawdata/DECam_01457156.fits.fz N4 1457156 387.3877 61087.35570554 1.11 204.26873985775626 -4.009103822401394 204.2762708333333 -3.934 M464 0.032239247 24.920328 0.9888794 1.0254066 21.856108 1.0746723 decam -11.910157 -1.5318137 183 object IBIS_wide_M464_334190 334190 0.032939 924.0 1948.0 -0.28311044 1.0002359 0.0009984468 0.11354354 -0.0009833977 1.0001191 16354422739 360.47052
/home/declsp/obsbot/rawdata/DECam_01457157.fits.fz N4 1457157 423.9474 61087.36051386 1.11 205.28474543196646 -4.2981038199040285 205.29227916666667 -4.223 M464 0.035662275 24.925047 0.99318594 1.0342009 21.860586 1.1059495 decam -10.712362 3.3658311 206 object IBIS_wide_M464_331205 331205 0.03199 924.0 1948.0 0.10201995 1.0001571 0.0010069218 0.13462226 -0.0009918677 1.0001925 16447448907 383.3334
/home/declsp/obsbot/rawdata/DECam_01457158.fits.fz N4 1457158 373.1076 61087.36573167 1.11 206.7627416685233 -4.257103820258437 206.770275 -4.182 M464 0.03905685 24.926788 0.99478066 1.0729673 21.860497 1.2156414 decam -8.852966 2.2992778 149 object IBIS_wide_M464_331200 331200 0.032938 924.0 1948.0 -0.07021476 1.0001632 0.0010556197 -0.0014405743 -0.0011275196 1.0000991 16320381374 306.92242
/home/declsp/obsbot/rawdata/DECam_01457159.fits.fz N4 1457159 395.8076 61087.37038979 1.12 209.51475603210974 -3.0401038307627726 209.52227916666666 -2.965 M464 0.06578794 24.928757 0.9986352 1.0388212 21.823135 1.4227213 decam -5.736504 -6.7809544 141 object IBIS_wide_M464_331297 331297 0.052131 924.0 1948.0 -0.49766305 1.0001843 0.0010598111 0.14991808 -0.0011925983 1.0000507 16434503533 278.2046
/home/declsp/obsbot/rawdata/DECam_01457160.fits.fz N4 1457160 150.0 61087.37633512 1.72 242.7449975212446 14.882674067745997 242.75277083333333 14.957778055555556 M464 0.034399606 24.808136 1.0108306 1.3540034 21.697762 2.7044506 decam -20.195131 -3.0955598 261 object "Pal14 position 0" 0 0.0 924.0 1948.0 -0.3293535 1.0001802 0.0023234054 -0.060458846 -0.0026637623 1.0001962 15822879466 55.46413
/home/declsp/obsbot/rawdata/DECam_01457161.fits.fz N4 1457161 150.0 61087.3784109 1.71 242.70604211022518 14.917142122984282 242.71381666666667 14.992246111111111 M464 0.033786226 24.801043 1.0021881 1.3762838 21.60285 3.075896 decam 461.92624 514.0181 197 object "Pal14 position 1" 0 0.0 924.0 1948.0 -1.4356791 1.0004478 0.0022814048 0.74539477 -0.0024171912 1.0002186 15862729412 48.766277
/home/declsp/obsbot/rawdata/DECam_01457162.fits.fz N4 1457162 150.0 61087.38046827 1.69 242.75152510637162 14.810781012851859 242.75929583333334 14.885885 M464 0.035507225 24.816668 1.0125471 1.2554436 21.44956 2.9001727 decam -1.1431874 3.8975012 230 object "Pal14 position 2" 0 0.0 924.0 1948.0 -0.1707748 1.000413 0.0024778584 0.17781724 -0.002699165 1.0001465 15915736853 51.721058
/home/declsp/obsbot/rawdata/DECam_01457163.fits.fz N4 1457163 150.0 61087.3826881 1.68 242.8006741524306 14.952812122655848 242.80845 15.02791611111111 M464 0.033765104 24.808329 1.0027375 1.2819663 21.184782 3.8701704 decam 0.23040812 3.1689034 302 object "Pal14 position 3" 0 0.0 924.0 1948.0 0.88095295 1.0001941 0.0024151113 0.08447575 -0.0027594143 1.0002321 16083069191 38.757984
