logs/db-2026-04-18.ecsv
# %ECSV 1.0
# ---
# datatype:
# - {name: filename, datatype: string}
# - {name: extension, datatype: string}
# - {name: expnum, datatype: int64}
# - {name: exptime, datatype: float32}
# - {name: mjd_obs, datatype: float64}
# - {name: airmass, datatype: float32}
# - {name: racenter, datatype: float64}
# - {name: deccenter, datatype: float64}
# - {name: rabore, datatype: float64}
# - {name: decbore, datatype: float64}
# - {name: band, datatype: string}
# - {name: ebv, datatype: float32}
# - {name: zeropoint, datatype: float32}
# - {name: transparency, datatype: float32}
# - {name: seeing, datatype: float32}
# - {name: sky, datatype: float32}
# - {name: expfactor, datatype: float32}
# - {name: camera, datatype: string}
# - {name: dx, datatype: float32}
# - {name: dy, datatype: float32}
# - {name: nmatched, datatype: int64}
# - {name: obstype, datatype: string}
# - {name: object, datatype: string}
# - {name: tileid, datatype: int64}
# - {name: tileebv, datatype: float32}
# - {name: affine_x0, datatype: float32}
# - {name: affine_y0, datatype: float32}
# - {name: affine_dx, datatype: float32}
# - {name: affine_dxx, datatype: float32}
# - {name: affine_dxy, datatype: float32}
# - {name: affine_dy, datatype: float32}
# - {name: affine_dyx, datatype: float32}
# - {name: affine_dyy, datatype: float32}
# - {name: checksum, datatype: string}
# - {name: efftime, datatype: float32}
# schema: astropy-2.0
filename extension expnum exptime mjd_obs airmass racenter deccenter rabore decbore band ebv zeropoint transparency seeing sky expfactor camera dx dy nmatched obstype object tileid tileebv affine_x0 affine_y0 affine_dx affine_dxx affine_dxy affine_dy affine_dyx affine_dyy checksum efftime
[from data line 121]
/home/declsp/obsbot/rawdata/DECam_01476551.fits.fz N4 1476551 365.4781 61149.29695344 1.2 235.01176042012213 2.32689612306665 235.01927916666668 2.402 M517 0.05497671 25.01096 1.0146205 1.100472 21.739965 1.0587342 decam -19.674435 5.8942633 323 object IBIS_wide_M517_537515 537515 0.063911 924.0 1948.0 -0.39317584 1.0002612 0.0018699116 0.39517778 -0.0018114109 1.000026 16558476029 345.20288
/home/declsp/obsbot/rawdata/DECam_01476553.fits.fz N4 1476553 445.3375 61149.30599883 1.2 235.75976744364755 1.7088961283856574 235.76728333333332 1.784 M517 0.082289144 25.014826 1.0182403 1.1210127 21.055449 2.048949 decam -20.46677 8.14807 284 object IBIS_wide_M517_537493 537493 0.085712 924.0 1948.0 -0.2222463 1.0000739 0.0017895715 0.16756482 -0.0017797524 0.9999431 18092863168 217.34923
/home/declsp/obsbot/rawdata/DECam_01476554.fits.fz N4 1476554 418.7678 61149.3114939 1.2 237.40775786973037 2.0008961258729716 237.415275 2.076 M517 0.12690252 25.005707 1.0097246 1.0094693 21.668009 0.96154356 decam -15.689494 1.7650101 337 object IBIS_wide_M517_540648 540648 0.11229 924.0 1948.0 -0.1964929 1.0002552 0.001869278 0.044699978 -0.0019461503 1.0001434 16751957205 435.5162
/home/declsp/obsbot/rawdata/DECam_01476555.fits.fz N4 1476555 392.5377 61149.3166927 1.2 238.42475905529864 1.7228961282652049 238.432275 1.798 M517 0.09722336 25.018492 1.0216838 0.9708834 21.6968 0.84617305 decam -11.685972 -0.6049835 365 object IBIS_wide_M517_537657 537657 0.1009 924.0 1948.0 -0.3017101 1.0002909 0.0019046145 0.03605477 -0.0020302054 1.0000927 16742354407 463.89764
/home/declsp/obsbot/rawdata/DECam_01476556.fits.fz N4 1476556 144.579 61149.321599 1.19 241.01476480885773 1.2578961322650977 241.02227916666666 1.333 M517 0.13897516 25.030376 1.0312757 1.0212836 21.683224 0.9273177 decam -4.387146 4.0475082 366 object IBIS_wide_M517_540317 540317 0.12153 924.0 1948.0 -0.2413718 1.000124 0.0020479155 0.0893902 -0.0020927049 1.0000763 15855642856 155.91096
/home/declsp/obsbot/rawdata/DECam_01476557.fits.fz N4 1476557 445.2772 61149.32363426 1.21 240.230758569514 1.8418961272412833 240.23827500000002 1.917 M517 0.09104872 25.01769 1.0225685 1.0602843 21.684906 1.0213661 decam -7.4177494 8.485296 399 object IBIS_wide_M517_540644 540644 0.095422 924.0 1948.0 -0.074851334 1.0003153 0.002076759 0.28667057 -0.001832659 1.0000149 16896075531 435.96237
/home/declsp/obsbot/rawdata/DECam_01476558.fits.fz N4 1476558 337.4781 61149.32918064 1.21 242.9917619164472 2.0268961256491975 242.99927916666664 2.102 M517 0.084085666 25.013342 1.0184814 0.9664911 21.684595 0.85611594 decam -7.262978 7.2812157 455 object IBIS_wide_M517_540327 540327 0.085002 924.0 1948.0 -0.56373173 1.0002096 0.002033242 0.23427261 -0.0020681133 1.0000973 16498771588 394.19672
/home/declsp/obsbot/rawdata/DECam_01476559.fits.fz N4 1476559 417.5972 61149.33344141 1.22 243.7157503896708 2.6258961204916162 243.72327083333332 2.701 M517 0.07643386 25.01021 1.0171759 1.1066613 21.673885 1.1394085 decam -8.722108 16.858522 434 object IBIS_wide_M517_540328 540328 0.074811 924.0 1948.0 -0.41972494 1.0001184 0.0020314502 0.28860208 -0.0020216042 1.0000696 18036580478 366.5035
/home/declsp/obsbot/rawdata/DECam_01476560.fits.fz N4 1476560 415.5674 61149.33864528 1.22 244.91276496992575 2.253896123695165 244.92028333333332 2.3289999999999997 M517 0.06525378 25.00688 1.0140603 1.0704274 21.664791 1.0817531 decam -6.0769787 6.9156294 528 object IBIS_wide_M517_537339 537339 0.070493 924.0 1948.0 -0.31598014 1.0003042 0.002067963 0.27837357 -0.001972701 1.0000631 16820194976 384.16104
/home/declsp/obsbot/rawdata/DECam_01476561.fits.fz N4 1476561 314.5781 61149.3438255 1.21 247.27775804674567 1.9618961262086196 247.285275 2.037 M517 0.06008633 25.010084 1.015429 0.9901614 21.604681 0.9728964 decam -8.779512 1.0017295 535 object IBIS_wide_M517_540302 540302 0.063725 924.0 1948.0 -0.16698237 1.0003414 0.0020693766 0.17675176 -0.0020889589 1.0000577 16632304972 323.34183
/home/declsp/obsbot/rawdata/DECam_01476562.fits.fz N4 1476562 272.8184 61149.34781193 1.21 246.26276940193543 1.0998961336238502 246.2702833333333 1.175 M517 0.072349034 25.014267 1.019349 0.9032681 21.641161 0.77727145 decam 1.0313059 5.8880506 570 object IBIS_wide_M517_537315 537315 0.073553 924.0 1948.0 -0.47033572 1.0002115 0.0020136158 0.24753344 -0.0020937882 1.000126 16696936474 350.995
/home/declsp/obsbot/rawdata/DECam_01476563.fits.fz N4 1476563 298.4983 61149.35134481 1.21 247.9527602037434 1.401896131026598 247.96027499999997 1.477 M517 0.06455564 25.01363 1.0187503 0.9221885 21.631912 0.8179643 decam -9.338887 -0.46723545 579 object IBIS_wide_M517_540300 540300 0.069849 924.0 1948.0 -0.17174372 1.0001038 0.002109055 0.12721574 -0.0019722278 1.0000976 16510015444 364.92825
/home/declsp/obsbot/rawdata/DECam_01476564.fits.fz N4 1476564 289.4484 61149.35515708 1.21 249.26076103312803 1.1138961335034605 249.26827500000002 1.189 M517 0.068624794 25.014868 1.0199138 0.9245463 21.674355 0.78881925 decam -3.3996124 -4.241259 679 object IBIS_wide_M517_537351 537351 0.075045 924.0 1948.0 0.06236437 1.0003377 0.002012658 0.21374659 -0.0019736167 1.0000564 16369181827 366.9388
/home/declsp/obsbot/rawdata/DECam_01476565.fits.fz N4 1476565 261.9085 61149.35886322 1.22 249.3837601358328 1.4228961308459716 249.391275 1.498 M517 0.061758135 25.007181 1.0143428 0.88603204 21.665388 0.7410858 decam -10.477503 -2.9870772 701 object IBIS_wide_M517_540337 540337 0.070035 924.0 1948.0 -0.29564705 1.0002558 0.0020505025 0.16346213 -0.002111395 1.0001074 16400200889 353.41183
/home/declsp/obsbot/rawdata/DECam_01476566.fits.fz N4 1476566 259.6986 61149.36225599 1.24 250.20975936549505 2.5168961214304764 250.21727916666666 2.592 M517 0.07586501 25.012655 1.0227425 0.89028555 21.668095 0.7388446 decam -11.365458 -2.774858 677 object IBIS_wide_M517_540340 540340 0.067599 924.0 1948.0 -0.3144678 1.0001687 0.0021290758 0.2059653 -0.0018856411 1.000176 16343281224 351.4929
/home/declsp/obsbot/rawdata/DECam_01476567.fits.fz N4 1476567 409.6476 61149.36716935 1.31 307.988544584861 -13.635103737448212 307.99627499999997 -13.56 M517 0.045236625 24.998629 1.0210042 0.94782186 21.252714 1.2593888 decam -30.675777 -37.242477 762 object IBIS_wide_M517_551991 551991 0.043631 924.0 1948.0 -0.30316135 1.0002433 0.0019968948 0.23695572 -0.0020834939 1.0002338 17586709481 325.27493
/home/declsp/obsbot/rawdata/DECam_01476568.fits.fz N4 1476568 442.5074 61149.37227596 1.28 307.32259546898587 -11.97010375250094 307.33027500000003 -11.895 M517 0.055055354 24.998596 1.0160767 0.9561899 21.279839 1.2501154 decam -18.920979 -31.720264 792 object IBIS_wide_M517_552080 552080 0.051116 924.0 1948.0 -0.07865092 1.000093 0.0019273805 0.079113424 -0.0020372565 1.0001696 17584625325 353.97324
/home/declsp/obsbot/rawdata/DECam_01476569.fits.fz N4 1476569 421.9875 61149.37774046 1.26 308.2905503420356 -13.328103740238879 308.29827083333333 -13.253 M517 0.037370685 25.00308 1.0170176 0.99871814 21.27158 1.3625876 decam -13.7384815 -30.166449 730 object IBIS_wide_M517_549006 549006 0.043426 924.0 1948.0 -0.23298168 1.0000726 0.001858082 0.073606685 -0.0020497334 1.00021 17483533199 309.69568
/home/declsp/obsbot/rawdata/DECam_01476570.fits.fz N4 1476570 530.9367 61149.38298752 1.23 308.01156490423193 -12.86310374445238 308.01927083333334 -12.788 M517 0.0435657 25.013197 1.0216137 0.95986825 21.290388 1.2144381 decam -13.276753 -33.480495 796 object IBIS_wide_M517_549008 549008 0.045427 924.0 1948.0 -0.11289788 1.0003338 0.0019705999 0.16390982 -0.002016486 1.0001827 17940769859 437.18713
/home/declsp/obsbot/rawdata/DECam_01476571.fits.fz N4 1476571 388.3376 61149.38949832 1.22 307.82661302816695 -11.334103758200591 307.834275 -11.259 M517 0.053734824 25.015026 1.0216973 0.92000175 21.308544 1.0937266 decam -9.25137 -26.159466 825 object IBIS_wide_M517_549105 549105 0.053636 924.0 1948.0 -0.20634663 1.0001677 0.0018167663 0.024331108 -0.0020879556 1.0001166 17444123678 355.05908
/home/declsp/obsbot/rawdata/DECam_01476572.fits.fz N4 1476572 393.8376 61149.39433464 1.2 309.1035688141581 -12.73510374560946 309.1112708333333 -12.66 M517 0.051384278 25.011497 1.0151244 0.9123891 21.287062 1.1044052 decam -8.597338 -26.889454 745 object IBIS_wide_M517_549017 549017 0.046726 924.0 1948.0 -0.08082863 1.0000799 0.001815578 0.12925941 -0.0020276967 1.0000737 18190896472 356.60608
/home/declsp/obsbot/rawdata/DECam_01476573.fits.fz N4 1476573 374.5677 61149.3992557 1.18 309.6995468451725 -13.307103740429511 309.70726666666667 -13.232 M517 0.05787165 25.019964 1.0197974 0.8982181 21.26528 1.0752589 decam -2.0911498 -25.401802 655 object IBIS_wide_M517_549011 549011 0.044476 924.0 1948.0 0.020239007 1.0001074 0.0019576661 0.18202451 -0.0019496855 1.0002183 17448201539 348.35117
/home/declsp/obsbot/rawdata/DECam_01476574.fits.fz N4 1476574 357.3179 61149.40392582 1.17 308.714600542701 -11.790103754116707 308.722275 -11.715 M517 0.052300535 25.022532 1.0205747 0.88158464 21.286732 1.0108663 decam -3.4963453 -24.502731 729 object IBIS_wide_M517_552005 552005 0.050563 924.0 1948.0 -0.050945867 1.0001781 0.001900733 0.31567627 -0.0020036572 1.000105 17149695572 353.47693
/home/declsp/obsbot/rawdata/DECam_01476575.fits.fz N4 1476575 150.0 61149.41140554 1.32 254.9552703550197 -0.6139938516420951 254.9627833333333 -0.53889 M517 0.39957818 25.097883 1.1205341 1.0347435 21.393887 1.097249 decam 5.598377 29.055004 754 object "Pal15 position 0" 0 0.0 924.0 1948.0 -0.4729947 1.0003059 0.002263202 -0.023886142 -0.0019184314 1.000182 16010184478 136.70552
/home/declsp/obsbot/rawdata/DECam_01476576.fits.fz N4 1476576 150.0 61149.41351984 1.33 254.91763706876625 -0.5795227408273317 254.92515 -0.5044188888888889 M517 0.38324124 25.09824 1.1227 0.93091214 21.256039 1.0082092 decam -5.3576007 17.808727 861 object "Pal15 position 1" 0 0.0 924.0 1948.0 -0.7167061 1.0003302 0.0022233974 -0.15049306 -0.0018086752 1.000189 16074394523 148.77864
/home/declsp/obsbot/rawdata/DECam_01476577.fits.fz N4 1476577 150.0 61149.41562254 1.34 254.96157024807925 -0.6858857954684728 254.96908333333334 -0.6107819444444444 M517 0.40134218 25.090391 1.1164016 0.9362922 21.033922 1.2695996 decam -7.979631 8.21577 739 object "Pal15 position 2" 0 0.0 924.0 1948.0 -0.17441484 1.0001011 0.002106791 0.16888744 -0.0018370564 1.0001166 16241428272 118.14749
/home/declsp/obsbot/rawdata/DECam_01476578.fits.fz N4 1476578 150.0 61149.41773091 1.35 255.0090454479581 -0.543848852245127 255.01655833333334 -0.468745 M517 0.3812449 25.105726 1.1340984 0.9545527 20.711128 1.7268143 decam -22.612078 2.9053156 820 object "Pal15 position 3" 0 0.0 924.0 1948.0 0.6738393 1.0002109 0.0021356735 0.07608128 -0.0019811275 1.0001916 16532313523 86.86516
/home/declsp/obsbot/rawdata/DECam_01476579.fits.fz N4 1476579 150.0 61149.41983989 1.36 254.85475782967728 -0.6317707959337099 254.8622708333333 -0.5566669444444444 M517 0.38935295 25.11233 1.1428466 0.88804996 20.282753 2.1916628 decam -21.888626 -1.3278754 622 object "Pal15 position 4" 0 0.0 924.0 1948.0 -0.16524296 1.0000757 0.0022199056 0.06062912 -0.0019402165 1.000161 17104044510 68.441185
/home/declsp/obsbot/rawdata/DECam_01476580.fits.fz N4 1476580 150.0 61149.42193642 1.37 255.05154109799642 -0.6752388511155631 255.05905416666667 -0.600135 M517 0.39217314 25.11765 1.1503022 0.8867414 19.775734 3.4518209 decam -24.107988 -2.8493593 588 object "Pal15 position 5" 0 0.0 924.0 1948.0 -0.33017206 1.0002475 0.0022245245 0.25877413 -0.0018222908 1.0000725 18148839023 43.455326
/home/declsp/obsbot/rawdata/DECam_01476581.fits.fz N4 1476581 5.0 61149.42531195 1.02 302.72841500890684 -30.2114535701363 302.73710833333337 -30.13635 M517 0.13380514 25.058985 1.0303535 0.8030713 19.3889 4.507449 decam -33.9373 -37.226837 199 object "LTT7987 N4" 0 0.0 924.0 1948.0 -0.22434711 1.0004442 0.002378392 0.17980666 -0.0024509695 1.0001664 15481843169 1.1092749
/home/declsp/obsbot/rawdata/DECam_01476582.fits.fz N4 1476582 5.0 61149.42579502 1.02 302.36934834224013 -30.2114535701363 302.37804166666666 -30.13635 M517 0.14321716 25.067688 1.0386453 0.7533275 19.297852 4.2469535 decam -33.386417 -44.4471 213 object "LTT7987 N5" 0 0.0 924.0 1948.0 -0.25501534 1.0002259 0.002291634 0.42052764 -0.0024598506 0.9999965 15489896769 1.1773145
/home/declsp/obsbot/rawdata/DECam_01476583.fits.fz N4 1476583 5.0 61149.42627706 1.02 303.08778793322506 -30.375753568241944 303.09649583333334 -30.30065 M517 0.110923365 25.05008 1.0219356 0.75897044 19.17021 5.0081353 decam -33.088886 -45.50154 214 object "LTT7987 S3" 0 0.0 924.0 1948.0 -0.13064727 1.0000771 0.002418098 0.21366681 -0.0025971201 1.000139 15507592147 0.9983756
/home/declsp/obsbot/rawdata/DECam_01476584.fits.fz N4 1476584 5.0 61149.42678346 1.02 302.7284004332251 -30.375753568241944 302.73710833333337 -30.30065 M517 0.15053326 25.060148 1.031458 0.8214059 19.029987 6.5478516 decam -18.725603 -38.286205 191 object "LTT7987 S4" 0 0.0 924.0 1948.0 -0.2571707 1.0002865 0.0024226548 0.00404939 -0.0021693772 1.0000367 15529610584 0.76360923
/home/declsp/obsbot/rawdata/DECam_01476585.fits.fz N4 1476585 5.0 61149.42728811 1.02 302.3690337665584 -30.375753568241944 302.3777416666667 -30.30065 M517 0.141642 25.064075 1.0351957 0.79023385 18.886934 6.8659863 decam -6.51787 -27.11099 195 object "LTT7987 S5" 0 0.0 924.0 1948.0 -0.95559025 1.0000293 0.0024811889 -0.37940758 -0.0026379195 1.0002258 15558045945 0.7282275
/home/declsp/obsbot/rawdata/DECam_01476586.fits.fz N4 1476586 15.0 61149.42872454 1.04 279.0992446105669 -44.30093643183224 279.10974166666665 -44.225833055555555 M517 0.050970625 25.044939 1.020374 0.7211773 18.49869 8.476829 decam -8.378933 -2.9728386 1662 object "LTT7379 N4" 0 0.0 924.0 1948.0 -0.09699709 1.0002186 0.0029215447 0.19794708 -0.003140391 1.0001421 16269314416 1.7695297
/home/declsp/obsbot/rawdata/DECam_01476587.fits.fz N4 1476587 15.0 61149.42923195 1.05 278.66524877723356 -44.30093643183225 278.67574583333334 -44.225833055555555 M517 0.07475387 25.047167 1.0241098 0.7264777 18.33972 9.916743 decam -8.653808 -11.130065 1653 object "LTT7379 N5" 0 0.0 924.0 1948.0 -0.30948493 1.000223 0.0029413498 0.07415694 -0.002740485 1.0001628 16392768326 1.5125934
/home/declsp/obsbot/rawdata/DECam_01476588.fits.fz N4 1476588 15.0 61149.42974228 1.04 279.53320634919174 -44.467603373471604 279.54373333333336 -44.3925 M517 0.06628882 25.051014 1.0260993 0.75995135 18.1901 12.362015 decam -8.86799 -6.4461627 1386 object "LTT7379 S3" 0 0.0 924.0 1948.0 -0.11114757 0.9999784 0.003017596 0.116495065 -0.0030033041 1.0001736 16552633153 1.2133944
/home/declsp/obsbot/rawdata/DECam_01476589.fits.fz N4 1476589 15.0 61149.43025088 1.05 279.09921468252503 -44.467603373471604 279.10974166666665 -44.3925 M517 0.06489883 25.043518 1.0206738 0.754087 18.035706 14.228022 decam -3.8106968 -8.845183 1402 object "LTT7379 S4" 0 0.0 924.0 1948.0 -0.11150486 1.0001359 0.003028013 0.48244187 -0.003092689 1.0000645 16750008822 1.0542576
/home/declsp/obsbot/rawdata/DECam_01476590.fits.fz N4 1476590 15.0 61149.43076053 1.05 278.6652188491917 -44.467603373471604 278.67574583333334 -44.3925 M517 0.057193663 25.04822 1.0251044 0.7659918 17.884243 16.730682 decam -2.3217993 -1.0153822 1463 object "LTT7379 S5" 0 0.0 924.0 1948.0 -0.03466166 1.0000138 0.0029028626 0.022518959 -0.003258001 1.0000753 16966073876 0.8965564
