logs/db-2025-04-01.ecsv
# %ECSV 1.0
# ---
# datatype:
# - {name: filename, datatype: string}
# - {name: extension, datatype: string}
# - {name: expnum, datatype: int64}
# - {name: exptime, datatype: float32}
# - {name: mjd_obs, datatype: float64}
# - {name: airmass, datatype: float32}
# - {name: racenter, datatype: float64}
# - {name: deccenter, datatype: float64}
# - {name: rabore, datatype: float64}
# - {name: decbore, datatype: float64}
# - {name: band, datatype: string}
# - {name: ebv, datatype: float32}
# - {name: zeropoint, datatype: float32}
# - {name: transparency, datatype: float32}
# - {name: seeing, datatype: float32}
# - {name: sky, datatype: float32}
# - {name: expfactor, datatype: float32}
# - {name: camera, datatype: string}
# - {name: dx, datatype: float32}
# - {name: dy, datatype: float32}
# - {name: nmatched, datatype: int64}
# - {name: obstype, datatype: string}
# - {name: object, datatype: string}
# - {name: tileid, datatype: int64}
# - {name: tileebv, datatype: float32}
# - {name: affine_x0, datatype: float32}
# - {name: affine_y0, datatype: float32}
# - {name: affine_dx, datatype: float32}
# - {name: affine_dxx, datatype: float32}
# - {name: affine_dxy, datatype: float32}
# - {name: affine_dy, datatype: float32}
# - {name: affine_dyx, datatype: float32}
# - {name: affine_dyy, datatype: float32}
# - {name: checksum, datatype: string}
# - {name: efftime, datatype: float32}
# schema: astropy-2.0
filename extension expnum exptime mjd_obs airmass racenter deccenter rabore decbore band ebv zeropoint transparency seeing sky expfactor camera dx dy nmatched obstype object tileid tileebv affine_x0 affine_y0 affine_dx affine_dxx affine_dxy affine_dy affine_dyx affine_dyy checksum efftime
rawdata/DECam_01376484.fits.fz N4 1376484 450.0 60767.20164172 1.6 148.99476153663284 0.8948961353865774 149.002275 0.9700000000000001 M464 0.024002247 24.857365 1.0319676 1.4164408 21.556389 2.8581038 decam 46.634426 -50.076546 143 object IBIS_deep_cosmos_M464_66 0 0.0 924.0 1948.0 -0.11737938 1.0000883 -0.0015879786 -0.7860985 0.001956652 1.0001882 16963193698 157.44705
rawdata/DECam_01376485.fits.fz N4 1376485 450.0 60767.20720566 1.65 149.22477026519266 0.6748961372780667 149.23228333333333 0.75 M464 0.026475038 24.857332 1.0425888 1.452501 21.533098 3.1253948 decam 2.4618144 -3.5864267 135 object IBIS_deep_cosmos_M464_67 0 0.0 924.0 1948.0 0.16194515 1.0000446 -0.001581275 -0.17882997 0.0019305467 1.000179 16987809628 143.98181
rawdata/DECam_01376486.fits.fz N4 1376486 450.0 60767.21279613 1.7 150.59276570912942 2.1058961249692265 150.60028333333335 2.181 M464 0.016685674 24.84788 1.0442197 1.5445594 21.506437 3.4360714 decam -7.0664234 3.9154093 131 object IBIS_deep_cosmos_M464_70 0 0.0 924.0 1948.0 0.40363315 1.0001984 -0.0014897472 -0.34621912 0.0017399233 1.0002506 17028272573 130.96352
rawdata/DECam_01376487.fits.fz N4 1376487 450.0 60767.21836195 1.78 150.61775575869905 2.4178961222830657 150.625275 2.493 M464 0.018931631 24.834307 1.0483308 1.7240361 21.48035 4.567941 decam -12.201324 4.1475043 125 object IBIS_deep_cosmos_M464_71 0 0.0 924.0 1948.0 -0.030087529 1.0002888 -0.0014980966 -0.06901264 0.002066168 1.0002718 17109203360 98.51265
rawdata/DECam_01376488.fits.fz N4 1376488 450.0 60767.22393545 1.86 150.47475827743065 2.6988961198627472 150.48227916666667 2.774 M464 0.020089114 24.808542 1.0407081 1.7728494 21.451044 5.2466025 decam -14.584807 3.8618975 112 object IBIS_deep_cosmos_M464_72 0 0.0 924.0 1948.0 0.48063377 1.0004061 -0.0014648265 -0.3462809 0.0019684108 1.0003605 17097049761 85.76979
rawdata/DECam_01376489.fits.fz N4 1376489 350.0 60767.23060713 1.12 189.13572454128192 -6.050103804719041 189.14327916666667 -5.975 M464 0.03475987 24.96404 1.0316213 1.3099626 21.583538 2.115838 decam -42.052322 61.12338 132 object IBIS_wide_M464_331439 331439 0.031326 924.0 1948.0 0.10220119 1.0001832 1.586931e-05 -0.070545875 -0.0002930395 1.0001395 17020102754 165.41908
rawdata/DECam_01376490.fits.fz N4 1376490 350.0 60767.23503163 1.13 191.486730948386 -5.238103811767332 191.494275 -5.163 M464 0.026829775 24.971764 1.0411217 1.1519389 21.57604 1.5353775 decam -32.005013 59.94456 204 object IBIS_wide_M464_334407 334407 0.027942 924.0 1948.0 -0.05478358 1.0001937 0.00022362679 0.14263299 -0.0002442859 1.000124 16555512911 227.95697
rawdata/DECam_01376491.fits.fz N4 1376491 70.7596 60767.23943723 1.13 192.63172519272834 -5.368103810640217 192.6392708333333 -5.293 M464 0.035339616 24.962042 1.0318403 1.2297828 21.584538 1.8780452 decam -29.768675 63.958008 89 object IBIS_wide_M464_331430 331430 0.030118 924.0 1948.0 0.08141005 1.000115 0.0001651335 0.06377032 -0.00016502803 1.000153 15628494278 37.67726
rawdata/DECam_01376492.fits.fz N4 1376492 350.0 60767.24090091 1.13 193.37073469159057 -4.918103814539799 193.378275 -4.843 M464 0.023612455 24.938921 1.010101 1.1385754 21.611723 1.5069988 decam -28.073416 64.059784 161 object IBIS_wide_M464_331431 331431 0.025411 924.0 1948.0 -0.062235504 1.000212 0.00017073535 -0.0033308193 -0.00016676719 1.0000955 16566703256 232.2497
rawdata/DECam_01376493.fits.fz N4 1376493 350.0 60767.24533889 1.14 193.00273581124512 -5.180103812270048 193.01027916666666 -5.105 M464 0.031342566 24.95095 1.023453 1.119195 21.602505 1.5180637 decam -21.227066 56.039005 136 object IBIS_wide_M464_334416 334416 0.029761 924.0 1948.0 -0.044451687 1.0000243 0.00024437602 0.101540625 -0.00020569297 1.0000913 16580019177 230.55687
