logs/db-2026-03-16.ecsv
# %ECSV 1.0
# ---
# datatype:
# - {name: filename, datatype: string}
# - {name: extension, datatype: string}
# - {name: expnum, datatype: int64}
# - {name: exptime, datatype: float32}
# - {name: mjd_obs, datatype: float64}
# - {name: airmass, datatype: float32}
# - {name: racenter, datatype: float64}
# - {name: deccenter, datatype: float64}
# - {name: rabore, datatype: float64}
# - {name: decbore, datatype: float64}
# - {name: band, datatype: string}
# - {name: ebv, datatype: float32}
# - {name: zeropoint, datatype: float32}
# - {name: transparency, datatype: float32}
# - {name: seeing, datatype: float32}
# - {name: sky, datatype: float32}
# - {name: expfactor, datatype: float32}
# - {name: camera, datatype: string}
# - {name: dx, datatype: float32}
# - {name: dy, datatype: float32}
# - {name: nmatched, datatype: int64}
# - {name: obstype, datatype: string}
# - {name: object, datatype: string}
# - {name: tileid, datatype: int64}
# - {name: tileebv, datatype: float32}
# - {name: affine_x0, datatype: float32}
# - {name: affine_y0, datatype: float32}
# - {name: affine_dx, datatype: float32}
# - {name: affine_dxx, datatype: float32}
# - {name: affine_dxy, datatype: float32}
# - {name: affine_dy, datatype: float32}
# - {name: affine_dyx, datatype: float32}
# - {name: affine_dyy, datatype: float32}
# - {name: checksum, datatype: string}
# - {name: efftime, datatype: float32}
# schema: astropy-2.0
filename extension expnum exptime mjd_obs airmass racenter deccenter rabore decbore band ebv zeropoint transparency seeing sky expfactor camera dx dy nmatched obstype object tileid tileebv affine_x0 affine_y0 affine_dx affine_dxx affine_dxy affine_dy affine_dyx affine_dyy checksum efftime
[from data line 41]
/home/declsp/obsbot/rawdata/DECam_01463807.fits.fz N4 1463807 800.0 61116.1322933 1.12 162.3577324028362 -5.458103809859625 162.36527916666665 -5.383 M517 0.035450492 24.316525 0.52839917 1.1475472 21.504616 6.4114304 decam -3.553084 22.51451 139 object IBIS_wide_M517_525225 525225 0.03413 924.0 1948.0 0.084712885 1.0004128 -0.00088002434 0.028679445 0.00047099174 0.99993896 19771383532 124.777145
/home/declsp/obsbot/rawdata/DECam_01463808.fits.fz N4 1463808 339.988 61116.1418716 1.11 164.61072869428585 -5.74510380736882 164.61827916666667 -5.67 M517 0.03288892 24.97092 0.9638836 1.1773336 21.661306 1.7219849 decam -0.4093381 21.905203 139 object IBIS_wide_M517_528204 528204 0.031546 924.0 1948.0 0.044309832 1.0000979 -0.0006751399 -0.042091217 0.00081602426 0.9999814 16500360056 197.4396
/home/declsp/obsbot/rawdata/DECam_01463809.fits.fz N4 1463809 366.7879 61116.14613631 1.11 162.60472753756045 -5.17510381231338 162.61227083333333 -5.1 M517 0.03465368 25.026144 1.0141759 1.1935899 21.663334 1.6133122 decam -5.9336224 24.471754 127 object IBIS_wide_M517_528211 528211 0.032806 924.0 1948.0 -0.01137315 1.0002612 -0.00083058106 -0.11237812 0.00064936926 1.0000172 16662906325 227.35085
/home/declsp/obsbot/rawdata/DECam_01463810.fits.fz N4 1463810 428.0775 61116.15073091 1.11 166.15072175314629 -5.639103808289054 166.15827083333332 -5.564 M517 0.055939674 25.012218 1.0012519 1.1575428 21.651245 1.7982516 decam -10.446975 24.787123 138 object IBIS_wide_M517_528185 528185 0.050362 924.0 1948.0 0.23657498 1.000154 -0.00070610124 0.02581423 0.0006071879 1.0000353 16885352314 238.05206
/home/declsp/obsbot/rawdata/DECam_01463811.fits.fz N4 1463811 524.647 61116.15618505 1.12 171.3527167928195 -6.008103805084104 171.36027083333332 -5.933 M517 0.041006174 25.008385 0.9993228 1.3518531 21.589474 2.3805757 decam -14.025334 13.063939 156 object IBIS_wide_M517_525119 525119 0.041236 924.0 1948.0 0.1574886 1.0000867 -0.0003994156 -0.07733671 0.0005527967 1.0000587 17494521887 220.3866
/home/declsp/obsbot/rawdata/DECam_01463812.fits.fz N4 1463812 622.0964 61116.16263059 1.11 167.200731211368 -4.857103815067992 167.20827083333333 -4.782 M517 0.058186706 25.018366 1.0069367 1.415632 21.639847 2.7236075 decam -4.883151 22.06149 165 object IBIS_wide_M517_525211 525211 0.054288 924.0 1948.0 0.1721195 1.0000001 -0.0006938256 -0.03139763 0.00047821802 0.99995965 17581913357 228.40897
/home/declsp/obsbot/rawdata/DECam_01463813.fits.fz N4 1463813 800.0 61116.1701974 1.11 170.7957285375497 -5.434103810067805 170.80327499999999 -5.359 M517 0.04191551 24.756435 0.79109794 1.4054558 21.58372 4.137526 decam -13.055482 24.173471 138 object IBIS_wide_M517_525205 525205 0.041247 924.0 1948.0 -0.060521014 0.99986273 -0.00050783786 0.060542252 0.0002625875 1.0001131 18399039196 193.35226
/home/declsp/obsbot/rawdata/DECam_01463814.fits.fz N4 1463814 800.0 61116.17981701 1.1 173.66072691460457 -5.562103808957317 173.668275 -5.487 M517 0.044754427 23.728008 0.3063113 1.5589405 21.466269 38.378365 decam -9.013449 24.59608 100 object IBIS_wide_M517_525275 525275 0.041947 924.0 1948.0 -0.06513472 1.0006757 -0.00010179715 -0.14568862 0.0003731797 1.0001312 19846170856 20.845078
/home/declsp/obsbot/rawdata/DECam_01463815.fits.fz N4 1463815 800.0 61116.18940473 1.1 176.00372423537016 -5.767103807177786 176.011275 -5.692 M517 0.02833221 24.651096 0.71680033 1.5341665 21.59066 5.4627266 decam -7.2105446 23.054955 170 object IBIS_wide_M517_528254 528254 0.029457 924.0 1948.0 -0.00496511 1.0000068 -0.00026362407 -0.008504376 0.0002978302 1.0001595 18185668052 146.44702
/home/declsp/obsbot/rawdata/DECam_01463816.fits.fz N4 1463816 751.2357 61116.19904686 1.1 180.01471793610804 -6.222103803223428 180.022275 -6.147 M517 0.02163278 24.730213 0.7709832 1.335563 21.604733 3.3887916 decam -9.868786 26.62434 161 object IBIS_wide_M517_534233 534233 0.023749 924.0 1948.0 -0.030247223 1.0002458 -0.00011025876 0.044728998 0.00018684402 1.0001758 18172214221 221.68248
/home/declsp/obsbot/rawdata/DECam_01463823.fits.fz N4 1463823 581.0367 61116.2207235 1.12 188.4417417272044 -4.251103820310299 188.449275 -4.176 M517 0.04756264 25.007347 0.99836785 1.4458714 21.645765 2.6984098 decam -7.6783376 29.759476 184 object IBIS_wide_M517_531450 531450 0.038957 924.0 1948.0 -0.07217189 1.0002654 0.00032440788 -0.08723084 -0.00020072775 1.000078 17378256742 215.32559
/home/declsp/obsbot/rawdata/DECam_01463824.fits.fz N4 1463824 587.8567 61116.22778652 1.11 185.54774604020852 -4.236103820439948 185.55527916666665 -4.161 M517 0.05582921 25.025286 1.0133759 1.4183232 21.641392 2.6560864 decam -7.697162 54.570965 148 object IBIS_wide_M517_531534 531534 0.043047 924.0 1948.0 -0.05671292 1.0000011 1.1132481e-05 0.059620295 -0.00037690566 1.0000216 17345308197 221.32439
/home/declsp/obsbot/rawdata/DECam_01463825.fits.fz N4 1463825 429.7077 61116.23504322 1.11 191.3247425112262 -4.170103821010353 191.332275 -4.095 M517 0.02891808 25.01823 1.0068114 1.31849 21.655693 1.9402187 decam -8.765844 43.882427 187 object IBIS_wide_M517_531454 531454 0.027023 924.0 1948.0 0.07056729 1.0002822 0.00040224107 -0.03470546 -0.00045000485 1.000059 16867816456 221.47385
/home/declsp/obsbot/rawdata/DECam_01463826.fits.fz N4 1463826 724.6859 61116.2404128 1.11 186.97774317652002 -4.100103821615222 186.985275 -4.025 M517 0.055192906 25.032772 1.0203868 1.5326436 21.632334 3.071884 decam -12.7873335 61.36476 158 object IBIS_wide_M517_531449 531449 0.042888 924.0 1948.0 -0.15649338 1.0001297 4.3636897e-05 0.02011655 -1.6174892e-05 0.9999461 17949878533 235.90927
/home/declsp/obsbot/rawdata/DECam_01463827.fits.fz N4 1463827 455.1774 61116.24951782 1.12 196.1437498996069 -3.8191038240422914 196.15127916666665 -3.7439999999999998 M517 0.031857368 25.024721 1.0144725 1.3631685 21.667046 2.0653613 decam -11.982838 40.566994 171 object IBIS_wide_M517_531472 531472 0.028791 924.0 1948.0 -0.16510238 1.0002625 0.0005300593 0.07136877 -0.00026041034 1.0000714 16898569970 220.38634
/home/declsp/obsbot/rawdata/DECam_01463828.fits.fz N4 1463828 451.3375 61116.25586721 1.12 196.47375365167474 -3.3641038279689264 196.48127916666667 -3.289 M517 0.02188386 25.03461 1.023756 1.2752912 21.67129 1.6616241 decam -11.275142 40.774323 154 object IBIS_wide_M517_534458 534458 0.026412 924.0 1948.0 -0.11843339 1.0001657 0.000494719 0.14568958 -0.0007183407 1.000169 16923968079 271.6243
/home/declsp/obsbot/rawdata/DECam_01463829.fits.fz N4 1463829 491.0272 61116.26143481 1.12 199.3417530976824 -3.435103827356453 199.34927916666666 -3.36 M517 0.042291112 25.023241 1.0130916 1.3486695 21.671427 2.155043 decam -14.622904 40.280426 157 object IBIS_wide_M517_534209 534209 0.034311 924.0 1948.0 0.04280912 1.0000285 0.0006889238 0.03605113 -0.00027891158 0.9999353 16979624647 227.85031
/home/declsp/obsbot/rawdata/DECam_01463830.fits.fz N4 1463830 398.3977 61116.26743168 1.12 200.75175362077326 -3.3681038279344238 200.75927916666666 -3.293 M517 0.035773613 25.025972 1.0156418 1.2466836 21.679451 1.7465656 decam -17.8258 43.196083 169 object IBIS_wide_M517_534208 534208 0.035935 924.0 1948.0 -0.14390162 1.0001127 0.00067505985 -0.005008445 -0.0008216705 0.99999666 16709578952 228.10349
/home/declsp/obsbot/rawdata/DECam_01463831.fits.fz N4 1463831 423.6876 61116.27239427 1.12 203.8947516129042 -3.0761038304524315 203.902275 -3.001 M517 0.033623874 25.036388 1.0254331 1.2833036 21.686625 1.7793353 decam -18.260803 40.194805 170 object IBIS_wide_M517_531229 531229 0.037423 924.0 1948.0 -0.10703315 1.0002655 0.00078735774 0.11422432 -0.0008453451 1.0001068 16791935485 238.11566
/home/declsp/obsbot/rawdata/DECam_01463832.fits.fz N4 1463832 367.2679 61116.27760376 1.12 204.56374756552157 -3.604103825898223 204.571275 -3.529 M517 0.038154397 25.023233 1.0130843 1.2077019 21.684856 1.6638896 decam -17.207037 39.537834 169 object IBIS_wide_M517_531207 531207 0.035232 924.0 1948.0 -0.37356886 1.0003474 0.0008591965 0.017509745 -0.0008131564 1.0000803 16568812371 220.72853
/home/declsp/obsbot/rawdata/DECam_01463833.fits.fz N4 1463833 406.8976 61116.28220438 1.11 205.28474543196646 -4.2981038199040285 205.29227916666667 -4.223 M517 0.035662275 25.034615 1.022119 1.2111582 21.688046 1.6086541 decam -20.51582 51.452568 215 object IBIS_wide_M517_531205 531205 0.03199 924.0 1948.0 0.06316048 1.0000216 0.000892585 0.06102671 -0.00086879666 1.0001464 16684427596 252.94289
/home/declsp/obsbot/rawdata/DECam_01463834.fits.fz N4 1463834 374.3578 61116.28724697 1.12 205.99374294022928 -3.6591038254235353 206.00127083333334 -3.584 M517 0.042122237 25.0334 1.0226148 1.1896167 21.68306 1.6270155 decam -13.884256 52.576317 187 object IBIS_wide_M517_531206 531206 0.037674 924.0 1948.0 -0.052723322 1.0001113 0.0009802444 0.14101015 -0.00072679203 1.0000741 16621964847 230.08865
/home/declsp/obsbot/rawdata/DECam_01463835.fits.fz N4 1463835 387.0078 61116.29188353 1.12 207.78675362077328 -3.3681038279344233 207.79427916666668 -3.293 M517 0.038532957 25.032814 1.0220621 1.2402735 21.671959 1.7487351 decam -11.379036 53.68421 208 object IBIS_wide_M517_534281 534281 0.043655 924.0 1948.0 -0.47321248 0.99985975 0.0009723395 0.13002436 -0.0010170978 1.0000199 16842698043 221.30728
/home/declsp/obsbot/rawdata/DECam_01463836.fits.fz N4 1463836 439.1875 61116.2967109 1.11 210.9067458938711 -4.251103820310299 210.91427916666666 -4.176 M517 0.042461418 25.035828 1.023262 1.3242536 21.679314 2.017661 decam -14.014954 46.609627 200 object IBIS_wide_M517_531271 531271 0.038187 924.0 1948.0 0.1700319 1.0001556 0.0010948572 0.25357896 -0.0011979282 1.0001825 16901109641 217.67159
/home/declsp/obsbot/rawdata/DECam_01463837.fits.fz N4 1463837 389.4077 61116.30334789 1.11 209.8857442265305 -3.987103822591431 209.893275 -3.912 M517 0.040128946 25.038769 1.0260382 1.270693 21.668325 1.8397349 decam 5.718054 8.952826 167 object IBIS_wide_M517_534256 534256 0.039515 924.0 1948.0 -0.02005468 1.0000479 0.0009485542 0.113720484 -0.00095142395 1.0000211 16628045079 211.66512
/home/declsp/obsbot/rawdata/DECam_01463838.fits.fz N4 1463838 472.6373 61116.30816487 1.12 211.66774720755612 -3.647103825527109 211.675275 -3.572 M517 0.046953566 25.033407 1.022621 1.244807 21.66057 1.8741814 decam 5.037748 3.4323633 185 object IBIS_wide_M517_531272 531272 0.051047 924.0 1948.0 0.00036131695 1.0001445 0.0011086428 0.15028709 -0.0011023574 1.0001402 16933480203 252.18333
/home/declsp/obsbot/rawdata/DECam_01463839.fits.fz N4 1463839 493.9872 61116.31398306 1.11 215.1927365830478 -4.748103816011576 215.200275 -4.673 M517 0.051578697 25.036865 1.024241 1.2940879 21.653854 2.0842497 decam 9.021894 6.5205116 215 object IBIS_wide_M517_534243 534243 0.048445 924.0 1948.0 0.04794408 1.0000376 0.0012490697 0.23770902 -0.0013207535 1.0000085 17020195498 237.00961
/home/declsp/obsbot/rawdata/DECam_01463840.fits.fz N4 1463840 443.2175 61116.32001619 1.11 215.79873581236527 -4.81810381540564 215.806275 -4.743 M517 0.05689399 25.045965 1.0328611 1.2294718 21.648302 1.9226052 decam 5.8422976 5.9432755 202 object IBIS_wide_M517_530958 530958 0.053926 924.0 1948.0 -0.1585282 1.0002104 0.0012301798 0.20438775 -0.0013343977 1.0001199 16855998668 230.52965
/home/declsp/obsbot/rawdata/DECam_01463841.fits.fz N4 1463841 479.8573 61116.32544918 1.11 217.3987458351899 -4.257103820258437 217.40627916666665 -4.182 M517 0.09427031 25.048155 1.034946 1.181214 21.600342 2.333441 decam 4.2284284 6.467154 189 object IBIS_wide_M517_536962 536962 0.080209 924.0 1948.0 -0.14965847 1.0001152 0.0011024765 0.047653235 -0.0014568423 1.0001497 18554717264 205.64363
/home/declsp/obsbot/rawdata/DECam_01463842.fits.fz N4 1463842 516.7272 61116.33131823 1.12 219.31874769958955 -4.062103821943537 219.32627916666667 -3.987 M517 0.10844672 25.02871 1.0182058 1.2088064 21.614302 2.731797 decam 7.0394073 7.2724915 203 object IBIS_wide_M517_539949 539949 0.095414 924.0 1948.0 -0.29842165 0.9999839 0.0014679272 0.11328574 -0.0015802089 1.0001677 17268255417 189.15285
/home/declsp/obsbot/rawdata/DECam_01463843.fits.fz N4 1463843 711.4762 61116.3376181 1.12 220.54874853948039 -3.9711038227296327 220.55627916666668 -3.896 M517 0.09666173 25.053448 1.0416725 1.358222 21.617638 3.0508785 decam 1.6343061 4.3511896 210 object IBIS_wide_M517_539944 539944 0.096448 924.0 1948.0 0.16215369 1.000282 0.0014622061 0.15683322 -0.0015317954 1.0000864 18003702938 233.2037
/home/declsp/obsbot/rawdata/DECam_01463844.fits.fz N4 1463844 754.9859 61116.34617003 1.12 221.5477460402085 -4.236103820439948 221.55527916666665 -4.161 M517 0.099107206 25.045538 1.0341107 1.3580306 21.61515 3.149637 decam 3.9359188 9.136296 228 object IBIS_wide_M517_537526 537526 0.092701 924.0 1948.0 -0.315908 1.0003438 0.0014964666 0.07897653 -0.0015266185 1.0000207 18024878079 239.70569
/home/declsp/obsbot/rawdata/DECam_01463845.fits.fz N4 1463845 497.4173 61116.35523083 1.12 221.6377327543153 -5.4301038101025005 221.64527916666665 -5.355 M517 0.059823077 25.042784 1.0314916 1.220848 21.612154 2.007872 decam 2.501742 13.983246 284 object IBIS_wide_M517_536940 536940 0.065667 924.0 1948.0 -0.24579741 1.0000935 0.0014502899 0.19804613 -0.0013299515 1.0001293 17143323976 247.73355
/home/declsp/obsbot/rawdata/DECam_01463846.fits.fz N4 1463846 471.9177 61116.36129453 1.12 223.0237324531598 -5.454103809894321 223.03127916666665 -5.379 M517 0.07263835 25.053959 1.0421628 1.1748059 21.60576 1.9851172 decam 1.7898726 11.810778 270 object IBIS_wide_M517_537438 537438 0.072915 924.0 1948.0 -0.10072708 1.0002096 0.0015990187 0.099275135 -0.0013489514 1.0000881 17059791054 237.72787
/home/declsp/obsbot/rawdata/DECam_01463847.fits.fz N4 1463847 435.6378 61116.36706245 1.13 223.41472789422644 -5.145103812573364 223.42227083333333 -5.07 M517 0.07517858 25.04753 1.0376719 1.0534678 21.59289 1.66139 decam 4.8534436 13.807545 249 object IBIS_wide_M517_540424 540424 0.078825 924.0 1948.0 -0.32352626 1.0002927 0.0015464753 0.26499364 -0.0013227551 1.000187 16919843276 262.21286
/home/declsp/obsbot/rawdata/DECam_01463848.fits.fz N4 1463848 494.4675 61116.37244229 1.16 223.39475365796233 -2.771103833081072 223.402275 -2.6959999999999997 M517 0.105808794 25.037401 1.032991 1.0573723 21.570234 2.1083205 decam 3.074773 19.92938 263 object IBIS_wide_M517_540516 540516 0.095456 924.0 1948.0 -0.21066028 1.0002196 0.0014975601 0.20139438 -0.0014569099 1.0001668 17267302116 234.53146
/home/declsp/obsbot/rawdata/DECam_01463849.fits.fz N4 1463849 432.0578 61116.37849017 1.18 224.08775712572483 -2.157103838368874 224.09527500000002 -2.082 M517 0.06465188 25.025515 1.0250227 1.0892684 21.560514 1.7841936 decam 7.5705233 19.878132 250 object IBIS_wide_M517_540517 540517 0.070871 924.0 1948.0 -0.048482124 1.0000696 0.0015203932 0.18622409 -0.0014113599 1.0000594 17046752770 242.15858
/home/declsp/obsbot/rawdata/DECam_01463850.fits.fz N4 1463850 372.3782 61116.38447487 1.19 232.8107674787773 1.6998961284630905 232.81828333333334 1.775 M517 0.04288019 25.029453 1.0303992 1.0896361 21.584951 1.512674 decam 1.0213338 25.300385 296 object IBIS_wide_M517_537513 537513 0.047912 924.0 1948.0 0.03925643 1.000104 0.0017411291 0.27698073 -0.0017374486 1.0000834 16825196206 246.17215
/home/declsp/obsbot/rawdata/DECam_01463851.fits.fz N4 1463851 466.5277 61116.38910656 1.19 233.21076138542864 0.9658961347760964 233.218275 1.041 M517 0.056525867 25.028187 1.0291979 1.1784452 21.544252 2.0043724 decam 3.1233273 16.824234 285 object IBIS_wide_M517_540496 540496 0.05479 924.0 1948.0 -0.2120326 1.0002484 0.0017749211 0.15640822 -0.0016106976 1.000113 17110236270 232.755
/home/declsp/obsbot/rawdata/DECam_01463852.fits.fz N4 1463852 150.0 61116.3952659 1.42 242.63124602409232 15.038847121863219 242.63902499999998 15.113951111111112 M517 0.031200195 24.990137 1.0310671 1.1100438 21.473343 1.738762 decam 12.356712 16.744486 322 object "Pal14 position 14" 0 0.0 924.0 1948.0 -0.22348295 1.0003357 0.0021371355 0.3940124 -0.0020718316 0.9999182 15975111242 86.26827
